date,timestamp,cluster_name,node_name,node_ip,metric_name,value
2023/4/12 17:30,1681291847,cc-cc408-hya,data-node-04,9.9.2.156,elasticsearch_os_load5,6.38
2023/4/12 17:31,1681291907,cc-cc408-hya,data-node-04,9.9.2.156,elasticsearch_os_load5,6.2
2023/4/12 17:32,1681291967,cc-cc408-hya,data-node-04,9.9.2.156,elasticsearch_os_load5,5.79
2023/4/12 17:33,1681292027,cc-cc408-hya,data-node-04,9.9.2.156,elasticsearch_os_load5,5.71
2023/4/12 17:34,1681292087,cc-cc408-hya,data-node-04,9.9.2.156,elasticsearch_os_load5,5.99
2023/4/12 17:35,1681292147,cc-cc408-hya,data-node-04,9.9.2.156,elasticsearch_os_load5,6.01
2023/4/12 17:36,1681292207,cc-cc408-hya,data-node-04,9.9.2.156,elasticsearch_os_load5,5.97
2023/4/12 17:37,1681292267,cc-cc408-hya,data-node-04,9.9.2.156,elasticsearch_os_load5,5.99
2023/4/12 17:38,1681292327,cc-cc408-hya,data-node-04,9.9.2.156,elasticsearch_os_load5,5.68
2023/4/12 17:39,1681292387,cc-cc408-hya,data-node-04,9.9.2.156,elasticsearch_os_load5,5.62
2023/4/12 17:40,1681292447,cc-cc408-hya,data-node-04,9.9.2.156,elasticsearch_os_load5,5.72
2023/4/12 17:41,1681292507,cc-cc408-hya,data-node-04,9.9.2.156,elasticsearch_os_load5,6.17
2023/4/12 17:42,1681292567,cc-cc408-hya,data-node-04,9.9.2.156,elasticsearch_os_load5,6.7
2023/4/12 17:43,1681292627,cc-cc408-hya,data-node-04,9.9.2.156,elasticsearch_os_load5,6.23
2023/4/12 17:44,1681292687,cc-cc408-hya,data-node-04,9.9.2.156,elasticsearch_os_load5,6.33
2023/4/12 17:45,1681292747,cc-cc408-hya,data-node-04,9.9.2.156,elasticsearch_os_load5,6.35
2023/4/12 17:46,1681292807,cc-cc408-hya,data-node-04,9.9.2.156,elasticsearch_os_load5,6.21
2023/4/12 17:47,1681292867,cc-cc408-hya,data-node-04,9.9.2.156,elasticsearch_os_load5,5.89
2023/4/12 17:48,1681292927,cc-cc408-hya,data-node-04,9.9.2.156,elasticsearch_os_load5,5.74
2023/4/12 17:49,1681292987,cc-cc408-hya,data-node-04,9.9.2.156,elasticsearch_os_load5,5.84
2023/4/12 17:50,1681293047,cc-cc408-hya,data-node-04,9.9.2.156,elasticsearch_os_load5,6.03
2023/4/12 17:51,1681293107,cc-cc408-hya,data-node-04,9.9.2.156,elasticsearch_os_load5,5.85
2023/4/12 17:52,1681293167,cc-cc408-hya,data-node-04,9.9.2.156,elasticsearch_os_load5,5.96
2023/4/12 17:53,1681293227,cc-cc408-hya,data-node-04,9.9.2.156,elasticsearch_os_load5,6.07
2023/4/12 17:54,1681293287,cc-cc408-hya,data-node-04,9.9.2.156,elasticsearch_os_load5,6.7
2023/4/12 17:55,1681293347,cc-cc408-hya,data-node-04,9.9.2.156,elasticsearch_os_load5,6.37
2023/4/12 17:56,1681293407,cc-cc408-hya,data-node-04,9.9.2.156,elasticsearch_os_load5,6.15
2023/4/12 17:57,1681293467,cc-cc408-hya,data-node-04,9.9.2.156,elasticsearch_os_load5,6.14
2023/4/12 17:58,1681293527,cc-cc408-hya,data-node-04,9.9.2.156,elasticsearch_os_load5,6.64
2023/4/12 17:59,1681293587,cc-cc408-hya,data-node-04,9.9.2.156,elasticsearch_os_load5,6.58
2023/4/12 18:00,1681293647,cc-cc408-hya,data-node-04,9.9.2.156,elasticsearch_os_load5,6.01
2023/4/12 18:01,1681293707,cc-cc408-hya,data-node-04,9.9.2.156,elasticsearch_os_load5,6.56
2023/4/12 18:02,1681293767,cc-cc408-hya,data-node-04,9.9.2.156,elasticsearch_os_load5,6.45
2023/4/12 18:03,1681293827,cc-cc408-hya,data-node-04,9.9.2.156,elasticsearch_os_load5,6.39
2023/4/12 18:04,1681293887,cc-cc408-hya,data-node-04,9.9.2.156,elasticsearch_os_load5,6.06
2023/4/12 18:05,1681293947,cc-cc408-hya,data-node-04,9.9.2.156,elasticsearch_os_load5,6.03
2023/4/12 18:06,1681294007,cc-cc408-hya,data-node-04,9.9.2.156,elasticsearch_os_load5,6.11
2023/4/12 18:07,1681294067,cc-cc408-hya,data-node-04,9.9.2.156,elasticsearch_os_load5,5.75
2023/4/12 18:08,1681294127,cc-cc408-hya,data-node-04,9.9.2.156,elasticsearch_os_load5,5.79
2023/4/12 18:09,1681294187,cc-cc408-hya,data-node-04,9.9.2.156,elasticsearch_os_load5,5.76
2023/4/12 18:10,1681294247,cc-cc408-hya,data-node-04,9.9.2.156,elasticsearch_os_load5,5.89
2023/4/12 18:11,1681294307,cc-cc408-hya,data-node-04,9.9.2.156,elasticsearch_os_load5,6.02
2023/4/12 18:12,1681294367,cc-cc408-hya,data-node-04,9.9.2.156,elasticsearch_os_load5,5.92
2023/4/12 18:13,1681294427,cc-cc408-hya,data-node-04,9.9.2.156,elasticsearch_os_load5,5.83
2023/4/12 18:14,1681294487,cc-cc408-hya,data-node-04,9.9.2.156,elasticsearch_os_load5,5.68
2023/4/12 18:15,1681294547,cc-cc408-hya,data-node-04,9.9.2.156,elasticsearch_os_load5,5.74
2023/4/12 18:16,1681294607,cc-cc408-hya,data-node-04,9.9.2.156,elasticsearch_os_load5,5.61
2023/4/12 18:17,1681294667,cc-cc408-hya,data-node-04,9.9.2.156,elasticsearch_os_load5,5.63
2023/4/12 18:18,1681294727,cc-cc408-hya,data-node-04,9.9.2.156,elasticsearch_os_load5,5.58
2023/4/12 18:19,1681294787,cc-cc408-hya,data-node-04,9.9.2.156,elasticsearch_os_load5,5.69
2023/4/12 18:20,1681294847,cc-cc408-hya,data-node-04,9.9.2.156,elasticsearch_os_load5,5.53
2023/4/12 18:21,1681294907,cc-cc408-hya,data-node-04,9.9.2.156,elasticsearch_os_load5,5.61
2023/4/12 18:22,1681294967,cc-cc408-hya,data-node-04,9.9.2.156,elasticsearch_os_load5,6.1
2023/4/12 18:23,1681295027,cc-cc408-hya,data-node-04,9.9.2.156,elasticsearch_os_load5,6
2023/4/12 18:24,1681295087,cc-cc408-hya,data-node-04,9.9.2.156,elasticsearch_os_load5,5.93
2023/4/12 18:25,1681295147,cc-cc408-hya,data-node-04,9.9.2.156,elasticsearch_os_load5,5.74
2023/4/12 18:26,1681295207,cc-cc408-hya,data-node-04,9.9.2.156,elasticsearch_os_load5,5.48
2023/4/12 18:27,1681295267,cc-cc408-hya,data-node-04,9.9.2.156,elasticsearch_os_load5,5.7
2023/4/12 18:28,1681295327,cc-cc408-hya,data-node-04,9.9.2.156,elasticsearch_os_load5,5.53
2023/4/12 18:29,1681295387,cc-cc408-hya,data-node-04,9.9.2.156,elasticsearch_os_load5,5.51
2023/4/12 18:30,1681295447,cc-cc408-hya,data-node-04,9.9.2.156,elasticsearch_os_load5,6.13
2023/4/12 18:31,1681295507,cc-cc408-hya,data-node-04,9.9.2.156,elasticsearch_os_load5,6.44
2023/4/12 18:32,1681295567,cc-cc408-hya,data-node-04,9.9.2.156,elasticsearch_os_load5,6.01
2023/4/12 18:33,1681295627,cc-cc408-hya,data-node-04,9.9.2.156,elasticsearch_os_load5,6.5
2023/4/12 18:34,1681295687,cc-cc408-hya,data-node-04,9.9.2.156,elasticsearch_os_load5,5.91
2023/4/12 18:35,1681295747,cc-cc408-hya,data-node-04,9.9.2.156,elasticsearch_os_load5,5.78
2023/4/12 18:36,1681295807,cc-cc408-hya,data-node-04,9.9.2.156,elasticsearch_os_load5,5.49
2023/4/12 18:37,1681295867,cc-cc408-hya,data-node-04,9.9.2.156,elasticsearch_os_load5,5.68
2023/4/12 18:38,1681295927,cc-cc408-hya,data-node-04,9.9.2.156,elasticsearch_os_load5,5.75
2023/4/12 18:39,1681295987,cc-cc408-hya,data-node-04,9.9.2.156,elasticsearch_os_load5,5.4
2023/4/12 18:40,1681296047,cc-cc408-hya,data-node-04,9.9.2.156,elasticsearch_os_load5,5.38
2023/4/12 18:41,1681296107,cc-cc408-hya,data-node-04,9.9.2.156,elasticsearch_os_load5,5.42
2023/4/12 18:42,1681296167,cc-cc408-hya,data-node-04,9.9.2.156,elasticsearch_os_load5,5.45
2023/4/12 18:43,1681296227,cc-cc408-hya,data-node-04,9.9.2.156,elasticsearch_os_load5,5.03
2023/4/12 18:44,1681296287,cc-cc408-hya,data-node-04,9.9.2.156,elasticsearch_os_load5,5.27
2023/4/12 18:45,1681296347,cc-cc408-hya,data-node-04,9.9.2.156,elasticsearch_os_load5,5.04
2023/4/12 18:46,1681296407,cc-cc408-hya,data-node-04,9.9.2.156,elasticsearch_os_load5,4.98
2023/4/12 18:47,1681296467,cc-cc408-hya,data-node-04,9.9.2.156,elasticsearch_os_load5,5
2023/4/12 18:48,1681296527,cc-cc408-hya,data-node-04,9.9.2.156,elasticsearch_os_load5,4.84
2023/4/12 18:49,1681296587,cc-cc408-hya,data-node-04,9.9.2.156,elasticsearch_os_load5,4.67
2023/4/12 18:50,1681296647,cc-cc408-hya,data-node-04,9.9.2.156,elasticsearch_os_load5,4.48
2023/4/12 18:51,1681296707,cc-cc408-hya,data-node-04,9.9.2.156,elasticsearch_os_load5,4.71
2023/4/12 18:52,1681296767,cc-cc408-hya,data-node-04,9.9.2.156,elasticsearch_os_load5,4.53
2023/4/12 18:53,1681296827,cc-cc408-hya,data-node-04,9.9.2.156,elasticsearch_os_load5,4.98
2023/4/12 18:54,1681296887,cc-cc408-hya,data-node-04,9.9.2.156,elasticsearch_os_load5,4.75
2023/4/12 18:55,1681296947,cc-cc408-hya,data-node-04,9.9.2.156,elasticsearch_os_load5,4.72
2023/4/12 18:56,1681297007,cc-cc408-hya,data-node-04,9.9.2.156,elasticsearch_os_load5,4.83
2023/4/12 18:57,1681297067,cc-cc408-hya,data-node-04,9.9.2.156,elasticsearch_os_load5,4.5
2023/4/12 18:58,1681297127,cc-cc408-hya,data-node-04,9.9.2.156,elasticsearch_os_load5,4.45
2023/4/12 18:59,1681297187,cc-cc408-hya,data-node-04,9.9.2.156,elasticsearch_os_load5,4.66
2023/4/12 19:00,1681297247,cc-cc408-hya,data-node-04,9.9.2.156,elasticsearch_os_load5,4.5
2023/4/12 19:01,1681297307,cc-cc408-hya,data-node-04,9.9.2.156,elasticsearch_os_load5,4.68
2023/4/12 19:02,1681297367,cc-cc408-hya,data-node-04,9.9.2.156,elasticsearch_os_load5,4.44
2023/4/12 19:03,1681297427,cc-cc408-hya,data-node-04,9.9.2.156,elasticsearch_os_load5,4.54
2023/4/12 19:04,1681297487,cc-cc408-hya,data-node-04,9.9.2.156,elasticsearch_os_load5,4.66
2023/4/12 19:05,1681297547,cc-cc408-hya,data-node-04,9.9.2.156,elasticsearch_os_load5,4.74
2023/4/12 19:06,1681297607,cc-cc408-hya,data-node-04,9.9.2.156,elasticsearch_os_load5,5.07
2023/4/12 19:07,1681297667,cc-cc408-hya,data-node-04,9.9.2.156,elasticsearch_os_load5,4.89
2023/4/12 19:08,1681297727,cc-cc408-hya,data-node-04,9.9.2.156,elasticsearch_os_load5,5.09
2023/4/12 19:09,1681297787,cc-cc408-hya,data-node-04,9.9.2.156,elasticsearch_os_load5,4.89
2023/4/12 19:10,1681297847,cc-cc408-hya,data-node-04,9.9.2.156,elasticsearch_os_load5,4.71
2023/4/12 19:11,1681297907,cc-cc408-hya,data-node-04,9.9.2.156,elasticsearch_os_load5,4.58
2023/4/12 19:12,1681297967,cc-cc408-hya,data-node-04,9.9.2.156,elasticsearch_os_load5,4.27
2023/4/12 19:13,1681298027,cc-cc408-hya,data-node-04,9.9.2.156,elasticsearch_os_load5,4.3
2023/4/12 19:14,1681298087,cc-cc408-hya,data-node-04,9.9.2.156,elasticsearch_os_load5,4.34
2023/4/12 19:15,1681298147,cc-cc408-hya,data-node-04,9.9.2.156,elasticsearch_os_load5,4.18
2023/4/12 19:16,1681298207,cc-cc408-hya,data-node-04,9.9.2.156,elasticsearch_os_load5,4.34
2023/4/12 19:17,1681298267,cc-cc408-hya,data-node-04,9.9.2.156,elasticsearch_os_load5,4.21
2023/4/12 19:18,1681298327,cc-cc408-hya,data-node-04,9.9.2.156,elasticsearch_os_load5,4.22
2023/4/12 19:19,1681298387,cc-cc408-hya,data-node-04,9.9.2.156,elasticsearch_os_load5,4.57
2023/4/12 19:20,1681298447,cc-cc408-hya,data-node-04,9.9.2.156,elasticsearch_os_load5,4.5
2023/4/12 19:21,1681298507,cc-cc408-hya,data-node-04,9.9.2.156,elasticsearch_os_load5,4.65
2023/4/12 19:22,1681298567,cc-cc408-hya,data-node-04,9.9.2.156,elasticsearch_os_load5,4.54
2023/4/12 19:23,1681298627,cc-cc408-hya,data-node-04,9.9.2.156,elasticsearch_os_load5,4.43
2023/4/12 19:24,1681298687,cc-cc408-hya,data-node-04,9.9.2.156,elasticsearch_os_load5,4.12
2023/4/12 19:25,1681298747,cc-cc408-hya,data-node-04,9.9.2.156,elasticsearch_os_load5,3.91
2023/4/12 19:26,1681298807,cc-cc408-hya,data-node-04,9.9.2.156,elasticsearch_os_load5,4
2023/4/12 19:27,1681298867,cc-cc408-hya,data-node-04,9.9.2.156,elasticsearch_os_load5,4.36
2023/4/12 19:28,1681298927,cc-cc408-hya,data-node-04,9.9.2.156,elasticsearch_os_load5,4.26
2023/4/12 19:29,1681298987,cc-cc408-hya,data-node-04,9.9.2.156,elasticsearch_os_load5,4.24
2023/4/12 19:30,1681299047,cc-cc408-hya,data-node-04,9.9.2.156,elasticsearch_os_load5,4.37
2023/4/12 19:31,1681299107,cc-cc408-hya,data-node-04,9.9.2.156,elasticsearch_os_load5,4.44
2023/4/12 19:32,1681299167,cc-cc408-hya,data-node-04,9.9.2.156,elasticsearch_os_load5,4.24
2023/4/12 19:33,1681299227,cc-cc408-hya,data-node-04,9.9.2.156,elasticsearch_os_load5,4.43
2023/4/12 19:34,1681299287,cc-cc408-hya,data-node-04,9.9.2.156,elasticsearch_os_load5,4.28
2023/4/12 19:35,1681299347,cc-cc408-hya,data-node-04,9.9.2.156,elasticsearch_os_load5,4.41
2023/4/12 19:36,1681299407,cc-cc408-hya,data-node-04,9.9.2.156,elasticsearch_os_load5,4.28
2023/4/12 19:37,1681299467,cc-cc408-hya,data-node-04,9.9.2.156,elasticsearch_os_load5,4.06
2023/4/12 19:38,1681299527,cc-cc408-hya,data-node-04,9.9.2.156,elasticsearch_os_load5,3.9
2023/4/12 19:39,1681299587,cc-cc408-hya,data-node-04,9.9.2.156,elasticsearch_os_load5,3.81
2023/4/12 19:40,1681299647,cc-cc408-hya,data-node-04,9.9.2.156,elasticsearch_os_load5,3.48
2023/4/12 19:41,1681299707,cc-cc408-hya,data-node-04,9.9.2.156,elasticsearch_os_load5,3.57
2023/4/12 19:42,1681299767,cc-cc408-hya,data-node-04,9.9.2.156,elasticsearch_os_load5,3.32
2023/4/12 19:43,1681299827,cc-cc408-hya,data-node-04,9.9.2.156,elasticsearch_os_load5,3.52
2023/4/12 19:44,1681299887,cc-cc408-hya,data-node-04,9.9.2.156,elasticsearch_os_load5,3.54
2023/4/12 19:45,1681299947,cc-cc408-hya,data-node-04,9.9.2.156,elasticsearch_os_load5,3.55
2023/4/12 19:46,1681300007,cc-cc408-hya,data-node-04,9.9.2.156,elasticsearch_os_load5,3.43
2023/4/12 19:47,1681300067,cc-cc408-hya,data-node-04,9.9.2.156,elasticsearch_os_load5,3.36
2023/4/12 19:48,1681300127,cc-cc408-hya,data-node-04,9.9.2.156,elasticsearch_os_load5,3.37
2023/4/12 19:49,1681300187,cc-cc408-hya,data-node-04,9.9.2.156,elasticsearch_os_load5,3.28
2023/4/12 19:50,1681300247,cc-cc408-hya,data-node-04,9.9.2.156,elasticsearch_os_load5,3.25
2023/4/12 19:51,1681300307,cc-cc408-hya,data-node-04,9.9.2.156,elasticsearch_os_load5,3.13
2023/4/12 19:52,1681300367,cc-cc408-hya,data-node-04,9.9.2.156,elasticsearch_os_load5,3.21
2023/4/12 19:53,1681300427,cc-cc408-hya,data-node-04,9.9.2.156,elasticsearch_os_load5,3.12
2023/4/12 19:54,1681300487,cc-cc408-hya,data-node-04,9.9.2.156,elasticsearch_os_load5,3.18
2023/4/12 19:55,1681300547,cc-cc408-hya,data-node-04,9.9.2.156,elasticsearch_os_load5,3.02
2023/4/12 19:56,1681300607,cc-cc408-hya,data-node-04,9.9.2.156,elasticsearch_os_load5,2.73
2023/4/12 19:57,1681300667,cc-cc408-hya,data-node-04,9.9.2.156,elasticsearch_os_load5,2.69
2023/4/12 19:58,1681300727,cc-cc408-hya,data-node-04,9.9.2.156,elasticsearch_os_load5,2.6
2023/4/12 19:59,1681300787,cc-cc408-hya,data-node-04,9.9.2.156,elasticsearch_os_load5,2.64
2023/4/12 20:00,1681300847,cc-cc408-hya,data-node-04,9.9.2.156,elasticsearch_os_load5,2.48
2023/4/12 20:01,1681300907,cc-cc408-hya,data-node-04,9.9.2.156,elasticsearch_os_load5,2.44
2023/4/12 20:02,1681300967,cc-cc408-hya,data-node-04,9.9.2.156,elasticsearch_os_load5,2.91
2023/4/12 20:03,1681301027,cc-cc408-hya,data-node-04,9.9.2.156,elasticsearch_os_load5,2.93
2023/4/12 20:04,1681301087,cc-cc408-hya,data-node-04,9.9.2.156,elasticsearch_os_load5,2.75
2023/4/12 20:05,1681301147,cc-cc408-hya,data-node-04,9.9.2.156,elasticsearch_os_load5,2.59
2023/4/12 20:06,1681301207,cc-cc408-hya,data-node-04,9.9.2.156,elasticsearch_os_load5,2.45
2023/4/12 20:07,1681301267,cc-cc408-hya,data-node-04,9.9.2.156,elasticsearch_os_load5,2.5
2023/4/12 20:08,1681301327,cc-cc408-hya,data-node-04,9.9.2.156,elasticsearch_os_load5,2.44
2023/4/12 20:09,1681301387,cc-cc408-hya,data-node-04,9.9.2.156,elasticsearch_os_load5,2.34
2023/4/12 20:10,1681301447,cc-cc408-hya,data-node-04,9.9.2.156,elasticsearch_os_load5,2.24
2023/4/12 20:11,1681301507,cc-cc408-hya,data-node-04,9.9.2.156,elasticsearch_os_load5,2.38
2023/4/12 20:12,1681301567,cc-cc408-hya,data-node-04,9.9.2.156,elasticsearch_os_load5,2.45
2023/4/12 20:13,1681301627,cc-cc408-hya,data-node-04,9.9.2.156,elasticsearch_os_load5,2.6
2023/4/12 20:14,1681301687,cc-cc408-hya,data-node-04,9.9.2.156,elasticsearch_os_load5,2.45
2023/4/12 20:15,1681301747,cc-cc408-hya,data-node-04,9.9.2.156,elasticsearch_os_load5,2.41
2023/4/12 20:16,1681301807,cc-cc408-hya,data-node-04,9.9.2.156,elasticsearch_os_load5,2.4
2023/4/12 20:17,1681301867,cc-cc408-hya,data-node-04,9.9.2.156,elasticsearch_os_load5,2.32
2023/4/12 20:18,1681301927,cc-cc408-hya,data-node-04,9.9.2.156,elasticsearch_os_load5,2.26
2023/4/12 20:19,1681301987,cc-cc408-hya,data-node-04,9.9.2.156,elasticsearch_os_load5,2.17
2023/4/12 20:20,1681302047,cc-cc408-hya,data-node-04,9.9.2.156,elasticsearch_os_load5,2
2023/4/12 20:21,1681302107,cc-cc408-hya,data-node-04,9.9.2.156,elasticsearch_os_load5,1.9
2023/4/12 20:22,1681302167,cc-cc408-hya,data-node-04,9.9.2.156,elasticsearch_os_load5,1.72
2023/4/12 20:23,1681302227,cc-cc408-hya,data-node-04,9.9.2.156,elasticsearch_os_load5,1.77
2023/4/12 20:24,1681302287,cc-cc408-hya,data-node-04,9.9.2.156,elasticsearch_os_load5,1.76
2023/4/12 20:25,1681302347,cc-cc408-hya,data-node-04,9.9.2.156,elasticsearch_os_load5,1.63
2023/4/12 20:26,1681302407,cc-cc408-hya,data-node-04,9.9.2.156,elasticsearch_os_load5,1.63
2023/4/12 20:27,1681302467,cc-cc408-hya,data-node-04,9.9.2.156,elasticsearch_os_load5,1.62
2023/4/12 20:28,1681302527,cc-cc408-hya,data-node-04,9.9.2.156,elasticsearch_os_load5,1.71
2023/4/12 20:29,1681302587,cc-cc408-hya,data-node-04,9.9.2.156,elasticsearch_os_load5,1.81
2023/4/12 20:30,1681302647,cc-cc408-hya,data-node-04,9.9.2.156,elasticsearch_os_load5,2.24
2023/4/12 20:31,1681302707,cc-cc408-hya,data-node-04,9.9.2.156,elasticsearch_os_load5,2.28
2023/4/12 20:32,1681302767,cc-cc408-hya,data-node-04,9.9.2.156,elasticsearch_os_load5,2.16
2023/4/12 20:33,1681302827,cc-cc408-hya,data-node-04,9.9.2.156,elasticsearch_os_load5,2.16
2023/4/12 20:34,1681302887,cc-cc408-hya,data-node-04,9.9.2.156,elasticsearch_os_load5,1.92
2023/4/12 20:35,1681302947,cc-cc408-hya,data-node-04,9.9.2.156,elasticsearch_os_load5,1.65
2023/4/12 20:36,1681303007,cc-cc408-hya,data-node-04,9.9.2.156,elasticsearch_os_load5,1.61
2023/4/12 20:37,1681303067,cc-cc408-hya,data-node-04,9.9.2.156,elasticsearch_os_load5,1.43
2023/4/12 20:38,1681303127,cc-cc408-hya,data-node-04,9.9.2.156,elasticsearch_os_load5,1.29
2023/4/12 20:39,1681303187,cc-cc408-hya,data-node-04,9.9.2.156,elasticsearch_os_load5,1.17
2023/4/12 20:40,1681303247,cc-cc408-hya,data-node-04,9.9.2.156,elasticsearch_os_load5,1.13
2023/4/12 20:41,1681303307,cc-cc408-hya,data-node-04,9.9.2.156,elasticsearch_os_load5,1.13
2023/4/12 20:42,1681303367,cc-cc408-hya,data-node-04,9.9.2.156,elasticsearch_os_load5,1.19
2023/4/12 20:43,1681303427,cc-cc408-hya,data-node-04,9.9.2.156,elasticsearch_os_load5,1.5
2023/4/12 20:44,1681303487,cc-cc408-hya,data-node-04,9.9.2.156,elasticsearch_os_load5,1.5
2023/4/12 20:45,1681303547,cc-cc408-hya,data-node-04,9.9.2.156,elasticsearch_os_load5,1.4
2023/4/12 20:46,1681303607,cc-cc408-hya,data-node-04,9.9.2.156,elasticsearch_os_load5,1.42
2023/4/12 20:47,1681303667,cc-cc408-hya,data-node-04,9.9.2.156,elasticsearch_os_load5,1.31
2023/4/12 20:48,1681303727,cc-cc408-hya,data-node-04,9.9.2.156,elasticsearch_os_load5,1.38
2023/4/12 20:49,1681303787,cc-cc408-hya,data-node-04,9.9.2.156,elasticsearch_os_load5,1.39
2023/4/12 20:50,1681303847,cc-cc408-hya,data-node-04,9.9.2.156,elasticsearch_os_load5,1.38
2023/4/12 20:51,1681303907,cc-cc408-hya,data-node-04,9.9.2.156,elasticsearch_os_load5,1.27
2023/4/12 20:52,1681303967,cc-cc408-hya,data-node-04,9.9.2.156,elasticsearch_os_load5,1.28
2023/4/12 20:53,1681304027,cc-cc408-hya,data-node-04,9.9.2.156,elasticsearch_os_load5,1.16
2023/4/12 20:54,1681304087,cc-cc408-hya,data-node-04,9.9.2.156,elasticsearch_os_load5,1.08
2023/4/12 20:55,1681304147,cc-cc408-hya,data-node-04,9.9.2.156,elasticsearch_os_load5,1.03
2023/4/12 20:56,1681304207,cc-cc408-hya,data-node-04,9.9.2.156,elasticsearch_os_load5,1.04
2023/4/12 20:57,1681304267,cc-cc408-hya,data-node-04,9.9.2.156,elasticsearch_os_load5,0.97
2023/4/12 20:58,1681304327,cc-cc408-hya,data-node-04,9.9.2.156,elasticsearch_os_load5,0.93
2023/4/12 20:59,1681304387,cc-cc408-hya,data-node-04,9.9.2.156,elasticsearch_os_load5,1.04
2023/4/12 21:00,1681304447,cc-cc408-hya,data-node-04,9.9.2.156,elasticsearch_os_load5,1.03
2023/4/12 21:01,1681304507,cc-cc408-hya,data-node-04,9.9.2.156,elasticsearch_os_load5,1.02
2023/4/12 21:02,1681304567,cc-cc408-hya,data-node-04,9.9.2.156,elasticsearch_os_load5,1.05
2023/4/12 21:03,1681304627,cc-cc408-hya,data-node-04,9.9.2.156,elasticsearch_os_load5,1.13
2023/4/12 21:04,1681304687,cc-cc408-hya,data-node-04,9.9.2.156,elasticsearch_os_load5,1.04
2023/4/12 21:05,1681304747,cc-cc408-hya,data-node-04,9.9.2.156,elasticsearch_os_load5,1.04
2023/4/12 21:06,1681304807,cc-cc408-hya,data-node-04,9.9.2.156,elasticsearch_os_load5,1.14
2023/4/12 21:07,1681304867,cc-cc408-hya,data-node-04,9.9.2.156,elasticsearch_os_load5,1.2
2023/4/12 21:08,1681304927,cc-cc408-hya,data-node-04,9.9.2.156,elasticsearch_os_load5,1.27
2023/4/12 21:09,1681304987,cc-cc408-hya,data-node-04,9.9.2.156,elasticsearch_os_load5,1.24
2023/4/12 21:10,1681305047,cc-cc408-hya,data-node-04,9.9.2.156,elasticsearch_os_load5,1.2
2023/4/12 21:11,1681305107,cc-cc408-hya,data-node-04,9.9.2.156,elasticsearch_os_load5,1.44
2023/4/12 21:12,1681305167,cc-cc408-hya,data-node-04,9.9.2.156,elasticsearch_os_load5,1.55
2023/4/12 21:13,1681305227,cc-cc408-hya,data-node-04,9.9.2.156,elasticsearch_os_load5,1.64
2023/4/12 21:14,1681305287,cc-cc408-hya,data-node-04,9.9.2.156,elasticsearch_os_load5,1.47
2023/4/12 21:15,1681305347,cc-cc408-hya,data-node-04,9.9.2.156,elasticsearch_os_load5,1.44
2023/4/12 21:16,1681305407,cc-cc408-hya,data-node-04,9.9.2.156,elasticsearch_os_load5,1.4
2023/4/12 21:17,1681305467,cc-cc408-hya,data-node-04,9.9.2.156,elasticsearch_os_load5,1.29
2023/4/12 21:18,1681305527,cc-cc408-hya,data-node-04,9.9.2.156,elasticsearch_os_load5,1.23
2023/4/12 21:19,1681305587,cc-cc408-hya,data-node-04,9.9.2.156,elasticsearch_os_load5,1.16
2023/4/12 21:20,1681305647,cc-cc408-hya,data-node-04,9.9.2.156,elasticsearch_os_load5,1.11
2023/4/12 21:21,1681305707,cc-cc408-hya,data-node-04,9.9.2.156,elasticsearch_os_load5,1.03
2023/4/12 21:22,1681305767,cc-cc408-hya,data-node-04,9.9.2.156,elasticsearch_os_load5,1.04
2023/4/12 21:23,1681305827,cc-cc408-hya,data-node-04,9.9.2.156,elasticsearch_os_load5,1.04
2023/4/12 21:24,1681305887,cc-cc408-hya,data-node-04,9.9.2.156,elasticsearch_os_load5,1.09
2023/4/12 21:25,1681305947,cc-cc408-hya,data-node-04,9.9.2.156,elasticsearch_os_load5,1.12
2023/4/12 21:26,1681306007,cc-cc408-hya,data-node-04,9.9.2.156,elasticsearch_os_load5,1.26
2023/4/12 21:27,1681306067,cc-cc408-hya,data-node-04,9.9.2.156,elasticsearch_os_load5,1.21
2023/4/12 21:28,1681306127,cc-cc408-hya,data-node-04,9.9.2.156,elasticsearch_os_load5,1.18
2023/4/12 21:29,1681306187,cc-cc408-hya,data-node-04,9.9.2.156,elasticsearch_os_load5,1.18
2023/4/12 21:30,1681306247,cc-cc408-hya,data-node-04,9.9.2.156,elasticsearch_os_load5,1.04
2023/4/12 21:31,1681306307,cc-cc408-hya,data-node-04,9.9.2.156,elasticsearch_os_load5,1.01
2023/4/12 21:32,1681306367,cc-cc408-hya,data-node-04,9.9.2.156,elasticsearch_os_load5,1.01
2023/4/12 21:33,1681306427,cc-cc408-hya,data-node-04,9.9.2.156,elasticsearch_os_load5,1.07
2023/4/12 21:34,1681306487,cc-cc408-hya,data-node-04,9.9.2.156,elasticsearch_os_load5,1.15
2023/4/12 21:35,1681306547,cc-cc408-hya,data-node-04,9.9.2.156,elasticsearch_os_load5,1.15
2023/4/12 21:36,1681306607,cc-cc408-hya,data-node-04,9.9.2.156,elasticsearch_os_load5,1.06
2023/4/12 21:37,1681306667,cc-cc408-hya,data-node-04,9.9.2.156,elasticsearch_os_load5,0.95
2023/4/12 21:38,1681306727,cc-cc408-hya,data-node-04,9.9.2.156,elasticsearch_os_load5,0.94
2023/4/12 21:39,1681306787,cc-cc408-hya,data-node-04,9.9.2.156,elasticsearch_os_load5,0.95
2023/4/12 21:40,1681306847,cc-cc408-hya,data-node-04,9.9.2.156,elasticsearch_os_load5,0.9
2023/4/12 21:41,1681306907,cc-cc408-hya,data-node-04,9.9.2.156,elasticsearch_os_load5,0.88
2023/4/12 21:42,1681306967,cc-cc408-hya,data-node-04,9.9.2.156,elasticsearch_os_load5,0.98
2023/4/12 21:43,1681307027,cc-cc408-hya,data-node-04,9.9.2.156,elasticsearch_os_load5,0.86
2023/4/12 21:44,1681307087,cc-cc408-hya,data-node-04,9.9.2.156,elasticsearch_os_load5,0.78
2023/4/12 21:45,1681307147,cc-cc408-hya,data-node-04,9.9.2.156,elasticsearch_os_load5,0.75
2023/4/12 21:46,1681307207,cc-cc408-hya,data-node-04,9.9.2.156,elasticsearch_os_load5,0.86
2023/4/12 21:47,1681307267,cc-cc408-hya,data-node-04,9.9.2.156,elasticsearch_os_load5,0.77
2023/4/12 21:48,1681307327,cc-cc408-hya,data-node-04,9.9.2.156,elasticsearch_os_load5,0.83
2023/4/12 21:49,1681307387,cc-cc408-hya,data-node-04,9.9.2.156,elasticsearch_os_load5,0.85
2023/4/12 21:50,1681307447,cc-cc408-hya,data-node-04,9.9.2.156,elasticsearch_os_load5,0.84
2023/4/12 21:51,1681307507,cc-cc408-hya,data-node-04,9.9.2.156,elasticsearch_os_load5,0.95
2023/4/12 21:52,1681307567,cc-cc408-hya,data-node-04,9.9.2.156,elasticsearch_os_load5,1.08
2023/4/12 21:53,1681307627,cc-cc408-hya,data-node-04,9.9.2.156,elasticsearch_os_load5,1.07
2023/4/12 21:54,1681307687,cc-cc408-hya,data-node-04,9.9.2.156,elasticsearch_os_load5,1.32
2023/4/12 21:55,1681307747,cc-cc408-hya,data-node-04,9.9.2.156,elasticsearch_os_load5,1.19
2023/4/12 21:56,1681307807,cc-cc408-hya,data-node-04,9.9.2.156,elasticsearch_os_load5,1.14
2023/4/12 21:57,1681307867,cc-cc408-hya,data-node-04,9.9.2.156,elasticsearch_os_load5,1.21
2023/4/12 21:58,1681307927,cc-cc408-hya,data-node-04,9.9.2.156,elasticsearch_os_load5,1.26
2023/4/12 21:59,1681307987,cc-cc408-hya,data-node-04,9.9.2.156,elasticsearch_os_load5,1.14
2023/4/12 22:00,1681308047,cc-cc408-hya,data-node-04,9.9.2.156,elasticsearch_os_load5,1.07
2023/4/12 22:01,1681308107,cc-cc408-hya,data-node-04,9.9.2.156,elasticsearch_os_load5,0.99
2023/4/12 22:02,1681308167,cc-cc408-hya,data-node-04,9.9.2.156,elasticsearch_os_load5,0.92
2023/4/12 22:03,1681308227,cc-cc408-hya,data-node-04,9.9.2.156,elasticsearch_os_load5,0.8
2023/4/12 22:04,1681308287,cc-cc408-hya,data-node-04,9.9.2.156,elasticsearch_os_load5,0.95
2023/4/12 22:05,1681308347,cc-cc408-hya,data-node-04,9.9.2.156,elasticsearch_os_load5,0.82
2023/4/12 22:06,1681308407,cc-cc408-hya,data-node-04,9.9.2.156,elasticsearch_os_load5,1.39
2023/4/12 22:07,1681308467,cc-cc408-hya,data-node-04,9.9.2.156,elasticsearch_os_load5,1.4
2023/4/12 22:08,1681308527,cc-cc408-hya,data-node-04,9.9.2.156,elasticsearch_os_load5,1.25
2023/4/12 22:09,1681308587,cc-cc408-hya,data-node-04,9.9.2.156,elasticsearch_os_load5,1.17
2023/4/12 22:10,1681308647,cc-cc408-hya,data-node-04,9.9.2.156,elasticsearch_os_load5,1.18
2023/4/12 22:11,1681308707,cc-cc408-hya,data-node-04,9.9.2.156,elasticsearch_os_load5,1.18
2023/4/12 22:12,1681308767,cc-cc408-hya,data-node-04,9.9.2.156,elasticsearch_os_load5,1.19
2023/4/12 22:13,1681308827,cc-cc408-hya,data-node-04,9.9.2.156,elasticsearch_os_load5,1.18
2023/4/12 22:14,1681308887,cc-cc408-hya,data-node-04,9.9.2.156,elasticsearch_os_load5,1.12
2023/4/12 22:15,1681308947,cc-cc408-hya,data-node-04,9.9.2.156,elasticsearch_os_load5,1.06
2023/4/12 22:16,1681309007,cc-cc408-hya,data-node-04,9.9.2.156,elasticsearch_os_load5,1.11
2023/4/12 22:17,1681309067,cc-cc408-hya,data-node-04,9.9.2.156,elasticsearch_os_load5,0.96
2023/4/12 22:18,1681309127,cc-cc408-hya,data-node-04,9.9.2.156,elasticsearch_os_load5,1.04
2023/4/12 22:19,1681309187,cc-cc408-hya,data-node-04,9.9.2.156,elasticsearch_os_load5,1.05
2023/4/12 22:20,1681309247,cc-cc408-hya,data-node-04,9.9.2.156,elasticsearch_os_load5,1.13
2023/4/12 22:21,1681309307,cc-cc408-hya,data-node-04,9.9.2.156,elasticsearch_os_load5,1
2023/4/12 22:22,1681309367,cc-cc408-hya,data-node-04,9.9.2.156,elasticsearch_os_load5,0.91
2023/4/12 22:23,1681309427,cc-cc408-hya,data-node-04,9.9.2.156,elasticsearch_os_load5,0.85
2023/4/12 22:24,1681309487,cc-cc408-hya,data-node-04,9.9.2.156,elasticsearch_os_load5,0.88
2023/4/12 22:25,1681309547,cc-cc408-hya,data-node-04,9.9.2.156,elasticsearch_os_load5,0.96
2023/4/12 22:26,1681309607,cc-cc408-hya,data-node-04,9.9.2.156,elasticsearch_os_load5,1.11
2023/4/12 22:27,1681309667,cc-cc408-hya,data-node-04,9.9.2.156,elasticsearch_os_load5,1.02
2023/4/12 22:28,1681309727,cc-cc408-hya,data-node-04,9.9.2.156,elasticsearch_os_load5,1.1
2023/4/12 22:29,1681309787,cc-cc408-hya,data-node-04,9.9.2.156,elasticsearch_os_load5,1.21
2023/4/12 22:30,1681309847,cc-cc408-hya,data-node-04,9.9.2.156,elasticsearch_os_load5,1.38
2023/4/12 22:31,1681309907,cc-cc408-hya,data-node-04,9.9.2.156,elasticsearch_os_load5,1.28
2023/4/12 22:32,1681309967,cc-cc408-hya,data-node-04,9.9.2.156,elasticsearch_os_load5,1.19
2023/4/12 22:33,1681310027,cc-cc408-hya,data-node-04,9.9.2.156,elasticsearch_os_load5,1.13
2023/4/12 22:34,1681310087,cc-cc408-hya,data-node-04,9.9.2.156,elasticsearch_os_load5,1.19
2023/4/12 22:35,1681310147,cc-cc408-hya,data-node-04,9.9.2.156,elasticsearch_os_load5,1.23
2023/4/12 22:36,1681310207,cc-cc408-hya,data-node-04,9.9.2.156,elasticsearch_os_load5,1.47
2023/4/12 22:37,1681310267,cc-cc408-hya,data-node-04,9.9.2.156,elasticsearch_os_load5,1.48
2023/4/12 22:38,1681310327,cc-cc408-hya,data-node-04,9.9.2.156,elasticsearch_os_load5,1.48
2023/4/12 22:39,1681310387,cc-cc408-hya,data-node-04,9.9.2.156,elasticsearch_os_load5,1.57
2023/4/12 22:40,1681310447,cc-cc408-hya,data-node-04,9.9.2.156,elasticsearch_os_load5,1.39
2023/4/12 22:41,1681310507,cc-cc408-hya,data-node-04,9.9.2.156,elasticsearch_os_load5,1.29
2023/4/12 22:42,1681310567,cc-cc408-hya,data-node-04,9.9.2.156,elasticsearch_os_load5,1.17
2023/4/12 22:43,1681310627,cc-cc408-hya,data-node-04,9.9.2.156,elasticsearch_os_load5,1.14
2023/4/12 22:44,1681310687,cc-cc408-hya,data-node-04,9.9.2.156,elasticsearch_os_load5,1
2023/4/12 22:45,1681310747,cc-cc408-hya,data-node-04,9.9.2.156,elasticsearch_os_load5,0.93
2023/4/12 22:46,1681310807,cc-cc408-hya,data-node-04,9.9.2.156,elasticsearch_os_load5,0.99
2023/4/12 22:47,1681310867,cc-cc408-hya,data-node-04,9.9.2.156,elasticsearch_os_load5,0.88
2023/4/12 22:48,1681310927,cc-cc408-hya,data-node-04,9.9.2.156,elasticsearch_os_load5,0.99
2023/4/12 22:49,1681310987,cc-cc408-hya,data-node-04,9.9.2.156,elasticsearch_os_load5,1
2023/4/12 22:50,1681311047,cc-cc408-hya,data-node-04,9.9.2.156,elasticsearch_os_load5,0.99
2023/4/12 22:51,1681311107,cc-cc408-hya,data-node-04,9.9.2.156,elasticsearch_os_load5,0.98
2023/4/12 22:52,1681311167,cc-cc408-hya,data-node-04,9.9.2.156,elasticsearch_os_load5,0.97
2023/4/12 22:53,1681311227,cc-cc408-hya,data-node-04,9.9.2.156,elasticsearch_os_load5,0.99
2023/4/12 22:54,1681311287,cc-cc408-hya,data-node-04,9.9.2.156,elasticsearch_os_load5,0.96
2023/4/12 22:55,1681311347,cc-cc408-hya,data-node-04,9.9.2.156,elasticsearch_os_load5,1.03
2023/4/12 22:56,1681311407,cc-cc408-hya,data-node-04,9.9.2.156,elasticsearch_os_load5,1.01
2023/4/12 22:57,1681311467,cc-cc408-hya,data-node-04,9.9.2.156,elasticsearch_os_load5,0.95
2023/4/12 22:58,1681311527,cc-cc408-hya,data-node-04,9.9.2.156,elasticsearch_os_load5,0.89
2023/4/12 22:59,1681311587,cc-cc408-hya,data-node-04,9.9.2.156,elasticsearch_os_load5,0.86
2023/4/12 23:00,1681311647,cc-cc408-hya,data-node-04,9.9.2.156,elasticsearch_os_load5,0.89
2023/4/12 23:01,1681311707,cc-cc408-hya,data-node-04,9.9.2.156,elasticsearch_os_load5,0.91
2023/4/12 23:02,1681311767,cc-cc408-hya,data-node-04,9.9.2.156,elasticsearch_os_load5,0.89
2023/4/12 23:03,1681311827,cc-cc408-hya,data-node-04,9.9.2.156,elasticsearch_os_load5,0.91
2023/4/12 23:04,1681311887,cc-cc408-hya,data-node-04,9.9.2.156,elasticsearch_os_load5,0.87
2023/4/12 23:05,1681311947,cc-cc408-hya,data-node-04,9.9.2.156,elasticsearch_os_load5,0.77
2023/4/12 23:06,1681312007,cc-cc408-hya,data-node-04,9.9.2.156,elasticsearch_os_load5,0.7
2023/4/12 23:07,1681312067,cc-cc408-hya,data-node-04,9.9.2.156,elasticsearch_os_load5,0.64
2023/4/12 23:08,1681312127,cc-cc408-hya,data-node-04,9.9.2.156,elasticsearch_os_load5,0.76
2023/4/12 23:09,1681312187,cc-cc408-hya,data-node-04,9.9.2.156,elasticsearch_os_load5,0.71
2023/4/12 23:10,1681312247,cc-cc408-hya,data-node-04,9.9.2.156,elasticsearch_os_load5,0.74
2023/4/12 23:11,1681312307,cc-cc408-hya,data-node-04,9.9.2.156,elasticsearch_os_load5,0.94
2023/4/12 23:12,1681312367,cc-cc408-hya,data-node-04,9.9.2.156,elasticsearch_os_load5,1.02
2023/4/12 23:13,1681312427,cc-cc408-hya,data-node-04,9.9.2.156,elasticsearch_os_load5,0.99
2023/4/12 23:14,1681312487,cc-cc408-hya,data-node-04,9.9.2.156,elasticsearch_os_load5,1.14
2023/4/12 23:15,1681312547,cc-cc408-hya,data-node-04,9.9.2.156,elasticsearch_os_load5,1.11
2023/4/12 23:16,1681312607,cc-cc408-hya,data-node-04,9.9.2.156,elasticsearch_os_load5,1.07
2023/4/12 23:17,1681312667,cc-cc408-hya,data-node-04,9.9.2.156,elasticsearch_os_load5,1
2023/4/12 23:18,1681312727,cc-cc408-hya,data-node-04,9.9.2.156,elasticsearch_os_load5,1.04
2023/4/12 23:19,1681312787,cc-cc408-hya,data-node-04,9.9.2.156,elasticsearch_os_load5,1.26
2023/4/12 23:20,1681312847,cc-cc408-hya,data-node-04,9.9.2.156,elasticsearch_os_load5,1.5
2023/4/12 23:21,1681312907,cc-cc408-hya,data-node-04,9.9.2.156,elasticsearch_os_load5,1.47
2023/4/12 23:22,1681312967,cc-cc408-hya,data-node-04,9.9.2.156,elasticsearch_os_load5,1.3
2023/4/12 23:23,1681313027,cc-cc408-hya,data-node-04,9.9.2.156,elasticsearch_os_load5,1.23
2023/4/12 23:24,1681313087,cc-cc408-hya,data-node-04,9.9.2.156,elasticsearch_os_load5,1.22
2023/4/12 23:25,1681313147,cc-cc408-hya,data-node-04,9.9.2.156,elasticsearch_os_load5,1.36
2023/4/12 23:26,1681313207,cc-cc408-hya,data-node-04,9.9.2.156,elasticsearch_os_load5,1.3
2023/4/12 23:27,1681313267,cc-cc408-hya,data-node-04,9.9.2.156,elasticsearch_os_load5,1.44
2023/4/12 23:28,1681313327,cc-cc408-hya,data-node-04,9.9.2.156,elasticsearch_os_load5,1.65
2023/4/12 23:29,1681313387,cc-cc408-hya,data-node-04,9.9.2.156,elasticsearch_os_load5,1.6
2023/4/12 23:30,1681313447,cc-cc408-hya,data-node-04,9.9.2.156,elasticsearch_os_load5,1.68
2023/4/12 23:31,1681313507,cc-cc408-hya,data-node-04,9.9.2.156,elasticsearch_os_load5,1.78
2023/4/12 23:32,1681313567,cc-cc408-hya,data-node-04,9.9.2.156,elasticsearch_os_load5,1.69
2023/4/12 23:33,1681313627,cc-cc408-hya,data-node-04,9.9.2.156,elasticsearch_os_load5,1.63
2023/4/12 23:34,1681313687,cc-cc408-hya,data-node-04,9.9.2.156,elasticsearch_os_load5,1.45
2023/4/12 23:35,1681313747,cc-cc408-hya,data-node-04,9.9.2.156,elasticsearch_os_load5,1.34
2023/4/12 23:36,1681313807,cc-cc408-hya,data-node-04,9.9.2.156,elasticsearch_os_load5,1.25
2023/4/12 23:37,1681313867,cc-cc408-hya,data-node-04,9.9.2.156,elasticsearch_os_load5,1.15
2023/4/12 23:38,1681313927,cc-cc408-hya,data-node-04,9.9.2.156,elasticsearch_os_load5,1.16
2023/4/12 23:39,1681313987,cc-cc408-hya,data-node-04,9.9.2.156,elasticsearch_os_load5,1.04
2023/4/12 23:40,1681314047,cc-cc408-hya,data-node-04,9.9.2.156,elasticsearch_os_load5,1.03
2023/4/12 23:41,1681314107,cc-cc408-hya,data-node-04,9.9.2.156,elasticsearch_os_load5,0.95
2023/4/12 23:42,1681314167,cc-cc408-hya,data-node-04,9.9.2.156,elasticsearch_os_load5,0.92
2023/4/12 23:43,1681314227,cc-cc408-hya,data-node-04,9.9.2.156,elasticsearch_os_load5,0.79
2023/4/12 23:44,1681314287,cc-cc408-hya,data-node-04,9.9.2.156,elasticsearch_os_load5,0.72
2023/4/12 23:45,1681314347,cc-cc408-hya,data-node-04,9.9.2.156,elasticsearch_os_load5,0.79
2023/4/12 23:46,1681314407,cc-cc408-hya,data-node-04,9.9.2.156,elasticsearch_os_load5,0.7
2023/4/12 23:47,1681314467,cc-cc408-hya,data-node-04,9.9.2.156,elasticsearch_os_load5,0.7
2023/4/12 23:48,1681314527,cc-cc408-hya,data-node-04,9.9.2.156,elasticsearch_os_load5,0.66
2023/4/12 23:49,1681314587,cc-cc408-hya,data-node-04,9.9.2.156,elasticsearch_os_load5,0.62
2023/4/12 23:50,1681314647,cc-cc408-hya,data-node-04,9.9.2.156,elasticsearch_os_load5,0.58
2023/4/12 23:51,1681314707,cc-cc408-hya,data-node-04,9.9.2.156,elasticsearch_os_load5,0.55
2023/4/12 23:52,1681314767,cc-cc408-hya,data-node-04,9.9.2.156,elasticsearch_os_load5,0.51
2023/4/12 23:53,1681314827,cc-cc408-hya,data-node-04,9.9.2.156,elasticsearch_os_load5,0.76
2023/4/12 23:54,1681314887,cc-cc408-hya,data-node-04,9.9.2.156,elasticsearch_os_load5,0.68
2023/4/12 23:55,1681314947,cc-cc408-hya,data-node-04,9.9.2.156,elasticsearch_os_load5,0.78
2023/4/12 23:56,1681315007,cc-cc408-hya,data-node-04,9.9.2.156,elasticsearch_os_load5,0.81
2023/4/12 23:57,1681315067,cc-cc408-hya,data-node-04,9.9.2.156,elasticsearch_os_load5,0.71
2023/4/12 23:58,1681315127,cc-cc408-hya,data-node-04,9.9.2.156,elasticsearch_os_load5,0.75
2023/4/12 23:59,1681315187,cc-cc408-hya,data-node-04,9.9.2.156,elasticsearch_os_load5,0.73
2023/4/13 0:00,1681315247,cc-cc408-hya,data-node-04,9.9.2.156,elasticsearch_os_load5,0.75
2023/4/13 0:01,1681315307,cc-cc408-hya,data-node-04,9.9.2.156,elasticsearch_os_load5,0.94
2023/4/13 0:02,1681315367,cc-cc408-hya,data-node-04,9.9.2.156,elasticsearch_os_load5,1.03
2023/4/13 0:03,1681315427,cc-cc408-hya,data-node-04,9.9.2.156,elasticsearch_os_load5,1.05
2023/4/13 0:04,1681315487,cc-cc408-hya,data-node-04,9.9.2.156,elasticsearch_os_load5,0.93
2023/4/13 0:05,1681315547,cc-cc408-hya,data-node-04,9.9.2.156,elasticsearch_os_load5,0.77
2023/4/13 0:06,1681315607,cc-cc408-hya,data-node-04,9.9.2.156,elasticsearch_os_load5,0.68
2023/4/13 0:07,1681315667,cc-cc408-hya,data-node-04,9.9.2.156,elasticsearch_os_load5,0.58
2023/4/13 0:08,1681315727,cc-cc408-hya,data-node-04,9.9.2.156,elasticsearch_os_load5,0.55
2023/4/13 0:09,1681315787,cc-cc408-hya,data-node-04,9.9.2.156,elasticsearch_os_load5,0.48
2023/4/13 0:10,1681315847,cc-cc408-hya,data-node-04,9.9.2.156,elasticsearch_os_load5,0.43
2023/4/13 0:11,1681315907,cc-cc408-hya,data-node-04,9.9.2.156,elasticsearch_os_load5,0.48
2023/4/13 0:12,1681315967,cc-cc408-hya,data-node-04,9.9.2.156,elasticsearch_os_load5,0.45
2023/4/13 0:13,1681316027,cc-cc408-hya,data-node-04,9.9.2.156,elasticsearch_os_load5,0.43
2023/4/13 0:14,1681316087,cc-cc408-hya,data-node-04,9.9.2.156,elasticsearch_os_load5,0.38
2023/4/13 0:15,1681316147,cc-cc408-hya,data-node-04,9.9.2.156,elasticsearch_os_load5,0.35
2023/4/13 0:16,1681316207,cc-cc408-hya,data-node-04,9.9.2.156,elasticsearch_os_load5,0.34
2023/4/13 0:17,1681316267,cc-cc408-hya,data-node-04,9.9.2.156,elasticsearch_os_load5,0.38
2023/4/13 0:18,1681316327,cc-cc408-hya,data-node-04,9.9.2.156,elasticsearch_os_load5,0.37
2023/4/13 0:19,1681316387,cc-cc408-hya,data-node-04,9.9.2.156,elasticsearch_os_load5,0.46
2023/4/13 0:20,1681316447,cc-cc408-hya,data-node-04,9.9.2.156,elasticsearch_os_load5,0.51
2023/4/13 0:21,1681316507,cc-cc408-hya,data-node-04,9.9.2.156,elasticsearch_os_load5,0.51
2023/4/13 0:22,1681316567,cc-cc408-hya,data-node-04,9.9.2.156,elasticsearch_os_load5,0.67
2023/4/13 0:23,1681316627,cc-cc408-hya,data-node-04,9.9.2.156,elasticsearch_os_load5,0.66
2023/4/13 0:24,1681316687,cc-cc408-hya,data-node-04,9.9.2.156,elasticsearch_os_load5,0.75
2023/4/13 0:25,1681316747,cc-cc408-hya,data-node-04,9.9.2.156,elasticsearch_os_load5,0.92
2023/4/13 0:26,1681316807,cc-cc408-hya,data-node-04,9.9.2.156,elasticsearch_os_load5,0.95
2023/4/13 0:27,1681316867,cc-cc408-hya,data-node-04,9.9.2.156,elasticsearch_os_load5,0.93
2023/4/13 0:28,1681316927,cc-cc408-hya,data-node-04,9.9.2.156,elasticsearch_os_load5,0.92
2023/4/13 0:29,1681316987,cc-cc408-hya,data-node-04,9.9.2.156,elasticsearch_os_load5,0.93
2023/4/13 0:30,1681317047,cc-cc408-hya,data-node-04,9.9.2.156,elasticsearch_os_load5,1.07
2023/4/13 0:31,1681317107,cc-cc408-hya,data-node-04,9.9.2.156,elasticsearch_os_load5,0.99
2023/4/13 0:32,1681317167,cc-cc408-hya,data-node-04,9.9.2.156,elasticsearch_os_load5,0.98
2023/4/13 0:33,1681317227,cc-cc408-hya,data-node-04,9.9.2.156,elasticsearch_os_load5,1.02
2023/4/13 0:34,1681317287,cc-cc408-hya,data-node-04,9.9.2.156,elasticsearch_os_load5,1
2023/4/13 0:35,1681317347,cc-cc408-hya,data-node-04,9.9.2.156,elasticsearch_os_load5,1.13
2023/4/13 0:36,1681317407,cc-cc408-hya,data-node-04,9.9.2.156,elasticsearch_os_load5,1.13
2023/4/13 0:37,1681317467,cc-cc408-hya,data-node-04,9.9.2.156,elasticsearch_os_load5,1.28
2023/4/13 0:38,1681317527,cc-cc408-hya,data-node-04,9.9.2.156,elasticsearch_os_load5,1.32
2023/4/13 0:39,1681317587,cc-cc408-hya,data-node-04,9.9.2.156,elasticsearch_os_load5,1.35
2023/4/13 0:40,1681317647,cc-cc408-hya,data-node-04,9.9.2.156,elasticsearch_os_load5,1.4
2023/4/13 0:41,1681317707,cc-cc408-hya,data-node-04,9.9.2.156,elasticsearch_os_load5,1.42
2023/4/13 0:42,1681317767,cc-cc408-hya,data-node-04,9.9.2.156,elasticsearch_os_load5,1.37
2023/4/13 0:43,1681317827,cc-cc408-hya,data-node-04,9.9.2.156,elasticsearch_os_load5,1.48
2023/4/13 0:44,1681317887,cc-cc408-hya,data-node-04,9.9.2.156,elasticsearch_os_load5,1.62
2023/4/13 0:45,1681317947,cc-cc408-hya,data-node-04,9.9.2.156,elasticsearch_os_load5,1.68
2023/4/13 0:46,1681318007,cc-cc408-hya,data-node-04,9.9.2.156,elasticsearch_os_load5,1.49
2023/4/13 0:47,1681318067,cc-cc408-hya,data-node-04,9.9.2.156,elasticsearch_os_load5,1.5
2023/4/13 0:48,1681318127,cc-cc408-hya,data-node-04,9.9.2.156,elasticsearch_os_load5,1.39
2023/4/13 0:49,1681318187,cc-cc408-hya,data-node-04,9.9.2.156,elasticsearch_os_load5,1.33
2023/4/13 0:50,1681318247,cc-cc408-hya,data-node-04,9.9.2.156,elasticsearch_os_load5,1.21
2023/4/13 0:51,1681318307,cc-cc408-hya,data-node-04,9.9.2.156,elasticsearch_os_load5,1.11
2023/4/13 0:52,1681318367,cc-cc408-hya,data-node-04,9.9.2.156,elasticsearch_os_load5,1.1
2023/4/13 0:53,1681318427,cc-cc408-hya,data-node-04,9.9.2.156,elasticsearch_os_load5,1.06
2023/4/13 0:54,1681318487,cc-cc408-hya,data-node-04,9.9.2.156,elasticsearch_os_load5,1.22
2023/4/13 0:55,1681318547,cc-cc408-hya,data-node-04,9.9.2.156,elasticsearch_os_load5,1.17
2023/4/13 0:56,1681318607,cc-cc408-hya,data-node-04,9.9.2.156,elasticsearch_os_load5,1.23
2023/4/13 0:57,1681318667,cc-cc408-hya,data-node-04,9.9.2.156,elasticsearch_os_load5,1.2
2023/4/13 0:58,1681318727,cc-cc408-hya,data-node-04,9.9.2.156,elasticsearch_os_load5,1.19
2023/4/13 0:59,1681318787,cc-cc408-hya,data-node-04,9.9.2.156,elasticsearch_os_load5,1.12
2023/4/13 1:00,1681318847,cc-cc408-hya,data-node-04,9.9.2.156,elasticsearch_os_load5,1.08
2023/4/13 1:01,1681318907,cc-cc408-hya,data-node-04,9.9.2.156,elasticsearch_os_load5,1.14
2023/4/13 1:02,1681318967,cc-cc408-hya,data-node-04,9.9.2.156,elasticsearch_os_load5,1.12
2023/4/13 1:03,1681319027,cc-cc408-hya,data-node-04,9.9.2.156,elasticsearch_os_load5,1.11
2023/4/13 1:04,1681319087,cc-cc408-hya,data-node-04,9.9.2.156,elasticsearch_os_load5,1.12
2023/4/13 1:05,1681319147,cc-cc408-hya,data-node-04,9.9.2.156,elasticsearch_os_load5,1.04
2023/4/13 1:06,1681319207,cc-cc408-hya,data-node-04,9.9.2.156,elasticsearch_os_load5,1.05
2023/4/13 1:07,1681319267,cc-cc408-hya,data-node-04,9.9.2.156,elasticsearch_os_load5,0.93
2023/4/13 1:08,1681319327,cc-cc408-hya,data-node-04,9.9.2.156,elasticsearch_os_load5,0.98
2023/4/13 1:09,1681319387,cc-cc408-hya,data-node-04,9.9.2.156,elasticsearch_os_load5,1.02
2023/4/13 1:10,1681319447,cc-cc408-hya,data-node-04,9.9.2.156,elasticsearch_os_load5,0.93
2023/4/13 1:11,1681319507,cc-cc408-hya,data-node-04,9.9.2.156,elasticsearch_os_load5,0.97
2023/4/13 1:12,1681319567,cc-cc408-hya,data-node-04,9.9.2.156,elasticsearch_os_load5,0.99
2023/4/13 1:13,1681319627,cc-cc408-hya,data-node-04,9.9.2.156,elasticsearch_os_load5,0.94
2023/4/13 1:14,1681319687,cc-cc408-hya,data-node-04,9.9.2.156,elasticsearch_os_load5,0.91
2023/4/13 1:15,1681319747,cc-cc408-hya,data-node-04,9.9.2.156,elasticsearch_os_load5,0.99
2023/4/13 1:16,1681319807,cc-cc408-hya,data-node-04,9.9.2.156,elasticsearch_os_load5,1.02
2023/4/13 1:17,1681319867,cc-cc408-hya,data-node-04,9.9.2.156,elasticsearch_os_load5,0.99
2023/4/13 1:18,1681319927,cc-cc408-hya,data-node-04,9.9.2.156,elasticsearch_os_load5,0.99
2023/4/13 1:19,1681319987,cc-cc408-hya,data-node-04,9.9.2.156,elasticsearch_os_load5,0.96
2023/4/13 1:20,1681320047,cc-cc408-hya,data-node-04,9.9.2.156,elasticsearch_os_load5,0.96
2023/4/13 1:21,1681320107,cc-cc408-hya,data-node-04,9.9.2.156,elasticsearch_os_load5,0.87
2023/4/13 1:22,1681320167,cc-cc408-hya,data-node-04,9.9.2.156,elasticsearch_os_load5,0.75
2023/4/13 1:23,1681320227,cc-cc408-hya,data-node-04,9.9.2.156,elasticsearch_os_load5,0.72
2023/4/13 1:24,1681320287,cc-cc408-hya,data-node-04,9.9.2.156,elasticsearch_os_load5,0.68
2023/4/13 1:25,1681320347,cc-cc408-hya,data-node-04,9.9.2.156,elasticsearch_os_load5,0.62
2023/4/13 1:26,1681320407,cc-cc408-hya,data-node-04,9.9.2.156,elasticsearch_os_load5,0.84
2023/4/13 1:27,1681320467,cc-cc408-hya,data-node-04,9.9.2.156,elasticsearch_os_load5,0.99
2023/4/13 1:28,1681320527,cc-cc408-hya,data-node-04,9.9.2.156,elasticsearch_os_load5,0.91
2023/4/13 1:29,1681320587,cc-cc408-hya,data-node-04,9.9.2.156,elasticsearch_os_load5,0.81
2023/4/13 1:30,1681320647,cc-cc408-hya,data-node-04,9.9.2.156,elasticsearch_os_load5,0.67
2023/4/13 1:31,1681320707,cc-cc408-hya,data-node-04,9.9.2.156,elasticsearch_os_load5,0.56
2023/4/13 1:32,1681320767,cc-cc408-hya,data-node-04,9.9.2.156,elasticsearch_os_load5,0.49
2023/4/13 1:33,1681320827,cc-cc408-hya,data-node-04,9.9.2.156,elasticsearch_os_load5,0.4
2023/4/13 1:34,1681320887,cc-cc408-hya,data-node-04,9.9.2.156,elasticsearch_os_load5,0.4
2023/4/13 1:35,1681320947,cc-cc408-hya,data-node-04,9.9.2.156,elasticsearch_os_load5,0.35
2023/4/13 1:36,1681321007,cc-cc408-hya,data-node-04,9.9.2.156,elasticsearch_os_load5,0.32
2023/4/13 1:37,1681321067,cc-cc408-hya,data-node-04,9.9.2.156,elasticsearch_os_load5,0.29
2023/4/13 1:38,1681321127,cc-cc408-hya,data-node-04,9.9.2.156,elasticsearch_os_load5,0.27
2023/4/13 1:39,1681321187,cc-cc408-hya,data-node-04,9.9.2.156,elasticsearch_os_load5,0.24
2023/4/13 1:40,1681321247,cc-cc408-hya,data-node-04,9.9.2.156,elasticsearch_os_load5,0.21
2023/4/13 1:41,1681321307,cc-cc408-hya,data-node-04,9.9.2.156,elasticsearch_os_load5,0.24
2023/4/13 1:42,1681321367,cc-cc408-hya,data-node-04,9.9.2.156,elasticsearch_os_load5,0.24
2023/4/13 1:43,1681321427,cc-cc408-hya,data-node-04,9.9.2.156,elasticsearch_os_load5,0.29
2023/4/13 1:44,1681321487,cc-cc408-hya,data-node-04,9.9.2.156,elasticsearch_os_load5,0.39
2023/4/13 1:45,1681321547,cc-cc408-hya,data-node-04,9.9.2.156,elasticsearch_os_load5,0.36
2023/4/13 1:46,1681321607,cc-cc408-hya,data-node-04,9.9.2.156,elasticsearch_os_load5,0.32
2023/4/13 1:47,1681321667,cc-cc408-hya,data-node-04,9.9.2.156,elasticsearch_os_load5,0.32
2023/4/13 1:48,1681321727,cc-cc408-hya,data-node-04,9.9.2.156,elasticsearch_os_load5,0.27
2023/4/13 1:49,1681321787,cc-cc408-hya,data-node-04,9.9.2.156,elasticsearch_os_load5,0.3
2023/4/13 1:50,1681321847,cc-cc408-hya,data-node-04,9.9.2.156,elasticsearch_os_load5,0.28
2023/4/13 1:51,1681321907,cc-cc408-hya,data-node-04,9.9.2.156,elasticsearch_os_load5,0.27
2023/4/13 1:52,1681321967,cc-cc408-hya,data-node-04,9.9.2.156,elasticsearch_os_load5,0.23
2023/4/13 1:53,1681322027,cc-cc408-hya,data-node-04,9.9.2.156,elasticsearch_os_load5,0.24
2023/4/13 1:54,1681322087,cc-cc408-hya,data-node-04,9.9.2.156,elasticsearch_os_load5,0.23
2023/4/13 1:55,1681322147,cc-cc408-hya,data-node-04,9.9.2.156,elasticsearch_os_load5,0.22
2023/4/13 1:56,1681322207,cc-cc408-hya,data-node-04,9.9.2.156,elasticsearch_os_load5,0.19
2023/4/13 1:57,1681322267,cc-cc408-hya,data-node-04,9.9.2.156,elasticsearch_os_load5,0.2
2023/4/13 1:58,1681322327,cc-cc408-hya,data-node-04,9.9.2.156,elasticsearch_os_load5,0.34
2023/4/13 1:59,1681322387,cc-cc408-hya,data-node-04,9.9.2.156,elasticsearch_os_load5,0.51
2023/4/13 2:00,1681322447,cc-cc408-hya,data-node-04,9.9.2.156,elasticsearch_os_load5,0.5
2023/4/13 2:01,1681322507,cc-cc408-hya,data-node-04,9.9.2.156,elasticsearch_os_load5,0.45
2023/4/13 2:02,1681322567,cc-cc408-hya,data-node-04,9.9.2.156,elasticsearch_os_load5,0.42
2023/4/13 2:03,1681322627,cc-cc408-hya,data-node-04,9.9.2.156,elasticsearch_os_load5,0.4
2023/4/13 2:04,1681322687,cc-cc408-hya,data-node-04,9.9.2.156,elasticsearch_os_load5,0.37
2023/4/13 2:05,1681322747,cc-cc408-hya,data-node-04,9.9.2.156,elasticsearch_os_load5,0.35
2023/4/13 2:06,1681322807,cc-cc408-hya,data-node-04,9.9.2.156,elasticsearch_os_load5,0.43
2023/4/13 2:07,1681322867,cc-cc408-hya,data-node-04,9.9.2.156,elasticsearch_os_load5,0.38
2023/4/13 2:08,1681322927,cc-cc408-hya,data-node-04,9.9.2.156,elasticsearch_os_load5,0.48
2023/4/13 2:09,1681322987,cc-cc408-hya,data-node-04,9.9.2.156,elasticsearch_os_load5,0.58
2023/4/13 2:10,1681323047,cc-cc408-hya,data-node-04,9.9.2.156,elasticsearch_os_load5,0.72
2023/4/13 2:11,1681323107,cc-cc408-hya,data-node-04,9.9.2.156,elasticsearch_os_load5,0.64
2023/4/13 2:12,1681323167,cc-cc408-hya,data-node-04,9.9.2.156,elasticsearch_os_load5,0.53
2023/4/13 2:13,1681323227,cc-cc408-hya,data-node-04,9.9.2.156,elasticsearch_os_load5,0.48
2023/4/13 2:14,1681323287,cc-cc408-hya,data-node-04,9.9.2.156,elasticsearch_os_load5,0.41
2023/4/13 2:15,1681323347,cc-cc408-hya,data-node-04,9.9.2.156,elasticsearch_os_load5,0.39
2023/4/13 2:16,1681323407,cc-cc408-hya,data-node-04,9.9.2.156,elasticsearch_os_load5,0.4
2023/4/13 2:17,1681323467,cc-cc408-hya,data-node-04,9.9.2.156,elasticsearch_os_load5,0.4
2023/4/13 2:18,1681323527,cc-cc408-hya,data-node-04,9.9.2.156,elasticsearch_os_load5,0.43
2023/4/13 2:19,1681323587,cc-cc408-hya,data-node-04,9.9.2.156,elasticsearch_os_load5,0.43
2023/4/13 2:20,1681323647,cc-cc408-hya,data-node-04,9.9.2.156,elasticsearch_os_load5,0.44
2023/4/13 2:21,1681323707,cc-cc408-hya,data-node-04,9.9.2.156,elasticsearch_os_load5,0.44
2023/4/13 2:22,1681323767,cc-cc408-hya,data-node-04,9.9.2.156,elasticsearch_os_load5,0.39
2023/4/13 2:23,1681323827,cc-cc408-hya,data-node-04,9.9.2.156,elasticsearch_os_load5,0.43
2023/4/13 2:24,1681323887,cc-cc408-hya,data-node-04,9.9.2.156,elasticsearch_os_load5,0.44
2023/4/13 2:25,1681323947,cc-cc408-hya,data-node-04,9.9.2.156,elasticsearch_os_load5,0.43
2023/4/13 2:26,1681324007,cc-cc408-hya,data-node-04,9.9.2.156,elasticsearch_os_load5,0.38
2023/4/13 2:27,1681324067,cc-cc408-hya,data-node-04,9.9.2.156,elasticsearch_os_load5,0.4
2023/4/13 2:28,1681324127,cc-cc408-hya,data-node-04,9.9.2.156,elasticsearch_os_load5,0.34
2023/4/13 2:29,1681324187,cc-cc408-hya,data-node-04,9.9.2.156,elasticsearch_os_load5,0.35
2023/4/13 2:30,1681324247,cc-cc408-hya,data-node-04,9.9.2.156,elasticsearch_os_load5,0.31
2023/4/13 2:31,1681324307,cc-cc408-hya,data-node-04,9.9.2.156,elasticsearch_os_load5,0.33
2023/4/13 2:32,1681324367,cc-cc408-hya,data-node-04,9.9.2.156,elasticsearch_os_load5,0.28
2023/4/13 2:33,1681324427,cc-cc408-hya,data-node-04,9.9.2.156,elasticsearch_os_load5,0.24
2023/4/13 2:34,1681324487,cc-cc408-hya,data-node-04,9.9.2.156,elasticsearch_os_load5,0.21
2023/4/13 2:35,1681324547,cc-cc408-hya,data-node-04,9.9.2.156,elasticsearch_os_load5,0.22
2023/4/13 2:36,1681324607,cc-cc408-hya,data-node-04,9.9.2.156,elasticsearch_os_load5,0.22
2023/4/13 2:37,1681324667,cc-cc408-hya,data-node-04,9.9.2.156,elasticsearch_os_load5,0.19
2023/4/13 2:38,1681324727,cc-cc408-hya,data-node-04,9.9.2.156,elasticsearch_os_load5,0.19
2023/4/13 2:39,1681324787,cc-cc408-hya,data-node-04,9.9.2.156,elasticsearch_os_load5,0.15
2023/4/13 2:40,1681324847,cc-cc408-hya,data-node-04,9.9.2.156,elasticsearch_os_load5,0.33
2023/4/13 2:41,1681324907,cc-cc408-hya,data-node-04,9.9.2.156,elasticsearch_os_load5,0.32
2023/4/13 2:42,1681324967,cc-cc408-hya,data-node-04,9.9.2.156,elasticsearch_os_load5,0.33
2023/4/13 2:43,1681325027,cc-cc408-hya,data-node-04,9.9.2.156,elasticsearch_os_load5,0.38
2023/4/13 2:44,1681325087,cc-cc408-hya,data-node-04,9.9.2.156,elasticsearch_os_load5,0.35
2023/4/13 2:45,1681325147,cc-cc408-hya,data-node-04,9.9.2.156,elasticsearch_os_load5,0.31
2023/4/13 2:46,1681325207,cc-cc408-hya,data-node-04,9.9.2.156,elasticsearch_os_load5,0.28
2023/4/13 2:47,1681325267,cc-cc408-hya,data-node-04,9.9.2.156,elasticsearch_os_load5,0.31
2023/4/13 2:48,1681325327,cc-cc408-hya,data-node-04,9.9.2.156,elasticsearch_os_load5,0.27
2023/4/13 2:49,1681325387,cc-cc408-hya,data-node-04,9.9.2.156,elasticsearch_os_load5,0.23
2023/4/13 2:50,1681325447,cc-cc408-hya,data-node-04,9.9.2.156,elasticsearch_os_load5,0.36
2023/4/13 2:51,1681325507,cc-cc408-hya,data-node-04,9.9.2.156,elasticsearch_os_load5,0.51
2023/4/13 2:52,1681325567,cc-cc408-hya,data-node-04,9.9.2.156,elasticsearch_os_load5,0.61
2023/4/13 2:53,1681325627,cc-cc408-hya,data-node-04,9.9.2.156,elasticsearch_os_load5,0.51
2023/4/13 2:54,1681325687,cc-cc408-hya,data-node-04,9.9.2.156,elasticsearch_os_load5,0.42
2023/4/13 2:55,1681325747,cc-cc408-hya,data-node-04,9.9.2.156,elasticsearch_os_load5,0.43
2023/4/13 2:56,1681325807,cc-cc408-hya,data-node-04,9.9.2.156,elasticsearch_os_load5,0.36
2023/4/13 2:57,1681325867,cc-cc408-hya,data-node-04,9.9.2.156,elasticsearch_os_load5,0.33
2023/4/13 2:58,1681325927,cc-cc408-hya,data-node-04,9.9.2.156,elasticsearch_os_load5,0.26
2023/4/13 2:59,1681325987,cc-cc408-hya,data-node-04,9.9.2.156,elasticsearch_os_load5,0.28
2023/4/13 3:00,1681326047,cc-cc408-hya,data-node-04,9.9.2.156,elasticsearch_os_load5,0.24
2023/4/13 3:01,1681326107,cc-cc408-hya,data-node-04,9.9.2.156,elasticsearch_os_load5,0.22
2023/4/13 3:02,1681326167,cc-cc408-hya,data-node-04,9.9.2.156,elasticsearch_os_load5,0.2
2023/4/13 3:03,1681326227,cc-cc408-hya,data-node-04,9.9.2.156,elasticsearch_os_load5,0.19
2023/4/13 3:04,1681326287,cc-cc408-hya,data-node-04,9.9.2.156,elasticsearch_os_load5,0.18
2023/4/13 3:05,1681326347,cc-cc408-hya,data-node-04,9.9.2.156,elasticsearch_os_load5,0.2
2023/4/13 3:06,1681326407,cc-cc408-hya,data-node-04,9.9.2.156,elasticsearch_os_load5,0.31
2023/4/13 3:07,1681326467,cc-cc408-hya,data-node-04,9.9.2.156,elasticsearch_os_load5,0.34
2023/4/13 3:08,1681326527,cc-cc408-hya,data-node-04,9.9.2.156,elasticsearch_os_load5,0.32
2023/4/13 3:09,1681326587,cc-cc408-hya,data-node-04,9.9.2.156,elasticsearch_os_load5,0.28
2023/4/13 3:10,1681326647,cc-cc408-hya,data-node-04,9.9.2.156,elasticsearch_os_load5,0.27
2023/4/13 3:11,1681326707,cc-cc408-hya,data-node-04,9.9.2.156,elasticsearch_os_load5,0.27
2023/4/13 3:12,1681326767,cc-cc408-hya,data-node-04,9.9.2.156,elasticsearch_os_load5,0.28
2023/4/13 3:13,1681326827,cc-cc408-hya,data-node-04,9.9.2.156,elasticsearch_os_load5,0.28
2023/4/13 3:14,1681326887,cc-cc408-hya,data-node-04,9.9.2.156,elasticsearch_os_load5,0.24
2023/4/13 3:15,1681326947,cc-cc408-hya,data-node-04,9.9.2.156,elasticsearch_os_load5,0.25
2023/4/13 3:16,1681327007,cc-cc408-hya,data-node-04,9.9.2.156,elasticsearch_os_load5,0.23
2023/4/13 3:17,1681327067,cc-cc408-hya,data-node-04,9.9.2.156,elasticsearch_os_load5,0.22
2023/4/13 3:18,1681327127,cc-cc408-hya,data-node-04,9.9.2.156,elasticsearch_os_load5,0.19
2023/4/13 3:19,1681327187,cc-cc408-hya,data-node-04,9.9.2.156,elasticsearch_os_load5,0.15
2023/4/13 3:20,1681327247,cc-cc408-hya,data-node-04,9.9.2.156,elasticsearch_os_load5,0.19
2023/4/13 3:21,1681327307,cc-cc408-hya,data-node-04,9.9.2.156,elasticsearch_os_load5,0.18
2023/4/13 3:22,1681327367,cc-cc408-hya,data-node-04,9.9.2.156,elasticsearch_os_load5,0.28
2023/4/13 3:23,1681327427,cc-cc408-hya,data-node-04,9.9.2.156,elasticsearch_os_load5,0.27
2023/4/13 3:24,1681327487,cc-cc408-hya,data-node-04,9.9.2.156,elasticsearch_os_load5,0.29
2023/4/13 3:25,1681327547,cc-cc408-hya,data-node-04,9.9.2.156,elasticsearch_os_load5,0.3
2023/4/13 3:26,1681327607,cc-cc408-hya,data-node-04,9.9.2.156,elasticsearch_os_load5,0.25
2023/4/13 3:27,1681327667,cc-cc408-hya,data-node-04,9.9.2.156,elasticsearch_os_load5,0.29
2023/4/13 3:28,1681327727,cc-cc408-hya,data-node-04,9.9.2.156,elasticsearch_os_load5,0.27
2023/4/13 3:29,1681327787,cc-cc408-hya,data-node-04,9.9.2.156,elasticsearch_os_load5,0.28
2023/4/13 3:30,1681327847,cc-cc408-hya,data-node-04,9.9.2.156,elasticsearch_os_load5,0.26
2023/4/13 3:31,1681327907,cc-cc408-hya,data-node-04,9.9.2.156,elasticsearch_os_load5,0.25
2023/4/13 3:32,1681327967,cc-cc408-hya,data-node-04,9.9.2.156,elasticsearch_os_load5,0.25
2023/4/13 3:33,1681328027,cc-cc408-hya,data-node-04,9.9.2.156,elasticsearch_os_load5,0.49
2023/4/13 3:34,1681328087,cc-cc408-hya,data-node-04,9.9.2.156,elasticsearch_os_load5,0.58
2023/4/13 3:35,1681328147,cc-cc408-hya,data-node-04,9.9.2.156,elasticsearch_os_load5,0.56
2023/4/13 3:36,1681328207,cc-cc408-hya,data-node-04,9.9.2.156,elasticsearch_os_load5,0.47
2023/4/13 3:37,1681328267,cc-cc408-hya,data-node-04,9.9.2.156,elasticsearch_os_load5,0.44
2023/4/13 3:38,1681328327,cc-cc408-hya,data-node-04,9.9.2.156,elasticsearch_os_load5,0.38
2023/4/13 3:39,1681328387,cc-cc408-hya,data-node-04,9.9.2.156,elasticsearch_os_load5,0.31
2023/4/13 3:40,1681328447,cc-cc408-hya,data-node-04,9.9.2.156,elasticsearch_os_load5,0.29
2023/4/13 3:41,1681328507,cc-cc408-hya,data-node-04,9.9.2.156,elasticsearch_os_load5,0.27
2023/4/13 3:42,1681328567,cc-cc408-hya,data-node-04,9.9.2.156,elasticsearch_os_load5,0.28
2023/4/13 3:43,1681328627,cc-cc408-hya,data-node-04,9.9.2.156,elasticsearch_os_load5,0.28
2023/4/13 3:44,1681328687,cc-cc408-hya,data-node-04,9.9.2.156,elasticsearch_os_load5,0.24
2023/4/13 3:45,1681328747,cc-cc408-hya,data-node-04,9.9.2.156,elasticsearch_os_load5,0.24
2023/4/13 3:46,1681328807,cc-cc408-hya,data-node-04,9.9.2.156,elasticsearch_os_load5,0.21
2023/4/13 3:47,1681328867,cc-cc408-hya,data-node-04,9.9.2.156,elasticsearch_os_load5,0.21
2023/4/13 3:48,1681328927,cc-cc408-hya,data-node-04,9.9.2.156,elasticsearch_os_load5,0.2
2023/4/13 3:49,1681328987,cc-cc408-hya,data-node-04,9.9.2.156,elasticsearch_os_load5,0.3
2023/4/13 3:50,1681329047,cc-cc408-hya,data-node-04,9.9.2.156,elasticsearch_os_load5,0.26
2023/4/13 3:51,1681329107,cc-cc408-hya,data-node-04,9.9.2.156,elasticsearch_os_load5,0.23
2023/4/13 3:52,1681329167,cc-cc408-hya,data-node-04,9.9.2.156,elasticsearch_os_load5,0.23
2023/4/13 3:53,1681329227,cc-cc408-hya,data-node-04,9.9.2.156,elasticsearch_os_load5,0.31
2023/4/13 3:54,1681329287,cc-cc408-hya,data-node-04,9.9.2.156,elasticsearch_os_load5,0.28
2023/4/13 3:55,1681329347,cc-cc408-hya,data-node-04,9.9.2.156,elasticsearch_os_load5,0.26
2023/4/13 3:56,1681329407,cc-cc408-hya,data-node-04,9.9.2.156,elasticsearch_os_load5,0.35
2023/4/13 3:57,1681329467,cc-cc408-hya,data-node-04,9.9.2.156,elasticsearch_os_load5,0.35
2023/4/13 3:58,1681329527,cc-cc408-hya,data-node-04,9.9.2.156,elasticsearch_os_load5,0.3
2023/4/13 3:59,1681329587,cc-cc408-hya,data-node-04,9.9.2.156,elasticsearch_os_load5,0.27
2023/4/13 4:00,1681329647,cc-cc408-hya,data-node-04,9.9.2.156,elasticsearch_os_load5,0.31
2023/4/13 4:01,1681329707,cc-cc408-hya,data-node-04,9.9.2.156,elasticsearch_os_load5,0.25
2023/4/13 4:02,1681329767,cc-cc408-hya,data-node-04,9.9.2.156,elasticsearch_os_load5,0.22
2023/4/13 4:03,1681329827,cc-cc408-hya,data-node-04,9.9.2.156,elasticsearch_os_load5,0.34
2023/4/13 4:04,1681329887,cc-cc408-hya,data-node-04,9.9.2.156,elasticsearch_os_load5,0.33
2023/4/13 4:05,1681329947,cc-cc408-hya,data-node-04,9.9.2.156,elasticsearch_os_load5,0.43
2023/4/13 4:06,1681330007,cc-cc408-hya,data-node-04,9.9.2.156,elasticsearch_os_load5,0.39
2023/4/13 4:07,1681330067,cc-cc408-hya,data-node-04,9.9.2.156,elasticsearch_os_load5,0.42
2023/4/13 4:08,1681330127,cc-cc408-hya,data-node-04,9.9.2.156,elasticsearch_os_load5,0.41
2023/4/13 4:09,1681330187,cc-cc408-hya,data-node-04,9.9.2.156,elasticsearch_os_load5,0.36
2023/4/13 4:10,1681330247,cc-cc408-hya,data-node-04,9.9.2.156,elasticsearch_os_load5,0.34
2023/4/13 4:11,1681330307,cc-cc408-hya,data-node-04,9.9.2.156,elasticsearch_os_load5,0.4
2023/4/13 4:12,1681330367,cc-cc408-hya,data-node-04,9.9.2.156,elasticsearch_os_load5,0.34
2023/4/13 4:13,1681330427,cc-cc408-hya,data-node-04,9.9.2.156,elasticsearch_os_load5,0.33
2023/4/13 4:14,1681330487,cc-cc408-hya,data-node-04,9.9.2.156,elasticsearch_os_load5,0.3
2023/4/13 4:15,1681330547,cc-cc408-hya,data-node-04,9.9.2.156,elasticsearch_os_load5,0.45
2023/4/13 4:16,1681330607,cc-cc408-hya,data-node-04,9.9.2.156,elasticsearch_os_load5,0.58
2023/4/13 4:17,1681330667,cc-cc408-hya,data-node-04,9.9.2.156,elasticsearch_os_load5,0.59
2023/4/13 4:18,1681330727,cc-cc408-hya,data-node-04,9.9.2.156,elasticsearch_os_load5,0.56
2023/4/13 4:19,1681330787,cc-cc408-hya,data-node-04,9.9.2.156,elasticsearch_os_load5,0.48
2023/4/13 4:20,1681330847,cc-cc408-hya,data-node-04,9.9.2.156,elasticsearch_os_load5,0.44
2023/4/13 4:21,1681330907,cc-cc408-hya,data-node-04,9.9.2.156,elasticsearch_os_load5,0.43
2023/4/13 4:22,1681330967,cc-cc408-hya,data-node-04,9.9.2.156,elasticsearch_os_load5,0.41
2023/4/13 4:23,1681331027,cc-cc408-hya,data-node-04,9.9.2.156,elasticsearch_os_load5,0.38
2023/4/13 4:24,1681331087,cc-cc408-hya,data-node-04,9.9.2.156,elasticsearch_os_load5,0.32
2023/4/13 4:25,1681331147,cc-cc408-hya,data-node-04,9.9.2.156,elasticsearch_os_load5,0.36
2023/4/13 4:26,1681331207,cc-cc408-hya,data-node-04,9.9.2.156,elasticsearch_os_load5,0.34
2023/4/13 4:27,1681331267,cc-cc408-hya,data-node-04,9.9.2.156,elasticsearch_os_load5,0.27
2023/4/13 4:28,1681331327,cc-cc408-hya,data-node-04,9.9.2.156,elasticsearch_os_load5,0.23
2023/4/13 4:29,1681331387,cc-cc408-hya,data-node-04,9.9.2.156,elasticsearch_os_load5,0.27
2023/4/13 4:30,1681331447,cc-cc408-hya,data-node-04,9.9.2.156,elasticsearch_os_load5,0.25
2023/4/13 4:31,1681331507,cc-cc408-hya,data-node-04,9.9.2.156,elasticsearch_os_load5,0.46
2023/4/13 4:32,1681331567,cc-cc408-hya,data-node-04,9.9.2.156,elasticsearch_os_load5,0.39
2023/4/13 4:33,1681331627,cc-cc408-hya,data-node-04,9.9.2.156,elasticsearch_os_load5,0.32
2023/4/13 4:34,1681331687,cc-cc408-hya,data-node-04,9.9.2.156,elasticsearch_os_load5,0.38
2023/4/13 4:35,1681331747,cc-cc408-hya,data-node-04,9.9.2.156,elasticsearch_os_load5,0.4
2023/4/13 4:36,1681331807,cc-cc408-hya,data-node-04,9.9.2.156,elasticsearch_os_load5,0.42
2023/4/13 4:37,1681331867,cc-cc408-hya,data-node-04,9.9.2.156,elasticsearch_os_load5,0.35
2023/4/13 4:38,1681331927,cc-cc408-hya,data-node-04,9.9.2.156,elasticsearch_os_load5,0.31
2023/4/13 4:39,1681331987,cc-cc408-hya,data-node-04,9.9.2.156,elasticsearch_os_load5,0.27
2023/4/13 4:40,1681332047,cc-cc408-hya,data-node-04,9.9.2.156,elasticsearch_os_load5,0.23
2023/4/13 4:41,1681332107,cc-cc408-hya,data-node-04,9.9.2.156,elasticsearch_os_load5,0.25
2023/4/13 4:42,1681332167,cc-cc408-hya,data-node-04,9.9.2.156,elasticsearch_os_load5,0.25
2023/4/13 4:43,1681332227,cc-cc408-hya,data-node-04,9.9.2.156,elasticsearch_os_load5,0.28
2023/4/13 4:44,1681332287,cc-cc408-hya,data-node-04,9.9.2.156,elasticsearch_os_load5,0.24
2023/4/13 4:45,1681332347,cc-cc408-hya,data-node-04,9.9.2.156,elasticsearch_os_load5,0.47
2023/4/13 4:46,1681332407,cc-cc408-hya,data-node-04,9.9.2.156,elasticsearch_os_load5,0.41
2023/4/13 4:47,1681332467,cc-cc408-hya,data-node-04,9.9.2.156,elasticsearch_os_load5,0.39
2023/4/13 4:48,1681332527,cc-cc408-hya,data-node-04,9.9.2.156,elasticsearch_os_load5,0.41
2023/4/13 4:49,1681332587,cc-cc408-hya,data-node-04,9.9.2.156,elasticsearch_os_load5,0.35
2023/4/13 4:50,1681332647,cc-cc408-hya,data-node-04,9.9.2.156,elasticsearch_os_load5,0.33
2023/4/13 4:51,1681332707,cc-cc408-hya,data-node-04,9.9.2.156,elasticsearch_os_load5,0.33
2023/4/13 4:52,1681332767,cc-cc408-hya,data-node-04,9.9.2.156,elasticsearch_os_load5,0.28
2023/4/13 4:53,1681332827,cc-cc408-hya,data-node-04,9.9.2.156,elasticsearch_os_load5,0.26
2023/4/13 4:54,1681332887,cc-cc408-hya,data-node-04,9.9.2.156,elasticsearch_os_load5,0.24
2023/4/13 4:55,1681332947,cc-cc408-hya,data-node-04,9.9.2.156,elasticsearch_os_load5,0.25
2023/4/13 4:56,1681333007,cc-cc408-hya,data-node-04,9.9.2.156,elasticsearch_os_load5,0.2
2023/4/13 4:57,1681333067,cc-cc408-hya,data-node-04,9.9.2.156,elasticsearch_os_load5,0.38
2023/4/13 4:58,1681333127,cc-cc408-hya,data-node-04,9.9.2.156,elasticsearch_os_load5,0.48
2023/4/13 4:59,1681333187,cc-cc408-hya,data-node-04,9.9.2.156,elasticsearch_os_load5,0.62
2023/4/13 5:00,1681333247,cc-cc408-hya,data-node-04,9.9.2.156,elasticsearch_os_load5,0.97
2023/4/13 5:01,1681333307,cc-cc408-hya,data-node-04,9.9.2.156,elasticsearch_os_load5,1.21
2023/4/13 5:02,1681333367,cc-cc408-hya,data-node-04,9.9.2.156,elasticsearch_os_load5,1.04
2023/4/13 5:03,1681333427,cc-cc408-hya,data-node-04,9.9.2.156,elasticsearch_os_load5,0.88
2023/4/13 5:04,1681333487,cc-cc408-hya,data-node-04,9.9.2.156,elasticsearch_os_load5,0.77
2023/4/13 5:05,1681333547,cc-cc408-hya,data-node-04,9.9.2.156,elasticsearch_os_load5,0.66
2023/4/13 5:06,1681333607,cc-cc408-hya,data-node-04,9.9.2.156,elasticsearch_os_load5,0.55
2023/4/13 5:07,1681333667,cc-cc408-hya,data-node-04,9.9.2.156,elasticsearch_os_load5,0.6
2023/4/13 5:08,1681333727,cc-cc408-hya,data-node-04,9.9.2.156,elasticsearch_os_load5,0.56
2023/4/13 5:09,1681333787,cc-cc408-hya,data-node-04,9.9.2.156,elasticsearch_os_load5,0.52
2023/4/13 5:10,1681333847,cc-cc408-hya,data-node-04,9.9.2.156,elasticsearch_os_load5,0.49
2023/4/13 5:11,1681333907,cc-cc408-hya,data-node-04,9.9.2.156,elasticsearch_os_load5,0.46
2023/4/13 5:12,1681333967,cc-cc408-hya,data-node-04,9.9.2.156,elasticsearch_os_load5,0.42
2023/4/13 5:13,1681334027,cc-cc408-hya,data-node-04,9.9.2.156,elasticsearch_os_load5,0.39
2023/4/13 5:14,1681334087,cc-cc408-hya,data-node-04,9.9.2.156,elasticsearch_os_load5,0.31
2023/4/13 5:15,1681334147,cc-cc408-hya,data-node-04,9.9.2.156,elasticsearch_os_load5,0.35
2023/4/13 5:16,1681334207,cc-cc408-hya,data-node-04,9.9.2.156,elasticsearch_os_load5,0.43
2023/4/13 5:17,1681334267,cc-cc408-hya,data-node-04,9.9.2.156,elasticsearch_os_load5,0.38
2023/4/13 5:18,1681334327,cc-cc408-hya,data-node-04,9.9.2.156,elasticsearch_os_load5,0.32
2023/4/13 5:19,1681334387,cc-cc408-hya,data-node-04,9.9.2.156,elasticsearch_os_load5,0.29
2023/4/13 5:20,1681334447,cc-cc408-hya,data-node-04,9.9.2.156,elasticsearch_os_load5,0.27
2023/4/13 5:21,1681334507,cc-cc408-hya,data-node-04,9.9.2.156,elasticsearch_os_load5,0.22
2023/4/13 5:22,1681334567,cc-cc408-hya,data-node-04,9.9.2.156,elasticsearch_os_load5,0.22
2023/4/13 5:23,1681334627,cc-cc408-hya,data-node-04,9.9.2.156,elasticsearch_os_load5,0.21
2023/4/13 5:24,1681334687,cc-cc408-hya,data-node-04,9.9.2.156,elasticsearch_os_load5,0.2
2023/4/13 5:25,1681334747,cc-cc408-hya,data-node-04,9.9.2.156,elasticsearch_os_load5,0.22
2023/4/13 5:26,1681334807,cc-cc408-hya,data-node-04,9.9.2.156,elasticsearch_os_load5,0.26
2023/4/13 5:27,1681334867,cc-cc408-hya,data-node-04,9.9.2.156,elasticsearch_os_load5,0.34
2023/4/13 5:28,1681334927,cc-cc408-hya,data-node-04,9.9.2.156,elasticsearch_os_load5,0.34
2023/4/13 5:29,1681334987,cc-cc408-hya,data-node-04,9.9.2.156,elasticsearch_os_load5,0.37
2023/4/13 5:30,1681335047,cc-cc408-hya,data-node-04,9.9.2.156,elasticsearch_os_load5,0.39
2023/4/13 5:31,1681335107,cc-cc408-hya,data-node-04,9.9.2.156,elasticsearch_os_load5,0.36
2023/4/13 5:32,1681335167,cc-cc408-hya,data-node-04,9.9.2.156,elasticsearch_os_load5,0.35
2023/4/13 5:33,1681335227,cc-cc408-hya,data-node-04,9.9.2.156,elasticsearch_os_load5,0.39
2023/4/13 5:34,1681335287,cc-cc408-hya,data-node-04,9.9.2.156,elasticsearch_os_load5,0.35
2023/4/13 5:35,1681335347,cc-cc408-hya,data-node-04,9.9.2.156,elasticsearch_os_load5,0.37
2023/4/13 5:36,1681335407,cc-cc408-hya,data-node-04,9.9.2.156,elasticsearch_os_load5,0.45
2023/4/13 5:37,1681335467,cc-cc408-hya,data-node-04,9.9.2.156,elasticsearch_os_load5,0.42
2023/4/13 5:38,1681335527,cc-cc408-hya,data-node-04,9.9.2.156,elasticsearch_os_load5,0.37
2023/4/13 5:39,1681335587,cc-cc408-hya,data-node-04,9.9.2.156,elasticsearch_os_load5,0.48
2023/4/13 5:40,1681335647,cc-cc408-hya,data-node-04,9.9.2.156,elasticsearch_os_load5,0.53
2023/4/13 5:41,1681335707,cc-cc408-hya,data-node-04,9.9.2.156,elasticsearch_os_load5,0.67
2023/4/13 5:42,1681335767,cc-cc408-hya,data-node-04,9.9.2.156,elasticsearch_os_load5,0.59
2023/4/13 5:43,1681335827,cc-cc408-hya,data-node-04,9.9.2.156,elasticsearch_os_load5,0.51
2023/4/13 5:44,1681335887,cc-cc408-hya,data-node-04,9.9.2.156,elasticsearch_os_load5,0.43
2023/4/13 5:45,1681335947,cc-cc408-hya,data-node-04,9.9.2.156,elasticsearch_os_load5,0.35
2023/4/13 5:46,1681336007,cc-cc408-hya,data-node-04,9.9.2.156,elasticsearch_os_load5,0.31
2023/4/13 5:47,1681336067,cc-cc408-hya,data-node-04,9.9.2.156,elasticsearch_os_load5,0.3
2023/4/13 5:48,1681336127,cc-cc408-hya,data-node-04,9.9.2.156,elasticsearch_os_load5,0.4
2023/4/13 5:49,1681336187,cc-cc408-hya,data-node-04,9.9.2.156,elasticsearch_os_load5,0.36
2023/4/13 5:50,1681336247,cc-cc408-hya,data-node-04,9.9.2.156,elasticsearch_os_load5,0.4
2023/4/13 5:51,1681336307,cc-cc408-hya,data-node-04,9.9.2.156,elasticsearch_os_load5,0.46
2023/4/13 5:52,1681336367,cc-cc408-hya,data-node-04,9.9.2.156,elasticsearch_os_load5,0.47
2023/4/13 5:53,1681336427,cc-cc408-hya,data-node-04,9.9.2.156,elasticsearch_os_load5,0.45
2023/4/13 5:54,1681336487,cc-cc408-hya,data-node-04,9.9.2.156,elasticsearch_os_load5,0.42
2023/4/13 5:55,1681336547,cc-cc408-hya,data-node-04,9.9.2.156,elasticsearch_os_load5,0.4
2023/4/13 5:56,1681336607,cc-cc408-hya,data-node-04,9.9.2.156,elasticsearch_os_load5,0.38
2023/4/13 5:57,1681336667,cc-cc408-hya,data-node-04,9.9.2.156,elasticsearch_os_load5,0.49
2023/4/13 5:58,1681336727,cc-cc408-hya,data-node-04,9.9.2.156,elasticsearch_os_load5,0.49
2023/4/13 5:59,1681336787,cc-cc408-hya,data-node-04,9.9.2.156,elasticsearch_os_load5,0.48
2023/4/13 6:00,1681336847,cc-cc408-hya,data-node-04,9.9.2.156,elasticsearch_os_load5,0.46
2023/4/13 6:01,1681336907,cc-cc408-hya,data-node-04,9.9.2.156,elasticsearch_os_load5,0.47
2023/4/13 6:02,1681336967,cc-cc408-hya,data-node-04,9.9.2.156,elasticsearch_os_load5,0.41
2023/4/13 6:03,1681337027,cc-cc408-hya,data-node-04,9.9.2.156,elasticsearch_os_load5,0.35
2023/4/13 6:04,1681337087,cc-cc408-hya,data-node-04,9.9.2.156,elasticsearch_os_load5,0.35
2023/4/13 6:05,1681337147,cc-cc408-hya,data-node-04,9.9.2.156,elasticsearch_os_load5,0.31
2023/4/13 6:06,1681337207,cc-cc408-hya,data-node-04,9.9.2.156,elasticsearch_os_load5,0.27
2023/4/13 6:07,1681337267,cc-cc408-hya,data-node-04,9.9.2.156,elasticsearch_os_load5,0.23
2023/4/13 6:08,1681337327,cc-cc408-hya,data-node-04,9.9.2.156,elasticsearch_os_load5,0.19
2023/4/13 6:09,1681337387,cc-cc408-hya,data-node-04,9.9.2.156,elasticsearch_os_load5,0.33
2023/4/13 6:10,1681337447,cc-cc408-hya,data-node-04,9.9.2.156,elasticsearch_os_load5,0.31
2023/4/13 6:11,1681337507,cc-cc408-hya,data-node-04,9.9.2.156,elasticsearch_os_load5,0.38
2023/4/13 6:12,1681337567,cc-cc408-hya,data-node-04,9.9.2.156,elasticsearch_os_load5,0.4
2023/4/13 6:13,1681337627,cc-cc408-hya,data-node-04,9.9.2.156,elasticsearch_os_load5,0.4
2023/4/13 6:14,1681337687,cc-cc408-hya,data-node-04,9.9.2.156,elasticsearch_os_load5,0.35
2023/4/13 6:15,1681337747,cc-cc408-hya,data-node-04,9.9.2.156,elasticsearch_os_load5,0.35
2023/4/13 6:16,1681337807,cc-cc408-hya,data-node-04,9.9.2.156,elasticsearch_os_load5,0.33
2023/4/13 6:17,1681337867,cc-cc408-hya,data-node-04,9.9.2.156,elasticsearch_os_load5,0.34
2023/4/13 6:18,1681337927,cc-cc408-hya,data-node-04,9.9.2.156,elasticsearch_os_load5,0.32
2023/4/13 6:19,1681337987,cc-cc408-hya,data-node-04,9.9.2.156,elasticsearch_os_load5,0.32
2023/4/13 6:20,1681338047,cc-cc408-hya,data-node-04,9.9.2.156,elasticsearch_os_load5,0.26
2023/4/13 6:21,1681338107,cc-cc408-hya,data-node-04,9.9.2.156,elasticsearch_os_load5,0.33
2023/4/13 6:22,1681338167,cc-cc408-hya,data-node-04,9.9.2.156,elasticsearch_os_load5,0.5
2023/4/13 6:23,1681338227,cc-cc408-hya,data-node-04,9.9.2.156,elasticsearch_os_load5,0.56
2023/4/13 6:24,1681338287,cc-cc408-hya,data-node-04,9.9.2.156,elasticsearch_os_load5,0.54
2023/4/13 6:25,1681338347,cc-cc408-hya,data-node-04,9.9.2.156,elasticsearch_os_load5,0.47
2023/4/13 6:26,1681338407,cc-cc408-hya,data-node-04,9.9.2.156,elasticsearch_os_load5,0.41
2023/4/13 6:27,1681338467,cc-cc408-hya,data-node-04,9.9.2.156,elasticsearch_os_load5,0.42
2023/4/13 6:28,1681338527,cc-cc408-hya,data-node-04,9.9.2.156,elasticsearch_os_load5,0.36
2023/4/13 6:29,1681338587,cc-cc408-hya,data-node-04,9.9.2.156,elasticsearch_os_load5,0.34
2023/4/13 6:30,1681338647,cc-cc408-hya,data-node-04,9.9.2.156,elasticsearch_os_load5,0.33
2023/4/13 6:31,1681338707,cc-cc408-hya,data-node-04,9.9.2.156,elasticsearch_os_load5,0.28
2023/4/13 6:32,1681338767,cc-cc408-hya,data-node-04,9.9.2.156,elasticsearch_os_load5,0.42
2023/4/13 6:33,1681338827,cc-cc408-hya,data-node-04,9.9.2.156,elasticsearch_os_load5,0.37
2023/4/13 6:34,1681338887,cc-cc408-hya,data-node-04,9.9.2.156,elasticsearch_os_load5,0.35
2023/4/13 6:35,1681338947,cc-cc408-hya,data-node-04,9.9.2.156,elasticsearch_os_load5,0.49
2023/4/13 6:36,1681339007,cc-cc408-hya,data-node-04,9.9.2.156,elasticsearch_os_load5,0.51
2023/4/13 6:37,1681339067,cc-cc408-hya,data-node-04,9.9.2.156,elasticsearch_os_load5,0.51
2023/4/13 6:38,1681339127,cc-cc408-hya,data-node-04,9.9.2.156,elasticsearch_os_load5,0.46
2023/4/13 6:39,1681339187,cc-cc408-hya,data-node-04,9.9.2.156,elasticsearch_os_load5,0.47
2023/4/13 6:40,1681339247,cc-cc408-hya,data-node-04,9.9.2.156,elasticsearch_os_load5,0.39
2023/4/13 6:41,1681339307,cc-cc408-hya,data-node-04,9.9.2.156,elasticsearch_os_load5,0.39
2023/4/13 6:42,1681339367,cc-cc408-hya,data-node-04,9.9.2.156,elasticsearch_os_load5,0.39
2023/4/13 6:43,1681339427,cc-cc408-hya,data-node-04,9.9.2.156,elasticsearch_os_load5,0.47
2023/4/13 6:44,1681339487,cc-cc408-hya,data-node-04,9.9.2.156,elasticsearch_os_load5,0.45
2023/4/13 6:45,1681339547,cc-cc408-hya,data-node-04,9.9.2.156,elasticsearch_os_load5,0.44
2023/4/13 6:46,1681339607,cc-cc408-hya,data-node-04,9.9.2.156,elasticsearch_os_load5,0.39
2023/4/13 6:47,1681339667,cc-cc408-hya,data-node-04,9.9.2.156,elasticsearch_os_load5,0.38
2023/4/13 6:48,1681339727,cc-cc408-hya,data-node-04,9.9.2.156,elasticsearch_os_load5,0.4
2023/4/13 6:49,1681339787,cc-cc408-hya,data-node-04,9.9.2.156,elasticsearch_os_load5,0.34
2023/4/13 6:50,1681339847,cc-cc408-hya,data-node-04,9.9.2.156,elasticsearch_os_load5,0.42
2023/4/13 6:51,1681339907,cc-cc408-hya,data-node-04,9.9.2.156,elasticsearch_os_load5,0.66
2023/4/13 6:52,1681339967,cc-cc408-hya,data-node-04,9.9.2.156,elasticsearch_os_load5,0.65
2023/4/13 6:53,1681340027,cc-cc408-hya,data-node-04,9.9.2.156,elasticsearch_os_load5,0.64
2023/4/13 6:54,1681340087,cc-cc408-hya,data-node-04,9.9.2.156,elasticsearch_os_load5,0.6
2023/4/13 6:55,1681340147,cc-cc408-hya,data-node-04,9.9.2.156,elasticsearch_os_load5,0.53
2023/4/13 6:56,1681340207,cc-cc408-hya,data-node-04,9.9.2.156,elasticsearch_os_load5,0.5
2023/4/13 6:57,1681340267,cc-cc408-hya,data-node-04,9.9.2.156,elasticsearch_os_load5,0.48
2023/4/13 6:58,1681340327,cc-cc408-hya,data-node-04,9.9.2.156,elasticsearch_os_load5,0.47
2023/4/13 6:59,1681340387,cc-cc408-hya,data-node-04,9.9.2.156,elasticsearch_os_load5,0.53
2023/4/13 7:00,1681340447,cc-cc408-hya,data-node-04,9.9.2.156,elasticsearch_os_load5,0.51
2023/4/13 7:01,1681340507,cc-cc408-hya,data-node-04,9.9.2.156,elasticsearch_os_load5,0.5
2023/4/13 7:02,1681340567,cc-cc408-hya,data-node-04,9.9.2.156,elasticsearch_os_load5,0.47
2023/4/13 7:03,1681340627,cc-cc408-hya,data-node-04,9.9.2.156,elasticsearch_os_load5,0.42
2023/4/13 7:04,1681340687,cc-cc408-hya,data-node-04,9.9.2.156,elasticsearch_os_load5,0.55
2023/4/13 7:05,1681340747,cc-cc408-hya,data-node-04,9.9.2.156,elasticsearch_os_load5,0.61
2023/4/13 7:06,1681340807,cc-cc408-hya,data-node-04,9.9.2.156,elasticsearch_os_load5,0.67
2023/4/13 7:07,1681340867,cc-cc408-hya,data-node-04,9.9.2.156,elasticsearch_os_load5,0.64
2023/4/13 7:08,1681340927,cc-cc408-hya,data-node-04,9.9.2.156,elasticsearch_os_load5,0.6
2023/4/13 7:09,1681340987,cc-cc408-hya,data-node-04,9.9.2.156,elasticsearch_os_load5,0.53
2023/4/13 7:10,1681341047,cc-cc408-hya,data-node-04,9.9.2.156,elasticsearch_os_load5,0.49
2023/4/13 7:11,1681341107,cc-cc408-hya,data-node-04,9.9.2.156,elasticsearch_os_load5,0.52
2023/4/13 7:12,1681341167,cc-cc408-hya,data-node-04,9.9.2.156,elasticsearch_os_load5,0.53
2023/4/13 7:13,1681341227,cc-cc408-hya,data-node-04,9.9.2.156,elasticsearch_os_load5,0.51
2023/4/13 7:14,1681341287,cc-cc408-hya,data-node-04,9.9.2.156,elasticsearch_os_load5,0.52
2023/4/13 7:15,1681341347,cc-cc408-hya,data-node-04,9.9.2.156,elasticsearch_os_load5,0.53
2023/4/13 7:16,1681341407,cc-cc408-hya,data-node-04,9.9.2.156,elasticsearch_os_load5,0.57
2023/4/13 7:17,1681341467,cc-cc408-hya,data-node-04,9.9.2.156,elasticsearch_os_load5,0.59
2023/4/13 7:18,1681341527,cc-cc408-hya,data-node-04,9.9.2.156,elasticsearch_os_load5,0.56
2023/4/13 7:19,1681341587,cc-cc408-hya,data-node-04,9.9.2.156,elasticsearch_os_load5,0.53
2023/4/13 7:20,1681341647,cc-cc408-hya,data-node-04,9.9.2.156,elasticsearch_os_load5,0.48
2023/4/13 7:21,1681341707,cc-cc408-hya,data-node-04,9.9.2.156,elasticsearch_os_load5,0.61
2023/4/13 7:22,1681341767,cc-cc408-hya,data-node-04,9.9.2.156,elasticsearch_os_load5,0.81
2023/4/13 7:23,1681341827,cc-cc408-hya,data-node-04,9.9.2.156,elasticsearch_os_load5,0.76
2023/4/13 7:24,1681341887,cc-cc408-hya,data-node-04,9.9.2.156,elasticsearch_os_load5,0.73
2023/4/13 7:25,1681341947,cc-cc408-hya,data-node-04,9.9.2.156,elasticsearch_os_load5,0.81
2023/4/13 7:26,1681342007,cc-cc408-hya,data-node-04,9.9.2.156,elasticsearch_os_load5,0.76
2023/4/13 7:27,1681342067,cc-cc408-hya,data-node-04,9.9.2.156,elasticsearch_os_load5,0.68
2023/4/13 7:28,1681342127,cc-cc408-hya,data-node-04,9.9.2.156,elasticsearch_os_load5,0.63
2023/4/13 7:29,1681342187,cc-cc408-hya,data-node-04,9.9.2.156,elasticsearch_os_load5,0.59
2023/4/13 7:30,1681342247,cc-cc408-hya,data-node-04,9.9.2.156,elasticsearch_os_load5,0.54
2023/4/13 7:31,1681342307,cc-cc408-hya,data-node-04,9.9.2.156,elasticsearch_os_load5,0.54
2023/4/13 7:32,1681342367,cc-cc408-hya,data-node-04,9.9.2.156,elasticsearch_os_load5,0.64
2023/4/13 7:33,1681342427,cc-cc408-hya,data-node-04,9.9.2.156,elasticsearch_os_load5,0.71
2023/4/13 7:34,1681342487,cc-cc408-hya,data-node-04,9.9.2.156,elasticsearch_os_load5,0.67
2023/4/13 7:35,1681342547,cc-cc408-hya,data-node-04,9.9.2.156,elasticsearch_os_load5,0.76
2023/4/13 7:36,1681342607,cc-cc408-hya,data-node-04,9.9.2.156,elasticsearch_os_load5,0.68
2023/4/13 7:37,1681342667,cc-cc408-hya,data-node-04,9.9.2.156,elasticsearch_os_load5,0.61
2023/4/13 7:38,1681342727,cc-cc408-hya,data-node-04,9.9.2.156,elasticsearch_os_load5,0.57
2023/4/13 7:39,1681342787,cc-cc408-hya,data-node-04,9.9.2.156,elasticsearch_os_load5,0.59
2023/4/13 7:40,1681342847,cc-cc408-hya,data-node-04,9.9.2.156,elasticsearch_os_load5,0.51
2023/4/13 7:41,1681342907,cc-cc408-hya,data-node-04,9.9.2.156,elasticsearch_os_load5,0.62
2023/4/13 7:42,1681342967,cc-cc408-hya,data-node-04,9.9.2.156,elasticsearch_os_load5,0.63
2023/4/13 7:43,1681343027,cc-cc408-hya,data-node-04,9.9.2.156,elasticsearch_os_load5,0.62
2023/4/13 7:44,1681343087,cc-cc408-hya,data-node-04,9.9.2.156,elasticsearch_os_load5,0.54
2023/4/13 7:45,1681343147,cc-cc408-hya,data-node-04,9.9.2.156,elasticsearch_os_load5,0.54
2023/4/13 7:46,1681343207,cc-cc408-hya,data-node-04,9.9.2.156,elasticsearch_os_load5,0.63
2023/4/13 7:47,1681343267,cc-cc408-hya,data-node-04,9.9.2.156,elasticsearch_os_load5,0.77
2023/4/13 7:48,1681343327,cc-cc408-hya,data-node-04,9.9.2.156,elasticsearch_os_load5,1.05
2023/4/13 7:49,1681343387,cc-cc408-hya,data-node-04,9.9.2.156,elasticsearch_os_load5,1
2023/4/13 7:50,1681343447,cc-cc408-hya,data-node-04,9.9.2.156,elasticsearch_os_load5,0.86
2023/4/13 7:51,1681343507,cc-cc408-hya,data-node-04,9.9.2.156,elasticsearch_os_load5,1.06
2023/4/13 7:52,1681343567,cc-cc408-hya,data-node-04,9.9.2.156,elasticsearch_os_load5,0.99
2023/4/13 7:53,1681343627,cc-cc408-hya,data-node-04,9.9.2.156,elasticsearch_os_load5,0.85
2023/4/13 7:54,1681343687,cc-cc408-hya,data-node-04,9.9.2.156,elasticsearch_os_load5,0.82
2023/4/13 7:55,1681343747,cc-cc408-hya,data-node-04,9.9.2.156,elasticsearch_os_load5,0.8
2023/4/13 7:56,1681343807,cc-cc408-hya,data-node-04,9.9.2.156,elasticsearch_os_load5,0.73
2023/4/13 7:57,1681343867,cc-cc408-hya,data-node-04,9.9.2.156,elasticsearch_os_load5,0.65
2023/4/13 7:58,1681343927,cc-cc408-hya,data-node-04,9.9.2.156,elasticsearch_os_load5,0.76
2023/4/13 7:59,1681343987,cc-cc408-hya,data-node-04,9.9.2.156,elasticsearch_os_load5,0.73
2023/4/13 8:00,1681344047,cc-cc408-hya,data-node-04,9.9.2.156,elasticsearch_os_load5,0.8
2023/4/13 8:01,1681344107,cc-cc408-hya,data-node-04,9.9.2.156,elasticsearch_os_load5,1.65
2023/4/13 8:02,1681344167,cc-cc408-hya,data-node-04,9.9.2.156,elasticsearch_os_load5,1.69
2023/4/13 8:03,1681344227,cc-cc408-hya,data-node-04,9.9.2.156,elasticsearch_os_load5,1.9
2023/4/13 8:04,1681344287,cc-cc408-hya,data-node-04,9.9.2.156,elasticsearch_os_load5,1.8
2023/4/13 8:05,1681344347,cc-cc408-hya,data-node-04,9.9.2.156,elasticsearch_os_load5,1.72
2023/4/13 8:06,1681344407,cc-cc408-hya,data-node-04,9.9.2.156,elasticsearch_os_load5,1.98
2023/4/13 8:07,1681344467,cc-cc408-hya,data-node-04,9.9.2.156,elasticsearch_os_load5,1.95
2023/4/13 8:08,1681344527,cc-cc408-hya,data-node-04,9.9.2.156,elasticsearch_os_load5,2.33
2023/4/13 8:09,1681344587,cc-cc408-hya,data-node-04,9.9.2.156,elasticsearch_os_load5,3.43
2023/4/13 8:10,1681344647,cc-cc408-hya,data-node-04,9.9.2.156,elasticsearch_os_load5,3.11
2023/4/13 8:11,1681344707,cc-cc408-hya,data-node-04,9.9.2.156,elasticsearch_os_load5,2.68
2023/4/13 8:12,1681344767,cc-cc408-hya,data-node-04,9.9.2.156,elasticsearch_os_load5,2.31
2023/4/13 8:13,1681344827,cc-cc408-hya,data-node-04,9.9.2.156,elasticsearch_os_load5,2.07
2023/4/13 8:14,1681344887,cc-cc408-hya,data-node-04,9.9.2.156,elasticsearch_os_load5,2.18
2023/4/13 8:15,1681344947,cc-cc408-hya,data-node-04,9.9.2.156,elasticsearch_os_load5,2.08
2023/4/13 8:16,1681345007,cc-cc408-hya,data-node-04,9.9.2.156,elasticsearch_os_load5,2.01
2023/4/13 8:17,1681345067,cc-cc408-hya,data-node-04,9.9.2.156,elasticsearch_os_load5,1.91
2023/4/13 8:18,1681345127,cc-cc408-hya,data-node-04,9.9.2.156,elasticsearch_os_load5,1.8
2023/4/13 8:19,1681345187,cc-cc408-hya,data-node-04,9.9.2.156,elasticsearch_os_load5,1.67
2023/4/13 8:20,1681345247,cc-cc408-hya,data-node-04,9.9.2.156,elasticsearch_os_load5,1.5
2023/4/13 8:21,1681345307,cc-cc408-hya,data-node-04,9.9.2.156,elasticsearch_os_load5,1.41
2023/4/13 8:22,1681345367,cc-cc408-hya,data-node-04,9.9.2.156,elasticsearch_os_load5,1.36
2023/4/13 8:23,1681345427,cc-cc408-hya,data-node-04,9.9.2.156,elasticsearch_os_load5,1.3
2023/4/13 8:24,1681345487,cc-cc408-hya,data-node-04,9.9.2.156,elasticsearch_os_load5,1.69
2023/4/13 8:25,1681345547,cc-cc408-hya,data-node-04,9.9.2.156,elasticsearch_os_load5,1.56
2023/4/13 8:26,1681345607,cc-cc408-hya,data-node-04,9.9.2.156,elasticsearch_os_load5,1.62
2023/4/13 8:27,1681345667,cc-cc408-hya,data-node-04,9.9.2.156,elasticsearch_os_load5,1.46
2023/4/13 8:28,1681345727,cc-cc408-hya,data-node-04,9.9.2.156,elasticsearch_os_load5,1.4
2023/4/13 8:29,1681345787,cc-cc408-hya,data-node-04,9.9.2.156,elasticsearch_os_load5,1.51
2023/4/13 8:30,1681345847,cc-cc408-hya,data-node-04,9.9.2.156,elasticsearch_os_load5,1.58
2023/4/13 8:31,1681345907,cc-cc408-hya,data-node-04,9.9.2.156,elasticsearch_os_load5,1.56
2023/4/13 8:32,1681345967,cc-cc408-hya,data-node-04,9.9.2.156,elasticsearch_os_load5,1.52
2023/4/13 8:33,1681346027,cc-cc408-hya,data-node-04,9.9.2.156,elasticsearch_os_load5,1.42
2023/4/13 8:34,1681346087,cc-cc408-hya,data-node-04,9.9.2.156,elasticsearch_os_load5,1.33
2023/4/13 8:35,1681346147,cc-cc408-hya,data-node-04,9.9.2.156,elasticsearch_os_load5,1.22
2023/4/13 8:36,1681346207,cc-cc408-hya,data-node-04,9.9.2.156,elasticsearch_os_load5,1.13
2023/4/13 8:37,1681346267,cc-cc408-hya,data-node-04,9.9.2.156,elasticsearch_os_load5,1.08
2023/4/13 8:38,1681346327,cc-cc408-hya,data-node-04,9.9.2.156,elasticsearch_os_load5,1.37
2023/4/13 8:39,1681346387,cc-cc408-hya,data-node-04,9.9.2.156,elasticsearch_os_load5,1.56
2023/4/13 8:40,1681346447,cc-cc408-hya,data-node-04,9.9.2.156,elasticsearch_os_load5,1.63
2023/4/13 8:41,1681346507,cc-cc408-hya,data-node-04,9.9.2.156,elasticsearch_os_load5,1.57
2023/4/13 8:42,1681346567,cc-cc408-hya,data-node-04,9.9.2.156,elasticsearch_os_load5,1.58
2023/4/13 8:43,1681346627,cc-cc408-hya,data-node-04,9.9.2.156,elasticsearch_os_load5,1.61
2023/4/13 8:44,1681346687,cc-cc408-hya,data-node-04,9.9.2.156,elasticsearch_os_load5,1.6
2023/4/13 8:45,1681346747,cc-cc408-hya,data-node-04,9.9.2.156,elasticsearch_os_load5,1.66
2023/4/13 8:46,1681346807,cc-cc408-hya,data-node-04,9.9.2.156,elasticsearch_os_load5,1.75
2023/4/13 8:47,1681346867,cc-cc408-hya,data-node-04,9.9.2.156,elasticsearch_os_load5,1.79
2023/4/13 8:48,1681346927,cc-cc408-hya,data-node-04,9.9.2.156,elasticsearch_os_load5,1.8
2023/4/13 8:49,1681346987,cc-cc408-hya,data-node-04,9.9.2.156,elasticsearch_os_load5,1.99
2023/4/13 8:50,1681347047,cc-cc408-hya,data-node-04,9.9.2.156,elasticsearch_os_load5,1.92
2023/4/13 8:51,1681347107,cc-cc408-hya,data-node-04,9.9.2.156,elasticsearch_os_load5,1.89
2023/4/13 8:52,1681347167,cc-cc408-hya,data-node-04,9.9.2.156,elasticsearch_os_load5,1.98
2023/4/13 8:53,1681347227,cc-cc408-hya,data-node-04,9.9.2.156,elasticsearch_os_load5,1.88
2023/4/13 8:54,1681347287,cc-cc408-hya,data-node-04,9.9.2.156,elasticsearch_os_load5,2.35
2023/4/13 8:55,1681347347,cc-cc408-hya,data-node-04,9.9.2.156,elasticsearch_os_load5,2.21
2023/4/13 8:56,1681347407,cc-cc408-hya,data-node-04,9.9.2.156,elasticsearch_os_load5,2.33
2023/4/13 8:57,1681347467,cc-cc408-hya,data-node-04,9.9.2.156,elasticsearch_os_load5,2.22
2023/4/13 8:58,1681347527,cc-cc408-hya,data-node-04,9.9.2.156,elasticsearch_os_load5,2.49
2023/4/13 8:59,1681347587,cc-cc408-hya,data-node-04,9.9.2.156,elasticsearch_os_load5,2.44
2023/4/13 9:00,1681347647,cc-cc408-hya,data-node-04,9.9.2.156,elasticsearch_os_load5,2.52
2023/4/13 9:01,1681347707,cc-cc408-hya,data-node-04,9.9.2.156,elasticsearch_os_load5,2.58
2023/4/13 9:02,1681347767,cc-cc408-hya,data-node-04,9.9.2.156,elasticsearch_os_load5,2.78
2023/4/13 9:03,1681347827,cc-cc408-hya,data-node-04,9.9.2.156,elasticsearch_os_load5,3.1
2023/4/13 9:04,1681347887,cc-cc408-hya,data-node-04,9.9.2.156,elasticsearch_os_load5,3.34
2023/4/13 9:05,1681347947,cc-cc408-hya,data-node-04,9.9.2.156,elasticsearch_os_load5,3.45
2023/4/13 9:06,1681348007,cc-cc408-hya,data-node-04,9.9.2.156,elasticsearch_os_load5,3.51
2023/4/13 9:07,1681348067,cc-cc408-hya,data-node-04,9.9.2.156,elasticsearch_os_load5,3.43
2023/4/13 9:08,1681348127,cc-cc408-hya,data-node-04,9.9.2.156,elasticsearch_os_load5,3.54
2023/4/13 9:09,1681348187,cc-cc408-hya,data-node-04,9.9.2.156,elasticsearch_os_load5,3.63
2023/4/13 9:10,1681348247,cc-cc408-hya,data-node-04,9.9.2.156,elasticsearch_os_load5,3.71
2023/4/13 9:11,1681348307,cc-cc408-hya,data-node-04,9.9.2.156,elasticsearch_os_load5,4.11
2023/4/13 9:12,1681348367,cc-cc408-hya,data-node-04,9.9.2.156,elasticsearch_os_load5,4.55
2023/4/13 9:13,1681348427,cc-cc408-hya,data-node-04,9.9.2.156,elasticsearch_os_load5,4.84
2023/4/13 9:14,1681348487,cc-cc408-hya,data-node-04,9.9.2.156,elasticsearch_os_load5,4.71
2023/4/13 9:15,1681348547,cc-cc408-hya,data-node-04,9.9.2.156,elasticsearch_os_load5,4.48
2023/4/13 9:16,1681348607,cc-cc408-hya,data-node-04,9.9.2.156,elasticsearch_os_load5,4.53
2023/4/13 9:17,1681348667,cc-cc408-hya,data-node-04,9.9.2.156,elasticsearch_os_load5,4.23
2023/4/13 9:18,1681348727,cc-cc408-hya,data-node-04,9.9.2.156,elasticsearch_os_load5,4.13
2023/4/13 9:19,1681348787,cc-cc408-hya,data-node-04,9.9.2.156,elasticsearch_os_load5,4.06
2023/4/13 9:20,1681348847,cc-cc408-hya,data-node-04,9.9.2.156,elasticsearch_os_load5,4.06
2023/4/13 9:21,1681348907,cc-cc408-hya,data-node-04,9.9.2.156,elasticsearch_os_load5,4.16
2023/4/13 9:22,1681348967,cc-cc408-hya,data-node-04,9.9.2.156,elasticsearch_os_load5,4.83
2023/4/13 9:23,1681349027,cc-cc408-hya,data-node-04,9.9.2.156,elasticsearch_os_load5,4.76
2023/4/13 9:24,1681349087,cc-cc408-hya,data-node-04,9.9.2.156,elasticsearch_os_load5,4.6
2023/4/13 9:25,1681349147,cc-cc408-hya,data-node-04,9.9.2.156,elasticsearch_os_load5,4.56
2023/4/13 9:26,1681349207,cc-cc408-hya,data-node-04,9.9.2.156,elasticsearch_os_load5,4.62
2023/4/13 9:27,1681349267,cc-cc408-hya,data-node-04,9.9.2.156,elasticsearch_os_load5,4.54
2023/4/13 9:28,1681349327,cc-cc408-hya,data-node-04,9.9.2.156,elasticsearch_os_load5,4.48
2023/4/13 9:29,1681349387,cc-cc408-hya,data-node-04,9.9.2.156,elasticsearch_os_load5,4.55
2023/4/13 9:30,1681349447,cc-cc408-hya,data-node-04,9.9.2.156,elasticsearch_os_load5,5.14
2023/4/13 9:31,1681349507,cc-cc408-hya,data-node-04,9.9.2.156,elasticsearch_os_load5,5.55
2023/4/13 9:32,1681349567,cc-cc408-hya,data-node-04,9.9.2.156,elasticsearch_os_load5,5.19
2023/4/13 9:33,1681349627,cc-cc408-hya,data-node-04,9.9.2.156,elasticsearch_os_load5,5.21
2023/4/13 9:34,1681349687,cc-cc408-hya,data-node-04,9.9.2.156,elasticsearch_os_load5,5.03
2023/4/13 9:35,1681349747,cc-cc408-hya,data-node-04,9.9.2.156,elasticsearch_os_load5,4.88
2023/4/13 9:36,1681349807,cc-cc408-hya,data-node-04,9.9.2.156,elasticsearch_os_load5,5.22
2023/4/13 9:37,1681349867,cc-cc408-hya,data-node-04,9.9.2.156,elasticsearch_os_load5,5.06
2023/4/13 9:38,1681349927,cc-cc408-hya,data-node-04,9.9.2.156,elasticsearch_os_load5,5.09
2023/4/13 9:39,1681349987,cc-cc408-hya,data-node-04,9.9.2.156,elasticsearch_os_load5,5.03
2023/4/13 9:40,1681350047,cc-cc408-hya,data-node-04,9.9.2.156,elasticsearch_os_load5,4.97
2023/4/13 9:41,1681350107,cc-cc408-hya,data-node-04,9.9.2.156,elasticsearch_os_load5,4.98
2023/4/13 9:42,1681350167,cc-cc408-hya,data-node-04,9.9.2.156,elasticsearch_os_load5,5.14
2023/4/13 9:43,1681350227,cc-cc408-hya,data-node-04,9.9.2.156,elasticsearch_os_load5,4.88
2023/4/13 9:44,1681350287,cc-cc408-hya,data-node-04,9.9.2.156,elasticsearch_os_load5,4.78
2023/4/13 9:45,1681350347,cc-cc408-hya,data-node-04,9.9.2.156,elasticsearch_os_load5,4.65
2023/4/13 9:46,1681350407,cc-cc408-hya,data-node-04,9.9.2.156,elasticsearch_os_load5,5.02
2023/4/13 9:47,1681350467,cc-cc408-hya,data-node-04,9.9.2.156,elasticsearch_os_load5,5.1
2023/4/13 9:48,1681350527,cc-cc408-hya,data-node-04,9.9.2.156,elasticsearch_os_load5,5
2023/4/13 9:49,1681350587,cc-cc408-hya,data-node-04,9.9.2.156,elasticsearch_os_load5,4.77
2023/4/13 9:50,1681350647,cc-cc408-hya,data-node-04,9.9.2.156,elasticsearch_os_load5,4.52
2023/4/13 9:51,1681350707,cc-cc408-hya,data-node-04,9.9.2.156,elasticsearch_os_load5,4.59
2023/4/13 9:52,1681350767,cc-cc408-hya,data-node-04,9.9.2.156,elasticsearch_os_load5,4.4
2023/4/13 9:53,1681350827,cc-cc408-hya,data-node-04,9.9.2.156,elasticsearch_os_load5,4.46
2023/4/13 9:54,1681350887,cc-cc408-hya,data-node-04,9.9.2.156,elasticsearch_os_load5,4.62
2023/4/13 9:55,1681350947,cc-cc408-hya,data-node-04,9.9.2.156,elasticsearch_os_load5,4.93
2023/4/13 9:56,1681351007,cc-cc408-hya,data-node-04,9.9.2.156,elasticsearch_os_load5,5.16
2023/4/13 9:57,1681351067,cc-cc408-hya,data-node-04,9.9.2.156,elasticsearch_os_load5,5.78
2023/4/13 9:58,1681351127,cc-cc408-hya,data-node-04,9.9.2.156,elasticsearch_os_load5,5.61
2023/4/13 9:59,1681351187,cc-cc408-hya,data-node-04,9.9.2.156,elasticsearch_os_load5,5.37
2023/4/13 10:00,1681351247,cc-cc408-hya,data-node-04,9.9.2.156,elasticsearch_os_load5,5.11
2023/4/13 10:01,1681351307,cc-cc408-hya,data-node-04,9.9.2.156,elasticsearch_os_load5,4.81
2023/4/13 10:02,1681351367,cc-cc408-hya,data-node-04,9.9.2.156,elasticsearch_os_load5,4.69
2023/4/13 10:03,1681351427,cc-cc408-hya,data-node-04,9.9.2.156,elasticsearch_os_load5,4.68
2023/4/13 10:04,1681351487,cc-cc408-hya,data-node-04,9.9.2.156,elasticsearch_os_load5,4.83
2023/4/13 10:05,1681351547,cc-cc408-hya,data-node-04,9.9.2.156,elasticsearch_os_load5,4.7
2023/4/13 10:06,1681351607,cc-cc408-hya,data-node-04,9.9.2.156,elasticsearch_os_load5,4.77
2023/4/13 10:07,1681351667,cc-cc408-hya,data-node-04,9.9.2.156,elasticsearch_os_load5,4.84
2023/4/13 10:08,1681351727,cc-cc408-hya,data-node-04,9.9.2.156,elasticsearch_os_load5,4.92
2023/4/13 10:09,1681351787,cc-cc408-hya,data-node-04,9.9.2.156,elasticsearch_os_load5,4.9
2023/4/13 10:10,1681351847,cc-cc408-hya,data-node-04,9.9.2.156,elasticsearch_os_load5,4.87
2023/4/13 10:11,1681351907,cc-cc408-hya,data-node-04,9.9.2.156,elasticsearch_os_load5,4.98
2023/4/13 10:12,1681351967,cc-cc408-hya,data-node-04,9.9.2.156,elasticsearch_os_load5,4.81
2023/4/13 10:13,1681352027,cc-cc408-hya,data-node-04,9.9.2.156,elasticsearch_os_load5,4.96
2023/4/13 10:14,1681352087,cc-cc408-hya,data-node-04,9.9.2.156,elasticsearch_os_load5,4.98
2023/4/13 10:15,1681352147,cc-cc408-hya,data-node-04,9.9.2.156,elasticsearch_os_load5,4.94
2023/4/13 10:16,1681352207,cc-cc408-hya,data-node-04,9.9.2.156,elasticsearch_os_load5,4.9
2023/4/13 10:17,1681352267,cc-cc408-hya,data-node-04,9.9.2.156,elasticsearch_os_load5,4.93
2023/4/13 10:18,1681352327,cc-cc408-hya,data-node-04,9.9.2.156,elasticsearch_os_load5,5.05
2023/4/13 10:19,1681352387,cc-cc408-hya,data-node-04,9.9.2.156,elasticsearch_os_load5,5.41
2023/4/13 10:20,1681352447,cc-cc408-hya,data-node-04,9.9.2.156,elasticsearch_os_load5,5.44
2023/4/13 10:21,1681352507,cc-cc408-hya,data-node-04,9.9.2.156,elasticsearch_os_load5,5.58
2023/4/13 10:22,1681352567,cc-cc408-hya,data-node-04,9.9.2.156,elasticsearch_os_load5,5.12
2023/4/13 10:23,1681352627,cc-cc408-hya,data-node-04,9.9.2.156,elasticsearch_os_load5,4.99
2023/4/13 10:24,1681352687,cc-cc408-hya,data-node-04,9.9.2.156,elasticsearch_os_load5,4.92
2023/4/13 10:25,1681352747,cc-cc408-hya,data-node-04,9.9.2.156,elasticsearch_os_load5,4.88
2023/4/13 10:26,1681352807,cc-cc408-hya,data-node-04,9.9.2.156,elasticsearch_os_load5,5.02
2023/4/13 10:27,1681352867,cc-cc408-hya,data-node-04,9.9.2.156,elasticsearch_os_load5,4.98
2023/4/13 10:28,1681352927,cc-cc408-hya,data-node-04,9.9.2.156,elasticsearch_os_load5,4.68
2023/4/13 10:29,1681352987,cc-cc408-hya,data-node-04,9.9.2.156,elasticsearch_os_load5,4.7
2023/4/13 10:30,1681353047,cc-cc408-hya,data-node-04,9.9.2.156,elasticsearch_os_load5,4.67
2023/4/13 10:31,1681353107,cc-cc408-hya,data-node-04,9.9.2.156,elasticsearch_os_load5,4.74
2023/4/13 10:32,1681353167,cc-cc408-hya,data-node-04,9.9.2.156,elasticsearch_os_load5,4.99
2023/4/13 10:33,1681353227,cc-cc408-hya,data-node-04,9.9.2.156,elasticsearch_os_load5,5.12
2023/4/13 10:34,1681353287,cc-cc408-hya,data-node-04,9.9.2.156,elasticsearch_os_load5,5.1
2023/4/13 10:35,1681353347,cc-cc408-hya,data-node-04,9.9.2.156,elasticsearch_os_load5,4.91
2023/4/13 10:36,1681353407,cc-cc408-hya,data-node-04,9.9.2.156,elasticsearch_os_load5,4.87
2023/4/13 10:37,1681353467,cc-cc408-hya,data-node-04,9.9.2.156,elasticsearch_os_load5,4.91
2023/4/13 10:38,1681353527,cc-cc408-hya,data-node-04,9.9.2.156,elasticsearch_os_load5,5.32
2023/4/13 10:39,1681353587,cc-cc408-hya,data-node-04,9.9.2.156,elasticsearch_os_load5,5.22
2023/4/13 10:40,1681353647,cc-cc408-hya,data-node-04,9.9.2.156,elasticsearch_os_load5,5.67
2023/4/13 10:41,1681353707,cc-cc408-hya,data-node-04,9.9.2.156,elasticsearch_os_load5,5.62
2023/4/13 10:42,1681353767,cc-cc408-hya,data-node-04,9.9.2.156,elasticsearch_os_load5,5.95
2023/4/13 10:43,1681353827,cc-cc408-hya,data-node-04,9.9.2.156,elasticsearch_os_load5,5.95
2023/4/13 10:44,1681353887,cc-cc408-hya,data-node-04,9.9.2.156,elasticsearch_os_load5,5.65
2023/4/13 10:45,1681353947,cc-cc408-hya,data-node-04,9.9.2.156,elasticsearch_os_load5,5.83
2023/4/13 10:46,1681354007,cc-cc408-hya,data-node-04,9.9.2.156,elasticsearch_os_load5,5.76
2023/4/13 10:47,1681354067,cc-cc408-hya,data-node-04,9.9.2.156,elasticsearch_os_load5,5.88
2023/4/13 10:48,1681354127,cc-cc408-hya,data-node-04,9.9.2.156,elasticsearch_os_load5,6.14
2023/4/13 10:49,1681354187,cc-cc408-hya,data-node-04,9.9.2.156,elasticsearch_os_load5,5.84
2023/4/13 10:50,1681354247,cc-cc408-hya,data-node-04,9.9.2.156,elasticsearch_os_load5,5.92
2023/4/13 10:51,1681354307,cc-cc408-hya,data-node-04,9.9.2.156,elasticsearch_os_load5,5.51
2023/4/13 10:52,1681354367,cc-cc408-hya,data-node-04,9.9.2.156,elasticsearch_os_load5,5.47
2023/4/13 10:53,1681354427,cc-cc408-hya,data-node-04,9.9.2.156,elasticsearch_os_load5,5.16
2023/4/13 10:54,1681354487,cc-cc408-hya,data-node-04,9.9.2.156,elasticsearch_os_load5,5.15
2023/4/13 10:55,1681354547,cc-cc408-hya,data-node-04,9.9.2.156,elasticsearch_os_load5,5.04
2023/4/13 10:56,1681354607,cc-cc408-hya,data-node-04,9.9.2.156,elasticsearch_os_load5,5.17
2023/4/13 10:57,1681354667,cc-cc408-hya,data-node-04,9.9.2.156,elasticsearch_os_load5,6.41
2023/4/13 10:58,1681354727,cc-cc408-hya,data-node-04,9.9.2.156,elasticsearch_os_load5,6.19
2023/4/13 10:59,1681354787,cc-cc408-hya,data-node-04,9.9.2.156,elasticsearch_os_load5,6.5
2023/4/13 11:00,1681354847,cc-cc408-hya,data-node-04,9.9.2.156,elasticsearch_os_load5,6.3
2023/4/13 11:01,1681354907,cc-cc408-hya,data-node-04,9.9.2.156,elasticsearch_os_load5,5.99
2023/4/13 11:02,1681354967,cc-cc408-hya,data-node-04,9.9.2.156,elasticsearch_os_load5,6.15
2023/4/13 11:03,1681355027,cc-cc408-hya,data-node-04,9.9.2.156,elasticsearch_os_load5,6.14
2023/4/13 11:04,1681355087,cc-cc408-hya,data-node-04,9.9.2.156,elasticsearch_os_load5,6
2023/4/13 11:05,1681355147,cc-cc408-hya,data-node-04,9.9.2.156,elasticsearch_os_load5,5.73
2023/4/13 11:06,1681355207,cc-cc408-hya,data-node-04,9.9.2.156,elasticsearch_os_load5,5.7
2023/4/13 11:07,1681355267,cc-cc408-hya,data-node-04,9.9.2.156,elasticsearch_os_load5,5.77
2023/4/13 11:08,1681355327,cc-cc408-hya,data-node-04,9.9.2.156,elasticsearch_os_load5,5.59
2023/4/13 11:09,1681355387,cc-cc408-hya,data-node-04,9.9.2.156,elasticsearch_os_load5,5.9
2023/4/13 11:10,1681355447,cc-cc408-hya,data-node-04,9.9.2.156,elasticsearch_os_load5,5.98
2023/4/13 11:11,1681355507,cc-cc408-hya,data-node-04,9.9.2.156,elasticsearch_os_load5,6.16
2023/4/13 11:12,1681355567,cc-cc408-hya,data-node-04,9.9.2.156,elasticsearch_os_load5,5.77
2023/4/13 11:13,1681355627,cc-cc408-hya,data-node-04,9.9.2.156,elasticsearch_os_load5,5.59
2023/4/13 11:14,1681355687,cc-cc408-hya,data-node-04,9.9.2.156,elasticsearch_os_load5,5.51
2023/4/13 11:15,1681355747,cc-cc408-hya,data-node-04,9.9.2.156,elasticsearch_os_load5,5.59
2023/4/13 11:16,1681355807,cc-cc408-hya,data-node-04,9.9.2.156,elasticsearch_os_load5,5.39
2023/4/13 11:17,1681355867,cc-cc408-hya,data-node-04,9.9.2.156,elasticsearch_os_load5,5.55
2023/4/13 11:18,1681355927,cc-cc408-hya,data-node-04,9.9.2.156,elasticsearch_os_load5,5.56
2023/4/13 11:19,1681355987,cc-cc408-hya,data-node-04,9.9.2.156,elasticsearch_os_load5,5.75
2023/4/13 11:20,1681356047,cc-cc408-hya,data-node-04,9.9.2.156,elasticsearch_os_load5,6.1
2023/4/13 11:21,1681356107,cc-cc408-hya,data-node-04,9.9.2.156,elasticsearch_os_load5,6.15
2023/4/13 11:22,1681356167,cc-cc408-hya,data-node-04,9.9.2.156,elasticsearch_os_load5,5.87
2023/4/13 11:23,1681356227,cc-cc408-hya,data-node-04,9.9.2.156,elasticsearch_os_load5,5.97
2023/4/13 11:24,1681356287,cc-cc408-hya,data-node-04,9.9.2.156,elasticsearch_os_load5,5.96
2023/4/13 11:25,1681356347,cc-cc408-hya,data-node-04,9.9.2.156,elasticsearch_os_load5,5.72
2023/4/13 11:26,1681356407,cc-cc408-hya,data-node-04,9.9.2.156,elasticsearch_os_load5,5.23
2023/4/13 11:27,1681356467,cc-cc408-hya,data-node-04,9.9.2.156,elasticsearch_os_load5,5.32
2023/4/13 11:28,1681356527,cc-cc408-hya,data-node-04,9.9.2.156,elasticsearch_os_load5,5.39
2023/4/13 11:29,1681356587,cc-cc408-hya,data-node-04,9.9.2.156,elasticsearch_os_load5,5.48
2023/4/13 11:30,1681356647,cc-cc408-hya,data-node-04,9.9.2.156,elasticsearch_os_load5,5.06
2023/4/13 11:31,1681356707,cc-cc408-hya,data-node-04,9.9.2.156,elasticsearch_os_load5,5.11
2023/4/13 11:32,1681356767,cc-cc408-hya,data-node-04,9.9.2.156,elasticsearch_os_load5,5.04
2023/4/13 11:33,1681356827,cc-cc408-hya,data-node-04,9.9.2.156,elasticsearch_os_load5,5.24
2023/4/13 11:34,1681356887,cc-cc408-hya,data-node-04,9.9.2.156,elasticsearch_os_load5,5.03
2023/4/13 11:35,1681356947,cc-cc408-hya,data-node-04,9.9.2.156,elasticsearch_os_load5,5.34
2023/4/13 11:36,1681357007,cc-cc408-hya,data-node-04,9.9.2.156,elasticsearch_os_load5,5.66
2023/4/13 11:37,1681357067,cc-cc408-hya,data-node-04,9.9.2.156,elasticsearch_os_load5,5.68
2023/4/13 11:38,1681357127,cc-cc408-hya,data-node-04,9.9.2.156,elasticsearch_os_load5,5.62
2023/4/13 11:39,1681357187,cc-cc408-hya,data-node-04,9.9.2.156,elasticsearch_os_load5,5.43
2023/4/13 11:40,1681357247,cc-cc408-hya,data-node-04,9.9.2.156,elasticsearch_os_load5,5.27
2023/4/13 11:41,1681357307,cc-cc408-hya,data-node-04,9.9.2.156,elasticsearch_os_load5,5.31
2023/4/13 11:42,1681357367,cc-cc408-hya,data-node-04,9.9.2.156,elasticsearch_os_load5,5.56
2023/4/13 11:43,1681357427,cc-cc408-hya,data-node-04,9.9.2.156,elasticsearch_os_load5,5.36
2023/4/13 11:44,1681357487,cc-cc408-hya,data-node-04,9.9.2.156,elasticsearch_os_load5,5.77
2023/4/13 11:45,1681357547,cc-cc408-hya,data-node-04,9.9.2.156,elasticsearch_os_load5,5.78
2023/4/13 11:46,1681357607,cc-cc408-hya,data-node-04,9.9.2.156,elasticsearch_os_load5,5.82
2023/4/13 11:47,1681357667,cc-cc408-hya,data-node-04,9.9.2.156,elasticsearch_os_load5,5.74
2023/4/13 11:48,1681357727,cc-cc408-hya,data-node-04,9.9.2.156,elasticsearch_os_load5,5.67
2023/4/13 11:49,1681357787,cc-cc408-hya,data-node-04,9.9.2.156,elasticsearch_os_load5,5.59
2023/4/13 11:50,1681357847,cc-cc408-hya,data-node-04,9.9.2.156,elasticsearch_os_load5,5.55
2023/4/13 11:51,1681357907,cc-cc408-hya,data-node-04,9.9.2.156,elasticsearch_os_load5,5.62
2023/4/13 11:52,1681357967,cc-cc408-hya,data-node-04,9.9.2.156,elasticsearch_os_load5,5.5
2023/4/13 11:53,1681358027,cc-cc408-hya,data-node-04,9.9.2.156,elasticsearch_os_load5,5.57
2023/4/13 11:54,1681358087,cc-cc408-hya,data-node-04,9.9.2.156,elasticsearch_os_load5,5.62
2023/4/13 11:55,1681358147,cc-cc408-hya,data-node-04,9.9.2.156,elasticsearch_os_load5,5.43
2023/4/13 11:56,1681358207,cc-cc408-hya,data-node-04,9.9.2.156,elasticsearch_os_load5,5.37
2023/4/13 11:57,1681358267,cc-cc408-hya,data-node-04,9.9.2.156,elasticsearch_os_load5,5.37
2023/4/13 11:58,1681358327,cc-cc408-hya,data-node-04,9.9.2.156,elasticsearch_os_load5,5.02
2023/4/13 11:59,1681358387,cc-cc408-hya,data-node-04,9.9.2.156,elasticsearch_os_load5,5.06
2023/4/13 12:00,1681358447,cc-cc408-hya,data-node-04,9.9.2.156,elasticsearch_os_load5,5.1
2023/4/13 12:01,1681358507,cc-cc408-hya,data-node-04,9.9.2.156,elasticsearch_os_load5,5.04
2023/4/13 12:02,1681358567,cc-cc408-hya,data-node-04,9.9.2.156,elasticsearch_os_load5,5.33
2023/4/13 12:03,1681358627,cc-cc408-hya,data-node-04,9.9.2.156,elasticsearch_os_load5,5.2
2023/4/13 12:04,1681358687,cc-cc408-hya,data-node-04,9.9.2.156,elasticsearch_os_load5,5.21
2023/4/13 12:05,1681358747,cc-cc408-hya,data-node-04,9.9.2.156,elasticsearch_os_load5,4.95
2023/4/13 12:06,1681358807,cc-cc408-hya,data-node-04,9.9.2.156,elasticsearch_os_load5,5.02
2023/4/13 12:07,1681358867,cc-cc408-hya,data-node-04,9.9.2.156,elasticsearch_os_load5,5.05
2023/4/13 12:08,1681358927,cc-cc408-hya,data-node-04,9.9.2.156,elasticsearch_os_load5,4.74
2023/4/13 12:09,1681358987,cc-cc408-hya,data-node-04,9.9.2.156,elasticsearch_os_load5,4.78
2023/4/13 12:10,1681359047,cc-cc408-hya,data-node-04,9.9.2.156,elasticsearch_os_load5,4.85
2023/4/13 12:11,1681359107,cc-cc408-hya,data-node-04,9.9.2.156,elasticsearch_os_load5,4.55
2023/4/13 12:12,1681359167,cc-cc408-hya,data-node-04,9.9.2.156,elasticsearch_os_load5,4.42
2023/4/13 12:13,1681359227,cc-cc408-hya,data-node-04,9.9.2.156,elasticsearch_os_load5,4.17
2023/4/13 12:14,1681359287,cc-cc408-hya,data-node-04,9.9.2.156,elasticsearch_os_load5,3.89
2023/4/13 12:15,1681359347,cc-cc408-hya,data-node-04,9.9.2.156,elasticsearch_os_load5,3.84
2023/4/13 12:16,1681359407,cc-cc408-hya,data-node-04,9.9.2.156,elasticsearch_os_load5,3.74
2023/4/13 12:17,1681359467,cc-cc408-hya,data-node-04,9.9.2.156,elasticsearch_os_load5,3.64
2023/4/13 12:18,1681359527,cc-cc408-hya,data-node-04,9.9.2.156,elasticsearch_os_load5,3.68
2023/4/13 12:19,1681359587,cc-cc408-hya,data-node-04,9.9.2.156,elasticsearch_os_load5,3.4
2023/4/13 12:20,1681359647,cc-cc408-hya,data-node-04,9.9.2.156,elasticsearch_os_load5,3.47
2023/4/13 12:21,1681359707,cc-cc408-hya,data-node-04,9.9.2.156,elasticsearch_os_load5,3.46
2023/4/13 12:22,1681359767,cc-cc408-hya,data-node-04,9.9.2.156,elasticsearch_os_load5,3.51
2023/4/13 12:23,1681359827,cc-cc408-hya,data-node-04,9.9.2.156,elasticsearch_os_load5,3.31
2023/4/13 12:24,1681359887,cc-cc408-hya,data-node-04,9.9.2.156,elasticsearch_os_load5,3.29
2023/4/13 12:25,1681359947,cc-cc408-hya,data-node-04,9.9.2.156,elasticsearch_os_load5,3.37
2023/4/13 12:26,1681360007,cc-cc408-hya,data-node-04,9.9.2.156,elasticsearch_os_load5,3.49
2023/4/13 12:27,1681360067,cc-cc408-hya,data-node-04,9.9.2.156,elasticsearch_os_load5,3.58
2023/4/13 12:28,1681360127,cc-cc408-hya,data-node-04,9.9.2.156,elasticsearch_os_load5,3.43
2023/4/13 12:29,1681360187,cc-cc408-hya,data-node-04,9.9.2.156,elasticsearch_os_load5,3.48
2023/4/13 12:30,1681360247,cc-cc408-hya,data-node-04,9.9.2.156,elasticsearch_os_load5,3.64
2023/4/13 12:31,1681360307,cc-cc408-hya,data-node-04,9.9.2.156,elasticsearch_os_load5,3.47
2023/4/13 12:32,1681360367,cc-cc408-hya,data-node-04,9.9.2.156,elasticsearch_os_load5,3.61
2023/4/13 12:33,1681360427,cc-cc408-hya,data-node-04,9.9.2.156,elasticsearch_os_load5,3.45
2023/4/13 12:34,1681360487,cc-cc408-hya,data-node-04,9.9.2.156,elasticsearch_os_load5,3.51
2023/4/13 12:35,1681360547,cc-cc408-hya,data-node-04,9.9.2.156,elasticsearch_os_load5,3.62
2023/4/13 12:36,1681360607,cc-cc408-hya,data-node-04,9.9.2.156,elasticsearch_os_load5,3.51
2023/4/13 12:37,1681360667,cc-cc408-hya,data-node-04,9.9.2.156,elasticsearch_os_load5,3.32
2023/4/13 12:38,1681360727,cc-cc408-hya,data-node-04,9.9.2.156,elasticsearch_os_load5,3.24
2023/4/13 12:39,1681360787,cc-cc408-hya,data-node-04,9.9.2.156,elasticsearch_os_load5,3.31
2023/4/13 12:40,1681360847,cc-cc408-hya,data-node-04,9.9.2.156,elasticsearch_os_load5,3.3
2023/4/13 12:41,1681360907,cc-cc408-hya,data-node-04,9.9.2.156,elasticsearch_os_load5,3.24
2023/4/13 12:42,1681360967,cc-cc408-hya,data-node-04,9.9.2.156,elasticsearch_os_load5,3.08
2023/4/13 12:43,1681361027,cc-cc408-hya,data-node-04,9.9.2.156,elasticsearch_os_load5,3.44
2023/4/13 12:44,1681361087,cc-cc408-hya,data-node-04,9.9.2.156,elasticsearch_os_load5,3.57
2023/4/13 12:45,1681361147,cc-cc408-hya,data-node-04,9.9.2.156,elasticsearch_os_load5,3.48
2023/4/13 12:46,1681361207,cc-cc408-hya,data-node-04,9.9.2.156,elasticsearch_os_load5,3.45
2023/4/13 12:47,1681361267,cc-cc408-hya,data-node-04,9.9.2.156,elasticsearch_os_load5,3.38
2023/4/13 12:48,1681361327,cc-cc408-hya,data-node-04,9.9.2.156,elasticsearch_os_load5,3.25
2023/4/13 12:49,1681361387,cc-cc408-hya,data-node-04,9.9.2.156,elasticsearch_os_load5,3.32
2023/4/13 12:50,1681361447,cc-cc408-hya,data-node-04,9.9.2.156,elasticsearch_os_load5,3.19
2023/4/13 12:51,1681361507,cc-cc408-hya,data-node-04,9.9.2.156,elasticsearch_os_load5,3.13
2023/4/13 12:52,1681361567,cc-cc408-hya,data-node-04,9.9.2.156,elasticsearch_os_load5,3.38
2023/4/13 12:53,1681361627,cc-cc408-hya,data-node-04,9.9.2.156,elasticsearch_os_load5,3.37
2023/4/13 12:54,1681361687,cc-cc408-hya,data-node-04,9.9.2.156,elasticsearch_os_load5,3.62
2023/4/13 12:55,1681361747,cc-cc408-hya,data-node-04,9.9.2.156,elasticsearch_os_load5,3.76
2023/4/13 12:56,1681361807,cc-cc408-hya,data-node-04,9.9.2.156,elasticsearch_os_load5,3.86
2023/4/13 12:57,1681361867,cc-cc408-hya,data-node-04,9.9.2.156,elasticsearch_os_load5,3.6
2023/4/13 12:58,1681361927,cc-cc408-hya,data-node-04,9.9.2.156,elasticsearch_os_load5,3.76
2023/4/13 12:59,1681361987,cc-cc408-hya,data-node-04,9.9.2.156,elasticsearch_os_load5,3.71
2023/4/13 13:00,1681362047,cc-cc408-hya,data-node-04,9.9.2.156,elasticsearch_os_load5,3.64
2023/4/13 13:01,1681362107,cc-cc408-hya,data-node-04,9.9.2.156,elasticsearch_os_load5,3.67
2023/4/13 13:02,1681362167,cc-cc408-hya,data-node-04,9.9.2.156,elasticsearch_os_load5,3.61
2023/4/13 13:03,1681362227,cc-cc408-hya,data-node-04,9.9.2.156,elasticsearch_os_load5,3.5
2023/4/13 13:04,1681362287,cc-cc408-hya,data-node-04,9.9.2.156,elasticsearch_os_load5,3.36
2023/4/13 13:05,1681362347,cc-cc408-hya,data-node-04,9.9.2.156,elasticsearch_os_load5,3.11
2023/4/13 13:06,1681362407,cc-cc408-hya,data-node-04,9.9.2.156,elasticsearch_os_load5,3.57
2023/4/13 13:07,1681362467,cc-cc408-hya,data-node-04,9.9.2.156,elasticsearch_os_load5,3.58
2023/4/13 13:08,1681362527,cc-cc408-hya,data-node-04,9.9.2.156,elasticsearch_os_load5,3.6
2023/4/13 13:09,1681362587,cc-cc408-hya,data-node-04,9.9.2.156,elasticsearch_os_load5,3.54
2023/4/13 13:10,1681362647,cc-cc408-hya,data-node-04,9.9.2.156,elasticsearch_os_load5,3.26
2023/4/13 13:11,1681362707,cc-cc408-hya,data-node-04,9.9.2.156,elasticsearch_os_load5,3.12
2023/4/13 13:12,1681362767,cc-cc408-hya,data-node-04,9.9.2.156,elasticsearch_os_load5,2.98
2023/4/13 13:13,1681362827,cc-cc408-hya,data-node-04,9.9.2.156,elasticsearch_os_load5,2.92
2023/4/13 13:14,1681362887,cc-cc408-hya,data-node-04,9.9.2.156,elasticsearch_os_load5,2.94
2023/4/13 13:15,1681362947,cc-cc408-hya,data-node-04,9.9.2.156,elasticsearch_os_load5,2.84
2023/4/13 13:16,1681363007,cc-cc408-hya,data-node-04,9.9.2.156,elasticsearch_os_load5,2.97
2023/4/13 13:17,1681363067,cc-cc408-hya,data-node-04,9.9.2.156,elasticsearch_os_load5,3.11
2023/4/13 13:18,1681363127,cc-cc408-hya,data-node-04,9.9.2.156,elasticsearch_os_load5,3.13
2023/4/13 13:19,1681363187,cc-cc408-hya,data-node-04,9.9.2.156,elasticsearch_os_load5,2.87
2023/4/13 13:20,1681363247,cc-cc408-hya,data-node-04,9.9.2.156,elasticsearch_os_load5,2.83
2023/4/13 13:21,1681363307,cc-cc408-hya,data-node-04,9.9.2.156,elasticsearch_os_load5,3.12
2023/4/13 13:22,1681363367,cc-cc408-hya,data-node-04,9.9.2.156,elasticsearch_os_load5,3.37
2023/4/13 13:23,1681363427,cc-cc408-hya,data-node-04,9.9.2.156,elasticsearch_os_load5,3.49
2023/4/13 13:24,1681363487,cc-cc408-hya,data-node-04,9.9.2.156,elasticsearch_os_load5,3.23
2023/4/13 13:25,1681363547,cc-cc408-hya,data-node-04,9.9.2.156,elasticsearch_os_load5,3.41
2023/4/13 13:26,1681363607,cc-cc408-hya,data-node-04,9.9.2.156,elasticsearch_os_load5,3.41
2023/4/13 13:27,1681363667,cc-cc408-hya,data-node-04,9.9.2.156,elasticsearch_os_load5,3.43
2023/4/13 13:28,1681363727,cc-cc408-hya,data-node-04,9.9.2.156,elasticsearch_os_load5,3.45
2023/4/13 13:29,1681363787,cc-cc408-hya,data-node-04,9.9.2.156,elasticsearch_os_load5,3.64
2023/4/13 13:30,1681363847,cc-cc408-hya,data-node-04,9.9.2.156,elasticsearch_os_load5,3.78
2023/4/13 13:31,1681363907,cc-cc408-hya,data-node-04,9.9.2.156,elasticsearch_os_load5,3.73
2023/4/13 13:32,1681363967,cc-cc408-hya,data-node-04,9.9.2.156,elasticsearch_os_load5,3.82
2023/4/13 13:33,1681364027,cc-cc408-hya,data-node-04,9.9.2.156,elasticsearch_os_load5,3.94
2023/4/13 13:34,1681364087,cc-cc408-hya,data-node-04,9.9.2.156,elasticsearch_os_load5,4.09
2023/4/13 13:35,1681364147,cc-cc408-hya,data-node-04,9.9.2.156,elasticsearch_os_load5,4.15
2023/4/13 13:36,1681364207,cc-cc408-hya,data-node-04,9.9.2.156,elasticsearch_os_load5,4.3
2023/4/13 13:37,1681364267,cc-cc408-hya,data-node-04,9.9.2.156,elasticsearch_os_load5,4.04
2023/4/13 13:38,1681364327,cc-cc408-hya,data-node-04,9.9.2.156,elasticsearch_os_load5,3.89
2023/4/13 13:39,1681364387,cc-cc408-hya,data-node-04,9.9.2.156,elasticsearch_os_load5,3.65
2023/4/13 13:40,1681364447,cc-cc408-hya,data-node-04,9.9.2.156,elasticsearch_os_load5,3.77
2023/4/13 13:41,1681364507,cc-cc408-hya,data-node-04,9.9.2.156,elasticsearch_os_load5,3.53
2023/4/13 13:42,1681364567,cc-cc408-hya,data-node-04,9.9.2.156,elasticsearch_os_load5,3.54
2023/4/13 13:43,1681364627,cc-cc408-hya,data-node-04,9.9.2.156,elasticsearch_os_load5,3.49
2023/4/13 13:44,1681364687,cc-cc408-hya,data-node-04,9.9.2.156,elasticsearch_os_load5,3.62
2023/4/13 13:45,1681364747,cc-cc408-hya,data-node-04,9.9.2.156,elasticsearch_os_load5,3.49
2023/4/13 13:46,1681364807,cc-cc408-hya,data-node-04,9.9.2.156,elasticsearch_os_load5,3.7
2023/4/13 13:47,1681364867,cc-cc408-hya,data-node-04,9.9.2.156,elasticsearch_os_load5,3.74
2023/4/13 13:48,1681364927,cc-cc408-hya,data-node-04,9.9.2.156,elasticsearch_os_load5,3.85
2023/4/13 13:49,1681364987,cc-cc408-hya,data-node-04,9.9.2.156,elasticsearch_os_load5,3.97
2023/4/13 13:50,1681365047,cc-cc408-hya,data-node-04,9.9.2.156,elasticsearch_os_load5,4.2
2023/4/13 13:51,1681365107,cc-cc408-hya,data-node-04,9.9.2.156,elasticsearch_os_load5,5.12
2023/4/13 13:52,1681365167,cc-cc408-hya,data-node-04,9.9.2.156,elasticsearch_os_load5,5.11
2023/4/13 13:53,1681365227,cc-cc408-hya,data-node-04,9.9.2.156,elasticsearch_os_load5,4.76
2023/4/13 13:54,1681365287,cc-cc408-hya,data-node-04,9.9.2.156,elasticsearch_os_load5,4.58
2023/4/13 13:55,1681365347,cc-cc408-hya,data-node-04,9.9.2.156,elasticsearch_os_load5,4.47
2023/4/13 13:56,1681365407,cc-cc408-hya,data-node-04,9.9.2.156,elasticsearch_os_load5,4.7
2023/4/13 13:57,1681365467,cc-cc408-hya,data-node-04,9.9.2.156,elasticsearch_os_load5,4.72
2023/4/13 13:58,1681365527,cc-cc408-hya,data-node-04,9.9.2.156,elasticsearch_os_load5,4.65
2023/4/13 13:59,1681365587,cc-cc408-hya,data-node-04,9.9.2.156,elasticsearch_os_load5,4.57
2023/4/13 14:00,1681365647,cc-cc408-hya,data-node-04,9.9.2.156,elasticsearch_os_load5,4.26
2023/4/13 14:01,1681365707,cc-cc408-hya,data-node-04,9.9.2.156,elasticsearch_os_load5,4.62
2023/4/13 14:02,1681365767,cc-cc408-hya,data-node-04,9.9.2.156,elasticsearch_os_load5,4.69
2023/4/13 14:03,1681365827,cc-cc408-hya,data-node-04,9.9.2.156,elasticsearch_os_load5,4.6
2023/4/13 14:04,1681365887,cc-cc408-hya,data-node-04,9.9.2.156,elasticsearch_os_load5,4.59
2023/4/13 14:05,1681365947,cc-cc408-hya,data-node-04,9.9.2.156,elasticsearch_os_load5,4.24
2023/4/13 14:06,1681366007,cc-cc408-hya,data-node-04,9.9.2.156,elasticsearch_os_load5,4.1
2023/4/13 14:07,1681366067,cc-cc408-hya,data-node-04,9.9.2.156,elasticsearch_os_load5,4.35
2023/4/13 14:08,1681366127,cc-cc408-hya,data-node-04,9.9.2.156,elasticsearch_os_load5,4.51
2023/4/13 14:09,1681366187,cc-cc408-hya,data-node-04,9.9.2.156,elasticsearch_os_load5,5.04
2023/4/13 14:10,1681366247,cc-cc408-hya,data-node-04,9.9.2.156,elasticsearch_os_load5,4.97
2023/4/13 14:11,1681366307,cc-cc408-hya,data-node-04,9.9.2.156,elasticsearch_os_load5,4.79
2023/4/13 14:12,1681366367,cc-cc408-hya,data-node-04,9.9.2.156,elasticsearch_os_load5,4.87
2023/4/13 14:13,1681366427,cc-cc408-hya,data-node-04,9.9.2.156,elasticsearch_os_load5,4.93
2023/4/13 14:14,1681366487,cc-cc408-hya,data-node-04,9.9.2.156,elasticsearch_os_load5,4.87
2023/4/13 14:15,1681366547,cc-cc408-hya,data-node-04,9.9.2.156,elasticsearch_os_load5,4.77
2023/4/13 14:16,1681366607,cc-cc408-hya,data-node-04,9.9.2.156,elasticsearch_os_load5,5.25
2023/4/13 14:17,1681366667,cc-cc408-hya,data-node-04,9.9.2.156,elasticsearch_os_load5,5.07
2023/4/13 14:18,1681366727,cc-cc408-hya,data-node-04,9.9.2.156,elasticsearch_os_load5,5.07
2023/4/13 14:19,1681366787,cc-cc408-hya,data-node-04,9.9.2.156,elasticsearch_os_load5,5.08
2023/4/13 14:20,1681366847,cc-cc408-hya,data-node-04,9.9.2.156,elasticsearch_os_load5,5.29
2023/4/13 14:21,1681366907,cc-cc408-hya,data-node-04,9.9.2.156,elasticsearch_os_load5,5.42
2023/4/13 14:22,1681366967,cc-cc408-hya,data-node-04,9.9.2.156,elasticsearch_os_load5,5.31
2023/4/13 14:23,1681367027,cc-cc408-hya,data-node-04,9.9.2.156,elasticsearch_os_load5,5.46
2023/4/13 14:24,1681367087,cc-cc408-hya,data-node-04,9.9.2.156,elasticsearch_os_load5,5.16
2023/4/13 14:25,1681367147,cc-cc408-hya,data-node-04,9.9.2.156,elasticsearch_os_load5,4.87
2023/4/13 14:26,1681367207,cc-cc408-hya,data-node-04,9.9.2.156,elasticsearch_os_load5,4.59
2023/4/13 14:27,1681367267,cc-cc408-hya,data-node-04,9.9.2.156,elasticsearch_os_load5,4.53
2023/4/13 14:28,1681367327,cc-cc408-hya,data-node-04,9.9.2.156,elasticsearch_os_load5,4.62
2023/4/13 14:29,1681367387,cc-cc408-hya,data-node-04,9.9.2.156,elasticsearch_os_load5,4.87
2023/4/13 14:30,1681367447,cc-cc408-hya,data-node-04,9.9.2.156,elasticsearch_os_load5,4.83
2023/4/13 14:31,1681367507,cc-cc408-hya,data-node-04,9.9.2.156,elasticsearch_os_load5,5.04
2023/4/13 14:32,1681367567,cc-cc408-hya,data-node-04,9.9.2.156,elasticsearch_os_load5,4.87
2023/4/13 14:33,1681367627,cc-cc408-hya,data-node-04,9.9.2.156,elasticsearch_os_load5,4.87
2023/4/13 14:34,1681367687,cc-cc408-hya,data-node-04,9.9.2.156,elasticsearch_os_load5,5
2023/4/13 14:35,1681367747,cc-cc408-hya,data-node-04,9.9.2.156,elasticsearch_os_load5,4.92
2023/4/13 14:36,1681367807,cc-cc408-hya,data-node-04,9.9.2.156,elasticsearch_os_load5,4.83
2023/4/13 14:37,1681367867,cc-cc408-hya,data-node-04,9.9.2.156,elasticsearch_os_load5,4.97
2023/4/13 14:38,1681367927,cc-cc408-hya,data-node-04,9.9.2.156,elasticsearch_os_load5,4.88
2023/4/13 14:39,1681367987,cc-cc408-hya,data-node-04,9.9.2.156,elasticsearch_os_load5,4.74
2023/4/13 14:40,1681368047,cc-cc408-hya,data-node-04,9.9.2.156,elasticsearch_os_load5,4.63
2023/4/13 14:41,1681368107,cc-cc408-hya,data-node-04,9.9.2.156,elasticsearch_os_load5,4.64
2023/4/13 14:42,1681368167,cc-cc408-hya,data-node-04,9.9.2.156,elasticsearch_os_load5,4.56
2023/4/13 14:43,1681368227,cc-cc408-hya,data-node-04,9.9.2.156,elasticsearch_os_load5,4.64
2023/4/13 14:44,1681368287,cc-cc408-hya,data-node-04,9.9.2.156,elasticsearch_os_load5,4.9
2023/4/13 14:45,1681368347,cc-cc408-hya,data-node-04,9.9.2.156,elasticsearch_os_load5,4.95
2023/4/13 14:46,1681368407,cc-cc408-hya,data-node-04,9.9.2.156,elasticsearch_os_load5,4.85
2023/4/13 14:47,1681368467,cc-cc408-hya,data-node-04,9.9.2.156,elasticsearch_os_load5,4.69
2023/4/13 14:48,1681368527,cc-cc408-hya,data-node-04,9.9.2.156,elasticsearch_os_load5,4.95
2023/4/13 14:49,1681368587,cc-cc408-hya,data-node-04,9.9.2.156,elasticsearch_os_load5,4.76
2023/4/13 14:50,1681368647,cc-cc408-hya,data-node-04,9.9.2.156,elasticsearch_os_load5,4.93
2023/4/13 14:51,1681368707,cc-cc408-hya,data-node-04,9.9.2.156,elasticsearch_os_load5,5.59
2023/4/13 14:52,1681368767,cc-cc408-hya,data-node-04,9.9.2.156,elasticsearch_os_load5,5.77
2023/4/13 14:53,1681368827,cc-cc408-hya,data-node-04,9.9.2.156,elasticsearch_os_load5,5.4
2023/4/13 14:54,1681368887,cc-cc408-hya,data-node-04,9.9.2.156,elasticsearch_os_load5,4.92
2023/4/13 14:55,1681368947,cc-cc408-hya,data-node-04,9.9.2.156,elasticsearch_os_load5,5.05
2023/4/13 14:56,1681369007,cc-cc408-hya,data-node-04,9.9.2.156,elasticsearch_os_load5,4.86
2023/4/13 14:57,1681369067,cc-cc408-hya,data-node-04,9.9.2.156,elasticsearch_os_load5,4.93
2023/4/13 14:58,1681369127,cc-cc408-hya,data-node-04,9.9.2.156,elasticsearch_os_load5,4.86
2023/4/13 14:59,1681369187,cc-cc408-hya,data-node-04,9.9.2.156,elasticsearch_os_load5,4.68
2023/4/13 15:00,1681369247,cc-cc408-hya,data-node-04,9.9.2.156,elasticsearch_os_load5,4.84
2023/4/13 15:01,1681369307,cc-cc408-hya,data-node-04,9.9.2.156,elasticsearch_os_load5,4.93
2023/4/13 15:02,1681369367,cc-cc408-hya,data-node-04,9.9.2.156,elasticsearch_os_load5,5.03
2023/4/13 15:03,1681369427,cc-cc408-hya,data-node-04,9.9.2.156,elasticsearch_os_load5,5.16
2023/4/13 15:04,1681369487,cc-cc408-hya,data-node-04,9.9.2.156,elasticsearch_os_load5,5.3
2023/4/13 15:05,1681369547,cc-cc408-hya,data-node-04,9.9.2.156,elasticsearch_os_load5,6.01
2023/4/13 15:06,1681369607,cc-cc408-hya,data-node-04,9.9.2.156,elasticsearch_os_load5,5.76
2023/4/13 15:07,1681369667,cc-cc408-hya,data-node-04,9.9.2.156,elasticsearch_os_load5,5.85
2023/4/13 15:08,1681369727,cc-cc408-hya,data-node-04,9.9.2.156,elasticsearch_os_load5,5.61
2023/4/13 15:09,1681369787,cc-cc408-hya,data-node-04,9.9.2.156,elasticsearch_os_load5,5.55
2023/4/13 15:10,1681369847,cc-cc408-hya,data-node-04,9.9.2.156,elasticsearch_os_load5,5.53
2023/4/13 15:11,1681369907,cc-cc408-hya,data-node-04,9.9.2.156,elasticsearch_os_load5,5.35
2023/4/13 15:12,1681369967,cc-cc408-hya,data-node-04,9.9.2.156,elasticsearch_os_load5,5.26
2023/4/13 15:13,1681370027,cc-cc408-hya,data-node-04,9.9.2.156,elasticsearch_os_load5,5.9
2023/4/13 15:14,1681370087,cc-cc408-hya,data-node-04,9.9.2.156,elasticsearch_os_load5,6.03
2023/4/13 15:15,1681370147,cc-cc408-hya,data-node-04,9.9.2.156,elasticsearch_os_load5,5.92
2023/4/13 15:16,1681370207,cc-cc408-hya,data-node-04,9.9.2.156,elasticsearch_os_load5,5.41
2023/4/13 15:17,1681370267,cc-cc408-hya,data-node-04,9.9.2.156,elasticsearch_os_load5,5.06
2023/4/13 15:18,1681370327,cc-cc408-hya,data-node-04,9.9.2.156,elasticsearch_os_load5,5.04
2023/4/13 15:19,1681370387,cc-cc408-hya,data-node-04,9.9.2.156,elasticsearch_os_load5,5.03
2023/4/13 15:20,1681370447,cc-cc408-hya,data-node-04,9.9.2.156,elasticsearch_os_load5,4.82
2023/4/13 15:21,1681370507,cc-cc408-hya,data-node-04,9.9.2.156,elasticsearch_os_load5,4.66
2023/4/13 15:22,1681370567,cc-cc408-hya,data-node-04,9.9.2.156,elasticsearch_os_load5,4.59
2023/4/13 15:23,1681370627,cc-cc408-hya,data-node-04,9.9.2.156,elasticsearch_os_load5,4.35
2023/4/13 15:24,1681370687,cc-cc408-hya,data-node-04,9.9.2.156,elasticsearch_os_load5,4.39
2023/4/13 15:25,1681370747,cc-cc408-hya,data-node-04,9.9.2.156,elasticsearch_os_load5,4.36
2023/4/13 15:26,1681370807,cc-cc408-hya,data-node-04,9.9.2.156,elasticsearch_os_load5,4.8
2023/4/13 15:27,1681370867,cc-cc408-hya,data-node-04,9.9.2.156,elasticsearch_os_load5,5.19
2023/4/13 15:28,1681370927,cc-cc408-hya,data-node-04,9.9.2.156,elasticsearch_os_load5,4.84
2023/4/13 15:29,1681370987,cc-cc408-hya,data-node-04,9.9.2.156,elasticsearch_os_load5,4.98
2023/4/13 15:30,1681371047,cc-cc408-hya,data-node-04,9.9.2.156,elasticsearch_os_load5,5.13
2023/4/13 15:31,1681371107,cc-cc408-hya,data-node-04,9.9.2.156,elasticsearch_os_load5,5.01
2023/4/13 15:32,1681371167,cc-cc408-hya,data-node-04,9.9.2.156,elasticsearch_os_load5,5.23
2023/4/13 15:33,1681371227,cc-cc408-hya,data-node-04,9.9.2.156,elasticsearch_os_load5,5.34
2023/4/13 15:34,1681371287,cc-cc408-hya,data-node-04,9.9.2.156,elasticsearch_os_load5,5.24
2023/4/13 15:35,1681371347,cc-cc408-hya,data-node-04,9.9.2.156,elasticsearch_os_load5,5.3
2023/4/13 15:36,1681371407,cc-cc408-hya,data-node-04,9.9.2.156,elasticsearch_os_load5,5.43
2023/4/13 15:37,1681371467,cc-cc408-hya,data-node-04,9.9.2.156,elasticsearch_os_load5,6.16
2023/4/13 15:38,1681371527,cc-cc408-hya,data-node-04,9.9.2.156,elasticsearch_os_load5,6.09
2023/4/13 15:39,1681371587,cc-cc408-hya,data-node-04,9.9.2.156,elasticsearch_os_load5,5.69
2023/4/13 15:40,1681371647,cc-cc408-hya,data-node-04,9.9.2.156,elasticsearch_os_load5,5.81
2023/4/13 15:41,1681371707,cc-cc408-hya,data-node-04,9.9.2.156,elasticsearch_os_load5,5.65
2023/4/13 15:42,1681371767,cc-cc408-hya,data-node-04,9.9.2.156,elasticsearch_os_load5,5.73
2023/4/13 15:43,1681371827,cc-cc408-hya,data-node-04,9.9.2.156,elasticsearch_os_load5,5.42
2023/4/13 15:44,1681371887,cc-cc408-hya,data-node-04,9.9.2.156,elasticsearch_os_load5,5.44
2023/4/13 15:45,1681371947,cc-cc408-hya,data-node-04,9.9.2.156,elasticsearch_os_load5,5.54
2023/4/13 15:46,1681372007,cc-cc408-hya,data-node-04,9.9.2.156,elasticsearch_os_load5,5.47
2023/4/13 15:47,1681372067,cc-cc408-hya,data-node-04,9.9.2.156,elasticsearch_os_load5,5.22
2023/4/13 15:48,1681372127,cc-cc408-hya,data-node-04,9.9.2.156,elasticsearch_os_load5,5.87
2023/4/13 15:49,1681372187,cc-cc408-hya,data-node-04,9.9.2.156,elasticsearch_os_load5,5.86
2023/4/13 15:50,1681372247,cc-cc408-hya,data-node-04,9.9.2.156,elasticsearch_os_load5,6.04
2023/4/13 15:51,1681372307,cc-cc408-hya,data-node-04,9.9.2.156,elasticsearch_os_load5,6.1
2023/4/13 15:52,1681372367,cc-cc408-hya,data-node-04,9.9.2.156,elasticsearch_os_load5,5.78
2023/4/13 15:53,1681372427,cc-cc408-hya,data-node-04,9.9.2.156,elasticsearch_os_load5,6.57
2023/4/13 15:54,1681372487,cc-cc408-hya,data-node-04,9.9.2.156,elasticsearch_os_load5,6.27
2023/4/13 15:55,1681372547,cc-cc408-hya,data-node-04,9.9.2.156,elasticsearch_os_load5,6.41
2023/4/13 15:56,1681372607,cc-cc408-hya,data-node-04,9.9.2.156,elasticsearch_os_load5,6.33
2023/4/13 15:57,1681372667,cc-cc408-hya,data-node-04,9.9.2.156,elasticsearch_os_load5,6.21
2023/4/13 15:58,1681372727,cc-cc408-hya,data-node-04,9.9.2.156,elasticsearch_os_load5,6.17
2023/4/13 15:59,1681372787,cc-cc408-hya,data-node-04,9.9.2.156,elasticsearch_os_load5,6.18
2023/4/13 16:00,1681372847,cc-cc408-hya,data-node-04,9.9.2.156,elasticsearch_os_load5,6.15
2023/4/13 16:01,1681372907,cc-cc408-hya,data-node-04,9.9.2.156,elasticsearch_os_load5,6.08
2023/4/13 16:02,1681372967,cc-cc408-hya,data-node-04,9.9.2.156,elasticsearch_os_load5,6.05
2023/4/13 16:03,1681373027,cc-cc408-hya,data-node-04,9.9.2.156,elasticsearch_os_load5,5.57
2023/4/13 16:04,1681373087,cc-cc408-hya,data-node-04,9.9.2.156,elasticsearch_os_load5,5.42
2023/4/13 16:05,1681373147,cc-cc408-hya,data-node-04,9.9.2.156,elasticsearch_os_load5,5.79
2023/4/13 16:06,1681373207,cc-cc408-hya,data-node-04,9.9.2.156,elasticsearch_os_load5,5.92
2023/4/13 16:07,1681373267,cc-cc408-hya,data-node-04,9.9.2.156,elasticsearch_os_load5,5.55
2023/4/13 16:08,1681373327,cc-cc408-hya,data-node-04,9.9.2.156,elasticsearch_os_load5,5.85
2023/4/13 16:09,1681373387,cc-cc408-hya,data-node-04,9.9.2.156,elasticsearch_os_load5,5.8
2023/4/13 16:10,1681373447,cc-cc408-hya,data-node-04,9.9.2.156,elasticsearch_os_load5,5.66
2023/4/13 16:11,1681373507,cc-cc408-hya,data-node-04,9.9.2.156,elasticsearch_os_load5,5.99
2023/4/13 16:12,1681373567,cc-cc408-hya,data-node-04,9.9.2.156,elasticsearch_os_load5,5.64
2023/4/13 16:13,1681373627,cc-cc408-hya,data-node-04,9.9.2.156,elasticsearch_os_load5,5.89
2023/4/13 16:14,1681373687,cc-cc408-hya,data-node-04,9.9.2.156,elasticsearch_os_load5,6.01
2023/4/13 16:15,1681373747,cc-cc408-hya,data-node-04,9.9.2.156,elasticsearch_os_load5,6.56
2023/4/13 16:16,1681373807,cc-cc408-hya,data-node-04,9.9.2.156,elasticsearch_os_load5,7.01
2023/4/13 16:17,1681373867,cc-cc408-hya,data-node-04,9.9.2.156,elasticsearch_os_load5,6.67
2023/4/13 16:18,1681373927,cc-cc408-hya,data-node-04,9.9.2.156,elasticsearch_os_load5,6.77
2023/4/13 16:19,1681373987,cc-cc408-hya,data-node-04,9.9.2.156,elasticsearch_os_load5,6.79
2023/4/13 16:20,1681374047,cc-cc408-hya,data-node-04,9.9.2.156,elasticsearch_os_load5,6.6
2023/4/13 16:21,1681374107,cc-cc408-hya,data-node-04,9.9.2.156,elasticsearch_os_load5,6.46
2023/4/13 16:22,1681374167,cc-cc408-hya,data-node-04,9.9.2.156,elasticsearch_os_load5,6.58
2023/4/13 16:23,1681374227,cc-cc408-hya,data-node-04,9.9.2.156,elasticsearch_os_load5,6.62
2023/4/13 16:24,1681374287,cc-cc408-hya,data-node-04,9.9.2.156,elasticsearch_os_load5,6.44
2023/4/13 16:25,1681374347,cc-cc408-hya,data-node-04,9.9.2.156,elasticsearch_os_load5,7.08
2023/4/13 16:26,1681374407,cc-cc408-hya,data-node-04,9.9.2.156,elasticsearch_os_load5,6.83
2023/4/13 16:27,1681374467,cc-cc408-hya,data-node-04,9.9.2.156,elasticsearch_os_load5,7.03
2023/4/13 16:28,1681374527,cc-cc408-hya,data-node-04,9.9.2.156,elasticsearch_os_load5,7.2
2023/4/13 16:29,1681374587,cc-cc408-hya,data-node-04,9.9.2.156,elasticsearch_os_load5,7.17
2023/4/13 16:30,1681374647,cc-cc408-hya,data-node-04,9.9.2.156,elasticsearch_os_load5,7.16
2023/4/13 16:31,1681374707,cc-cc408-hya,data-node-04,9.9.2.156,elasticsearch_os_load5,7.08
2023/4/13 16:32,1681374767,cc-cc408-hya,data-node-04,9.9.2.156,elasticsearch_os_load5,7.04
2023/4/13 16:33,1681374827,cc-cc408-hya,data-node-04,9.9.2.156,elasticsearch_os_load5,7.37
2023/4/13 16:34,1681374887,cc-cc408-hya,data-node-04,9.9.2.156,elasticsearch_os_load5,7.22
2023/4/13 16:35,1681374947,cc-cc408-hya,data-node-04,9.9.2.156,elasticsearch_os_load5,7.5
2023/4/13 16:36,1681375007,cc-cc408-hya,data-node-04,9.9.2.156,elasticsearch_os_load5,7.13
2023/4/13 16:37,1681375067,cc-cc408-hya,data-node-04,9.9.2.156,elasticsearch_os_load5,6.81
2023/4/13 16:38,1681375127,cc-cc408-hya,data-node-04,9.9.2.156,elasticsearch_os_load5,6.65
2023/4/13 16:39,1681375187,cc-cc408-hya,data-node-04,9.9.2.156,elasticsearch_os_load5,6.51
2023/4/13 16:40,1681375247,cc-cc408-hya,data-node-04,9.9.2.156,elasticsearch_os_load5,6.48
2023/4/13 16:41,1681375307,cc-cc408-hya,data-node-04,9.9.2.156,elasticsearch_os_load5,6.56
2023/4/13 16:42,1681375367,cc-cc408-hya,data-node-04,9.9.2.156,elasticsearch_os_load5,6.86
2023/4/13 16:43,1681375427,cc-cc408-hya,data-node-04,9.9.2.156,elasticsearch_os_load5,6.67
2023/4/13 16:44,1681375487,cc-cc408-hya,data-node-04,9.9.2.156,elasticsearch_os_load5,6.35
2023/4/13 16:45,1681375547,cc-cc408-hya,data-node-04,9.9.2.156,elasticsearch_os_load5,6.45
2023/4/13 16:46,1681375607,cc-cc408-hya,data-node-04,9.9.2.156,elasticsearch_os_load5,6.26
2023/4/13 16:47,1681375667,cc-cc408-hya,data-node-04,9.9.2.156,elasticsearch_os_load5,6.37
2023/4/13 16:48,1681375727,cc-cc408-hya,data-node-04,9.9.2.156,elasticsearch_os_load5,6.32
2023/4/13 16:49,1681375787,cc-cc408-hya,data-node-04,9.9.2.156,elasticsearch_os_load5,6.22
2023/4/13 16:50,1681375847,cc-cc408-hya,data-node-04,9.9.2.156,elasticsearch_os_load5,6.66
2023/4/13 16:51,1681375907,cc-cc408-hya,data-node-04,9.9.2.156,elasticsearch_os_load5,6.77
2023/4/13 16:52,1681375967,cc-cc408-hya,data-node-04,9.9.2.156,elasticsearch_os_load5,6.67
2023/4/13 16:53,1681376027,cc-cc408-hya,data-node-04,9.9.2.156,elasticsearch_os_load5,6.67
2023/4/13 16:54,1681376087,cc-cc408-hya,data-node-04,9.9.2.156,elasticsearch_os_load5,6.38
2023/4/13 16:55,1681376147,cc-cc408-hya,data-node-04,9.9.2.156,elasticsearch_os_load5,6.6
2023/4/13 16:56,1681376207,cc-cc408-hya,data-node-04,9.9.2.156,elasticsearch_os_load5,6.48
2023/4/13 16:57,1681376267,cc-cc408-hya,data-node-04,9.9.2.156,elasticsearch_os_load5,6.27
2023/4/13 16:58,1681376327,cc-cc408-hya,data-node-04,9.9.2.156,elasticsearch_os_load5,6.87
2023/4/13 16:59,1681376387,cc-cc408-hya,data-node-04,9.9.2.156,elasticsearch_os_load5,7.07
2023/4/13 17:00,1681376447,cc-cc408-hya,data-node-04,9.9.2.156,elasticsearch_os_load5,7.29
2023/4/13 17:01,1681376507,cc-cc408-hya,data-node-04,9.9.2.156,elasticsearch_os_load5,7.67
2023/4/13 17:02,1681376567,cc-cc408-hya,data-node-04,9.9.2.156,elasticsearch_os_load5,7.2
2023/4/13 17:03,1681376627,cc-cc408-hya,data-node-04,9.9.2.156,elasticsearch_os_load5,7.02
2023/4/13 17:04,1681376687,cc-cc408-hya,data-node-04,9.9.2.156,elasticsearch_os_load5,6.89
2023/4/13 17:05,1681376747,cc-cc408-hya,data-node-04,9.9.2.156,elasticsearch_os_load5,6.84
2023/4/13 17:06,1681376807,cc-cc408-hya,data-node-04,9.9.2.156,elasticsearch_os_load5,6.81
2023/4/13 17:07,1681376867,cc-cc408-hya,data-node-04,9.9.2.156,elasticsearch_os_load5,6.57
2023/4/13 17:08,1681376927,cc-cc408-hya,data-node-04,9.9.2.156,elasticsearch_os_load5,6.27
2023/4/13 17:09,1681376987,cc-cc408-hya,data-node-04,9.9.2.156,elasticsearch_os_load5,6.2
2023/4/13 17:10,1681377047,cc-cc408-hya,data-node-04,9.9.2.156,elasticsearch_os_load5,6.21
2023/4/13 17:11,1681377107,cc-cc408-hya,data-node-04,9.9.2.156,elasticsearch_os_load5,5.92
2023/4/13 17:12,1681377167,cc-cc408-hya,data-node-04,9.9.2.156,elasticsearch_os_load5,5.93
2023/4/13 17:13,1681377227,cc-cc408-hya,data-node-04,9.9.2.156,elasticsearch_os_load5,5.75
2023/4/13 17:14,1681377287,cc-cc408-hya,data-node-04,9.9.2.156,elasticsearch_os_load5,5.77
2023/4/13 17:15,1681377347,cc-cc408-hya,data-node-04,9.9.2.156,elasticsearch_os_load5,6.27
2023/4/13 17:16,1681377407,cc-cc408-hya,data-node-04,9.9.2.156,elasticsearch_os_load5,6.79
2023/4/13 17:17,1681377467,cc-cc408-hya,data-node-04,9.9.2.156,elasticsearch_os_load5,7.02
2023/4/13 17:18,1681377527,cc-cc408-hya,data-node-04,9.9.2.156,elasticsearch_os_load5,6.96
2023/4/13 17:19,1681377587,cc-cc408-hya,data-node-04,9.9.2.156,elasticsearch_os_load5,7.2
2023/4/13 17:20,1681377647,cc-cc408-hya,data-node-04,9.9.2.156,elasticsearch_os_load5,6.88
2023/4/13 17:21,1681377707,cc-cc408-hya,data-node-04,9.9.2.156,elasticsearch_os_load5,6.87
2023/4/13 17:22,1681377767,cc-cc408-hya,data-node-04,9.9.2.156,elasticsearch_os_load5,6.66
2023/4/13 17:23,1681377827,cc-cc408-hya,data-node-04,9.9.2.156,elasticsearch_os_load5,6.04
2023/4/13 17:24,1681377887,cc-cc408-hya,data-node-04,9.9.2.156,elasticsearch_os_load5,6.27
2023/4/13 17:25,1681377947,cc-cc408-hya,data-node-04,9.9.2.156,elasticsearch_os_load5,6.24
2023/4/13 17:26,1681378007,cc-cc408-hya,data-node-04,9.9.2.156,elasticsearch_os_load5,6.82
2023/4/13 17:27,1681378067,cc-cc408-hya,data-node-04,9.9.2.156,elasticsearch_os_load5,7.45
2023/4/13 17:28,1681378127,cc-cc408-hya,data-node-04,9.9.2.156,elasticsearch_os_load5,7.21
2023/4/13 17:29,1681378187,cc-cc408-hya,data-node-04,9.9.2.156,elasticsearch_os_load5,6.8
2023/4/13 17:30,1681378247,cc-cc408-hya,data-node-04,9.9.2.156,elasticsearch_os_load5,7
2023/4/12 17:30,1681291847,cc-cc408-hya,data-node-09,9.9.2.156,elasticsearch_os_load5,6.38
2023/4/12 17:31,1681291907,cc-cc408-hya,data-node-09,9.9.2.156,elasticsearch_os_load5,6.2
2023/4/12 17:32,1681291967,cc-cc408-hya,data-node-09,9.9.2.156,elasticsearch_os_load5,5.79
2023/4/12 17:33,1681292027,cc-cc408-hya,data-node-09,9.9.2.156,elasticsearch_os_load5,5.71
2023/4/12 17:34,1681292087,cc-cc408-hya,data-node-09,9.9.2.156,elasticsearch_os_load5,5.99
2023/4/12 17:35,1681292147,cc-cc408-hya,data-node-09,9.9.2.156,elasticsearch_os_load5,6.01
2023/4/12 17:36,1681292207,cc-cc408-hya,data-node-09,9.9.2.156,elasticsearch_os_load5,5.97
2023/4/12 17:37,1681292267,cc-cc408-hya,data-node-09,9.9.2.156,elasticsearch_os_load5,5.99
2023/4/12 17:38,1681292327,cc-cc408-hya,data-node-09,9.9.2.156,elasticsearch_os_load5,5.72
2023/4/12 17:39,1681292387,cc-cc408-hya,data-node-09,9.9.2.156,elasticsearch_os_load5,5.73
2023/4/12 17:40,1681292447,cc-cc408-hya,data-node-09,9.9.2.156,elasticsearch_os_load5,5.72
2023/4/12 17:41,1681292507,cc-cc408-hya,data-node-09,9.9.2.156,elasticsearch_os_load5,6.17
2023/4/12 17:42,1681292567,cc-cc408-hya,data-node-09,9.9.2.156,elasticsearch_os_load5,6.7
2023/4/12 17:43,1681292627,cc-cc408-hya,data-node-09,9.9.2.156,elasticsearch_os_load5,6.23
2023/4/12 17:44,1681292687,cc-cc408-hya,data-node-09,9.9.2.156,elasticsearch_os_load5,6.33
2023/4/12 17:45,1681292747,cc-cc408-hya,data-node-09,9.9.2.156,elasticsearch_os_load5,6.35
2023/4/12 17:46,1681292807,cc-cc408-hya,data-node-09,9.9.2.156,elasticsearch_os_load5,6.21
2023/4/12 17:47,1681292867,cc-cc408-hya,data-node-09,9.9.2.156,elasticsearch_os_load5,5.89
2023/4/12 17:48,1681292927,cc-cc408-hya,data-node-09,9.9.2.156,elasticsearch_os_load5,5.74
2023/4/12 17:49,1681292987,cc-cc408-hya,data-node-09,9.9.2.156,elasticsearch_os_load5,5.84
2023/4/12 17:50,1681293047,cc-cc408-hya,data-node-09,9.9.2.156,elasticsearch_os_load5,6.03
2023/4/12 17:51,1681293107,cc-cc408-hya,data-node-09,9.9.2.156,elasticsearch_os_load5,5.85
2023/4/12 17:52,1681293167,cc-cc408-hya,data-node-09,9.9.2.156,elasticsearch_os_load5,5.96
2023/4/12 17:53,1681293227,cc-cc408-hya,data-node-09,9.9.2.156,elasticsearch_os_load5,6.07
2023/4/12 17:54,1681293287,cc-cc408-hya,data-node-09,9.9.2.156,elasticsearch_os_load5,6.7
2023/4/12 17:55,1681293347,cc-cc408-hya,data-node-09,9.9.2.156,elasticsearch_os_load5,6.37
2023/4/12 17:56,1681293407,cc-cc408-hya,data-node-09,9.9.2.156,elasticsearch_os_load5,6.15
2023/4/12 17:57,1681293467,cc-cc408-hya,data-node-09,9.9.2.156,elasticsearch_os_load5,6.14
2023/4/12 17:58,1681293527,cc-cc408-hya,data-node-09,9.9.2.156,elasticsearch_os_load5,6.64
2023/4/12 17:59,1681293587,cc-cc408-hya,data-node-09,9.9.2.156,elasticsearch_os_load5,6.58
2023/4/12 18:00,1681293647,cc-cc408-hya,data-node-09,9.9.2.156,elasticsearch_os_load5,6.01
2023/4/12 18:01,1681293707,cc-cc408-hya,data-node-09,9.9.2.156,elasticsearch_os_load5,6.56
2023/4/12 18:02,1681293767,cc-cc408-hya,data-node-09,9.9.2.156,elasticsearch_os_load5,6.45
2023/4/12 18:03,1681293827,cc-cc408-hya,data-node-09,9.9.2.156,elasticsearch_os_load5,6.39
2023/4/12 18:04,1681293887,cc-cc408-hya,data-node-09,9.9.2.156,elasticsearch_os_load5,6.06
2023/4/12 18:05,1681293947,cc-cc408-hya,data-node-09,9.9.2.156,elasticsearch_os_load5,6.03
2023/4/12 18:06,1681294007,cc-cc408-hya,data-node-09,9.9.2.156,elasticsearch_os_load5,6.11
2023/4/12 18:07,1681294067,cc-cc408-hya,data-node-09,9.9.2.156,elasticsearch_os_load5,5.75
2023/4/12 18:08,1681294127,cc-cc408-hya,data-node-09,9.9.2.156,elasticsearch_os_load5,5.79
2023/4/12 18:09,1681294187,cc-cc408-hya,data-node-09,9.9.2.156,elasticsearch_os_load5,5.76
2023/4/12 18:10,1681294247,cc-cc408-hya,data-node-09,9.9.2.156,elasticsearch_os_load5,5.89
2023/4/12 18:11,1681294307,cc-cc408-hya,data-node-09,9.9.2.156,elasticsearch_os_load5,6.02
2023/4/12 18:12,1681294367,cc-cc408-hya,data-node-09,9.9.2.156,elasticsearch_os_load5,5.92
2023/4/12 18:13,1681294427,cc-cc408-hya,data-node-09,9.9.2.156,elasticsearch_os_load5,5.83
2023/4/12 18:14,1681294487,cc-cc408-hya,data-node-09,9.9.2.156,elasticsearch_os_load5,5.68
2023/4/12 18:15,1681294547,cc-cc408-hya,data-node-09,9.9.2.156,elasticsearch_os_load5,5.74
2023/4/12 18:16,1681294607,cc-cc408-hya,data-node-09,9.9.2.156,elasticsearch_os_load5,5.61
2023/4/12 18:17,1681294667,cc-cc408-hya,data-node-09,9.9.2.156,elasticsearch_os_load5,5.63
2023/4/12 18:18,1681294727,cc-cc408-hya,data-node-09,9.9.2.156,elasticsearch_os_load5,5.58
2023/4/12 18:19,1681294787,cc-cc408-hya,data-node-09,9.9.2.156,elasticsearch_os_load5,5.69
2023/4/12 18:20,1681294847,cc-cc408-hya,data-node-09,9.9.2.156,elasticsearch_os_load5,5.65
2023/4/12 18:21,1681294907,cc-cc408-hya,data-node-09,9.9.2.156,elasticsearch_os_load5,6.08
2023/4/12 18:22,1681294967,cc-cc408-hya,data-node-09,9.9.2.156,elasticsearch_os_load5,6.1
2023/4/12 18:23,1681295027,cc-cc408-hya,data-node-09,9.9.2.156,elasticsearch_os_load5,6
2023/4/12 18:24,1681295087,cc-cc408-hya,data-node-09,9.9.2.156,elasticsearch_os_load5,5.93
2023/4/12 18:25,1681295147,cc-cc408-hya,data-node-09,9.9.2.156,elasticsearch_os_load5,5.74
2023/4/12 18:26,1681295207,cc-cc408-hya,data-node-09,9.9.2.156,elasticsearch_os_load5,5.48
2023/4/12 18:27,1681295267,cc-cc408-hya,data-node-09,9.9.2.156,elasticsearch_os_load5,5.7
2023/4/12 18:28,1681295327,cc-cc408-hya,data-node-09,9.9.2.156,elasticsearch_os_load5,5.53
2023/4/12 18:29,1681295387,cc-cc408-hya,data-node-09,9.9.2.156,elasticsearch_os_load5,5.51
2023/4/12 18:30,1681295447,cc-cc408-hya,data-node-09,9.9.2.156,elasticsearch_os_load5,6.13
2023/4/12 18:31,1681295507,cc-cc408-hya,data-node-09,9.9.2.156,elasticsearch_os_load5,6.44
2023/4/12 18:32,1681295567,cc-cc408-hya,data-node-09,9.9.2.156,elasticsearch_os_load5,6.01
2023/4/12 18:33,1681295627,cc-cc408-hya,data-node-09,9.9.2.156,elasticsearch_os_load5,6.5
2023/4/12 18:34,1681295687,cc-cc408-hya,data-node-09,9.9.2.156,elasticsearch_os_load5,5.91
2023/4/12 18:35,1681295747,cc-cc408-hya,data-node-09,9.9.2.156,elasticsearch_os_load5,5.78
2023/4/12 18:36,1681295807,cc-cc408-hya,data-node-09,9.9.2.156,elasticsearch_os_load5,5.49
2023/4/12 18:37,1681295867,cc-cc408-hya,data-node-09,9.9.2.156,elasticsearch_os_load5,5.68
2023/4/12 18:38,1681295927,cc-cc408-hya,data-node-09,9.9.2.156,elasticsearch_os_load5,5.75
2023/4/12 18:39,1681295987,cc-cc408-hya,data-node-09,9.9.2.156,elasticsearch_os_load5,5.4
2023/4/12 18:40,1681296047,cc-cc408-hya,data-node-09,9.9.2.156,elasticsearch_os_load5,5.38
2023/4/12 18:41,1681296107,cc-cc408-hya,data-node-09,9.9.2.156,elasticsearch_os_load5,5.42
2023/4/12 18:42,1681296167,cc-cc408-hya,data-node-09,9.9.2.156,elasticsearch_os_load5,5.45
2023/4/12 18:43,1681296227,cc-cc408-hya,data-node-09,9.9.2.156,elasticsearch_os_load5,5.03
2023/4/12 18:44,1681296287,cc-cc408-hya,data-node-09,9.9.2.156,elasticsearch_os_load5,5.27
2023/4/12 18:45,1681296347,cc-cc408-hya,data-node-09,9.9.2.156,elasticsearch_os_load5,5.04
2023/4/12 18:46,1681296407,cc-cc408-hya,data-node-09,9.9.2.156,elasticsearch_os_load5,4.98
2023/4/12 18:47,1681296467,cc-cc408-hya,data-node-09,9.9.2.156,elasticsearch_os_load5,5
2023/4/12 18:48,1681296527,cc-cc408-hya,data-node-09,9.9.2.156,elasticsearch_os_load5,4.84
2023/4/12 18:49,1681296587,cc-cc408-hya,data-node-09,9.9.2.156,elasticsearch_os_load5,4.67
2023/4/12 18:50,1681296647,cc-cc408-hya,data-node-09,9.9.2.156,elasticsearch_os_load5,4.48
2023/4/12 18:51,1681296707,cc-cc408-hya,data-node-09,9.9.2.156,elasticsearch_os_load5,4.71
2023/4/12 18:52,1681296767,cc-cc408-hya,data-node-09,9.9.2.156,elasticsearch_os_load5,4.53
2023/4/12 18:53,1681296827,cc-cc408-hya,data-node-09,9.9.2.156,elasticsearch_os_load5,4.98
2023/4/12 18:54,1681296887,cc-cc408-hya,data-node-09,9.9.2.156,elasticsearch_os_load5,4.75
2023/4/12 18:55,1681296947,cc-cc408-hya,data-node-09,9.9.2.156,elasticsearch_os_load5,4.72
2023/4/12 18:56,1681297007,cc-cc408-hya,data-node-09,9.9.2.156,elasticsearch_os_load5,4.83
2023/4/12 18:57,1681297067,cc-cc408-hya,data-node-09,9.9.2.156,elasticsearch_os_load5,4.5
2023/4/12 18:58,1681297127,cc-cc408-hya,data-node-09,9.9.2.156,elasticsearch_os_load5,4.45
2023/4/12 18:59,1681297187,cc-cc408-hya,data-node-09,9.9.2.156,elasticsearch_os_load5,4.66
2023/4/12 19:00,1681297247,cc-cc408-hya,data-node-09,9.9.2.156,elasticsearch_os_load5,4.5
2023/4/12 19:01,1681297307,cc-cc408-hya,data-node-09,9.9.2.156,elasticsearch_os_load5,4.68
2023/4/12 19:02,1681297367,cc-cc408-hya,data-node-09,9.9.2.156,elasticsearch_os_load5,4.44
2023/4/12 19:03,1681297427,cc-cc408-hya,data-node-09,9.9.2.156,elasticsearch_os_load5,4.54
2023/4/12 19:04,1681297487,cc-cc408-hya,data-node-09,9.9.2.156,elasticsearch_os_load5,4.66
2023/4/12 19:05,1681297547,cc-cc408-hya,data-node-09,9.9.2.156,elasticsearch_os_load5,4.74
2023/4/12 19:06,1681297607,cc-cc408-hya,data-node-09,9.9.2.156,elasticsearch_os_load5,5.07
2023/4/12 19:07,1681297667,cc-cc408-hya,data-node-09,9.9.2.156,elasticsearch_os_load5,4.89
2023/4/12 19:08,1681297727,cc-cc408-hya,data-node-09,9.9.2.156,elasticsearch_os_load5,5.09
2023/4/12 19:09,1681297787,cc-cc408-hya,data-node-09,9.9.2.156,elasticsearch_os_load5,4.89
2023/4/12 19:10,1681297847,cc-cc408-hya,data-node-09,9.9.2.156,elasticsearch_os_load5,4.71
2023/4/12 19:11,1681297907,cc-cc408-hya,data-node-09,9.9.2.156,elasticsearch_os_load5,4.58
2023/4/12 19:12,1681297967,cc-cc408-hya,data-node-09,9.9.2.156,elasticsearch_os_load5,4.27
2023/4/12 19:13,1681298027,cc-cc408-hya,data-node-09,9.9.2.156,elasticsearch_os_load5,4.3
2023/4/12 19:14,1681298087,cc-cc408-hya,data-node-09,9.9.2.156,elasticsearch_os_load5,4.34
2023/4/12 19:15,1681298147,cc-cc408-hya,data-node-09,9.9.2.156,elasticsearch_os_load5,4.18
2023/4/12 19:16,1681298207,cc-cc408-hya,data-node-09,9.9.2.156,elasticsearch_os_load5,4.34
2023/4/12 19:17,1681298267,cc-cc408-hya,data-node-09,9.9.2.156,elasticsearch_os_load5,4.21
2023/4/12 19:18,1681298327,cc-cc408-hya,data-node-09,9.9.2.156,elasticsearch_os_load5,4.22
2023/4/12 19:19,1681298387,cc-cc408-hya,data-node-09,9.9.2.156,elasticsearch_os_load5,4.57
2023/4/12 19:20,1681298447,cc-cc408-hya,data-node-09,9.9.2.156,elasticsearch_os_load5,4.5
2023/4/12 19:21,1681298507,cc-cc408-hya,data-node-09,9.9.2.156,elasticsearch_os_load5,4.65
2023/4/12 19:22,1681298567,cc-cc408-hya,data-node-09,9.9.2.156,elasticsearch_os_load5,4.54
2023/4/12 19:23,1681298627,cc-cc408-hya,data-node-09,9.9.2.156,elasticsearch_os_load5,4.43
2023/4/12 19:24,1681298687,cc-cc408-hya,data-node-09,9.9.2.156,elasticsearch_os_load5,4.12
2023/4/12 19:25,1681298747,cc-cc408-hya,data-node-09,9.9.2.156,elasticsearch_os_load5,3.91
2023/4/12 19:26,1681298807,cc-cc408-hya,data-node-09,9.9.2.156,elasticsearch_os_load5,4
2023/4/12 19:27,1681298867,cc-cc408-hya,data-node-09,9.9.2.156,elasticsearch_os_load5,4.36
2023/4/12 19:28,1681298927,cc-cc408-hya,data-node-09,9.9.2.156,elasticsearch_os_load5,4.26
2023/4/12 19:29,1681298987,cc-cc408-hya,data-node-09,9.9.2.156,elasticsearch_os_load5,4.24
2023/4/12 19:30,1681299047,cc-cc408-hya,data-node-09,9.9.2.156,elasticsearch_os_load5,4.37
2023/4/12 19:31,1681299107,cc-cc408-hya,data-node-09,9.9.2.156,elasticsearch_os_load5,4.44
2023/4/12 19:32,1681299167,cc-cc408-hya,data-node-09,9.9.2.156,elasticsearch_os_load5,4.24
2023/4/12 19:33,1681299227,cc-cc408-hya,data-node-09,9.9.2.156,elasticsearch_os_load5,4.43
2023/4/12 19:34,1681299287,cc-cc408-hya,data-node-09,9.9.2.156,elasticsearch_os_load5,4.28
2023/4/12 19:35,1681299347,cc-cc408-hya,data-node-09,9.9.2.156,elasticsearch_os_load5,4.41
2023/4/12 19:36,1681299407,cc-cc408-hya,data-node-09,9.9.2.156,elasticsearch_os_load5,4.28
2023/4/12 19:37,1681299467,cc-cc408-hya,data-node-09,9.9.2.156,elasticsearch_os_load5,4.06
2023/4/12 19:38,1681299527,cc-cc408-hya,data-node-09,9.9.2.156,elasticsearch_os_load5,3.9
2023/4/12 19:39,1681299587,cc-cc408-hya,data-node-09,9.9.2.156,elasticsearch_os_load5,3.81
2023/4/12 19:40,1681299647,cc-cc408-hya,data-node-09,9.9.2.156,elasticsearch_os_load5,3.48
2023/4/12 19:41,1681299707,cc-cc408-hya,data-node-09,9.9.2.156,elasticsearch_os_load5,3.57
2023/4/12 19:42,1681299767,cc-cc408-hya,data-node-09,9.9.2.156,elasticsearch_os_load5,3.32
2023/4/12 19:43,1681299827,cc-cc408-hya,data-node-09,9.9.2.156,elasticsearch_os_load5,3.52
2023/4/12 19:44,1681299887,cc-cc408-hya,data-node-09,9.9.2.156,elasticsearch_os_load5,3.73
2023/4/12 19:45,1681299947,cc-cc408-hya,data-node-09,9.9.2.156,elasticsearch_os_load5,3.55
2023/4/12 19:46,1681300007,cc-cc408-hya,data-node-09,9.9.2.156,elasticsearch_os_load5,3.43
2023/4/12 19:47,1681300067,cc-cc408-hya,data-node-09,9.9.2.156,elasticsearch_os_load5,3.36
2023/4/12 19:48,1681300127,cc-cc408-hya,data-node-09,9.9.2.156,elasticsearch_os_load5,3.37
2023/4/12 19:49,1681300187,cc-cc408-hya,data-node-09,9.9.2.156,elasticsearch_os_load5,3.28
2023/4/12 19:50,1681300247,cc-cc408-hya,data-node-09,9.9.2.156,elasticsearch_os_load5,3.25
2023/4/12 19:51,1681300307,cc-cc408-hya,data-node-09,9.9.2.156,elasticsearch_os_load5,3.13
2023/4/12 19:52,1681300367,cc-cc408-hya,data-node-09,9.9.2.156,elasticsearch_os_load5,3.21
2023/4/12 19:53,1681300427,cc-cc408-hya,data-node-09,9.9.2.156,elasticsearch_os_load5,3.12
2023/4/12 19:54,1681300487,cc-cc408-hya,data-node-09,9.9.2.156,elasticsearch_os_load5,3.18
2023/4/12 19:55,1681300547,cc-cc408-hya,data-node-09,9.9.2.156,elasticsearch_os_load5,3.02
2023/4/12 19:56,1681300607,cc-cc408-hya,data-node-09,9.9.2.156,elasticsearch_os_load5,2.73
2023/4/12 19:57,1681300667,cc-cc408-hya,data-node-09,9.9.2.156,elasticsearch_os_load5,2.69
2023/4/12 19:58,1681300727,cc-cc408-hya,data-node-09,9.9.2.156,elasticsearch_os_load5,2.6
2023/4/12 19:59,1681300787,cc-cc408-hya,data-node-09,9.9.2.156,elasticsearch_os_load5,2.64
2023/4/12 20:00,1681300847,cc-cc408-hya,data-node-09,9.9.2.156,elasticsearch_os_load5,2.48
2023/4/12 20:01,1681300907,cc-cc408-hya,data-node-09,9.9.2.156,elasticsearch_os_load5,2.44
2023/4/12 20:02,1681300967,cc-cc408-hya,data-node-09,9.9.2.156,elasticsearch_os_load5,2.91
2023/4/12 20:03,1681301027,cc-cc408-hya,data-node-09,9.9.2.156,elasticsearch_os_load5,2.93
2023/4/12 20:04,1681301087,cc-cc408-hya,data-node-09,9.9.2.156,elasticsearch_os_load5,2.75
2023/4/12 20:05,1681301147,cc-cc408-hya,data-node-09,9.9.2.156,elasticsearch_os_load5,2.59
2023/4/12 20:06,1681301207,cc-cc408-hya,data-node-09,9.9.2.156,elasticsearch_os_load5,2.45
2023/4/12 20:07,1681301267,cc-cc408-hya,data-node-09,9.9.2.156,elasticsearch_os_load5,2.5
2023/4/12 20:08,1681301327,cc-cc408-hya,data-node-09,9.9.2.156,elasticsearch_os_load5,2.44
2023/4/12 20:09,1681301387,cc-cc408-hya,data-node-09,9.9.2.156,elasticsearch_os_load5,2.34
2023/4/12 20:10,1681301447,cc-cc408-hya,data-node-09,9.9.2.156,elasticsearch_os_load5,2.24
2023/4/12 20:11,1681301507,cc-cc408-hya,data-node-09,9.9.2.156,elasticsearch_os_load5,2.38
2023/4/12 20:12,1681301567,cc-cc408-hya,data-node-09,9.9.2.156,elasticsearch_os_load5,2.45
2023/4/12 20:13,1681301627,cc-cc408-hya,data-node-09,9.9.2.156,elasticsearch_os_load5,2.6
2023/4/12 20:14,1681301687,cc-cc408-hya,data-node-09,9.9.2.156,elasticsearch_os_load5,2.45
2023/4/12 20:15,1681301747,cc-cc408-hya,data-node-09,9.9.2.156,elasticsearch_os_load5,2.41
2023/4/12 20:16,1681301807,cc-cc408-hya,data-node-09,9.9.2.156,elasticsearch_os_load5,2.4
2023/4/12 20:17,1681301867,cc-cc408-hya,data-node-09,9.9.2.156,elasticsearch_os_load5,2.32
2023/4/12 20:18,1681301927,cc-cc408-hya,data-node-09,9.9.2.156,elasticsearch_os_load5,2.26
2023/4/12 20:19,1681301987,cc-cc408-hya,data-node-09,9.9.2.156,elasticsearch_os_load5,2.17
2023/4/12 20:20,1681302047,cc-cc408-hya,data-node-09,9.9.2.156,elasticsearch_os_load5,2
2023/4/12 20:21,1681302107,cc-cc408-hya,data-node-09,9.9.2.156,elasticsearch_os_load5,1.9
2023/4/12 20:22,1681302167,cc-cc408-hya,data-node-09,9.9.2.156,elasticsearch_os_load5,1.72
2023/4/12 20:23,1681302227,cc-cc408-hya,data-node-09,9.9.2.156,elasticsearch_os_load5,1.77
2023/4/12 20:24,1681302287,cc-cc408-hya,data-node-09,9.9.2.156,elasticsearch_os_load5,1.76
2023/4/12 20:25,1681302347,cc-cc408-hya,data-node-09,9.9.2.156,elasticsearch_os_load5,1.68
2023/4/12 20:26,1681302407,cc-cc408-hya,data-node-09,9.9.2.156,elasticsearch_os_load5,1.76
2023/4/12 20:27,1681302467,cc-cc408-hya,data-node-09,9.9.2.156,elasticsearch_os_load5,1.62
2023/4/12 20:28,1681302527,cc-cc408-hya,data-node-09,9.9.2.156,elasticsearch_os_load5,1.71
2023/4/12 20:29,1681302587,cc-cc408-hya,data-node-09,9.9.2.156,elasticsearch_os_load5,1.81
2023/4/12 20:30,1681302647,cc-cc408-hya,data-node-09,9.9.2.156,elasticsearch_os_load5,2.24
2023/4/12 20:31,1681302707,cc-cc408-hya,data-node-09,9.9.2.156,elasticsearch_os_load5,2.28
2023/4/12 20:32,1681302767,cc-cc408-hya,data-node-09,9.9.2.156,elasticsearch_os_load5,2.16
2023/4/12 20:33,1681302827,cc-cc408-hya,data-node-09,9.9.2.156,elasticsearch_os_load5,2.16
2023/4/12 20:34,1681302887,cc-cc408-hya,data-node-09,9.9.2.156,elasticsearch_os_load5,1.92
2023/4/12 20:35,1681302947,cc-cc408-hya,data-node-09,9.9.2.156,elasticsearch_os_load5,1.65
2023/4/12 20:36,1681303007,cc-cc408-hya,data-node-09,9.9.2.156,elasticsearch_os_load5,1.61
2023/4/12 20:37,1681303067,cc-cc408-hya,data-node-09,9.9.2.156,elasticsearch_os_load5,1.43
2023/4/12 20:38,1681303127,cc-cc408-hya,data-node-09,9.9.2.156,elasticsearch_os_load5,1.29
2023/4/12 20:39,1681303187,cc-cc408-hya,data-node-09,9.9.2.156,elasticsearch_os_load5,1.17
2023/4/12 20:40,1681303247,cc-cc408-hya,data-node-09,9.9.2.156,elasticsearch_os_load5,1.13
2023/4/12 20:41,1681303307,cc-cc408-hya,data-node-09,9.9.2.156,elasticsearch_os_load5,1.13
2023/4/12 20:42,1681303367,cc-cc408-hya,data-node-09,9.9.2.156,elasticsearch_os_load5,1.19
2023/4/12 20:43,1681303427,cc-cc408-hya,data-node-09,9.9.2.156,elasticsearch_os_load5,1.5
2023/4/12 20:44,1681303487,cc-cc408-hya,data-node-09,9.9.2.156,elasticsearch_os_load5,1.5
2023/4/12 20:45,1681303547,cc-cc408-hya,data-node-09,9.9.2.156,elasticsearch_os_load5,1.4
2023/4/12 20:46,1681303607,cc-cc408-hya,data-node-09,9.9.2.156,elasticsearch_os_load5,1.42
2023/4/12 20:47,1681303667,cc-cc408-hya,data-node-09,9.9.2.156,elasticsearch_os_load5,1.31
2023/4/12 20:48,1681303727,cc-cc408-hya,data-node-09,9.9.2.156,elasticsearch_os_load5,1.38
2023/4/12 20:49,1681303787,cc-cc408-hya,data-node-09,9.9.2.156,elasticsearch_os_load5,1.39
2023/4/12 20:50,1681303847,cc-cc408-hya,data-node-09,9.9.2.156,elasticsearch_os_load5,1.38
2023/4/12 20:51,1681303907,cc-cc408-hya,data-node-09,9.9.2.156,elasticsearch_os_load5,1.27
2023/4/12 20:52,1681303967,cc-cc408-hya,data-node-09,9.9.2.156,elasticsearch_os_load5,1.28
2023/4/12 20:53,1681304027,cc-cc408-hya,data-node-09,9.9.2.156,elasticsearch_os_load5,1.16
2023/4/12 20:54,1681304087,cc-cc408-hya,data-node-09,9.9.2.156,elasticsearch_os_load5,1.08
2023/4/12 20:55,1681304147,cc-cc408-hya,data-node-09,9.9.2.156,elasticsearch_os_load5,1.03
2023/4/12 20:56,1681304207,cc-cc408-hya,data-node-09,9.9.2.156,elasticsearch_os_load5,1.04
2023/4/12 20:57,1681304267,cc-cc408-hya,data-node-09,9.9.2.156,elasticsearch_os_load5,0.97
2023/4/12 20:58,1681304327,cc-cc408-hya,data-node-09,9.9.2.156,elasticsearch_os_load5,0.93
2023/4/12 20:59,1681304387,cc-cc408-hya,data-node-09,9.9.2.156,elasticsearch_os_load5,1.04
2023/4/12 21:00,1681304447,cc-cc408-hya,data-node-09,9.9.2.156,elasticsearch_os_load5,1.03
2023/4/12 21:01,1681304507,cc-cc408-hya,data-node-09,9.9.2.156,elasticsearch_os_load5,1.02
2023/4/12 21:02,1681304567,cc-cc408-hya,data-node-09,9.9.2.156,elasticsearch_os_load5,1.05
2023/4/12 21:03,1681304627,cc-cc408-hya,data-node-09,9.9.2.156,elasticsearch_os_load5,1.13
2023/4/12 21:04,1681304687,cc-cc408-hya,data-node-09,9.9.2.156,elasticsearch_os_load5,1.04
2023/4/12 21:05,1681304747,cc-cc408-hya,data-node-09,9.9.2.156,elasticsearch_os_load5,1.04
2023/4/12 21:06,1681304807,cc-cc408-hya,data-node-09,9.9.2.156,elasticsearch_os_load5,1.14
2023/4/12 21:07,1681304867,cc-cc408-hya,data-node-09,9.9.2.156,elasticsearch_os_load5,1.28
2023/4/12 21:08,1681304927,cc-cc408-hya,data-node-09,9.9.2.156,elasticsearch_os_load5,1.27
2023/4/12 21:09,1681304987,cc-cc408-hya,data-node-09,9.9.2.156,elasticsearch_os_load5,1.24
2023/4/12 21:10,1681305047,cc-cc408-hya,data-node-09,9.9.2.156,elasticsearch_os_load5,1.2
2023/4/12 21:11,1681305107,cc-cc408-hya,data-node-09,9.9.2.156,elasticsearch_os_load5,1.44
2023/4/12 21:12,1681305167,cc-cc408-hya,data-node-09,9.9.2.156,elasticsearch_os_load5,1.55
2023/4/12 21:13,1681305227,cc-cc408-hya,data-node-09,9.9.2.156,elasticsearch_os_load5,1.64
2023/4/12 21:14,1681305287,cc-cc408-hya,data-node-09,9.9.2.156,elasticsearch_os_load5,1.47
2023/4/12 21:15,1681305347,cc-cc408-hya,data-node-09,9.9.2.156,elasticsearch_os_load5,1.44
2023/4/12 21:16,1681305407,cc-cc408-hya,data-node-09,9.9.2.156,elasticsearch_os_load5,1.4
2023/4/12 21:17,1681305467,cc-cc408-hya,data-node-09,9.9.2.156,elasticsearch_os_load5,1.29
2023/4/12 21:18,1681305527,cc-cc408-hya,data-node-09,9.9.2.156,elasticsearch_os_load5,1.23
2023/4/12 21:19,1681305587,cc-cc408-hya,data-node-09,9.9.2.156,elasticsearch_os_load5,1.16
2023/4/12 21:20,1681305647,cc-cc408-hya,data-node-09,9.9.2.156,elasticsearch_os_load5,1.11
2023/4/12 21:21,1681305707,cc-cc408-hya,data-node-09,9.9.2.156,elasticsearch_os_load5,1.03
2023/4/12 21:22,1681305767,cc-cc408-hya,data-node-09,9.9.2.156,elasticsearch_os_load5,1.04
2023/4/12 21:23,1681305827,cc-cc408-hya,data-node-09,9.9.2.156,elasticsearch_os_load5,1.04
2023/4/12 21:24,1681305887,cc-cc408-hya,data-node-09,9.9.2.156,elasticsearch_os_load5,1.09
2023/4/12 21:25,1681305947,cc-cc408-hya,data-node-09,9.9.2.156,elasticsearch_os_load5,1.12
2023/4/12 21:26,1681306007,cc-cc408-hya,data-node-09,9.9.2.156,elasticsearch_os_load5,1.26
2023/4/12 21:27,1681306067,cc-cc408-hya,data-node-09,9.9.2.156,elasticsearch_os_load5,1.21
2023/4/12 21:28,1681306127,cc-cc408-hya,data-node-09,9.9.2.156,elasticsearch_os_load5,1.18
2023/4/12 21:29,1681306187,cc-cc408-hya,data-node-09,9.9.2.156,elasticsearch_os_load5,1.18
2023/4/12 21:30,1681306247,cc-cc408-hya,data-node-09,9.9.2.156,elasticsearch_os_load5,1.04
2023/4/12 21:31,1681306307,cc-cc408-hya,data-node-09,9.9.2.156,elasticsearch_os_load5,1.01
2023/4/12 21:32,1681306367,cc-cc408-hya,data-node-09,9.9.2.156,elasticsearch_os_load5,1.01
2023/4/12 21:33,1681306427,cc-cc408-hya,data-node-09,9.9.2.156,elasticsearch_os_load5,1.07
2023/4/12 21:34,1681306487,cc-cc408-hya,data-node-09,9.9.2.156,elasticsearch_os_load5,1.15
2023/4/12 21:35,1681306547,cc-cc408-hya,data-node-09,9.9.2.156,elasticsearch_os_load5,1.15
2023/4/12 21:36,1681306607,cc-cc408-hya,data-node-09,9.9.2.156,elasticsearch_os_load5,1.06
2023/4/12 21:37,1681306667,cc-cc408-hya,data-node-09,9.9.2.156,elasticsearch_os_load5,0.95
2023/4/12 21:38,1681306727,cc-cc408-hya,data-node-09,9.9.2.156,elasticsearch_os_load5,0.94
2023/4/12 21:39,1681306787,cc-cc408-hya,data-node-09,9.9.2.156,elasticsearch_os_load5,0.95
2023/4/12 21:40,1681306847,cc-cc408-hya,data-node-09,9.9.2.156,elasticsearch_os_load5,0.9
2023/4/12 21:41,1681306907,cc-cc408-hya,data-node-09,9.9.2.156,elasticsearch_os_load5,0.88
2023/4/12 21:42,1681306967,cc-cc408-hya,data-node-09,9.9.2.156,elasticsearch_os_load5,0.98
2023/4/12 21:43,1681307027,cc-cc408-hya,data-node-09,9.9.2.156,elasticsearch_os_load5,0.86
2023/4/12 21:44,1681307087,cc-cc408-hya,data-node-09,9.9.2.156,elasticsearch_os_load5,0.78
2023/4/12 21:45,1681307147,cc-cc408-hya,data-node-09,9.9.2.156,elasticsearch_os_load5,0.75
2023/4/12 21:46,1681307207,cc-cc408-hya,data-node-09,9.9.2.156,elasticsearch_os_load5,0.86
2023/4/12 21:47,1681307267,cc-cc408-hya,data-node-09,9.9.2.156,elasticsearch_os_load5,0.77
2023/4/12 21:48,1681307327,cc-cc408-hya,data-node-09,9.9.2.156,elasticsearch_os_load5,0.83
2023/4/12 21:49,1681307387,cc-cc408-hya,data-node-09,9.9.2.156,elasticsearch_os_load5,0.9
2023/4/12 21:50,1681307447,cc-cc408-hya,data-node-09,9.9.2.156,elasticsearch_os_load5,0.84
2023/4/12 21:51,1681307507,cc-cc408-hya,data-node-09,9.9.2.156,elasticsearch_os_load5,0.95
2023/4/12 21:52,1681307567,cc-cc408-hya,data-node-09,9.9.2.156,elasticsearch_os_load5,1.08
2023/4/12 21:53,1681307627,cc-cc408-hya,data-node-09,9.9.2.156,elasticsearch_os_load5,1.07
2023/4/12 21:54,1681307687,cc-cc408-hya,data-node-09,9.9.2.156,elasticsearch_os_load5,1.32
2023/4/12 21:55,1681307747,cc-cc408-hya,data-node-09,9.9.2.156,elasticsearch_os_load5,1.19
2023/4/12 21:56,1681307807,cc-cc408-hya,data-node-09,9.9.2.156,elasticsearch_os_load5,1.14
2023/4/12 21:57,1681307867,cc-cc408-hya,data-node-09,9.9.2.156,elasticsearch_os_load5,1.21
2023/4/12 21:58,1681307927,cc-cc408-hya,data-node-09,9.9.2.156,elasticsearch_os_load5,1.26
2023/4/12 21:59,1681307987,cc-cc408-hya,data-node-09,9.9.2.156,elasticsearch_os_load5,1.14
2023/4/12 22:00,1681308047,cc-cc408-hya,data-node-09,9.9.2.156,elasticsearch_os_load5,1.07
2023/4/12 22:01,1681308107,cc-cc408-hya,data-node-09,9.9.2.156,elasticsearch_os_load5,0.99
2023/4/12 22:02,1681308167,cc-cc408-hya,data-node-09,9.9.2.156,elasticsearch_os_load5,0.92
2023/4/12 22:03,1681308227,cc-cc408-hya,data-node-09,9.9.2.156,elasticsearch_os_load5,0.8
2023/4/12 22:04,1681308287,cc-cc408-hya,data-node-09,9.9.2.156,elasticsearch_os_load5,0.95
2023/4/12 22:05,1681308347,cc-cc408-hya,data-node-09,9.9.2.156,elasticsearch_os_load5,0.82
2023/4/12 22:06,1681308407,cc-cc408-hya,data-node-09,9.9.2.156,elasticsearch_os_load5,1.39
2023/4/12 22:07,1681308467,cc-cc408-hya,data-node-09,9.9.2.156,elasticsearch_os_load5,1.4
2023/4/12 22:08,1681308527,cc-cc408-hya,data-node-09,9.9.2.156,elasticsearch_os_load5,1.25
2023/4/12 22:09,1681308587,cc-cc408-hya,data-node-09,9.9.2.156,elasticsearch_os_load5,1.17
2023/4/12 22:10,1681308647,cc-cc408-hya,data-node-09,9.9.2.156,elasticsearch_os_load5,1.18
2023/4/12 22:11,1681308707,cc-cc408-hya,data-node-09,9.9.2.156,elasticsearch_os_load5,1.18
2023/4/12 22:12,1681308767,cc-cc408-hya,data-node-09,9.9.2.156,elasticsearch_os_load5,1.19
2023/4/12 22:13,1681308827,cc-cc408-hya,data-node-09,9.9.2.156,elasticsearch_os_load5,1.18
2023/4/12 22:14,1681308887,cc-cc408-hya,data-node-09,9.9.2.156,elasticsearch_os_load5,1.12
2023/4/12 22:15,1681308947,cc-cc408-hya,data-node-09,9.9.2.156,elasticsearch_os_load5,1.06
2023/4/12 22:16,1681309007,cc-cc408-hya,data-node-09,9.9.2.156,elasticsearch_os_load5,1.11
2023/4/12 22:17,1681309067,cc-cc408-hya,data-node-09,9.9.2.156,elasticsearch_os_load5,0.96
2023/4/12 22:18,1681309127,cc-cc408-hya,data-node-09,9.9.2.156,elasticsearch_os_load5,1.04
2023/4/12 22:19,1681309187,cc-cc408-hya,data-node-09,9.9.2.156,elasticsearch_os_load5,1.05
2023/4/12 22:20,1681309247,cc-cc408-hya,data-node-09,9.9.2.156,elasticsearch_os_load5,1.13
2023/4/12 22:21,1681309307,cc-cc408-hya,data-node-09,9.9.2.156,elasticsearch_os_load5,1
2023/4/12 22:22,1681309367,cc-cc408-hya,data-node-09,9.9.2.156,elasticsearch_os_load5,0.91
2023/4/12 22:23,1681309427,cc-cc408-hya,data-node-09,9.9.2.156,elasticsearch_os_load5,0.85
2023/4/12 22:24,1681309487,cc-cc408-hya,data-node-09,9.9.2.156,elasticsearch_os_load5,0.88
2023/4/12 22:25,1681309547,cc-cc408-hya,data-node-09,9.9.2.156,elasticsearch_os_load5,0.96
2023/4/12 22:26,1681309607,cc-cc408-hya,data-node-09,9.9.2.156,elasticsearch_os_load5,1.11
2023/4/12 22:27,1681309667,cc-cc408-hya,data-node-09,9.9.2.156,elasticsearch_os_load5,1.02
2023/4/12 22:28,1681309727,cc-cc408-hya,data-node-09,9.9.2.156,elasticsearch_os_load5,1.1
2023/4/12 22:29,1681309787,cc-cc408-hya,data-node-09,9.9.2.156,elasticsearch_os_load5,1.21
2023/4/12 22:30,1681309847,cc-cc408-hya,data-node-09,9.9.2.156,elasticsearch_os_load5,1.38
2023/4/12 22:31,1681309907,cc-cc408-hya,data-node-09,9.9.2.156,elasticsearch_os_load5,1.36
2023/4/12 22:32,1681309967,cc-cc408-hya,data-node-09,9.9.2.156,elasticsearch_os_load5,1.19
2023/4/12 22:33,1681310027,cc-cc408-hya,data-node-09,9.9.2.156,elasticsearch_os_load5,1.13
2023/4/12 22:34,1681310087,cc-cc408-hya,data-node-09,9.9.2.156,elasticsearch_os_load5,1.19
2023/4/12 22:35,1681310147,cc-cc408-hya,data-node-09,9.9.2.156,elasticsearch_os_load5,1.23
2023/4/12 22:36,1681310207,cc-cc408-hya,data-node-09,9.9.2.156,elasticsearch_os_load5,1.47
2023/4/12 22:37,1681310267,cc-cc408-hya,data-node-09,9.9.2.156,elasticsearch_os_load5,1.48
2023/4/12 22:38,1681310327,cc-cc408-hya,data-node-09,9.9.2.156,elasticsearch_os_load5,1.48
2023/4/12 22:39,1681310387,cc-cc408-hya,data-node-09,9.9.2.156,elasticsearch_os_load5,1.57
2023/4/12 22:40,1681310447,cc-cc408-hya,data-node-09,9.9.2.156,elasticsearch_os_load5,1.39
2023/4/12 22:41,1681310507,cc-cc408-hya,data-node-09,9.9.2.156,elasticsearch_os_load5,1.29
2023/4/12 22:42,1681310567,cc-cc408-hya,data-node-09,9.9.2.156,elasticsearch_os_load5,1.17
2023/4/12 22:43,1681310627,cc-cc408-hya,data-node-09,9.9.2.156,elasticsearch_os_load5,1.14
2023/4/12 22:44,1681310687,cc-cc408-hya,data-node-09,9.9.2.156,elasticsearch_os_load5,1
2023/4/12 22:45,1681310747,cc-cc408-hya,data-node-09,9.9.2.156,elasticsearch_os_load5,0.93
2023/4/12 22:46,1681310807,cc-cc408-hya,data-node-09,9.9.2.156,elasticsearch_os_load5,0.99
2023/4/12 22:47,1681310867,cc-cc408-hya,data-node-09,9.9.2.156,elasticsearch_os_load5,0.88
2023/4/12 22:48,1681310927,cc-cc408-hya,data-node-09,9.9.2.156,elasticsearch_os_load5,0.99
2023/4/12 22:49,1681310987,cc-cc408-hya,data-node-09,9.9.2.156,elasticsearch_os_load5,1
2023/4/12 22:50,1681311047,cc-cc408-hya,data-node-09,9.9.2.156,elasticsearch_os_load5,0.99
2023/4/12 22:51,1681311107,cc-cc408-hya,data-node-09,9.9.2.156,elasticsearch_os_load5,0.98
2023/4/12 22:52,1681311167,cc-cc408-hya,data-node-09,9.9.2.156,elasticsearch_os_load5,0.97
2023/4/12 22:53,1681311227,cc-cc408-hya,data-node-09,9.9.2.156,elasticsearch_os_load5,0.99
2023/4/12 22:54,1681311287,cc-cc408-hya,data-node-09,9.9.2.156,elasticsearch_os_load5,0.96
2023/4/12 22:55,1681311347,cc-cc408-hya,data-node-09,9.9.2.156,elasticsearch_os_load5,1.03
2023/4/12 22:56,1681311407,cc-cc408-hya,data-node-09,9.9.2.156,elasticsearch_os_load5,1.01
2023/4/12 22:57,1681311467,cc-cc408-hya,data-node-09,9.9.2.156,elasticsearch_os_load5,0.95
2023/4/12 22:58,1681311527,cc-cc408-hya,data-node-09,9.9.2.156,elasticsearch_os_load5,0.89
2023/4/12 22:59,1681311587,cc-cc408-hya,data-node-09,9.9.2.156,elasticsearch_os_load5,0.86
2023/4/12 23:00,1681311647,cc-cc408-hya,data-node-09,9.9.2.156,elasticsearch_os_load5,0.89
2023/4/12 23:01,1681311707,cc-cc408-hya,data-node-09,9.9.2.156,elasticsearch_os_load5,0.91
2023/4/12 23:02,1681311767,cc-cc408-hya,data-node-09,9.9.2.156,elasticsearch_os_load5,0.89
2023/4/12 23:03,1681311827,cc-cc408-hya,data-node-09,9.9.2.156,elasticsearch_os_load5,0.91
2023/4/12 23:04,1681311887,cc-cc408-hya,data-node-09,9.9.2.156,elasticsearch_os_load5,0.87
2023/4/12 23:05,1681311947,cc-cc408-hya,data-node-09,9.9.2.156,elasticsearch_os_load5,0.77
2023/4/12 23:06,1681312007,cc-cc408-hya,data-node-09,9.9.2.156,elasticsearch_os_load5,0.7
2023/4/12 23:07,1681312067,cc-cc408-hya,data-node-09,9.9.2.156,elasticsearch_os_load5,0.64
2023/4/12 23:08,1681312127,cc-cc408-hya,data-node-09,9.9.2.156,elasticsearch_os_load5,0.76
2023/4/12 23:09,1681312187,cc-cc408-hya,data-node-09,9.9.2.156,elasticsearch_os_load5,0.71
2023/4/12 23:10,1681312247,cc-cc408-hya,data-node-09,9.9.2.156,elasticsearch_os_load5,0.74
2023/4/12 23:11,1681312307,cc-cc408-hya,data-node-09,9.9.2.156,elasticsearch_os_load5,0.94
2023/4/12 23:12,1681312367,cc-cc408-hya,data-node-09,9.9.2.156,elasticsearch_os_load5,1.06
2023/4/12 23:13,1681312427,cc-cc408-hya,data-node-09,9.9.2.156,elasticsearch_os_load5,0.99
2023/4/12 23:14,1681312487,cc-cc408-hya,data-node-09,9.9.2.156,elasticsearch_os_load5,1.14
2023/4/12 23:15,1681312547,cc-cc408-hya,data-node-09,9.9.2.156,elasticsearch_os_load5,1.11
2023/4/12 23:16,1681312607,cc-cc408-hya,data-node-09,9.9.2.156,elasticsearch_os_load5,1.07
2023/4/12 23:17,1681312667,cc-cc408-hya,data-node-09,9.9.2.156,elasticsearch_os_load5,1
2023/4/12 23:18,1681312727,cc-cc408-hya,data-node-09,9.9.2.156,elasticsearch_os_load5,1.04
2023/4/12 23:19,1681312787,cc-cc408-hya,data-node-09,9.9.2.156,elasticsearch_os_load5,1.26
2023/4/12 23:20,1681312847,cc-cc408-hya,data-node-09,9.9.2.156,elasticsearch_os_load5,1.5
2023/4/12 23:21,1681312907,cc-cc408-hya,data-node-09,9.9.2.156,elasticsearch_os_load5,1.47
2023/4/12 23:22,1681312967,cc-cc408-hya,data-node-09,9.9.2.156,elasticsearch_os_load5,1.3
2023/4/12 23:23,1681313027,cc-cc408-hya,data-node-09,9.9.2.156,elasticsearch_os_load5,1.23
2023/4/12 23:24,1681313087,cc-cc408-hya,data-node-09,9.9.2.156,elasticsearch_os_load5,1.22
2023/4/12 23:25,1681313147,cc-cc408-hya,data-node-09,9.9.2.156,elasticsearch_os_load5,1.36
2023/4/12 23:26,1681313207,cc-cc408-hya,data-node-09,9.9.2.156,elasticsearch_os_load5,1.3
2023/4/12 23:27,1681313267,cc-cc408-hya,data-node-09,9.9.2.156,elasticsearch_os_load5,1.44
2023/4/12 23:28,1681313327,cc-cc408-hya,data-node-09,9.9.2.156,elasticsearch_os_load5,1.65
2023/4/12 23:29,1681313387,cc-cc408-hya,data-node-09,9.9.2.156,elasticsearch_os_load5,1.6
2023/4/12 23:30,1681313447,cc-cc408-hya,data-node-09,9.9.2.156,elasticsearch_os_load5,1.68
2023/4/12 23:31,1681313507,cc-cc408-hya,data-node-09,9.9.2.156,elasticsearch_os_load5,1.78
2023/4/12 23:32,1681313567,cc-cc408-hya,data-node-09,9.9.2.156,elasticsearch_os_load5,1.69
2023/4/12 23:33,1681313627,cc-cc408-hya,data-node-09,9.9.2.156,elasticsearch_os_load5,1.63
2023/4/12 23:34,1681313687,cc-cc408-hya,data-node-09,9.9.2.156,elasticsearch_os_load5,1.45
2023/4/12 23:35,1681313747,cc-cc408-hya,data-node-09,9.9.2.156,elasticsearch_os_load5,1.34
2023/4/12 23:36,1681313807,cc-cc408-hya,data-node-09,9.9.2.156,elasticsearch_os_load5,1.25
2023/4/12 23:37,1681313867,cc-cc408-hya,data-node-09,9.9.2.156,elasticsearch_os_load5,1.15
2023/4/12 23:38,1681313927,cc-cc408-hya,data-node-09,9.9.2.156,elasticsearch_os_load5,1.16
2023/4/12 23:39,1681313987,cc-cc408-hya,data-node-09,9.9.2.156,elasticsearch_os_load5,1.04
2023/4/12 23:40,1681314047,cc-cc408-hya,data-node-09,9.9.2.156,elasticsearch_os_load5,1.03
2023/4/12 23:41,1681314107,cc-cc408-hya,data-node-09,9.9.2.156,elasticsearch_os_load5,0.95
2023/4/12 23:42,1681314167,cc-cc408-hya,data-node-09,9.9.2.156,elasticsearch_os_load5,0.92
2023/4/12 23:43,1681314227,cc-cc408-hya,data-node-09,9.9.2.156,elasticsearch_os_load5,0.79
2023/4/12 23:44,1681314287,cc-cc408-hya,data-node-09,9.9.2.156,elasticsearch_os_load5,0.72
2023/4/12 23:45,1681314347,cc-cc408-hya,data-node-09,9.9.2.156,elasticsearch_os_load5,0.79
2023/4/12 23:46,1681314407,cc-cc408-hya,data-node-09,9.9.2.156,elasticsearch_os_load5,0.7
2023/4/12 23:47,1681314467,cc-cc408-hya,data-node-09,9.9.2.156,elasticsearch_os_load5,0.7
2023/4/12 23:48,1681314527,cc-cc408-hya,data-node-09,9.9.2.156,elasticsearch_os_load5,0.66
2023/4/12 23:49,1681314587,cc-cc408-hya,data-node-09,9.9.2.156,elasticsearch_os_load5,0.62
2023/4/12 23:50,1681314647,cc-cc408-hya,data-node-09,9.9.2.156,elasticsearch_os_load5,0.58
2023/4/12 23:51,1681314707,cc-cc408-hya,data-node-09,9.9.2.156,elasticsearch_os_load5,0.55
2023/4/12 23:52,1681314767,cc-cc408-hya,data-node-09,9.9.2.156,elasticsearch_os_load5,0.51
2023/4/12 23:53,1681314827,cc-cc408-hya,data-node-09,9.9.2.156,elasticsearch_os_load5,0.76
2023/4/12 23:54,1681314887,cc-cc408-hya,data-node-09,9.9.2.156,elasticsearch_os_load5,0.77
2023/4/12 23:55,1681314947,cc-cc408-hya,data-node-09,9.9.2.156,elasticsearch_os_load5,0.78
2023/4/12 23:56,1681315007,cc-cc408-hya,data-node-09,9.9.2.156,elasticsearch_os_load5,0.81
2023/4/12 23:57,1681315067,cc-cc408-hya,data-node-09,9.9.2.156,elasticsearch_os_load5,0.71
2023/4/12 23:58,1681315127,cc-cc408-hya,data-node-09,9.9.2.156,elasticsearch_os_load5,0.75
2023/4/12 23:59,1681315187,cc-cc408-hya,data-node-09,9.9.2.156,elasticsearch_os_load5,0.73
2023/4/13 0:00,1681315247,cc-cc408-hya,data-node-09,9.9.2.156,elasticsearch_os_load5,0.75
2023/4/13 0:01,1681315307,cc-cc408-hya,data-node-09,9.9.2.156,elasticsearch_os_load5,0.94
2023/4/13 0:02,1681315367,cc-cc408-hya,data-node-09,9.9.2.156,elasticsearch_os_load5,1.03
2023/4/13 0:03,1681315427,cc-cc408-hya,data-node-09,9.9.2.156,elasticsearch_os_load5,1.05
2023/4/13 0:04,1681315487,cc-cc408-hya,data-node-09,9.9.2.156,elasticsearch_os_load5,0.93
2023/4/13 0:05,1681315547,cc-cc408-hya,data-node-09,9.9.2.156,elasticsearch_os_load5,0.77
2023/4/13 0:06,1681315607,cc-cc408-hya,data-node-09,9.9.2.156,elasticsearch_os_load5,0.68
2023/4/13 0:07,1681315667,cc-cc408-hya,data-node-09,9.9.2.156,elasticsearch_os_load5,0.58
2023/4/13 0:08,1681315727,cc-cc408-hya,data-node-09,9.9.2.156,elasticsearch_os_load5,0.55
2023/4/13 0:09,1681315787,cc-cc408-hya,data-node-09,9.9.2.156,elasticsearch_os_load5,0.48
2023/4/13 0:10,1681315847,cc-cc408-hya,data-node-09,9.9.2.156,elasticsearch_os_load5,0.43
2023/4/13 0:11,1681315907,cc-cc408-hya,data-node-09,9.9.2.156,elasticsearch_os_load5,0.48
2023/4/13 0:12,1681315967,cc-cc408-hya,data-node-09,9.9.2.156,elasticsearch_os_load5,0.45
2023/4/13 0:13,1681316027,cc-cc408-hya,data-node-09,9.9.2.156,elasticsearch_os_load5,0.43
2023/4/13 0:14,1681316087,cc-cc408-hya,data-node-09,9.9.2.156,elasticsearch_os_load5,0.38
2023/4/13 0:15,1681316147,cc-cc408-hya,data-node-09,9.9.2.156,elasticsearch_os_load5,0.35
2023/4/13 0:16,1681316207,cc-cc408-hya,data-node-09,9.9.2.156,elasticsearch_os_load5,0.34
2023/4/13 0:17,1681316267,cc-cc408-hya,data-node-09,9.9.2.156,elasticsearch_os_load5,0.38
2023/4/13 0:18,1681316327,cc-cc408-hya,data-node-09,9.9.2.156,elasticsearch_os_load5,0.37
2023/4/13 0:19,1681316387,cc-cc408-hya,data-node-09,9.9.2.156,elasticsearch_os_load5,0.46
2023/4/13 0:20,1681316447,cc-cc408-hya,data-node-09,9.9.2.156,elasticsearch_os_load5,0.51
2023/4/13 0:21,1681316507,cc-cc408-hya,data-node-09,9.9.2.156,elasticsearch_os_load5,0.51
2023/4/13 0:22,1681316567,cc-cc408-hya,data-node-09,9.9.2.156,elasticsearch_os_load5,0.67
2023/4/13 0:23,1681316627,cc-cc408-hya,data-node-09,9.9.2.156,elasticsearch_os_load5,0.66
2023/4/13 0:24,1681316687,cc-cc408-hya,data-node-09,9.9.2.156,elasticsearch_os_load5,0.75
2023/4/13 0:25,1681316747,cc-cc408-hya,data-node-09,9.9.2.156,elasticsearch_os_load5,0.92
2023/4/13 0:26,1681316807,cc-cc408-hya,data-node-09,9.9.2.156,elasticsearch_os_load5,0.95
2023/4/13 0:27,1681316867,cc-cc408-hya,data-node-09,9.9.2.156,elasticsearch_os_load5,0.93
2023/4/13 0:28,1681316927,cc-cc408-hya,data-node-09,9.9.2.156,elasticsearch_os_load5,0.92
2023/4/13 0:29,1681316987,cc-cc408-hya,data-node-09,9.9.2.156,elasticsearch_os_load5,0.93
2023/4/13 0:30,1681317047,cc-cc408-hya,data-node-09,9.9.2.156,elasticsearch_os_load5,1.07
2023/4/13 0:31,1681317107,cc-cc408-hya,data-node-09,9.9.2.156,elasticsearch_os_load5,0.99
2023/4/13 0:32,1681317167,cc-cc408-hya,data-node-09,9.9.2.156,elasticsearch_os_load5,0.98
2023/4/13 0:33,1681317227,cc-cc408-hya,data-node-09,9.9.2.156,elasticsearch_os_load5,1.02
2023/4/13 0:34,1681317287,cc-cc408-hya,data-node-09,9.9.2.156,elasticsearch_os_load5,1
2023/4/13 0:35,1681317347,cc-cc408-hya,data-node-09,9.9.2.156,elasticsearch_os_load5,1.13
2023/4/13 0:36,1681317407,cc-cc408-hya,data-node-09,9.9.2.156,elasticsearch_os_load5,1.13
2023/4/13 0:37,1681317467,cc-cc408-hya,data-node-09,9.9.2.156,elasticsearch_os_load5,1.28
2023/4/13 0:38,1681317527,cc-cc408-hya,data-node-09,9.9.2.156,elasticsearch_os_load5,1.32
2023/4/13 0:39,1681317587,cc-cc408-hya,data-node-09,9.9.2.156,elasticsearch_os_load5,1.35
2023/4/13 0:40,1681317647,cc-cc408-hya,data-node-09,9.9.2.156,elasticsearch_os_load5,1.4
2023/4/13 0:41,1681317707,cc-cc408-hya,data-node-09,9.9.2.156,elasticsearch_os_load5,1.42
2023/4/13 0:42,1681317767,cc-cc408-hya,data-node-09,9.9.2.156,elasticsearch_os_load5,1.37
2023/4/13 0:43,1681317827,cc-cc408-hya,data-node-09,9.9.2.156,elasticsearch_os_load5,1.48
2023/4/13 0:44,1681317887,cc-cc408-hya,data-node-09,9.9.2.156,elasticsearch_os_load5,1.62
2023/4/13 0:45,1681317947,cc-cc408-hya,data-node-09,9.9.2.156,elasticsearch_os_load5,1.68
2023/4/13 0:46,1681318007,cc-cc408-hya,data-node-09,9.9.2.156,elasticsearch_os_load5,1.49
2023/4/13 0:47,1681318067,cc-cc408-hya,data-node-09,9.9.2.156,elasticsearch_os_load5,1.5
2023/4/13 0:48,1681318127,cc-cc408-hya,data-node-09,9.9.2.156,elasticsearch_os_load5,1.39
2023/4/13 0:49,1681318187,cc-cc408-hya,data-node-09,9.9.2.156,elasticsearch_os_load5,1.33
2023/4/13 0:50,1681318247,cc-cc408-hya,data-node-09,9.9.2.156,elasticsearch_os_load5,1.21
2023/4/13 0:51,1681318307,cc-cc408-hya,data-node-09,9.9.2.156,elasticsearch_os_load5,1.11
2023/4/13 0:52,1681318367,cc-cc408-hya,data-node-09,9.9.2.156,elasticsearch_os_load5,1.1
2023/4/13 0:53,1681318427,cc-cc408-hya,data-node-09,9.9.2.156,elasticsearch_os_load5,1.06
2023/4/13 0:54,1681318487,cc-cc408-hya,data-node-09,9.9.2.156,elasticsearch_os_load5,1.22
2023/4/13 0:55,1681318547,cc-cc408-hya,data-node-09,9.9.2.156,elasticsearch_os_load5,1.17
2023/4/13 0:56,1681318607,cc-cc408-hya,data-node-09,9.9.2.156,elasticsearch_os_load5,1.23
2023/4/13 0:57,1681318667,cc-cc408-hya,data-node-09,9.9.2.156,elasticsearch_os_load5,1.2
2023/4/13 0:58,1681318727,cc-cc408-hya,data-node-09,9.9.2.156,elasticsearch_os_load5,1.19
2023/4/13 0:59,1681318787,cc-cc408-hya,data-node-09,9.9.2.156,elasticsearch_os_load5,1.12
2023/4/13 1:00,1681318847,cc-cc408-hya,data-node-09,9.9.2.156,elasticsearch_os_load5,1.08
2023/4/13 1:01,1681318907,cc-cc408-hya,data-node-09,9.9.2.156,elasticsearch_os_load5,1.14
2023/4/13 1:02,1681318967,cc-cc408-hya,data-node-09,9.9.2.156,elasticsearch_os_load5,1.12
2023/4/13 1:03,1681319027,cc-cc408-hya,data-node-09,9.9.2.156,elasticsearch_os_load5,1.11
2023/4/13 1:04,1681319087,cc-cc408-hya,data-node-09,9.9.2.156,elasticsearch_os_load5,1.12
2023/4/13 1:05,1681319147,cc-cc408-hya,data-node-09,9.9.2.156,elasticsearch_os_load5,1.04
2023/4/13 1:06,1681319207,cc-cc408-hya,data-node-09,9.9.2.156,elasticsearch_os_load5,1.05
2023/4/13 1:07,1681319267,cc-cc408-hya,data-node-09,9.9.2.156,elasticsearch_os_load5,0.93
2023/4/13 1:08,1681319327,cc-cc408-hya,data-node-09,9.9.2.156,elasticsearch_os_load5,0.98
2023/4/13 1:09,1681319387,cc-cc408-hya,data-node-09,9.9.2.156,elasticsearch_os_load5,1.02
2023/4/13 1:10,1681319447,cc-cc408-hya,data-node-09,9.9.2.156,elasticsearch_os_load5,0.93
2023/4/13 1:11,1681319507,cc-cc408-hya,data-node-09,9.9.2.156,elasticsearch_os_load5,0.97
2023/4/13 1:12,1681319567,cc-cc408-hya,data-node-09,9.9.2.156,elasticsearch_os_load5,0.99
2023/4/13 1:13,1681319627,cc-cc408-hya,data-node-09,9.9.2.156,elasticsearch_os_load5,0.94
2023/4/13 1:14,1681319687,cc-cc408-hya,data-node-09,9.9.2.156,elasticsearch_os_load5,0.91
2023/4/13 1:15,1681319747,cc-cc408-hya,data-node-09,9.9.2.156,elasticsearch_os_load5,0.99
2023/4/13 1:16,1681319807,cc-cc408-hya,data-node-09,9.9.2.156,elasticsearch_os_load5,1.02
2023/4/13 1:17,1681319867,cc-cc408-hya,data-node-09,9.9.2.156,elasticsearch_os_load5,1.05
2023/4/13 1:18,1681319927,cc-cc408-hya,data-node-09,9.9.2.156,elasticsearch_os_load5,1.04
2023/4/13 1:19,1681319987,cc-cc408-hya,data-node-09,9.9.2.156,elasticsearch_os_load5,0.96
2023/4/13 1:20,1681320047,cc-cc408-hya,data-node-09,9.9.2.156,elasticsearch_os_load5,0.96
2023/4/13 1:21,1681320107,cc-cc408-hya,data-node-09,9.9.2.156,elasticsearch_os_load5,0.87
2023/4/13 1:22,1681320167,cc-cc408-hya,data-node-09,9.9.2.156,elasticsearch_os_load5,0.75
2023/4/13 1:23,1681320227,cc-cc408-hya,data-node-09,9.9.2.156,elasticsearch_os_load5,0.72
2023/4/13 1:24,1681320287,cc-cc408-hya,data-node-09,9.9.2.156,elasticsearch_os_load5,0.68
2023/4/13 1:25,1681320347,cc-cc408-hya,data-node-09,9.9.2.156,elasticsearch_os_load5,0.62
2023/4/13 1:26,1681320407,cc-cc408-hya,data-node-09,9.9.2.156,elasticsearch_os_load5,0.84
2023/4/13 1:27,1681320467,cc-cc408-hya,data-node-09,9.9.2.156,elasticsearch_os_load5,0.99
2023/4/13 1:28,1681320527,cc-cc408-hya,data-node-09,9.9.2.156,elasticsearch_os_load5,0.91
2023/4/13 1:29,1681320587,cc-cc408-hya,data-node-09,9.9.2.156,elasticsearch_os_load5,0.81
2023/4/13 1:30,1681320647,cc-cc408-hya,data-node-09,9.9.2.156,elasticsearch_os_load5,0.67
2023/4/13 1:31,1681320707,cc-cc408-hya,data-node-09,9.9.2.156,elasticsearch_os_load5,0.56
2023/4/13 1:32,1681320767,cc-cc408-hya,data-node-09,9.9.2.156,elasticsearch_os_load5,0.49
2023/4/13 1:33,1681320827,cc-cc408-hya,data-node-09,9.9.2.156,elasticsearch_os_load5,0.4
2023/4/13 1:34,1681320887,cc-cc408-hya,data-node-09,9.9.2.156,elasticsearch_os_load5,0.4
2023/4/13 1:35,1681320947,cc-cc408-hya,data-node-09,9.9.2.156,elasticsearch_os_load5,0.35
2023/4/13 1:36,1681321007,cc-cc408-hya,data-node-09,9.9.2.156,elasticsearch_os_load5,0.32
2023/4/13 1:37,1681321067,cc-cc408-hya,data-node-09,9.9.2.156,elasticsearch_os_load5,0.29
2023/4/13 1:38,1681321127,cc-cc408-hya,data-node-09,9.9.2.156,elasticsearch_os_load5,0.27
2023/4/13 1:39,1681321187,cc-cc408-hya,data-node-09,9.9.2.156,elasticsearch_os_load5,0.24
2023/4/13 1:40,1681321247,cc-cc408-hya,data-node-09,9.9.2.156,elasticsearch_os_load5,0.21
2023/4/13 1:41,1681321307,cc-cc408-hya,data-node-09,9.9.2.156,elasticsearch_os_load5,0.24
2023/4/13 1:42,1681321367,cc-cc408-hya,data-node-09,9.9.2.156,elasticsearch_os_load5,0.24
2023/4/13 1:43,1681321427,cc-cc408-hya,data-node-09,9.9.2.156,elasticsearch_os_load5,0.29
2023/4/13 1:44,1681321487,cc-cc408-hya,data-node-09,9.9.2.156,elasticsearch_os_load5,0.39
2023/4/13 1:45,1681321547,cc-cc408-hya,data-node-09,9.9.2.156,elasticsearch_os_load5,0.36
2023/4/13 1:46,1681321607,cc-cc408-hya,data-node-09,9.9.2.156,elasticsearch_os_load5,0.32
2023/4/13 1:47,1681321667,cc-cc408-hya,data-node-09,9.9.2.156,elasticsearch_os_load5,0.32
2023/4/13 1:48,1681321727,cc-cc408-hya,data-node-09,9.9.2.156,elasticsearch_os_load5,0.27
2023/4/13 1:49,1681321787,cc-cc408-hya,data-node-09,9.9.2.156,elasticsearch_os_load5,0.3
2023/4/13 1:50,1681321847,cc-cc408-hya,data-node-09,9.9.2.156,elasticsearch_os_load5,0.28
2023/4/13 1:51,1681321907,cc-cc408-hya,data-node-09,9.9.2.156,elasticsearch_os_load5,0.27
2023/4/13 1:52,1681321967,cc-cc408-hya,data-node-09,9.9.2.156,elasticsearch_os_load5,0.23
2023/4/13 1:53,1681322027,cc-cc408-hya,data-node-09,9.9.2.156,elasticsearch_os_load5,0.24
2023/4/13 1:54,1681322087,cc-cc408-hya,data-node-09,9.9.2.156,elasticsearch_os_load5,0.23
2023/4/13 1:55,1681322147,cc-cc408-hya,data-node-09,9.9.2.156,elasticsearch_os_load5,0.22
2023/4/13 1:56,1681322207,cc-cc408-hya,data-node-09,9.9.2.156,elasticsearch_os_load5,0.19
2023/4/13 1:57,1681322267,cc-cc408-hya,data-node-09,9.9.2.156,elasticsearch_os_load5,0.2
2023/4/13 1:58,1681322327,cc-cc408-hya,data-node-09,9.9.2.156,elasticsearch_os_load5,0.34
2023/4/13 1:59,1681322387,cc-cc408-hya,data-node-09,9.9.2.156,elasticsearch_os_load5,0.55
2023/4/13 2:00,1681322447,cc-cc408-hya,data-node-09,9.9.2.156,elasticsearch_os_load5,0.5
2023/4/13 2:01,1681322507,cc-cc408-hya,data-node-09,9.9.2.156,elasticsearch_os_load5,0.45
2023/4/13 2:02,1681322567,cc-cc408-hya,data-node-09,9.9.2.156,elasticsearch_os_load5,0.42
2023/4/13 2:03,1681322627,cc-cc408-hya,data-node-09,9.9.2.156,elasticsearch_os_load5,0.4
2023/4/13 2:04,1681322687,cc-cc408-hya,data-node-09,9.9.2.156,elasticsearch_os_load5,0.37
2023/4/13 2:05,1681322747,cc-cc408-hya,data-node-09,9.9.2.156,elasticsearch_os_load5,0.35
2023/4/13 2:06,1681322807,cc-cc408-hya,data-node-09,9.9.2.156,elasticsearch_os_load5,0.43
2023/4/13 2:07,1681322867,cc-cc408-hya,data-node-09,9.9.2.156,elasticsearch_os_load5,0.38
2023/4/13 2:08,1681322927,cc-cc408-hya,data-node-09,9.9.2.156,elasticsearch_os_load5,0.48
2023/4/13 2:09,1681322987,cc-cc408-hya,data-node-09,9.9.2.156,elasticsearch_os_load5,0.58
2023/4/13 2:10,1681323047,cc-cc408-hya,data-node-09,9.9.2.156,elasticsearch_os_load5,0.72
2023/4/13 2:11,1681323107,cc-cc408-hya,data-node-09,9.9.2.156,elasticsearch_os_load5,0.64
2023/4/13 2:12,1681323167,cc-cc408-hya,data-node-09,9.9.2.156,elasticsearch_os_load5,0.53
2023/4/13 2:13,1681323227,cc-cc408-hya,data-node-09,9.9.2.156,elasticsearch_os_load5,0.48
2023/4/13 2:14,1681323287,cc-cc408-hya,data-node-09,9.9.2.156,elasticsearch_os_load5,0.41
2023/4/13 2:15,1681323347,cc-cc408-hya,data-node-09,9.9.2.156,elasticsearch_os_load5,0.39
2023/4/13 2:16,1681323407,cc-cc408-hya,data-node-09,9.9.2.156,elasticsearch_os_load5,0.4
2023/4/13 2:17,1681323467,cc-cc408-hya,data-node-09,9.9.2.156,elasticsearch_os_load5,0.4
2023/4/13 2:18,1681323527,cc-cc408-hya,data-node-09,9.9.2.156,elasticsearch_os_load5,0.43
2023/4/13 2:19,1681323587,cc-cc408-hya,data-node-09,9.9.2.156,elasticsearch_os_load5,0.43
2023/4/13 2:20,1681323647,cc-cc408-hya,data-node-09,9.9.2.156,elasticsearch_os_load5,0.44
2023/4/13 2:21,1681323707,cc-cc408-hya,data-node-09,9.9.2.156,elasticsearch_os_load5,0.44
2023/4/13 2:22,1681323767,cc-cc408-hya,data-node-09,9.9.2.156,elasticsearch_os_load5,0.39
2023/4/13 2:23,1681323827,cc-cc408-hya,data-node-09,9.9.2.156,elasticsearch_os_load5,0.43
2023/4/13 2:24,1681323887,cc-cc408-hya,data-node-09,9.9.2.156,elasticsearch_os_load5,0.44
2023/4/13 2:25,1681323947,cc-cc408-hya,data-node-09,9.9.2.156,elasticsearch_os_load5,0.43
2023/4/13 2:26,1681324007,cc-cc408-hya,data-node-09,9.9.2.156,elasticsearch_os_load5,0.38
2023/4/13 2:27,1681324067,cc-cc408-hya,data-node-09,9.9.2.156,elasticsearch_os_load5,0.4
2023/4/13 2:28,1681324127,cc-cc408-hya,data-node-09,9.9.2.156,elasticsearch_os_load5,0.34
2023/4/13 2:29,1681324187,cc-cc408-hya,data-node-09,9.9.2.156,elasticsearch_os_load5,0.35
2023/4/13 2:30,1681324247,cc-cc408-hya,data-node-09,9.9.2.156,elasticsearch_os_load5,0.31
2023/4/13 2:31,1681324307,cc-cc408-hya,data-node-09,9.9.2.156,elasticsearch_os_load5,0.33
2023/4/13 2:32,1681324367,cc-cc408-hya,data-node-09,9.9.2.156,elasticsearch_os_load5,0.28
2023/4/13 2:33,1681324427,cc-cc408-hya,data-node-09,9.9.2.156,elasticsearch_os_load5,0.24
2023/4/13 2:34,1681324487,cc-cc408-hya,data-node-09,9.9.2.156,elasticsearch_os_load5,0.21
2023/4/13 2:35,1681324547,cc-cc408-hya,data-node-09,9.9.2.156,elasticsearch_os_load5,0.22
2023/4/13 2:36,1681324607,cc-cc408-hya,data-node-09,9.9.2.156,elasticsearch_os_load5,0.22
2023/4/13 2:37,1681324667,cc-cc408-hya,data-node-09,9.9.2.156,elasticsearch_os_load5,0.19
2023/4/13 2:38,1681324727,cc-cc408-hya,data-node-09,9.9.2.156,elasticsearch_os_load5,0.19
2023/4/13 2:39,1681324787,cc-cc408-hya,data-node-09,9.9.2.156,elasticsearch_os_load5,0.15
2023/4/13 2:40,1681324847,cc-cc408-hya,data-node-09,9.9.2.156,elasticsearch_os_load5,0.33
2023/4/13 2:41,1681324907,cc-cc408-hya,data-node-09,9.9.2.156,elasticsearch_os_load5,0.39
2023/4/13 2:42,1681324967,cc-cc408-hya,data-node-09,9.9.2.156,elasticsearch_os_load5,0.33
2023/4/13 2:43,1681325027,cc-cc408-hya,data-node-09,9.9.2.156,elasticsearch_os_load5,0.38
2023/4/13 2:44,1681325087,cc-cc408-hya,data-node-09,9.9.2.156,elasticsearch_os_load5,0.35
2023/4/13 2:45,1681325147,cc-cc408-hya,data-node-09,9.9.2.156,elasticsearch_os_load5,0.31
2023/4/13 2:46,1681325207,cc-cc408-hya,data-node-09,9.9.2.156,elasticsearch_os_load5,0.28
2023/4/13 2:47,1681325267,cc-cc408-hya,data-node-09,9.9.2.156,elasticsearch_os_load5,0.31
2023/4/13 2:48,1681325327,cc-cc408-hya,data-node-09,9.9.2.156,elasticsearch_os_load5,0.27
2023/4/13 2:49,1681325387,cc-cc408-hya,data-node-09,9.9.2.156,elasticsearch_os_load5,0.23
2023/4/13 2:50,1681325447,cc-cc408-hya,data-node-09,9.9.2.156,elasticsearch_os_load5,0.36
2023/4/13 2:51,1681325507,cc-cc408-hya,data-node-09,9.9.2.156,elasticsearch_os_load5,0.51
2023/4/13 2:52,1681325567,cc-cc408-hya,data-node-09,9.9.2.156,elasticsearch_os_load5,0.61
2023/4/13 2:53,1681325627,cc-cc408-hya,data-node-09,9.9.2.156,elasticsearch_os_load5,0.51
2023/4/13 2:54,1681325687,cc-cc408-hya,data-node-09,9.9.2.156,elasticsearch_os_load5,0.42
2023/4/13 2:55,1681325747,cc-cc408-hya,data-node-09,9.9.2.156,elasticsearch_os_load5,0.43
2023/4/13 2:56,1681325807,cc-cc408-hya,data-node-09,9.9.2.156,elasticsearch_os_load5,0.36
2023/4/13 2:57,1681325867,cc-cc408-hya,data-node-09,9.9.2.156,elasticsearch_os_load5,0.33
2023/4/13 2:58,1681325927,cc-cc408-hya,data-node-09,9.9.2.156,elasticsearch_os_load5,0.26
2023/4/13 2:59,1681325987,cc-cc408-hya,data-node-09,9.9.2.156,elasticsearch_os_load5,0.28
2023/4/13 3:00,1681326047,cc-cc408-hya,data-node-09,9.9.2.156,elasticsearch_os_load5,0.24
2023/4/13 3:01,1681326107,cc-cc408-hya,data-node-09,9.9.2.156,elasticsearch_os_load5,0.22
2023/4/13 3:02,1681326167,cc-cc408-hya,data-node-09,9.9.2.156,elasticsearch_os_load5,0.2
2023/4/13 3:03,1681326227,cc-cc408-hya,data-node-09,9.9.2.156,elasticsearch_os_load5,0.19
2023/4/13 3:04,1681326287,cc-cc408-hya,data-node-09,9.9.2.156,elasticsearch_os_load5,0.18
2023/4/13 3:05,1681326347,cc-cc408-hya,data-node-09,9.9.2.156,elasticsearch_os_load5,0.2
2023/4/13 3:06,1681326407,cc-cc408-hya,data-node-09,9.9.2.156,elasticsearch_os_load5,0.31
2023/4/13 3:07,1681326467,cc-cc408-hya,data-node-09,9.9.2.156,elasticsearch_os_load5,0.34
2023/4/13 3:08,1681326527,cc-cc408-hya,data-node-09,9.9.2.156,elasticsearch_os_load5,0.32
2023/4/13 3:09,1681326587,cc-cc408-hya,data-node-09,9.9.2.156,elasticsearch_os_load5,0.28
2023/4/13 3:10,1681326647,cc-cc408-hya,data-node-09,9.9.2.156,elasticsearch_os_load5,0.27
2023/4/13 3:11,1681326707,cc-cc408-hya,data-node-09,9.9.2.156,elasticsearch_os_load5,0.27
2023/4/13 3:12,1681326767,cc-cc408-hya,data-node-09,9.9.2.156,elasticsearch_os_load5,0.28
2023/4/13 3:13,1681326827,cc-cc408-hya,data-node-09,9.9.2.156,elasticsearch_os_load5,0.28
2023/4/13 3:14,1681326887,cc-cc408-hya,data-node-09,9.9.2.156,elasticsearch_os_load5,0.24
2023/4/13 3:15,1681326947,cc-cc408-hya,data-node-09,9.9.2.156,elasticsearch_os_load5,0.25
2023/4/13 3:16,1681327007,cc-cc408-hya,data-node-09,9.9.2.156,elasticsearch_os_load5,0.23
2023/4/13 3:17,1681327067,cc-cc408-hya,data-node-09,9.9.2.156,elasticsearch_os_load5,0.22
2023/4/13 3:18,1681327127,cc-cc408-hya,data-node-09,9.9.2.156,elasticsearch_os_load5,0.19
2023/4/13 3:19,1681327187,cc-cc408-hya,data-node-09,9.9.2.156,elasticsearch_os_load5,0.15
2023/4/13 3:20,1681327247,cc-cc408-hya,data-node-09,9.9.2.156,elasticsearch_os_load5,0.19
2023/4/13 3:21,1681327307,cc-cc408-hya,data-node-09,9.9.2.156,elasticsearch_os_load5,0.18
2023/4/13 3:22,1681327367,cc-cc408-hya,data-node-09,9.9.2.156,elasticsearch_os_load5,0.28
2023/4/13 3:23,1681327427,cc-cc408-hya,data-node-09,9.9.2.156,elasticsearch_os_load5,0.32
2023/4/13 3:24,1681327487,cc-cc408-hya,data-node-09,9.9.2.156,elasticsearch_os_load5,0.29
2023/4/13 3:25,1681327547,cc-cc408-hya,data-node-09,9.9.2.156,elasticsearch_os_load5,0.3
2023/4/13 3:26,1681327607,cc-cc408-hya,data-node-09,9.9.2.156,elasticsearch_os_load5,0.25
2023/4/13 3:27,1681327667,cc-cc408-hya,data-node-09,9.9.2.156,elasticsearch_os_load5,0.29
2023/4/13 3:28,1681327727,cc-cc408-hya,data-node-09,9.9.2.156,elasticsearch_os_load5,0.27
2023/4/13 3:29,1681327787,cc-cc408-hya,data-node-09,9.9.2.156,elasticsearch_os_load5,0.28
2023/4/13 3:30,1681327847,cc-cc408-hya,data-node-09,9.9.2.156,elasticsearch_os_load5,0.26
2023/4/13 3:31,1681327907,cc-cc408-hya,data-node-09,9.9.2.156,elasticsearch_os_load5,0.25
2023/4/13 3:32,1681327967,cc-cc408-hya,data-node-09,9.9.2.156,elasticsearch_os_load5,0.25
2023/4/13 3:33,1681328027,cc-cc408-hya,data-node-09,9.9.2.156,elasticsearch_os_load5,0.49
2023/4/13 3:34,1681328087,cc-cc408-hya,data-node-09,9.9.2.156,elasticsearch_os_load5,0.58
2023/4/13 3:35,1681328147,cc-cc408-hya,data-node-09,9.9.2.156,elasticsearch_os_load5,0.56
2023/4/13 3:36,1681328207,cc-cc408-hya,data-node-09,9.9.2.156,elasticsearch_os_load5,0.47
2023/4/13 3:37,1681328267,cc-cc408-hya,data-node-09,9.9.2.156,elasticsearch_os_load5,0.44
2023/4/13 3:38,1681328327,cc-cc408-hya,data-node-09,9.9.2.156,elasticsearch_os_load5,0.38
2023/4/13 3:39,1681328387,cc-cc408-hya,data-node-09,9.9.2.156,elasticsearch_os_load5,0.31
2023/4/13 3:40,1681328447,cc-cc408-hya,data-node-09,9.9.2.156,elasticsearch_os_load5,0.29
2023/4/13 3:41,1681328507,cc-cc408-hya,data-node-09,9.9.2.156,elasticsearch_os_load5,0.27
2023/4/13 3:42,1681328567,cc-cc408-hya,data-node-09,9.9.2.156,elasticsearch_os_load5,0.28
2023/4/13 3:43,1681328627,cc-cc408-hya,data-node-09,9.9.2.156,elasticsearch_os_load5,0.28
2023/4/13 3:44,1681328687,cc-cc408-hya,data-node-09,9.9.2.156,elasticsearch_os_load5,0.24
2023/4/13 3:45,1681328747,cc-cc408-hya,data-node-09,9.9.2.156,elasticsearch_os_load5,0.24
2023/4/13 3:46,1681328807,cc-cc408-hya,data-node-09,9.9.2.156,elasticsearch_os_load5,0.21
2023/4/13 3:47,1681328867,cc-cc408-hya,data-node-09,9.9.2.156,elasticsearch_os_load5,0.21
2023/4/13 3:48,1681328927,cc-cc408-hya,data-node-09,9.9.2.156,elasticsearch_os_load5,0.2
2023/4/13 3:49,1681328987,cc-cc408-hya,data-node-09,9.9.2.156,elasticsearch_os_load5,0.3
2023/4/13 3:50,1681329047,cc-cc408-hya,data-node-09,9.9.2.156,elasticsearch_os_load5,0.26
2023/4/13 3:51,1681329107,cc-cc408-hya,data-node-09,9.9.2.156,elasticsearch_os_load5,0.23
2023/4/13 3:52,1681329167,cc-cc408-hya,data-node-09,9.9.2.156,elasticsearch_os_load5,0.23
2023/4/13 3:53,1681329227,cc-cc408-hya,data-node-09,9.9.2.156,elasticsearch_os_load5,0.31
2023/4/13 3:54,1681329287,cc-cc408-hya,data-node-09,9.9.2.156,elasticsearch_os_load5,0.28
2023/4/13 3:55,1681329347,cc-cc408-hya,data-node-09,9.9.2.156,elasticsearch_os_load5,0.26
2023/4/13 3:56,1681329407,cc-cc408-hya,data-node-09,9.9.2.156,elasticsearch_os_load5,0.35
2023/4/13 3:57,1681329467,cc-cc408-hya,data-node-09,9.9.2.156,elasticsearch_os_load5,0.35
2023/4/13 3:58,1681329527,cc-cc408-hya,data-node-09,9.9.2.156,elasticsearch_os_load5,0.3
2023/4/13 3:59,1681329587,cc-cc408-hya,data-node-09,9.9.2.156,elasticsearch_os_load5,0.27
2023/4/13 4:00,1681329647,cc-cc408-hya,data-node-09,9.9.2.156,elasticsearch_os_load5,0.31
2023/4/13 4:01,1681329707,cc-cc408-hya,data-node-09,9.9.2.156,elasticsearch_os_load5,0.25
2023/4/13 4:02,1681329767,cc-cc408-hya,data-node-09,9.9.2.156,elasticsearch_os_load5,0.22
2023/4/13 4:03,1681329827,cc-cc408-hya,data-node-09,9.9.2.156,elasticsearch_os_load5,0.34
2023/4/13 4:04,1681329887,cc-cc408-hya,data-node-09,9.9.2.156,elasticsearch_os_load5,0.41
2023/4/13 4:05,1681329947,cc-cc408-hya,data-node-09,9.9.2.156,elasticsearch_os_load5,0.47
2023/4/13 4:06,1681330007,cc-cc408-hya,data-node-09,9.9.2.156,elasticsearch_os_load5,0.39
2023/4/13 4:07,1681330067,cc-cc408-hya,data-node-09,9.9.2.156,elasticsearch_os_load5,0.42
2023/4/13 4:08,1681330127,cc-cc408-hya,data-node-09,9.9.2.156,elasticsearch_os_load5,0.41
2023/4/13 4:09,1681330187,cc-cc408-hya,data-node-09,9.9.2.156,elasticsearch_os_load5,0.36
2023/4/13 4:10,1681330247,cc-cc408-hya,data-node-09,9.9.2.156,elasticsearch_os_load5,0.34
2023/4/13 4:11,1681330307,cc-cc408-hya,data-node-09,9.9.2.156,elasticsearch_os_load5,0.4
2023/4/13 4:12,1681330367,cc-cc408-hya,data-node-09,9.9.2.156,elasticsearch_os_load5,0.34
2023/4/13 4:13,1681330427,cc-cc408-hya,data-node-09,9.9.2.156,elasticsearch_os_load5,0.33
2023/4/13 4:14,1681330487,cc-cc408-hya,data-node-09,9.9.2.156,elasticsearch_os_load5,0.3
2023/4/13 4:15,1681330547,cc-cc408-hya,data-node-09,9.9.2.156,elasticsearch_os_load5,0.45
2023/4/13 4:16,1681330607,cc-cc408-hya,data-node-09,9.9.2.156,elasticsearch_os_load5,0.58
2023/4/13 4:17,1681330667,cc-cc408-hya,data-node-09,9.9.2.156,elasticsearch_os_load5,0.59
2023/4/13 4:18,1681330727,cc-cc408-hya,data-node-09,9.9.2.156,elasticsearch_os_load5,0.56
2023/4/13 4:19,1681330787,cc-cc408-hya,data-node-09,9.9.2.156,elasticsearch_os_load5,0.48
2023/4/13 4:20,1681330847,cc-cc408-hya,data-node-09,9.9.2.156,elasticsearch_os_load5,0.44
2023/4/13 4:21,1681330907,cc-cc408-hya,data-node-09,9.9.2.156,elasticsearch_os_load5,0.43
2023/4/13 4:22,1681330967,cc-cc408-hya,data-node-09,9.9.2.156,elasticsearch_os_load5,0.41
2023/4/13 4:23,1681331027,cc-cc408-hya,data-node-09,9.9.2.156,elasticsearch_os_load5,0.38
2023/4/13 4:24,1681331087,cc-cc408-hya,data-node-09,9.9.2.156,elasticsearch_os_load5,0.32
2023/4/13 4:25,1681331147,cc-cc408-hya,data-node-09,9.9.2.156,elasticsearch_os_load5,0.36
2023/4/13 4:26,1681331207,cc-cc408-hya,data-node-09,9.9.2.156,elasticsearch_os_load5,0.34
2023/4/13 4:27,1681331267,cc-cc408-hya,data-node-09,9.9.2.156,elasticsearch_os_load5,0.27
2023/4/13 4:28,1681331327,cc-cc408-hya,data-node-09,9.9.2.156,elasticsearch_os_load5,0.23
2023/4/13 4:29,1681331387,cc-cc408-hya,data-node-09,9.9.2.156,elasticsearch_os_load5,0.27
2023/4/13 4:30,1681331447,cc-cc408-hya,data-node-09,9.9.2.156,elasticsearch_os_load5,0.25
2023/4/13 4:31,1681331507,cc-cc408-hya,data-node-09,9.9.2.156,elasticsearch_os_load5,0.46
2023/4/13 4:32,1681331567,cc-cc408-hya,data-node-09,9.9.2.156,elasticsearch_os_load5,0.39
2023/4/13 4:33,1681331627,cc-cc408-hya,data-node-09,9.9.2.156,elasticsearch_os_load5,0.32
2023/4/13 4:34,1681331687,cc-cc408-hya,data-node-09,9.9.2.156,elasticsearch_os_load5,0.38
2023/4/13 4:35,1681331747,cc-cc408-hya,data-node-09,9.9.2.156,elasticsearch_os_load5,0.4
2023/4/13 4:36,1681331807,cc-cc408-hya,data-node-09,9.9.2.156,elasticsearch_os_load5,0.42
2023/4/13 4:37,1681331867,cc-cc408-hya,data-node-09,9.9.2.156,elasticsearch_os_load5,0.35
2023/4/13 4:38,1681331927,cc-cc408-hya,data-node-09,9.9.2.156,elasticsearch_os_load5,0.31
2023/4/13 4:39,1681331987,cc-cc408-hya,data-node-09,9.9.2.156,elasticsearch_os_load5,0.27
2023/4/13 4:40,1681332047,cc-cc408-hya,data-node-09,9.9.2.156,elasticsearch_os_load5,0.23
2023/4/13 4:41,1681332107,cc-cc408-hya,data-node-09,9.9.2.156,elasticsearch_os_load5,0.25
2023/4/13 4:42,1681332167,cc-cc408-hya,data-node-09,9.9.2.156,elasticsearch_os_load5,0.25
2023/4/13 4:43,1681332227,cc-cc408-hya,data-node-09,9.9.2.156,elasticsearch_os_load5,0.28
2023/4/13 4:44,1681332287,cc-cc408-hya,data-node-09,9.9.2.156,elasticsearch_os_load5,0.24
2023/4/13 4:45,1681332347,cc-cc408-hya,data-node-09,9.9.2.156,elasticsearch_os_load5,0.47
2023/4/13 4:46,1681332407,cc-cc408-hya,data-node-09,9.9.2.156,elasticsearch_os_load5,0.45
2023/4/13 4:47,1681332467,cc-cc408-hya,data-node-09,9.9.2.156,elasticsearch_os_load5,0.39
2023/4/13 4:48,1681332527,cc-cc408-hya,data-node-09,9.9.2.156,elasticsearch_os_load5,0.41
2023/4/13 4:49,1681332587,cc-cc408-hya,data-node-09,9.9.2.156,elasticsearch_os_load5,0.35
2023/4/13 4:50,1681332647,cc-cc408-hya,data-node-09,9.9.2.156,elasticsearch_os_load5,0.33
2023/4/13 4:51,1681332707,cc-cc408-hya,data-node-09,9.9.2.156,elasticsearch_os_load5,0.33
2023/4/13 4:52,1681332767,cc-cc408-hya,data-node-09,9.9.2.156,elasticsearch_os_load5,0.28
2023/4/13 4:53,1681332827,cc-cc408-hya,data-node-09,9.9.2.156,elasticsearch_os_load5,0.26
2023/4/13 4:54,1681332887,cc-cc408-hya,data-node-09,9.9.2.156,elasticsearch_os_load5,0.24
2023/4/13 4:55,1681332947,cc-cc408-hya,data-node-09,9.9.2.156,elasticsearch_os_load5,0.25
2023/4/13 4:56,1681333007,cc-cc408-hya,data-node-09,9.9.2.156,elasticsearch_os_load5,0.2
2023/4/13 4:57,1681333067,cc-cc408-hya,data-node-09,9.9.2.156,elasticsearch_os_load5,0.38
2023/4/13 4:58,1681333127,cc-cc408-hya,data-node-09,9.9.2.156,elasticsearch_os_load5,0.48
2023/4/13 4:59,1681333187,cc-cc408-hya,data-node-09,9.9.2.156,elasticsearch_os_load5,0.62
2023/4/13 5:00,1681333247,cc-cc408-hya,data-node-09,9.9.2.156,elasticsearch_os_load5,0.97
2023/4/13 5:01,1681333307,cc-cc408-hya,data-node-09,9.9.2.156,elasticsearch_os_load5,1.21
2023/4/13 5:02,1681333367,cc-cc408-hya,data-node-09,9.9.2.156,elasticsearch_os_load5,1.04
2023/4/13 5:03,1681333427,cc-cc408-hya,data-node-09,9.9.2.156,elasticsearch_os_load5,0.88
2023/4/13 5:04,1681333487,cc-cc408-hya,data-node-09,9.9.2.156,elasticsearch_os_load5,0.77
2023/4/13 5:05,1681333547,cc-cc408-hya,data-node-09,9.9.2.156,elasticsearch_os_load5,0.66
2023/4/13 5:06,1681333607,cc-cc408-hya,data-node-09,9.9.2.156,elasticsearch_os_load5,0.55
2023/4/13 5:07,1681333667,cc-cc408-hya,data-node-09,9.9.2.156,elasticsearch_os_load5,0.6
2023/4/13 5:08,1681333727,cc-cc408-hya,data-node-09,9.9.2.156,elasticsearch_os_load5,0.56
2023/4/13 5:09,1681333787,cc-cc408-hya,data-node-09,9.9.2.156,elasticsearch_os_load5,0.52
2023/4/13 5:10,1681333847,cc-cc408-hya,data-node-09,9.9.2.156,elasticsearch_os_load5,0.49
2023/4/13 5:11,1681333907,cc-cc408-hya,data-node-09,9.9.2.156,elasticsearch_os_load5,0.46
2023/4/13 5:12,1681333967,cc-cc408-hya,data-node-09,9.9.2.156,elasticsearch_os_load5,0.42
2023/4/13 5:13,1681334027,cc-cc408-hya,data-node-09,9.9.2.156,elasticsearch_os_load5,0.39
2023/4/13 5:14,1681334087,cc-cc408-hya,data-node-09,9.9.2.156,elasticsearch_os_load5,0.31
2023/4/13 5:15,1681334147,cc-cc408-hya,data-node-09,9.9.2.156,elasticsearch_os_load5,0.35
2023/4/13 5:16,1681334207,cc-cc408-hya,data-node-09,9.9.2.156,elasticsearch_os_load5,0.43
2023/4/13 5:17,1681334267,cc-cc408-hya,data-node-09,9.9.2.156,elasticsearch_os_load5,0.38
2023/4/13 5:18,1681334327,cc-cc408-hya,data-node-09,9.9.2.156,elasticsearch_os_load5,0.32
2023/4/13 5:19,1681334387,cc-cc408-hya,data-node-09,9.9.2.156,elasticsearch_os_load5,0.29
2023/4/13 5:20,1681334447,cc-cc408-hya,data-node-09,9.9.2.156,elasticsearch_os_load5,0.27
2023/4/13 5:21,1681334507,cc-cc408-hya,data-node-09,9.9.2.156,elasticsearch_os_load5,0.22
2023/4/13 5:22,1681334567,cc-cc408-hya,data-node-09,9.9.2.156,elasticsearch_os_load5,0.22
2023/4/13 5:23,1681334627,cc-cc408-hya,data-node-09,9.9.2.156,elasticsearch_os_load5,0.21
2023/4/13 5:24,1681334687,cc-cc408-hya,data-node-09,9.9.2.156,elasticsearch_os_load5,0.2
2023/4/13 5:25,1681334747,cc-cc408-hya,data-node-09,9.9.2.156,elasticsearch_os_load5,0.22
2023/4/13 5:26,1681334807,cc-cc408-hya,data-node-09,9.9.2.156,elasticsearch_os_load5,0.26
2023/4/13 5:27,1681334867,cc-cc408-hya,data-node-09,9.9.2.156,elasticsearch_os_load5,0.34
2023/4/13 5:28,1681334927,cc-cc408-hya,data-node-09,9.9.2.156,elasticsearch_os_load5,0.39
2023/4/13 5:29,1681334987,cc-cc408-hya,data-node-09,9.9.2.156,elasticsearch_os_load5,0.37
2023/4/13 5:30,1681335047,cc-cc408-hya,data-node-09,9.9.2.156,elasticsearch_os_load5,0.39
2023/4/13 5:31,1681335107,cc-cc408-hya,data-node-09,9.9.2.156,elasticsearch_os_load5,0.36
2023/4/13 5:32,1681335167,cc-cc408-hya,data-node-09,9.9.2.156,elasticsearch_os_load5,0.35
2023/4/13 5:33,1681335227,cc-cc408-hya,data-node-09,9.9.2.156,elasticsearch_os_load5,0.39
2023/4/13 5:34,1681335287,cc-cc408-hya,data-node-09,9.9.2.156,elasticsearch_os_load5,0.35
2023/4/13 5:35,1681335347,cc-cc408-hya,data-node-09,9.9.2.156,elasticsearch_os_load5,0.37
2023/4/13 5:36,1681335407,cc-cc408-hya,data-node-09,9.9.2.156,elasticsearch_os_load5,0.45
2023/4/13 5:37,1681335467,cc-cc408-hya,data-node-09,9.9.2.156,elasticsearch_os_load5,0.42
2023/4/13 5:38,1681335527,cc-cc408-hya,data-node-09,9.9.2.156,elasticsearch_os_load5,0.37
2023/4/13 5:39,1681335587,cc-cc408-hya,data-node-09,9.9.2.156,elasticsearch_os_load5,0.48
2023/4/13 5:40,1681335647,cc-cc408-hya,data-node-09,9.9.2.156,elasticsearch_os_load5,0.53
2023/4/13 5:41,1681335707,cc-cc408-hya,data-node-09,9.9.2.156,elasticsearch_os_load5,0.67
2023/4/13 5:42,1681335767,cc-cc408-hya,data-node-09,9.9.2.156,elasticsearch_os_load5,0.59
2023/4/13 5:43,1681335827,cc-cc408-hya,data-node-09,9.9.2.156,elasticsearch_os_load5,0.51
2023/4/13 5:44,1681335887,cc-cc408-hya,data-node-09,9.9.2.156,elasticsearch_os_load5,0.43
2023/4/13 5:45,1681335947,cc-cc408-hya,data-node-09,9.9.2.156,elasticsearch_os_load5,0.35
2023/4/13 5:46,1681336007,cc-cc408-hya,data-node-09,9.9.2.156,elasticsearch_os_load5,0.31
2023/4/13 5:47,1681336067,cc-cc408-hya,data-node-09,9.9.2.156,elasticsearch_os_load5,0.3
2023/4/13 5:48,1681336127,cc-cc408-hya,data-node-09,9.9.2.156,elasticsearch_os_load5,0.4
2023/4/13 5:49,1681336187,cc-cc408-hya,data-node-09,9.9.2.156,elasticsearch_os_load5,0.36
2023/4/13 5:50,1681336247,cc-cc408-hya,data-node-09,9.9.2.156,elasticsearch_os_load5,0.4
2023/4/13 5:51,1681336307,cc-cc408-hya,data-node-09,9.9.2.156,elasticsearch_os_load5,0.46
2023/4/13 5:52,1681336367,cc-cc408-hya,data-node-09,9.9.2.156,elasticsearch_os_load5,0.47
2023/4/13 5:53,1681336427,cc-cc408-hya,data-node-09,9.9.2.156,elasticsearch_os_load5,0.45
2023/4/13 5:54,1681336487,cc-cc408-hya,data-node-09,9.9.2.156,elasticsearch_os_load5,0.42
2023/4/13 5:55,1681336547,cc-cc408-hya,data-node-09,9.9.2.156,elasticsearch_os_load5,0.4
2023/4/13 5:56,1681336607,cc-cc408-hya,data-node-09,9.9.2.156,elasticsearch_os_load5,0.38
2023/4/13 5:57,1681336667,cc-cc408-hya,data-node-09,9.9.2.156,elasticsearch_os_load5,0.49
2023/4/13 5:58,1681336727,cc-cc408-hya,data-node-09,9.9.2.156,elasticsearch_os_load5,0.49
2023/4/13 5:59,1681336787,cc-cc408-hya,data-node-09,9.9.2.156,elasticsearch_os_load5,0.48
2023/4/13 6:00,1681336847,cc-cc408-hya,data-node-09,9.9.2.156,elasticsearch_os_load5,0.46
2023/4/13 6:01,1681336907,cc-cc408-hya,data-node-09,9.9.2.156,elasticsearch_os_load5,0.47
2023/4/13 6:02,1681336967,cc-cc408-hya,data-node-09,9.9.2.156,elasticsearch_os_load5,0.41
2023/4/13 6:03,1681337027,cc-cc408-hya,data-node-09,9.9.2.156,elasticsearch_os_load5,0.35
2023/4/13 6:04,1681337087,cc-cc408-hya,data-node-09,9.9.2.156,elasticsearch_os_load5,0.35
2023/4/13 6:05,1681337147,cc-cc408-hya,data-node-09,9.9.2.156,elasticsearch_os_load5,0.31
2023/4/13 6:06,1681337207,cc-cc408-hya,data-node-09,9.9.2.156,elasticsearch_os_load5,0.27
2023/4/13 6:07,1681337267,cc-cc408-hya,data-node-09,9.9.2.156,elasticsearch_os_load5,0.23
2023/4/13 6:08,1681337327,cc-cc408-hya,data-node-09,9.9.2.156,elasticsearch_os_load5,0.19
2023/4/13 6:09,1681337387,cc-cc408-hya,data-node-09,9.9.2.156,elasticsearch_os_load5,0.33
2023/4/13 6:10,1681337447,cc-cc408-hya,data-node-09,9.9.2.156,elasticsearch_os_load5,0.36
2023/4/13 6:11,1681337507,cc-cc408-hya,data-node-09,9.9.2.156,elasticsearch_os_load5,0.38
2023/4/13 6:12,1681337567,cc-cc408-hya,data-node-09,9.9.2.156,elasticsearch_os_load5,0.4
2023/4/13 6:13,1681337627,cc-cc408-hya,data-node-09,9.9.2.156,elasticsearch_os_load5,0.4
2023/4/13 6:14,1681337687,cc-cc408-hya,data-node-09,9.9.2.156,elasticsearch_os_load5,0.35
2023/4/13 6:15,1681337747,cc-cc408-hya,data-node-09,9.9.2.156,elasticsearch_os_load5,0.35
2023/4/13 6:16,1681337807,cc-cc408-hya,data-node-09,9.9.2.156,elasticsearch_os_load5,0.33
2023/4/13 6:17,1681337867,cc-cc408-hya,data-node-09,9.9.2.156,elasticsearch_os_load5,0.34
2023/4/13 6:18,1681337927,cc-cc408-hya,data-node-09,9.9.2.156,elasticsearch_os_load5,0.32
2023/4/13 6:19,1681337987,cc-cc408-hya,data-node-09,9.9.2.156,elasticsearch_os_load5,0.32
2023/4/13 6:20,1681338047,cc-cc408-hya,data-node-09,9.9.2.156,elasticsearch_os_load5,0.26
2023/4/13 6:21,1681338107,cc-cc408-hya,data-node-09,9.9.2.156,elasticsearch_os_load5,0.33
2023/4/13 6:22,1681338167,cc-cc408-hya,data-node-09,9.9.2.156,elasticsearch_os_load5,0.5
2023/4/13 6:23,1681338227,cc-cc408-hya,data-node-09,9.9.2.156,elasticsearch_os_load5,0.56
2023/4/13 6:24,1681338287,cc-cc408-hya,data-node-09,9.9.2.156,elasticsearch_os_load5,0.54
2023/4/13 6:25,1681338347,cc-cc408-hya,data-node-09,9.9.2.156,elasticsearch_os_load5,0.47
2023/4/13 6:26,1681338407,cc-cc408-hya,data-node-09,9.9.2.156,elasticsearch_os_load5,0.41
2023/4/13 6:27,1681338467,cc-cc408-hya,data-node-09,9.9.2.156,elasticsearch_os_load5,0.42
2023/4/13 6:28,1681338527,cc-cc408-hya,data-node-09,9.9.2.156,elasticsearch_os_load5,0.36
2023/4/13 6:29,1681338587,cc-cc408-hya,data-node-09,9.9.2.156,elasticsearch_os_load5,0.34
2023/4/13 6:30,1681338647,cc-cc408-hya,data-node-09,9.9.2.156,elasticsearch_os_load5,0.33
2023/4/13 6:31,1681338707,cc-cc408-hya,data-node-09,9.9.2.156,elasticsearch_os_load5,0.28
2023/4/13 6:32,1681338767,cc-cc408-hya,data-node-09,9.9.2.156,elasticsearch_os_load5,0.42
2023/4/13 6:33,1681338827,cc-cc408-hya,data-node-09,9.9.2.156,elasticsearch_os_load5,0.37
2023/4/13 6:34,1681338887,cc-cc408-hya,data-node-09,9.9.2.156,elasticsearch_os_load5,0.35
2023/4/13 6:35,1681338947,cc-cc408-hya,data-node-09,9.9.2.156,elasticsearch_os_load5,0.49
2023/4/13 6:36,1681339007,cc-cc408-hya,data-node-09,9.9.2.156,elasticsearch_os_load5,0.51
2023/4/13 6:37,1681339067,cc-cc408-hya,data-node-09,9.9.2.156,elasticsearch_os_load5,0.51
2023/4/13 6:38,1681339127,cc-cc408-hya,data-node-09,9.9.2.156,elasticsearch_os_load5,0.46
2023/4/13 6:39,1681339187,cc-cc408-hya,data-node-09,9.9.2.156,elasticsearch_os_load5,0.47
2023/4/13 6:40,1681339247,cc-cc408-hya,data-node-09,9.9.2.156,elasticsearch_os_load5,0.39
2023/4/13 6:41,1681339307,cc-cc408-hya,data-node-09,9.9.2.156,elasticsearch_os_load5,0.39
2023/4/13 6:42,1681339367,cc-cc408-hya,data-node-09,9.9.2.156,elasticsearch_os_load5,0.39
2023/4/13 6:43,1681339427,cc-cc408-hya,data-node-09,9.9.2.156,elasticsearch_os_load5,0.47
2023/4/13 6:44,1681339487,cc-cc408-hya,data-node-09,9.9.2.156,elasticsearch_os_load5,0.45
2023/4/13 6:45,1681339547,cc-cc408-hya,data-node-09,9.9.2.156,elasticsearch_os_load5,0.44
2023/4/13 6:46,1681339607,cc-cc408-hya,data-node-09,9.9.2.156,elasticsearch_os_load5,0.39
2023/4/13 6:47,1681339667,cc-cc408-hya,data-node-09,9.9.2.156,elasticsearch_os_load5,0.38
2023/4/13 6:48,1681339727,cc-cc408-hya,data-node-09,9.9.2.156,elasticsearch_os_load5,0.4
2023/4/13 6:49,1681339787,cc-cc408-hya,data-node-09,9.9.2.156,elasticsearch_os_load5,0.34
2023/4/13 6:50,1681339847,cc-cc408-hya,data-node-09,9.9.2.156,elasticsearch_os_load5,0.42
2023/4/13 6:51,1681339907,cc-cc408-hya,data-node-09,9.9.2.156,elasticsearch_os_load5,0.71
2023/4/13 6:52,1681339967,cc-cc408-hya,data-node-09,9.9.2.156,elasticsearch_os_load5,0.67
2023/4/13 6:53,1681340027,cc-cc408-hya,data-node-09,9.9.2.156,elasticsearch_os_load5,0.64
2023/4/13 6:54,1681340087,cc-cc408-hya,data-node-09,9.9.2.156,elasticsearch_os_load5,0.6
2023/4/13 6:55,1681340147,cc-cc408-hya,data-node-09,9.9.2.156,elasticsearch_os_load5,0.53
2023/4/13 6:56,1681340207,cc-cc408-hya,data-node-09,9.9.2.156,elasticsearch_os_load5,0.5
2023/4/13 6:57,1681340267,cc-cc408-hya,data-node-09,9.9.2.156,elasticsearch_os_load5,0.48
2023/4/13 6:58,1681340327,cc-cc408-hya,data-node-09,9.9.2.156,elasticsearch_os_load5,0.47
2023/4/13 6:59,1681340387,cc-cc408-hya,data-node-09,9.9.2.156,elasticsearch_os_load5,0.53
2023/4/13 7:00,1681340447,cc-cc408-hya,data-node-09,9.9.2.156,elasticsearch_os_load5,0.51
2023/4/13 7:01,1681340507,cc-cc408-hya,data-node-09,9.9.2.156,elasticsearch_os_load5,0.5
2023/4/13 7:02,1681340567,cc-cc408-hya,data-node-09,9.9.2.156,elasticsearch_os_load5,0.47
2023/4/13 7:03,1681340627,cc-cc408-hya,data-node-09,9.9.2.156,elasticsearch_os_load5,0.42
2023/4/13 7:04,1681340687,cc-cc408-hya,data-node-09,9.9.2.156,elasticsearch_os_load5,0.55
2023/4/13 7:05,1681340747,cc-cc408-hya,data-node-09,9.9.2.156,elasticsearch_os_load5,0.61
2023/4/13 7:06,1681340807,cc-cc408-hya,data-node-09,9.9.2.156,elasticsearch_os_load5,0.67
2023/4/13 7:07,1681340867,cc-cc408-hya,data-node-09,9.9.2.156,elasticsearch_os_load5,0.64
2023/4/13 7:08,1681340927,cc-cc408-hya,data-node-09,9.9.2.156,elasticsearch_os_load5,0.6
2023/4/13 7:09,1681340987,cc-cc408-hya,data-node-09,9.9.2.156,elasticsearch_os_load5,0.53
2023/4/13 7:10,1681341047,cc-cc408-hya,data-node-09,9.9.2.156,elasticsearch_os_load5,0.49
2023/4/13 7:11,1681341107,cc-cc408-hya,data-node-09,9.9.2.156,elasticsearch_os_load5,0.52
2023/4/13 7:12,1681341167,cc-cc408-hya,data-node-09,9.9.2.156,elasticsearch_os_load5,0.53
2023/4/13 7:13,1681341227,cc-cc408-hya,data-node-09,9.9.2.156,elasticsearch_os_load5,0.51
2023/4/13 7:14,1681341287,cc-cc408-hya,data-node-09,9.9.2.156,elasticsearch_os_load5,0.52
2023/4/13 7:15,1681341347,cc-cc408-hya,data-node-09,9.9.2.156,elasticsearch_os_load5,0.53
2023/4/13 7:16,1681341407,cc-cc408-hya,data-node-09,9.9.2.156,elasticsearch_os_load5,0.57
2023/4/13 7:17,1681341467,cc-cc408-hya,data-node-09,9.9.2.156,elasticsearch_os_load5,0.59
2023/4/13 7:18,1681341527,cc-cc408-hya,data-node-09,9.9.2.156,elasticsearch_os_load5,0.56
2023/4/13 7:19,1681341587,cc-cc408-hya,data-node-09,9.9.2.156,elasticsearch_os_load5,0.53
2023/4/13 7:20,1681341647,cc-cc408-hya,data-node-09,9.9.2.156,elasticsearch_os_load5,0.48
2023/4/13 7:21,1681341707,cc-cc408-hya,data-node-09,9.9.2.156,elasticsearch_os_load5,0.61
2023/4/13 7:22,1681341767,cc-cc408-hya,data-node-09,9.9.2.156,elasticsearch_os_load5,0.81
2023/4/13 7:23,1681341827,cc-cc408-hya,data-node-09,9.9.2.156,elasticsearch_os_load5,0.76
2023/4/13 7:24,1681341887,cc-cc408-hya,data-node-09,9.9.2.156,elasticsearch_os_load5,0.73
2023/4/13 7:25,1681341947,cc-cc408-hya,data-node-09,9.9.2.156,elasticsearch_os_load5,0.81
2023/4/13 7:26,1681342007,cc-cc408-hya,data-node-09,9.9.2.156,elasticsearch_os_load5,0.76
2023/4/13 7:27,1681342067,cc-cc408-hya,data-node-09,9.9.2.156,elasticsearch_os_load5,0.68
2023/4/13 7:28,1681342127,cc-cc408-hya,data-node-09,9.9.2.156,elasticsearch_os_load5,0.63
2023/4/13 7:29,1681342187,cc-cc408-hya,data-node-09,9.9.2.156,elasticsearch_os_load5,0.59
2023/4/13 7:30,1681342247,cc-cc408-hya,data-node-09,9.9.2.156,elasticsearch_os_load5,0.54
2023/4/13 7:31,1681342307,cc-cc408-hya,data-node-09,9.9.2.156,elasticsearch_os_load5,0.54
2023/4/13 7:32,1681342367,cc-cc408-hya,data-node-09,9.9.2.156,elasticsearch_os_load5,0.64
2023/4/13 7:33,1681342427,cc-cc408-hya,data-node-09,9.9.2.156,elasticsearch_os_load5,0.75
2023/4/13 7:34,1681342487,cc-cc408-hya,data-node-09,9.9.2.156,elasticsearch_os_load5,0.67
2023/4/13 7:35,1681342547,cc-cc408-hya,data-node-09,9.9.2.156,elasticsearch_os_load5,0.76
2023/4/13 7:36,1681342607,cc-cc408-hya,data-node-09,9.9.2.156,elasticsearch_os_load5,0.68
2023/4/13 7:37,1681342667,cc-cc408-hya,data-node-09,9.9.2.156,elasticsearch_os_load5,0.61
2023/4/13 7:38,1681342727,cc-cc408-hya,data-node-09,9.9.2.156,elasticsearch_os_load5,0.57
2023/4/13 7:39,1681342787,cc-cc408-hya,data-node-09,9.9.2.156,elasticsearch_os_load5,0.59
2023/4/13 7:40,1681342847,cc-cc408-hya,data-node-09,9.9.2.156,elasticsearch_os_load5,0.51
2023/4/13 7:41,1681342907,cc-cc408-hya,data-node-09,9.9.2.156,elasticsearch_os_load5,0.62
2023/4/13 7:42,1681342967,cc-cc408-hya,data-node-09,9.9.2.156,elasticsearch_os_load5,0.63
2023/4/13 7:43,1681343027,cc-cc408-hya,data-node-09,9.9.2.156,elasticsearch_os_load5,0.62
2023/4/13 7:44,1681343087,cc-cc408-hya,data-node-09,9.9.2.156,elasticsearch_os_load5,0.54
2023/4/13 7:45,1681343147,cc-cc408-hya,data-node-09,9.9.2.156,elasticsearch_os_load5,0.54
2023/4/13 7:46,1681343207,cc-cc408-hya,data-node-09,9.9.2.156,elasticsearch_os_load5,0.63
2023/4/13 7:47,1681343267,cc-cc408-hya,data-node-09,9.9.2.156,elasticsearch_os_load5,0.77
2023/4/13 7:48,1681343327,cc-cc408-hya,data-node-09,9.9.2.156,elasticsearch_os_load5,1.05
2023/4/13 7:49,1681343387,cc-cc408-hya,data-node-09,9.9.2.156,elasticsearch_os_load5,1
2023/4/13 7:50,1681343447,cc-cc408-hya,data-node-09,9.9.2.156,elasticsearch_os_load5,0.86
2023/4/13 7:51,1681343507,cc-cc408-hya,data-node-09,9.9.2.156,elasticsearch_os_load5,1.06
2023/4/13 7:52,1681343567,cc-cc408-hya,data-node-09,9.9.2.156,elasticsearch_os_load5,0.99
2023/4/13 7:53,1681343627,cc-cc408-hya,data-node-09,9.9.2.156,elasticsearch_os_load5,0.85
2023/4/13 7:54,1681343687,cc-cc408-hya,data-node-09,9.9.2.156,elasticsearch_os_load5,0.82
2023/4/13 7:55,1681343747,cc-cc408-hya,data-node-09,9.9.2.156,elasticsearch_os_load5,0.8
2023/4/13 7:56,1681343807,cc-cc408-hya,data-node-09,9.9.2.156,elasticsearch_os_load5,0.73
2023/4/13 7:57,1681343867,cc-cc408-hya,data-node-09,9.9.2.156,elasticsearch_os_load5,0.65
2023/4/13 7:58,1681343927,cc-cc408-hya,data-node-09,9.9.2.156,elasticsearch_os_load5,0.76
2023/4/13 7:59,1681343987,cc-cc408-hya,data-node-09,9.9.2.156,elasticsearch_os_load5,0.73
2023/4/13 8:00,1681344047,cc-cc408-hya,data-node-09,9.9.2.156,elasticsearch_os_load5,0.8
2023/4/13 8:01,1681344107,cc-cc408-hya,data-node-09,9.9.2.156,elasticsearch_os_load5,1.65
2023/4/13 8:02,1681344167,cc-cc408-hya,data-node-09,9.9.2.156,elasticsearch_os_load5,1.69
2023/4/13 8:03,1681344227,cc-cc408-hya,data-node-09,9.9.2.156,elasticsearch_os_load5,1.9
2023/4/13 8:04,1681344287,cc-cc408-hya,data-node-09,9.9.2.156,elasticsearch_os_load5,1.8
2023/4/13 8:05,1681344347,cc-cc408-hya,data-node-09,9.9.2.156,elasticsearch_os_load5,1.72
2023/4/13 8:06,1681344407,cc-cc408-hya,data-node-09,9.9.2.156,elasticsearch_os_load5,1.98
2023/4/13 8:07,1681344467,cc-cc408-hya,data-node-09,9.9.2.156,elasticsearch_os_load5,1.95
2023/4/13 8:08,1681344527,cc-cc408-hya,data-node-09,9.9.2.156,elasticsearch_os_load5,2.33
2023/4/13 8:09,1681344587,cc-cc408-hya,data-node-09,9.9.2.156,elasticsearch_os_load5,3.43
2023/4/13 8:10,1681344647,cc-cc408-hya,data-node-09,9.9.2.156,elasticsearch_os_load5,3.11
2023/4/13 8:11,1681344707,cc-cc408-hya,data-node-09,9.9.2.156,elasticsearch_os_load5,2.68
2023/4/13 8:12,1681344767,cc-cc408-hya,data-node-09,9.9.2.156,elasticsearch_os_load5,2.31
2023/4/13 8:13,1681344827,cc-cc408-hya,data-node-09,9.9.2.156,elasticsearch_os_load5,2.07
2023/4/13 8:14,1681344887,cc-cc408-hya,data-node-09,9.9.2.156,elasticsearch_os_load5,2.18
2023/4/13 8:15,1681344947,cc-cc408-hya,data-node-09,9.9.2.156,elasticsearch_os_load5,2.11
2023/4/13 8:16,1681345007,cc-cc408-hya,data-node-09,9.9.2.156,elasticsearch_os_load5,2.01
2023/4/13 8:17,1681345067,cc-cc408-hya,data-node-09,9.9.2.156,elasticsearch_os_load5,1.91
2023/4/13 8:18,1681345127,cc-cc408-hya,data-node-09,9.9.2.156,elasticsearch_os_load5,1.8
2023/4/13 8:19,1681345187,cc-cc408-hya,data-node-09,9.9.2.156,elasticsearch_os_load5,1.67
2023/4/13 8:20,1681345247,cc-cc408-hya,data-node-09,9.9.2.156,elasticsearch_os_load5,1.5
2023/4/13 8:21,1681345307,cc-cc408-hya,data-node-09,9.9.2.156,elasticsearch_os_load5,1.41
2023/4/13 8:22,1681345367,cc-cc408-hya,data-node-09,9.9.2.156,elasticsearch_os_load5,1.36
2023/4/13 8:23,1681345427,cc-cc408-hya,data-node-09,9.9.2.156,elasticsearch_os_load5,1.3
2023/4/13 8:24,1681345487,cc-cc408-hya,data-node-09,9.9.2.156,elasticsearch_os_load5,1.69
2023/4/13 8:25,1681345547,cc-cc408-hya,data-node-09,9.9.2.156,elasticsearch_os_load5,1.56
2023/4/13 8:26,1681345607,cc-cc408-hya,data-node-09,9.9.2.156,elasticsearch_os_load5,1.62
2023/4/13 8:27,1681345667,cc-cc408-hya,data-node-09,9.9.2.156,elasticsearch_os_load5,1.46
2023/4/13 8:28,1681345727,cc-cc408-hya,data-node-09,9.9.2.156,elasticsearch_os_load5,1.4
2023/4/13 8:29,1681345787,cc-cc408-hya,data-node-09,9.9.2.156,elasticsearch_os_load5,1.51
2023/4/13 8:30,1681345847,cc-cc408-hya,data-node-09,9.9.2.156,elasticsearch_os_load5,1.58
2023/4/13 8:31,1681345907,cc-cc408-hya,data-node-09,9.9.2.156,elasticsearch_os_load5,1.56
2023/4/13 8:32,1681345967,cc-cc408-hya,data-node-09,9.9.2.156,elasticsearch_os_load5,1.52
2023/4/13 8:33,1681346027,cc-cc408-hya,data-node-09,9.9.2.156,elasticsearch_os_load5,1.42
2023/4/13 8:34,1681346087,cc-cc408-hya,data-node-09,9.9.2.156,elasticsearch_os_load5,1.33
2023/4/13 8:35,1681346147,cc-cc408-hya,data-node-09,9.9.2.156,elasticsearch_os_load5,1.22
2023/4/13 8:36,1681346207,cc-cc408-hya,data-node-09,9.9.2.156,elasticsearch_os_load5,1.13
2023/4/13 8:37,1681346267,cc-cc408-hya,data-node-09,9.9.2.156,elasticsearch_os_load5,1.08
2023/4/13 8:38,1681346327,cc-cc408-hya,data-node-09,9.9.2.156,elasticsearch_os_load5,1.37
2023/4/13 8:39,1681346387,cc-cc408-hya,data-node-09,9.9.2.156,elasticsearch_os_load5,1.56
2023/4/13 8:40,1681346447,cc-cc408-hya,data-node-09,9.9.2.156,elasticsearch_os_load5,1.63
2023/4/13 8:41,1681346507,cc-cc408-hya,data-node-09,9.9.2.156,elasticsearch_os_load5,1.57
2023/4/13 8:42,1681346567,cc-cc408-hya,data-node-09,9.9.2.156,elasticsearch_os_load5,1.58
2023/4/13 8:43,1681346627,cc-cc408-hya,data-node-09,9.9.2.156,elasticsearch_os_load5,1.61
2023/4/13 8:44,1681346687,cc-cc408-hya,data-node-09,9.9.2.156,elasticsearch_os_load5,1.6
2023/4/13 8:45,1681346747,cc-cc408-hya,data-node-09,9.9.2.156,elasticsearch_os_load5,1.66
2023/4/13 8:46,1681346807,cc-cc408-hya,data-node-09,9.9.2.156,elasticsearch_os_load5,1.75
2023/4/13 8:47,1681346867,cc-cc408-hya,data-node-09,9.9.2.156,elasticsearch_os_load5,1.79
2023/4/13 8:48,1681346927,cc-cc408-hya,data-node-09,9.9.2.156,elasticsearch_os_load5,1.8
2023/4/13 8:49,1681346987,cc-cc408-hya,data-node-09,9.9.2.156,elasticsearch_os_load5,1.99
2023/4/13 8:50,1681347047,cc-cc408-hya,data-node-09,9.9.2.156,elasticsearch_os_load5,1.92
2023/4/13 8:51,1681347107,cc-cc408-hya,data-node-09,9.9.2.156,elasticsearch_os_load5,1.89
2023/4/13 8:52,1681347167,cc-cc408-hya,data-node-09,9.9.2.156,elasticsearch_os_load5,1.98
2023/4/13 8:53,1681347227,cc-cc408-hya,data-node-09,9.9.2.156,elasticsearch_os_load5,1.88
2023/4/13 8:54,1681347287,cc-cc408-hya,data-node-09,9.9.2.156,elasticsearch_os_load5,2.35
2023/4/13 8:55,1681347347,cc-cc408-hya,data-node-09,9.9.2.156,elasticsearch_os_load5,2.21
2023/4/13 8:56,1681347407,cc-cc408-hya,data-node-09,9.9.2.156,elasticsearch_os_load5,2.33
2023/4/13 8:57,1681347467,cc-cc408-hya,data-node-09,9.9.2.156,elasticsearch_os_load5,2.32
2023/4/13 8:58,1681347527,cc-cc408-hya,data-node-09,9.9.2.156,elasticsearch_os_load5,2.49
2023/4/13 8:59,1681347587,cc-cc408-hya,data-node-09,9.9.2.156,elasticsearch_os_load5,2.44
2023/4/13 9:00,1681347647,cc-cc408-hya,data-node-09,9.9.2.156,elasticsearch_os_load5,2.52
2023/4/13 9:01,1681347707,cc-cc408-hya,data-node-09,9.9.2.156,elasticsearch_os_load5,2.58
2023/4/13 9:02,1681347767,cc-cc408-hya,data-node-09,9.9.2.156,elasticsearch_os_load5,2.78
2023/4/13 9:03,1681347827,cc-cc408-hya,data-node-09,9.9.2.156,elasticsearch_os_load5,3.1
2023/4/13 9:04,1681347887,cc-cc408-hya,data-node-09,9.9.2.156,elasticsearch_os_load5,3.34
2023/4/13 9:05,1681347947,cc-cc408-hya,data-node-09,9.9.2.156,elasticsearch_os_load5,3.45
2023/4/13 9:06,1681348007,cc-cc408-hya,data-node-09,9.9.2.156,elasticsearch_os_load5,3.51
2023/4/13 9:07,1681348067,cc-cc408-hya,data-node-09,9.9.2.156,elasticsearch_os_load5,3.43
2023/4/13 9:08,1681348127,cc-cc408-hya,data-node-09,9.9.2.156,elasticsearch_os_load5,3.54
2023/4/13 9:09,1681348187,cc-cc408-hya,data-node-09,9.9.2.156,elasticsearch_os_load5,3.63
2023/4/13 9:10,1681348247,cc-cc408-hya,data-node-09,9.9.2.156,elasticsearch_os_load5,3.71
2023/4/13 9:11,1681348307,cc-cc408-hya,data-node-09,9.9.2.156,elasticsearch_os_load5,4.11
2023/4/13 9:12,1681348367,cc-cc408-hya,data-node-09,9.9.2.156,elasticsearch_os_load5,4.55
2023/4/13 9:13,1681348427,cc-cc408-hya,data-node-09,9.9.2.156,elasticsearch_os_load5,4.84
2023/4/13 9:14,1681348487,cc-cc408-hya,data-node-09,9.9.2.156,elasticsearch_os_load5,4.71
2023/4/13 9:15,1681348547,cc-cc408-hya,data-node-09,9.9.2.156,elasticsearch_os_load5,4.48
2023/4/13 9:16,1681348607,cc-cc408-hya,data-node-09,9.9.2.156,elasticsearch_os_load5,4.53
2023/4/13 9:17,1681348667,cc-cc408-hya,data-node-09,9.9.2.156,elasticsearch_os_load5,4.23
2023/4/13 9:18,1681348727,cc-cc408-hya,data-node-09,9.9.2.156,elasticsearch_os_load5,4.13
2023/4/13 9:19,1681348787,cc-cc408-hya,data-node-09,9.9.2.156,elasticsearch_os_load5,4.06
2023/4/13 9:20,1681348847,cc-cc408-hya,data-node-09,9.9.2.156,elasticsearch_os_load5,4.06
2023/4/13 9:21,1681348907,cc-cc408-hya,data-node-09,9.9.2.156,elasticsearch_os_load5,4.16
2023/4/13 9:22,1681348967,cc-cc408-hya,data-node-09,9.9.2.156,elasticsearch_os_load5,4.83
2023/4/13 9:23,1681349027,cc-cc408-hya,data-node-09,9.9.2.156,elasticsearch_os_load5,4.76
2023/4/13 9:24,1681349087,cc-cc408-hya,data-node-09,9.9.2.156,elasticsearch_os_load5,4.6
2023/4/13 9:25,1681349147,cc-cc408-hya,data-node-09,9.9.2.156,elasticsearch_os_load5,4.56
2023/4/13 9:26,1681349207,cc-cc408-hya,data-node-09,9.9.2.156,elasticsearch_os_load5,4.62
2023/4/13 9:27,1681349267,cc-cc408-hya,data-node-09,9.9.2.156,elasticsearch_os_load5,4.54
2023/4/13 9:28,1681349327,cc-cc408-hya,data-node-09,9.9.2.156,elasticsearch_os_load5,4.48
2023/4/13 9:29,1681349387,cc-cc408-hya,data-node-09,9.9.2.156,elasticsearch_os_load5,4.55
2023/4/13 9:30,1681349447,cc-cc408-hya,data-node-09,9.9.2.156,elasticsearch_os_load5,5.14
2023/4/13 9:31,1681349507,cc-cc408-hya,data-node-09,9.9.2.156,elasticsearch_os_load5,5.55
2023/4/13 9:32,1681349567,cc-cc408-hya,data-node-09,9.9.2.156,elasticsearch_os_load5,5.19
2023/4/13 9:33,1681349627,cc-cc408-hya,data-node-09,9.9.2.156,elasticsearch_os_load5,5.21
2023/4/13 9:34,1681349687,cc-cc408-hya,data-node-09,9.9.2.156,elasticsearch_os_load5,5.03
2023/4/13 9:35,1681349747,cc-cc408-hya,data-node-09,9.9.2.156,elasticsearch_os_load5,4.88
2023/4/13 9:36,1681349807,cc-cc408-hya,data-node-09,9.9.2.156,elasticsearch_os_load5,5.22
2023/4/13 9:37,1681349867,cc-cc408-hya,data-node-09,9.9.2.156,elasticsearch_os_load5,5.06
2023/4/13 9:38,1681349927,cc-cc408-hya,data-node-09,9.9.2.156,elasticsearch_os_load5,5.2
2023/4/13 9:39,1681349987,cc-cc408-hya,data-node-09,9.9.2.156,elasticsearch_os_load5,5
2023/4/13 9:40,1681350047,cc-cc408-hya,data-node-09,9.9.2.156,elasticsearch_os_load5,4.97
2023/4/13 9:41,1681350107,cc-cc408-hya,data-node-09,9.9.2.156,elasticsearch_os_load5,4.98
2023/4/13 9:42,1681350167,cc-cc408-hya,data-node-09,9.9.2.156,elasticsearch_os_load5,5.14
2023/4/13 9:43,1681350227,cc-cc408-hya,data-node-09,9.9.2.156,elasticsearch_os_load5,4.88
2023/4/13 9:44,1681350287,cc-cc408-hya,data-node-09,9.9.2.156,elasticsearch_os_load5,4.78
2023/4/13 9:45,1681350347,cc-cc408-hya,data-node-09,9.9.2.156,elasticsearch_os_load5,4.65
2023/4/13 9:46,1681350407,cc-cc408-hya,data-node-09,9.9.2.156,elasticsearch_os_load5,5.02
2023/4/13 9:47,1681350467,cc-cc408-hya,data-node-09,9.9.2.156,elasticsearch_os_load5,5.1
2023/4/13 9:48,1681350527,cc-cc408-hya,data-node-09,9.9.2.156,elasticsearch_os_load5,5
2023/4/13 9:49,1681350587,cc-cc408-hya,data-node-09,9.9.2.156,elasticsearch_os_load5,4.77
2023/4/13 9:50,1681350647,cc-cc408-hya,data-node-09,9.9.2.156,elasticsearch_os_load5,4.52
2023/4/13 9:51,1681350707,cc-cc408-hya,data-node-09,9.9.2.156,elasticsearch_os_load5,4.59
2023/4/13 9:52,1681350767,cc-cc408-hya,data-node-09,9.9.2.156,elasticsearch_os_load5,4.4
2023/4/13 9:53,1681350827,cc-cc408-hya,data-node-09,9.9.2.156,elasticsearch_os_load5,4.46
2023/4/13 9:54,1681350887,cc-cc408-hya,data-node-09,9.9.2.156,elasticsearch_os_load5,4.62
2023/4/13 9:55,1681350947,cc-cc408-hya,data-node-09,9.9.2.156,elasticsearch_os_load5,4.93
2023/4/13 9:56,1681351007,cc-cc408-hya,data-node-09,9.9.2.156,elasticsearch_os_load5,5.16
2023/4/13 9:57,1681351067,cc-cc408-hya,data-node-09,9.9.2.156,elasticsearch_os_load5,5.78
2023/4/13 9:58,1681351127,cc-cc408-hya,data-node-09,9.9.2.156,elasticsearch_os_load5,5.61
2023/4/13 9:59,1681351187,cc-cc408-hya,data-node-09,9.9.2.156,elasticsearch_os_load5,5.37
2023/4/13 10:00,1681351247,cc-cc408-hya,data-node-09,9.9.2.156,elasticsearch_os_load5,5.11
2023/4/13 10:01,1681351307,cc-cc408-hya,data-node-09,9.9.2.156,elasticsearch_os_load5,4.81
2023/4/13 10:02,1681351367,cc-cc408-hya,data-node-09,9.9.2.156,elasticsearch_os_load5,4.69
2023/4/13 10:03,1681351427,cc-cc408-hya,data-node-09,9.9.2.156,elasticsearch_os_load5,4.68
2023/4/13 10:04,1681351487,cc-cc408-hya,data-node-09,9.9.2.156,elasticsearch_os_load5,4.83
2023/4/13 10:05,1681351547,cc-cc408-hya,data-node-09,9.9.2.156,elasticsearch_os_load5,4.7
2023/4/13 10:06,1681351607,cc-cc408-hya,data-node-09,9.9.2.156,elasticsearch_os_load5,4.77
2023/4/13 10:07,1681351667,cc-cc408-hya,data-node-09,9.9.2.156,elasticsearch_os_load5,4.84
2023/4/13 10:08,1681351727,cc-cc408-hya,data-node-09,9.9.2.156,elasticsearch_os_load5,4.92
2023/4/13 10:09,1681351787,cc-cc408-hya,data-node-09,9.9.2.156,elasticsearch_os_load5,4.9
2023/4/13 10:10,1681351847,cc-cc408-hya,data-node-09,9.9.2.156,elasticsearch_os_load5,4.87
2023/4/13 10:11,1681351907,cc-cc408-hya,data-node-09,9.9.2.156,elasticsearch_os_load5,4.98
2023/4/13 10:12,1681351967,cc-cc408-hya,data-node-09,9.9.2.156,elasticsearch_os_load5,4.81
2023/4/13 10:13,1681352027,cc-cc408-hya,data-node-09,9.9.2.156,elasticsearch_os_load5,4.96
2023/4/13 10:14,1681352087,cc-cc408-hya,data-node-09,9.9.2.156,elasticsearch_os_load5,4.98
2023/4/13 10:15,1681352147,cc-cc408-hya,data-node-09,9.9.2.156,elasticsearch_os_load5,4.94
2023/4/13 10:16,1681352207,cc-cc408-hya,data-node-09,9.9.2.156,elasticsearch_os_load5,4.9
2023/4/13 10:17,1681352267,cc-cc408-hya,data-node-09,9.9.2.156,elasticsearch_os_load5,4.93
2023/4/13 10:18,1681352327,cc-cc408-hya,data-node-09,9.9.2.156,elasticsearch_os_load5,5.05
2023/4/13 10:19,1681352387,cc-cc408-hya,data-node-09,9.9.2.156,elasticsearch_os_load5,5.41
2023/4/13 10:20,1681352447,cc-cc408-hya,data-node-09,9.9.2.156,elasticsearch_os_load5,5.43
2023/4/13 10:21,1681352507,cc-cc408-hya,data-node-09,9.9.2.156,elasticsearch_os_load5,5.62
2023/4/13 10:22,1681352567,cc-cc408-hya,data-node-09,9.9.2.156,elasticsearch_os_load5,5.12
2023/4/13 10:23,1681352627,cc-cc408-hya,data-node-09,9.9.2.156,elasticsearch_os_load5,4.99
2023/4/13 10:24,1681352687,cc-cc408-hya,data-node-09,9.9.2.156,elasticsearch_os_load5,4.92
2023/4/13 10:25,1681352747,cc-cc408-hya,data-node-09,9.9.2.156,elasticsearch_os_load5,4.88
2023/4/13 10:26,1681352807,cc-cc408-hya,data-node-09,9.9.2.156,elasticsearch_os_load5,5.02
2023/4/13 10:27,1681352867,cc-cc408-hya,data-node-09,9.9.2.156,elasticsearch_os_load5,4.98
2023/4/13 10:28,1681352927,cc-cc408-hya,data-node-09,9.9.2.156,elasticsearch_os_load5,4.68
2023/4/13 10:29,1681352987,cc-cc408-hya,data-node-09,9.9.2.156,elasticsearch_os_load5,4.7
2023/4/13 10:30,1681353047,cc-cc408-hya,data-node-09,9.9.2.156,elasticsearch_os_load5,4.67
2023/4/13 10:31,1681353107,cc-cc408-hya,data-node-09,9.9.2.156,elasticsearch_os_load5,4.74
2023/4/13 10:32,1681353167,cc-cc408-hya,data-node-09,9.9.2.156,elasticsearch_os_load5,4.99
2023/4/13 10:33,1681353227,cc-cc408-hya,data-node-09,9.9.2.156,elasticsearch_os_load5,5.12
2023/4/13 10:34,1681353287,cc-cc408-hya,data-node-09,9.9.2.156,elasticsearch_os_load5,5.1
2023/4/13 10:35,1681353347,cc-cc408-hya,data-node-09,9.9.2.156,elasticsearch_os_load5,4.91
2023/4/13 10:36,1681353407,cc-cc408-hya,data-node-09,9.9.2.156,elasticsearch_os_load5,4.87
2023/4/13 10:37,1681353467,cc-cc408-hya,data-node-09,9.9.2.156,elasticsearch_os_load5,4.91
2023/4/13 10:38,1681353527,cc-cc408-hya,data-node-09,9.9.2.156,elasticsearch_os_load5,5.32
2023/4/13 10:39,1681353587,cc-cc408-hya,data-node-09,9.9.2.156,elasticsearch_os_load5,5.22
2023/4/13 10:40,1681353647,cc-cc408-hya,data-node-09,9.9.2.156,elasticsearch_os_load5,5.67
2023/4/13 10:41,1681353707,cc-cc408-hya,data-node-09,9.9.2.156,elasticsearch_os_load5,5.62
2023/4/13 10:42,1681353767,cc-cc408-hya,data-node-09,9.9.2.156,elasticsearch_os_load5,5.95
2023/4/13 10:43,1681353827,cc-cc408-hya,data-node-09,9.9.2.156,elasticsearch_os_load5,5.95
2023/4/13 10:44,1681353887,cc-cc408-hya,data-node-09,9.9.2.156,elasticsearch_os_load5,5.65
2023/4/13 10:45,1681353947,cc-cc408-hya,data-node-09,9.9.2.156,elasticsearch_os_load5,5.83
2023/4/13 10:46,1681354007,cc-cc408-hya,data-node-09,9.9.2.156,elasticsearch_os_load5,5.76
2023/4/13 10:47,1681354067,cc-cc408-hya,data-node-09,9.9.2.156,elasticsearch_os_load5,5.88
2023/4/13 10:48,1681354127,cc-cc408-hya,data-node-09,9.9.2.156,elasticsearch_os_load5,6.14
2023/4/13 10:49,1681354187,cc-cc408-hya,data-node-09,9.9.2.156,elasticsearch_os_load5,5.84
2023/4/13 10:50,1681354247,cc-cc408-hya,data-node-09,9.9.2.156,elasticsearch_os_load5,5.92
2023/4/13 10:51,1681354307,cc-cc408-hya,data-node-09,9.9.2.156,elasticsearch_os_load5,5.51
2023/4/13 10:52,1681354367,cc-cc408-hya,data-node-09,9.9.2.156,elasticsearch_os_load5,5.47
2023/4/13 10:53,1681354427,cc-cc408-hya,data-node-09,9.9.2.156,elasticsearch_os_load5,5.16
2023/4/13 10:54,1681354487,cc-cc408-hya,data-node-09,9.9.2.156,elasticsearch_os_load5,5.15
2023/4/13 10:55,1681354547,cc-cc408-hya,data-node-09,9.9.2.156,elasticsearch_os_load5,5.04
2023/4/13 10:56,1681354607,cc-cc408-hya,data-node-09,9.9.2.156,elasticsearch_os_load5,5.17
2023/4/13 10:57,1681354667,cc-cc408-hya,data-node-09,9.9.2.156,elasticsearch_os_load5,6.41
2023/4/13 10:58,1681354727,cc-cc408-hya,data-node-09,9.9.2.156,elasticsearch_os_load5,6.19
2023/4/13 10:59,1681354787,cc-cc408-hya,data-node-09,9.9.2.156,elasticsearch_os_load5,6.5
2023/4/13 11:00,1681354847,cc-cc408-hya,data-node-09,9.9.2.156,elasticsearch_os_load5,6.3
2023/4/13 11:01,1681354907,cc-cc408-hya,data-node-09,9.9.2.156,elasticsearch_os_load5,5.99
2023/4/13 11:02,1681354967,cc-cc408-hya,data-node-09,9.9.2.156,elasticsearch_os_load5,6.25
2023/4/13 11:03,1681355027,cc-cc408-hya,data-node-09,9.9.2.156,elasticsearch_os_load5,6.16
2023/4/13 11:04,1681355087,cc-cc408-hya,data-node-09,9.9.2.156,elasticsearch_os_load5,6
2023/4/13 11:05,1681355147,cc-cc408-hya,data-node-09,9.9.2.156,elasticsearch_os_load5,5.73
2023/4/13 11:06,1681355207,cc-cc408-hya,data-node-09,9.9.2.156,elasticsearch_os_load5,5.7
2023/4/13 11:07,1681355267,cc-cc408-hya,data-node-09,9.9.2.156,elasticsearch_os_load5,5.77
2023/4/13 11:08,1681355327,cc-cc408-hya,data-node-09,9.9.2.156,elasticsearch_os_load5,5.59
2023/4/13 11:09,1681355387,cc-cc408-hya,data-node-09,9.9.2.156,elasticsearch_os_load5,5.9
2023/4/13 11:10,1681355447,cc-cc408-hya,data-node-09,9.9.2.156,elasticsearch_os_load5,5.98
2023/4/13 11:11,1681355507,cc-cc408-hya,data-node-09,9.9.2.156,elasticsearch_os_load5,6.16
2023/4/13 11:12,1681355567,cc-cc408-hya,data-node-09,9.9.2.156,elasticsearch_os_load5,5.77
2023/4/13 11:13,1681355627,cc-cc408-hya,data-node-09,9.9.2.156,elasticsearch_os_load5,5.59
2023/4/13 11:14,1681355687,cc-cc408-hya,data-node-09,9.9.2.156,elasticsearch_os_load5,5.51
2023/4/13 11:15,1681355747,cc-cc408-hya,data-node-09,9.9.2.156,elasticsearch_os_load5,5.59
2023/4/13 11:16,1681355807,cc-cc408-hya,data-node-09,9.9.2.156,elasticsearch_os_load5,5.39
2023/4/13 11:17,1681355867,cc-cc408-hya,data-node-09,9.9.2.156,elasticsearch_os_load5,5.55
2023/4/13 11:18,1681355927,cc-cc408-hya,data-node-09,9.9.2.156,elasticsearch_os_load5,5.56
2023/4/13 11:19,1681355987,cc-cc408-hya,data-node-09,9.9.2.156,elasticsearch_os_load5,5.75
2023/4/13 11:20,1681356047,cc-cc408-hya,data-node-09,9.9.2.156,elasticsearch_os_load5,6.1
2023/4/13 11:21,1681356107,cc-cc408-hya,data-node-09,9.9.2.156,elasticsearch_os_load5,6.15
2023/4/13 11:22,1681356167,cc-cc408-hya,data-node-09,9.9.2.156,elasticsearch_os_load5,5.87
2023/4/13 11:23,1681356227,cc-cc408-hya,data-node-09,9.9.2.156,elasticsearch_os_load5,5.97
2023/4/13 11:24,1681356287,cc-cc408-hya,data-node-09,9.9.2.156,elasticsearch_os_load5,5.96
2023/4/13 11:25,1681356347,cc-cc408-hya,data-node-09,9.9.2.156,elasticsearch_os_load5,5.72
2023/4/13 11:26,1681356407,cc-cc408-hya,data-node-09,9.9.2.156,elasticsearch_os_load5,5.23
2023/4/13 11:27,1681356467,cc-cc408-hya,data-node-09,9.9.2.156,elasticsearch_os_load5,5.32
2023/4/13 11:28,1681356527,cc-cc408-hya,data-node-09,9.9.2.156,elasticsearch_os_load5,5.39
2023/4/13 11:29,1681356587,cc-cc408-hya,data-node-09,9.9.2.156,elasticsearch_os_load5,5.48
2023/4/13 11:30,1681356647,cc-cc408-hya,data-node-09,9.9.2.156,elasticsearch_os_load5,5.06
2023/4/13 11:31,1681356707,cc-cc408-hya,data-node-09,9.9.2.156,elasticsearch_os_load5,5.11
2023/4/13 11:32,1681356767,cc-cc408-hya,data-node-09,9.9.2.156,elasticsearch_os_load5,5.04
2023/4/13 11:33,1681356827,cc-cc408-hya,data-node-09,9.9.2.156,elasticsearch_os_load5,5.24
2023/4/13 11:34,1681356887,cc-cc408-hya,data-node-09,9.9.2.156,elasticsearch_os_load5,5.03
2023/4/13 11:35,1681356947,cc-cc408-hya,data-node-09,9.9.2.156,elasticsearch_os_load5,5.34
2023/4/13 11:36,1681357007,cc-cc408-hya,data-node-09,9.9.2.156,elasticsearch_os_load5,5.66
2023/4/13 11:37,1681357067,cc-cc408-hya,data-node-09,9.9.2.156,elasticsearch_os_load5,5.68
2023/4/13 11:38,1681357127,cc-cc408-hya,data-node-09,9.9.2.156,elasticsearch_os_load5,5.62
2023/4/13 11:39,1681357187,cc-cc408-hya,data-node-09,9.9.2.156,elasticsearch_os_load5,5.43
2023/4/13 11:40,1681357247,cc-cc408-hya,data-node-09,9.9.2.156,elasticsearch_os_load5,5.27
2023/4/13 11:41,1681357307,cc-cc408-hya,data-node-09,9.9.2.156,elasticsearch_os_load5,5.31
2023/4/13 11:42,1681357367,cc-cc408-hya,data-node-09,9.9.2.156,elasticsearch_os_load5,5.56
2023/4/13 11:43,1681357427,cc-cc408-hya,data-node-09,9.9.2.156,elasticsearch_os_load5,5.36
2023/4/13 11:44,1681357487,cc-cc408-hya,data-node-09,9.9.2.156,elasticsearch_os_load5,5.81
2023/4/13 11:45,1681357547,cc-cc408-hya,data-node-09,9.9.2.156,elasticsearch_os_load5,5.78
2023/4/13 11:46,1681357607,cc-cc408-hya,data-node-09,9.9.2.156,elasticsearch_os_load5,5.82
2023/4/13 11:47,1681357667,cc-cc408-hya,data-node-09,9.9.2.156,elasticsearch_os_load5,5.74
2023/4/13 11:48,1681357727,cc-cc408-hya,data-node-09,9.9.2.156,elasticsearch_os_load5,5.67
2023/4/13 11:49,1681357787,cc-cc408-hya,data-node-09,9.9.2.156,elasticsearch_os_load5,5.59
2023/4/13 11:50,1681357847,cc-cc408-hya,data-node-09,9.9.2.156,elasticsearch_os_load5,5.55
2023/4/13 11:51,1681357907,cc-cc408-hya,data-node-09,9.9.2.156,elasticsearch_os_load5,5.62
2023/4/13 11:52,1681357967,cc-cc408-hya,data-node-09,9.9.2.156,elasticsearch_os_load5,5.5
2023/4/13 11:53,1681358027,cc-cc408-hya,data-node-09,9.9.2.156,elasticsearch_os_load5,5.57
2023/4/13 11:54,1681358087,cc-cc408-hya,data-node-09,9.9.2.156,elasticsearch_os_load5,5.62
2023/4/13 11:55,1681358147,cc-cc408-hya,data-node-09,9.9.2.156,elasticsearch_os_load5,5.43
2023/4/13 11:56,1681358207,cc-cc408-hya,data-node-09,9.9.2.156,elasticsearch_os_load5,5.37
2023/4/13 11:57,1681358267,cc-cc408-hya,data-node-09,9.9.2.156,elasticsearch_os_load5,5.37
2023/4/13 11:58,1681358327,cc-cc408-hya,data-node-09,9.9.2.156,elasticsearch_os_load5,5.02
2023/4/13 11:59,1681358387,cc-cc408-hya,data-node-09,9.9.2.156,elasticsearch_os_load5,5.06
2023/4/13 12:00,1681358447,cc-cc408-hya,data-node-09,9.9.2.156,elasticsearch_os_load5,5.1
2023/4/13 12:01,1681358507,cc-cc408-hya,data-node-09,9.9.2.156,elasticsearch_os_load5,5.04
2023/4/13 12:02,1681358567,cc-cc408-hya,data-node-09,9.9.2.156,elasticsearch_os_load5,5.33
2023/4/13 12:03,1681358627,cc-cc408-hya,data-node-09,9.9.2.156,elasticsearch_os_load5,5.2
2023/4/13 12:04,1681358687,cc-cc408-hya,data-node-09,9.9.2.156,elasticsearch_os_load5,5.21
2023/4/13 12:05,1681358747,cc-cc408-hya,data-node-09,9.9.2.156,elasticsearch_os_load5,4.95
2023/4/13 12:06,1681358807,cc-cc408-hya,data-node-09,9.9.2.156,elasticsearch_os_load5,5.02
2023/4/13 12:07,1681358867,cc-cc408-hya,data-node-09,9.9.2.156,elasticsearch_os_load5,5.05
2023/4/13 12:08,1681358927,cc-cc408-hya,data-node-09,9.9.2.156,elasticsearch_os_load5,4.74
2023/4/13 12:09,1681358987,cc-cc408-hya,data-node-09,9.9.2.156,elasticsearch_os_load5,4.78
2023/4/13 12:10,1681359047,cc-cc408-hya,data-node-09,9.9.2.156,elasticsearch_os_load5,4.85
2023/4/13 12:11,1681359107,cc-cc408-hya,data-node-09,9.9.2.156,elasticsearch_os_load5,4.55
2023/4/13 12:12,1681359167,cc-cc408-hya,data-node-09,9.9.2.156,elasticsearch_os_load5,4.42
2023/4/13 12:13,1681359227,cc-cc408-hya,data-node-09,9.9.2.156,elasticsearch_os_load5,4.17
2023/4/13 12:14,1681359287,cc-cc408-hya,data-node-09,9.9.2.156,elasticsearch_os_load5,3.89
2023/4/13 12:15,1681359347,cc-cc408-hya,data-node-09,9.9.2.156,elasticsearch_os_load5,3.84
2023/4/13 12:16,1681359407,cc-cc408-hya,data-node-09,9.9.2.156,elasticsearch_os_load5,3.74
2023/4/13 12:17,1681359467,cc-cc408-hya,data-node-09,9.9.2.156,elasticsearch_os_load5,3.64
2023/4/13 12:18,1681359527,cc-cc408-hya,data-node-09,9.9.2.156,elasticsearch_os_load5,3.68
2023/4/13 12:19,1681359587,cc-cc408-hya,data-node-09,9.9.2.156,elasticsearch_os_load5,3.4
2023/4/13 12:20,1681359647,cc-cc408-hya,data-node-09,9.9.2.156,elasticsearch_os_load5,3.47
2023/4/13 12:21,1681359707,cc-cc408-hya,data-node-09,9.9.2.156,elasticsearch_os_load5,3.46
2023/4/13 12:22,1681359767,cc-cc408-hya,data-node-09,9.9.2.156,elasticsearch_os_load5,3.51
2023/4/13 12:23,1681359827,cc-cc408-hya,data-node-09,9.9.2.156,elasticsearch_os_load5,3.31
2023/4/13 12:24,1681359887,cc-cc408-hya,data-node-09,9.9.2.156,elasticsearch_os_load5,3.29
2023/4/13 12:25,1681359947,cc-cc408-hya,data-node-09,9.9.2.156,elasticsearch_os_load5,3.37
2023/4/13 12:26,1681360007,cc-cc408-hya,data-node-09,9.9.2.156,elasticsearch_os_load5,3.48
2023/4/13 12:27,1681360067,cc-cc408-hya,data-node-09,9.9.2.156,elasticsearch_os_load5,3.58
2023/4/13 12:28,1681360127,cc-cc408-hya,data-node-09,9.9.2.156,elasticsearch_os_load5,3.43
2023/4/13 12:29,1681360187,cc-cc408-hya,data-node-09,9.9.2.156,elasticsearch_os_load5,3.48
2023/4/13 12:30,1681360247,cc-cc408-hya,data-node-09,9.9.2.156,elasticsearch_os_load5,3.64
2023/4/13 12:31,1681360307,cc-cc408-hya,data-node-09,9.9.2.156,elasticsearch_os_load5,3.47
2023/4/13 12:32,1681360367,cc-cc408-hya,data-node-09,9.9.2.156,elasticsearch_os_load5,3.61
2023/4/13 12:33,1681360427,cc-cc408-hya,data-node-09,9.9.2.156,elasticsearch_os_load5,3.45
2023/4/13 12:34,1681360487,cc-cc408-hya,data-node-09,9.9.2.156,elasticsearch_os_load5,3.51
2023/4/13 12:35,1681360547,cc-cc408-hya,data-node-09,9.9.2.156,elasticsearch_os_load5,3.62
2023/4/13 12:36,1681360607,cc-cc408-hya,data-node-09,9.9.2.156,elasticsearch_os_load5,3.51
2023/4/13 12:37,1681360667,cc-cc408-hya,data-node-09,9.9.2.156,elasticsearch_os_load5,3.32
2023/4/13 12:38,1681360727,cc-cc408-hya,data-node-09,9.9.2.156,elasticsearch_os_load5,3.24
2023/4/13 12:39,1681360787,cc-cc408-hya,data-node-09,9.9.2.156,elasticsearch_os_load5,3.31
2023/4/13 12:40,1681360847,cc-cc408-hya,data-node-09,9.9.2.156,elasticsearch_os_load5,3.3
2023/4/13 12:41,1681360907,cc-cc408-hya,data-node-09,9.9.2.156,elasticsearch_os_load5,3.24
2023/4/13 12:42,1681360967,cc-cc408-hya,data-node-09,9.9.2.156,elasticsearch_os_load5,3.08
2023/4/13 12:43,1681361027,cc-cc408-hya,data-node-09,9.9.2.156,elasticsearch_os_load5,3.44
2023/4/13 12:44,1681361087,cc-cc408-hya,data-node-09,9.9.2.156,elasticsearch_os_load5,3.57
2023/4/13 12:45,1681361147,cc-cc408-hya,data-node-09,9.9.2.156,elasticsearch_os_load5,3.48
2023/4/13 12:46,1681361207,cc-cc408-hya,data-node-09,9.9.2.156,elasticsearch_os_load5,3.45
2023/4/13 12:47,1681361267,cc-cc408-hya,data-node-09,9.9.2.156,elasticsearch_os_load5,3.38
2023/4/13 12:48,1681361327,cc-cc408-hya,data-node-09,9.9.2.156,elasticsearch_os_load5,3.25
2023/4/13 12:49,1681361387,cc-cc408-hya,data-node-09,9.9.2.156,elasticsearch_os_load5,3.32
2023/4/13 12:50,1681361447,cc-cc408-hya,data-node-09,9.9.2.156,elasticsearch_os_load5,3.19
2023/4/13 12:51,1681361507,cc-cc408-hya,data-node-09,9.9.2.156,elasticsearch_os_load5,3.13
2023/4/13 12:52,1681361567,cc-cc408-hya,data-node-09,9.9.2.156,elasticsearch_os_load5,3.38
2023/4/13 12:53,1681361627,cc-cc408-hya,data-node-09,9.9.2.156,elasticsearch_os_load5,3.37
2023/4/13 12:54,1681361687,cc-cc408-hya,data-node-09,9.9.2.156,elasticsearch_os_load5,3.62
2023/4/13 12:55,1681361747,cc-cc408-hya,data-node-09,9.9.2.156,elasticsearch_os_load5,3.76
2023/4/13 12:56,1681361807,cc-cc408-hya,data-node-09,9.9.2.156,elasticsearch_os_load5,3.86
2023/4/13 12:57,1681361867,cc-cc408-hya,data-node-09,9.9.2.156,elasticsearch_os_load5,3.6
2023/4/13 12:58,1681361927,cc-cc408-hya,data-node-09,9.9.2.156,elasticsearch_os_load5,3.76
2023/4/13 12:59,1681361987,cc-cc408-hya,data-node-09,9.9.2.156,elasticsearch_os_load5,3.71
2023/4/13 13:00,1681362047,cc-cc408-hya,data-node-09,9.9.2.156,elasticsearch_os_load5,3.64
2023/4/13 13:01,1681362107,cc-cc408-hya,data-node-09,9.9.2.156,elasticsearch_os_load5,3.67
2023/4/13 13:02,1681362167,cc-cc408-hya,data-node-09,9.9.2.156,elasticsearch_os_load5,3.61
2023/4/13 13:03,1681362227,cc-cc408-hya,data-node-09,9.9.2.156,elasticsearch_os_load5,3.5
2023/4/13 13:04,1681362287,cc-cc408-hya,data-node-09,9.9.2.156,elasticsearch_os_load5,3.36
2023/4/13 13:05,1681362347,cc-cc408-hya,data-node-09,9.9.2.156,elasticsearch_os_load5,3.11
2023/4/13 13:06,1681362407,cc-cc408-hya,data-node-09,9.9.2.156,elasticsearch_os_load5,3.57
2023/4/13 13:07,1681362467,cc-cc408-hya,data-node-09,9.9.2.156,elasticsearch_os_load5,3.67
2023/4/13 13:08,1681362527,cc-cc408-hya,data-node-09,9.9.2.156,elasticsearch_os_load5,3.67
2023/4/13 13:09,1681362587,cc-cc408-hya,data-node-09,9.9.2.156,elasticsearch_os_load5,3.55
2023/4/13 13:10,1681362647,cc-cc408-hya,data-node-09,9.9.2.156,elasticsearch_os_load5,3.26
2023/4/13 13:11,1681362707,cc-cc408-hya,data-node-09,9.9.2.156,elasticsearch_os_load5,3.12
2023/4/13 13:12,1681362767,cc-cc408-hya,data-node-09,9.9.2.156,elasticsearch_os_load5,2.98
2023/4/13 13:13,1681362827,cc-cc408-hya,data-node-09,9.9.2.156,elasticsearch_os_load5,2.92
2023/4/13 13:14,1681362887,cc-cc408-hya,data-node-09,9.9.2.156,elasticsearch_os_load5,2.94
2023/4/13 13:15,1681362947,cc-cc408-hya,data-node-09,9.9.2.156,elasticsearch_os_load5,2.84
2023/4/13 13:16,1681363007,cc-cc408-hya,data-node-09,9.9.2.156,elasticsearch_os_load5,2.97
2023/4/13 13:17,1681363067,cc-cc408-hya,data-node-09,9.9.2.156,elasticsearch_os_load5,3.11
2023/4/13 13:18,1681363127,cc-cc408-hya,data-node-09,9.9.2.156,elasticsearch_os_load5,3.13
2023/4/13 13:19,1681363187,cc-cc408-hya,data-node-09,9.9.2.156,elasticsearch_os_load5,2.87
2023/4/13 13:20,1681363247,cc-cc408-hya,data-node-09,9.9.2.156,elasticsearch_os_load5,2.83
2023/4/13 13:21,1681363307,cc-cc408-hya,data-node-09,9.9.2.156,elasticsearch_os_load5,3.12
2023/4/13 13:22,1681363367,cc-cc408-hya,data-node-09,9.9.2.156,elasticsearch_os_load5,3.37
2023/4/13 13:23,1681363427,cc-cc408-hya,data-node-09,9.9.2.156,elasticsearch_os_load5,3.49
2023/4/13 13:24,1681363487,cc-cc408-hya,data-node-09,9.9.2.156,elasticsearch_os_load5,3.23
2023/4/13 13:25,1681363547,cc-cc408-hya,data-node-09,9.9.2.156,elasticsearch_os_load5,3.41
2023/4/13 13:26,1681363607,cc-cc408-hya,data-node-09,9.9.2.156,elasticsearch_os_load5,3.41
2023/4/13 13:27,1681363667,cc-cc408-hya,data-node-09,9.9.2.156,elasticsearch_os_load5,3.43
2023/4/13 13:28,1681363727,cc-cc408-hya,data-node-09,9.9.2.156,elasticsearch_os_load5,3.45
2023/4/13 13:29,1681363787,cc-cc408-hya,data-node-09,9.9.2.156,elasticsearch_os_load5,3.64
2023/4/13 13:30,1681363847,cc-cc408-hya,data-node-09,9.9.2.156,elasticsearch_os_load5,3.78
2023/4/13 13:31,1681363907,cc-cc408-hya,data-node-09,9.9.2.156,elasticsearch_os_load5,3.73
2023/4/13 13:32,1681363967,cc-cc408-hya,data-node-09,9.9.2.156,elasticsearch_os_load5,3.82
2023/4/13 13:33,1681364027,cc-cc408-hya,data-node-09,9.9.2.156,elasticsearch_os_load5,3.94
2023/4/13 13:34,1681364087,cc-cc408-hya,data-node-09,9.9.2.156,elasticsearch_os_load5,4.09
2023/4/13 13:35,1681364147,cc-cc408-hya,data-node-09,9.9.2.156,elasticsearch_os_load5,4.15
2023/4/13 13:36,1681364207,cc-cc408-hya,data-node-09,9.9.2.156,elasticsearch_os_load5,4.3
2023/4/13 13:37,1681364267,cc-cc408-hya,data-node-09,9.9.2.156,elasticsearch_os_load5,4.04
2023/4/13 13:38,1681364327,cc-cc408-hya,data-node-09,9.9.2.156,elasticsearch_os_load5,3.89
2023/4/13 13:39,1681364387,cc-cc408-hya,data-node-09,9.9.2.156,elasticsearch_os_load5,3.65
2023/4/13 13:40,1681364447,cc-cc408-hya,data-node-09,9.9.2.156,elasticsearch_os_load5,3.77
2023/4/13 13:41,1681364507,cc-cc408-hya,data-node-09,9.9.2.156,elasticsearch_os_load5,3.53
2023/4/13 13:42,1681364567,cc-cc408-hya,data-node-09,9.9.2.156,elasticsearch_os_load5,3.54
2023/4/13 13:43,1681364627,cc-cc408-hya,data-node-09,9.9.2.156,elasticsearch_os_load5,3.49
2023/4/13 13:44,1681364687,cc-cc408-hya,data-node-09,9.9.2.156,elasticsearch_os_load5,3.62
2023/4/13 13:45,1681364747,cc-cc408-hya,data-node-09,9.9.2.156,elasticsearch_os_load5,3.49
2023/4/13 13:46,1681364807,cc-cc408-hya,data-node-09,9.9.2.156,elasticsearch_os_load5,3.7
2023/4/13 13:47,1681364867,cc-cc408-hya,data-node-09,9.9.2.156,elasticsearch_os_load5,3.74
2023/4/13 13:48,1681364927,cc-cc408-hya,data-node-09,9.9.2.156,elasticsearch_os_load5,3.85
2023/4/13 13:49,1681364987,cc-cc408-hya,data-node-09,9.9.2.156,elasticsearch_os_load5,3.97
2023/4/13 13:50,1681365047,cc-cc408-hya,data-node-09,9.9.2.156,elasticsearch_os_load5,4.2
2023/4/13 13:51,1681365107,cc-cc408-hya,data-node-09,9.9.2.156,elasticsearch_os_load5,5.12
2023/4/13 13:52,1681365167,cc-cc408-hya,data-node-09,9.9.2.156,elasticsearch_os_load5,5.11
2023/4/13 13:53,1681365227,cc-cc408-hya,data-node-09,9.9.2.156,elasticsearch_os_load5,4.76
2023/4/13 13:54,1681365287,cc-cc408-hya,data-node-09,9.9.2.156,elasticsearch_os_load5,4.58
2023/4/13 13:55,1681365347,cc-cc408-hya,data-node-09,9.9.2.156,elasticsearch_os_load5,4.47
2023/4/13 13:56,1681365407,cc-cc408-hya,data-node-09,9.9.2.156,elasticsearch_os_load5,4.7
2023/4/13 13:57,1681365467,cc-cc408-hya,data-node-09,9.9.2.156,elasticsearch_os_load5,4.72
2023/4/13 13:58,1681365527,cc-cc408-hya,data-node-09,9.9.2.156,elasticsearch_os_load5,4.65
2023/4/13 13:59,1681365587,cc-cc408-hya,data-node-09,9.9.2.156,elasticsearch_os_load5,4.57
2023/4/13 14:00,1681365647,cc-cc408-hya,data-node-09,9.9.2.156,elasticsearch_os_load5,4.26
2023/4/13 14:01,1681365707,cc-cc408-hya,data-node-09,9.9.2.156,elasticsearch_os_load5,4.62
2023/4/13 14:02,1681365767,cc-cc408-hya,data-node-09,9.9.2.156,elasticsearch_os_load5,4.69
2023/4/13 14:03,1681365827,cc-cc408-hya,data-node-09,9.9.2.156,elasticsearch_os_load5,4.6
2023/4/13 14:04,1681365887,cc-cc408-hya,data-node-09,9.9.2.156,elasticsearch_os_load5,4.59
2023/4/13 14:05,1681365947,cc-cc408-hya,data-node-09,9.9.2.156,elasticsearch_os_load5,4.24
2023/4/13 14:06,1681366007,cc-cc408-hya,data-node-09,9.9.2.156,elasticsearch_os_load5,4.1
2023/4/13 14:07,1681366067,cc-cc408-hya,data-node-09,9.9.2.156,elasticsearch_os_load5,4.35
2023/4/13 14:08,1681366127,cc-cc408-hya,data-node-09,9.9.2.156,elasticsearch_os_load5,4.51
2023/4/13 14:09,1681366187,cc-cc408-hya,data-node-09,9.9.2.156,elasticsearch_os_load5,5.04
2023/4/13 14:10,1681366247,cc-cc408-hya,data-node-09,9.9.2.156,elasticsearch_os_load5,4.97
2023/4/13 14:11,1681366307,cc-cc408-hya,data-node-09,9.9.2.156,elasticsearch_os_load5,4.79
2023/4/13 14:12,1681366367,cc-cc408-hya,data-node-09,9.9.2.156,elasticsearch_os_load5,4.87
2023/4/13 14:13,1681366427,cc-cc408-hya,data-node-09,9.9.2.156,elasticsearch_os_load5,4.93
2023/4/13 14:14,1681366487,cc-cc408-hya,data-node-09,9.9.2.156,elasticsearch_os_load5,4.87
2023/4/13 14:15,1681366547,cc-cc408-hya,data-node-09,9.9.2.156,elasticsearch_os_load5,4.77
2023/4/13 14:16,1681366607,cc-cc408-hya,data-node-09,9.9.2.156,elasticsearch_os_load5,5.25
2023/4/13 14:17,1681366667,cc-cc408-hya,data-node-09,9.9.2.156,elasticsearch_os_load5,5.07
2023/4/13 14:18,1681366727,cc-cc408-hya,data-node-09,9.9.2.156,elasticsearch_os_load5,5.07
2023/4/13 14:19,1681366787,cc-cc408-hya,data-node-09,9.9.2.156,elasticsearch_os_load5,5.08
2023/4/13 14:20,1681366847,cc-cc408-hya,data-node-09,9.9.2.156,elasticsearch_os_load5,5.29
2023/4/13 14:21,1681366907,cc-cc408-hya,data-node-09,9.9.2.156,elasticsearch_os_load5,5.42
2023/4/13 14:22,1681366967,cc-cc408-hya,data-node-09,9.9.2.156,elasticsearch_os_load5,5.31
2023/4/13 14:23,1681367027,cc-cc408-hya,data-node-09,9.9.2.156,elasticsearch_os_load5,5.46
2023/4/13 14:24,1681367087,cc-cc408-hya,data-node-09,9.9.2.156,elasticsearch_os_load5,5.16
2023/4/13 14:25,1681367147,cc-cc408-hya,data-node-09,9.9.2.156,elasticsearch_os_load5,4.87
2023/4/13 14:26,1681367207,cc-cc408-hya,data-node-09,9.9.2.156,elasticsearch_os_load5,4.59
2023/4/13 14:27,1681367267,cc-cc408-hya,data-node-09,9.9.2.156,elasticsearch_os_load5,4.53
2023/4/13 14:28,1681367327,cc-cc408-hya,data-node-09,9.9.2.156,elasticsearch_os_load5,4.62
2023/4/13 14:29,1681367387,cc-cc408-hya,data-node-09,9.9.2.156,elasticsearch_os_load5,4.87
2023/4/13 14:30,1681367447,cc-cc408-hya,data-node-09,9.9.2.156,elasticsearch_os_load5,4.83
2023/4/13 14:31,1681367507,cc-cc408-hya,data-node-09,9.9.2.156,elasticsearch_os_load5,5.12
2023/4/13 14:32,1681367567,cc-cc408-hya,data-node-09,9.9.2.156,elasticsearch_os_load5,4.87
2023/4/13 14:33,1681367627,cc-cc408-hya,data-node-09,9.9.2.156,elasticsearch_os_load5,4.87
2023/4/13 14:34,1681367687,cc-cc408-hya,data-node-09,9.9.2.156,elasticsearch_os_load5,5
2023/4/13 14:35,1681367747,cc-cc408-hya,data-node-09,9.9.2.156,elasticsearch_os_load5,4.92
2023/4/13 14:36,1681367807,cc-cc408-hya,data-node-09,9.9.2.156,elasticsearch_os_load5,4.83
2023/4/13 14:37,1681367867,cc-cc408-hya,data-node-09,9.9.2.156,elasticsearch_os_load5,4.97
2023/4/13 14:38,1681367927,cc-cc408-hya,data-node-09,9.9.2.156,elasticsearch_os_load5,4.88
2023/4/13 14:39,1681367987,cc-cc408-hya,data-node-09,9.9.2.156,elasticsearch_os_load5,4.74
2023/4/13 14:40,1681368047,cc-cc408-hya,data-node-09,9.9.2.156,elasticsearch_os_load5,4.63
2023/4/13 14:41,1681368107,cc-cc408-hya,data-node-09,9.9.2.156,elasticsearch_os_load5,4.64
2023/4/13 14:42,1681368167,cc-cc408-hya,data-node-09,9.9.2.156,elasticsearch_os_load5,4.56
2023/4/13 14:43,1681368227,cc-cc408-hya,data-node-09,9.9.2.156,elasticsearch_os_load5,4.64
2023/4/13 14:44,1681368287,cc-cc408-hya,data-node-09,9.9.2.156,elasticsearch_os_load5,4.9
2023/4/13 14:45,1681368347,cc-cc408-hya,data-node-09,9.9.2.156,elasticsearch_os_load5,4.95
2023/4/13 14:46,1681368407,cc-cc408-hya,data-node-09,9.9.2.156,elasticsearch_os_load5,4.85
2023/4/13 14:47,1681368467,cc-cc408-hya,data-node-09,9.9.2.156,elasticsearch_os_load5,4.69
2023/4/13 14:48,1681368527,cc-cc408-hya,data-node-09,9.9.2.156,elasticsearch_os_load5,4.95
2023/4/13 14:49,1681368587,cc-cc408-hya,data-node-09,9.9.2.156,elasticsearch_os_load5,4.76
2023/4/13 14:50,1681368647,cc-cc408-hya,data-node-09,9.9.2.156,elasticsearch_os_load5,4.93
2023/4/13 14:51,1681368707,cc-cc408-hya,data-node-09,9.9.2.156,elasticsearch_os_load5,5.59
2023/4/13 14:52,1681368767,cc-cc408-hya,data-node-09,9.9.2.156,elasticsearch_os_load5,5.77
2023/4/13 14:53,1681368827,cc-cc408-hya,data-node-09,9.9.2.156,elasticsearch_os_load5,5.4
2023/4/13 14:54,1681368887,cc-cc408-hya,data-node-09,9.9.2.156,elasticsearch_os_load5,4.92
2023/4/13 14:55,1681368947,cc-cc408-hya,data-node-09,9.9.2.156,elasticsearch_os_load5,5.05
2023/4/13 14:56,1681369007,cc-cc408-hya,data-node-09,9.9.2.156,elasticsearch_os_load5,4.86
2023/4/13 14:57,1681369067,cc-cc408-hya,data-node-09,9.9.2.156,elasticsearch_os_load5,4.93
2023/4/13 14:58,1681369127,cc-cc408-hya,data-node-09,9.9.2.156,elasticsearch_os_load5,4.86
2023/4/13 14:59,1681369187,cc-cc408-hya,data-node-09,9.9.2.156,elasticsearch_os_load5,4.68
2023/4/13 15:00,1681369247,cc-cc408-hya,data-node-09,9.9.2.156,elasticsearch_os_load5,4.84
2023/4/13 15:01,1681369307,cc-cc408-hya,data-node-09,9.9.2.156,elasticsearch_os_load5,4.93
2023/4/13 15:02,1681369367,cc-cc408-hya,data-node-09,9.9.2.156,elasticsearch_os_load5,5.03
2023/4/13 15:03,1681369427,cc-cc408-hya,data-node-09,9.9.2.156,elasticsearch_os_load5,5.16
2023/4/13 15:04,1681369487,cc-cc408-hya,data-node-09,9.9.2.156,elasticsearch_os_load5,5.3
2023/4/13 15:05,1681369547,cc-cc408-hya,data-node-09,9.9.2.156,elasticsearch_os_load5,6.01
2023/4/13 15:06,1681369607,cc-cc408-hya,data-node-09,9.9.2.156,elasticsearch_os_load5,5.76
2023/4/13 15:07,1681369667,cc-cc408-hya,data-node-09,9.9.2.156,elasticsearch_os_load5,5.85
2023/4/13 15:08,1681369727,cc-cc408-hya,data-node-09,9.9.2.156,elasticsearch_os_load5,5.61
2023/4/13 15:09,1681369787,cc-cc408-hya,data-node-09,9.9.2.156,elasticsearch_os_load5,5.55
2023/4/13 15:10,1681369847,cc-cc408-hya,data-node-09,9.9.2.156,elasticsearch_os_load5,5.53
2023/4/13 15:11,1681369907,cc-cc408-hya,data-node-09,9.9.2.156,elasticsearch_os_load5,5.35
2023/4/13 15:12,1681369967,cc-cc408-hya,data-node-09,9.9.2.156,elasticsearch_os_load5,5.26
2023/4/13 15:13,1681370027,cc-cc408-hya,data-node-09,9.9.2.156,elasticsearch_os_load5,5.9
2023/4/13 15:14,1681370087,cc-cc408-hya,data-node-09,9.9.2.156,elasticsearch_os_load5,6.03
2023/4/13 15:15,1681370147,cc-cc408-hya,data-node-09,9.9.2.156,elasticsearch_os_load5,5.92
2023/4/13 15:16,1681370207,cc-cc408-hya,data-node-09,9.9.2.156,elasticsearch_os_load5,5.41
2023/4/13 15:17,1681370267,cc-cc408-hya,data-node-09,9.9.2.156,elasticsearch_os_load5,5.06
2023/4/13 15:18,1681370327,cc-cc408-hya,data-node-09,9.9.2.156,elasticsearch_os_load5,5.04
2023/4/13 15:19,1681370387,cc-cc408-hya,data-node-09,9.9.2.156,elasticsearch_os_load5,5.03
2023/4/13 15:20,1681370447,cc-cc408-hya,data-node-09,9.9.2.156,elasticsearch_os_load5,4.82
2023/4/13 15:21,1681370507,cc-cc408-hya,data-node-09,9.9.2.156,elasticsearch_os_load5,4.66
2023/4/13 15:22,1681370567,cc-cc408-hya,data-node-09,9.9.2.156,elasticsearch_os_load5,4.59
2023/4/13 15:23,1681370627,cc-cc408-hya,data-node-09,9.9.2.156,elasticsearch_os_load5,4.35
2023/4/13 15:24,1681370687,cc-cc408-hya,data-node-09,9.9.2.156,elasticsearch_os_load5,4.39
2023/4/13 15:25,1681370747,cc-cc408-hya,data-node-09,9.9.2.156,elasticsearch_os_load5,4.36
2023/4/13 15:26,1681370807,cc-cc408-hya,data-node-09,9.9.2.156,elasticsearch_os_load5,4.8
2023/4/13 15:27,1681370867,cc-cc408-hya,data-node-09,9.9.2.156,elasticsearch_os_load5,5.19
2023/4/13 15:28,1681370927,cc-cc408-hya,data-node-09,9.9.2.156,elasticsearch_os_load5,4.84
2023/4/13 15:29,1681370987,cc-cc408-hya,data-node-09,9.9.2.156,elasticsearch_os_load5,4.98
2023/4/13 15:30,1681371047,cc-cc408-hya,data-node-09,9.9.2.156,elasticsearch_os_load5,5.13
2023/4/13 15:31,1681371107,cc-cc408-hya,data-node-09,9.9.2.156,elasticsearch_os_load5,5.01
2023/4/13 15:32,1681371167,cc-cc408-hya,data-node-09,9.9.2.156,elasticsearch_os_load5,5.23
2023/4/13 15:33,1681371227,cc-cc408-hya,data-node-09,9.9.2.156,elasticsearch_os_load5,5.34
2023/4/13 15:34,1681371287,cc-cc408-hya,data-node-09,9.9.2.156,elasticsearch_os_load5,5.24
2023/4/13 15:35,1681371347,cc-cc408-hya,data-node-09,9.9.2.156,elasticsearch_os_load5,5.3
2023/4/13 15:36,1681371407,cc-cc408-hya,data-node-09,9.9.2.156,elasticsearch_os_load5,5.43
2023/4/13 15:37,1681371467,cc-cc408-hya,data-node-09,9.9.2.156,elasticsearch_os_load5,6.16
2023/4/13 15:38,1681371527,cc-cc408-hya,data-node-09,9.9.2.156,elasticsearch_os_load5,6.09
2023/4/13 15:39,1681371587,cc-cc408-hya,data-node-09,9.9.2.156,elasticsearch_os_load5,5.69
2023/4/13 15:40,1681371647,cc-cc408-hya,data-node-09,9.9.2.156,elasticsearch_os_load5,5.81
2023/4/13 15:41,1681371707,cc-cc408-hya,data-node-09,9.9.2.156,elasticsearch_os_load5,5.65
2023/4/13 15:42,1681371767,cc-cc408-hya,data-node-09,9.9.2.156,elasticsearch_os_load5,5.73
2023/4/13 15:43,1681371827,cc-cc408-hya,data-node-09,9.9.2.156,elasticsearch_os_load5,5.42
2023/4/13 15:44,1681371887,cc-cc408-hya,data-node-09,9.9.2.156,elasticsearch_os_load5,5.44
2023/4/13 15:45,1681371947,cc-cc408-hya,data-node-09,9.9.2.156,elasticsearch_os_load5,5.54
2023/4/13 15:46,1681372007,cc-cc408-hya,data-node-09,9.9.2.156,elasticsearch_os_load5,5.47
2023/4/13 15:47,1681372067,cc-cc408-hya,data-node-09,9.9.2.156,elasticsearch_os_load5,5.22
2023/4/13 15:48,1681372127,cc-cc408-hya,data-node-09,9.9.2.156,elasticsearch_os_load5,5.87
2023/4/13 15:49,1681372187,cc-cc408-hya,data-node-09,9.9.2.156,elasticsearch_os_load5,5.86
2023/4/13 15:50,1681372247,cc-cc408-hya,data-node-09,9.9.2.156,elasticsearch_os_load5,6.04
2023/4/13 15:51,1681372307,cc-cc408-hya,data-node-09,9.9.2.156,elasticsearch_os_load5,6.1
2023/4/13 15:52,1681372367,cc-cc408-hya,data-node-09,9.9.2.156,elasticsearch_os_load5,5.78
2023/4/13 15:53,1681372427,cc-cc408-hya,data-node-09,9.9.2.156,elasticsearch_os_load5,6.57
2023/4/13 15:54,1681372487,cc-cc408-hya,data-node-09,9.9.2.156,elasticsearch_os_load5,6.31
2023/4/13 15:55,1681372547,cc-cc408-hya,data-node-09,9.9.2.156,elasticsearch_os_load5,6.47
2023/4/13 15:56,1681372607,cc-cc408-hya,data-node-09,9.9.2.156,elasticsearch_os_load5,6.33
2023/4/13 15:57,1681372667,cc-cc408-hya,data-node-09,9.9.2.156,elasticsearch_os_load5,6.21
2023/4/13 15:58,1681372727,cc-cc408-hya,data-node-09,9.9.2.156,elasticsearch_os_load5,6.17
2023/4/13 15:59,1681372787,cc-cc408-hya,data-node-09,9.9.2.156,elasticsearch_os_load5,6.18
2023/4/13 16:00,1681372847,cc-cc408-hya,data-node-09,9.9.2.156,elasticsearch_os_load5,6.15
2023/4/13 16:01,1681372907,cc-cc408-hya,data-node-09,9.9.2.156,elasticsearch_os_load5,6.08
2023/4/13 16:02,1681372967,cc-cc408-hya,data-node-09,9.9.2.156,elasticsearch_os_load5,6.05
2023/4/13 16:03,1681373027,cc-cc408-hya,data-node-09,9.9.2.156,elasticsearch_os_load5,5.57
2023/4/13 16:04,1681373087,cc-cc408-hya,data-node-09,9.9.2.156,elasticsearch_os_load5,5.42
2023/4/13 16:05,1681373147,cc-cc408-hya,data-node-09,9.9.2.156,elasticsearch_os_load5,5.79
2023/4/13 16:06,1681373207,cc-cc408-hya,data-node-09,9.9.2.156,elasticsearch_os_load5,5.92
2023/4/13 16:07,1681373267,cc-cc408-hya,data-node-09,9.9.2.156,elasticsearch_os_load5,5.55
2023/4/13 16:08,1681373327,cc-cc408-hya,data-node-09,9.9.2.156,elasticsearch_os_load5,5.85
2023/4/13 16:09,1681373387,cc-cc408-hya,data-node-09,9.9.2.156,elasticsearch_os_load5,5.8
2023/4/13 16:10,1681373447,cc-cc408-hya,data-node-09,9.9.2.156,elasticsearch_os_load5,5.66
2023/4/13 16:11,1681373507,cc-cc408-hya,data-node-09,9.9.2.156,elasticsearch_os_load5,5.99
2023/4/13 16:12,1681373567,cc-cc408-hya,data-node-09,9.9.2.156,elasticsearch_os_load5,5.64
2023/4/13 16:13,1681373627,cc-cc408-hya,data-node-09,9.9.2.156,elasticsearch_os_load5,5.89
2023/4/13 16:14,1681373687,cc-cc408-hya,data-node-09,9.9.2.156,elasticsearch_os_load5,6.01
2023/4/13 16:15,1681373747,cc-cc408-hya,data-node-09,9.9.2.156,elasticsearch_os_load5,6.56
2023/4/13 16:16,1681373807,cc-cc408-hya,data-node-09,9.9.2.156,elasticsearch_os_load5,7.01
2023/4/13 16:17,1681373867,cc-cc408-hya,data-node-09,9.9.2.156,elasticsearch_os_load5,6.67
2023/4/13 16:18,1681373927,cc-cc408-hya,data-node-09,9.9.2.156,elasticsearch_os_load5,6.77
2023/4/13 16:19,1681373987,cc-cc408-hya,data-node-09,9.9.2.156,elasticsearch_os_load5,6.79
2023/4/13 16:20,1681374047,cc-cc408-hya,data-node-09,9.9.2.156,elasticsearch_os_load5,6.6
2023/4/13 16:21,1681374107,cc-cc408-hya,data-node-09,9.9.2.156,elasticsearch_os_load5,6.46
2023/4/13 16:22,1681374167,cc-cc408-hya,data-node-09,9.9.2.156,elasticsearch_os_load5,6.58
2023/4/13 16:23,1681374227,cc-cc408-hya,data-node-09,9.9.2.156,elasticsearch_os_load5,6.62
2023/4/13 16:24,1681374287,cc-cc408-hya,data-node-09,9.9.2.156,elasticsearch_os_load5,6.44
2023/4/13 16:25,1681374347,cc-cc408-hya,data-node-09,9.9.2.156,elasticsearch_os_load5,7.08
2023/4/13 16:26,1681374407,cc-cc408-hya,data-node-09,9.9.2.156,elasticsearch_os_load5,6.83
2023/4/13 16:27,1681374467,cc-cc408-hya,data-node-09,9.9.2.156,elasticsearch_os_load5,7.03
2023/4/13 16:28,1681374527,cc-cc408-hya,data-node-09,9.9.2.156,elasticsearch_os_load5,7.2
2023/4/13 16:29,1681374587,cc-cc408-hya,data-node-09,9.9.2.156,elasticsearch_os_load5,7.17
2023/4/13 16:30,1681374647,cc-cc408-hya,data-node-09,9.9.2.156,elasticsearch_os_load5,7.16
2023/4/13 16:31,1681374707,cc-cc408-hya,data-node-09,9.9.2.156,elasticsearch_os_load5,7.08
2023/4/13 16:32,1681374767,cc-cc408-hya,data-node-09,9.9.2.156,elasticsearch_os_load5,7.04
2023/4/13 16:33,1681374827,cc-cc408-hya,data-node-09,9.9.2.156,elasticsearch_os_load5,7.37
2023/4/13 16:34,1681374887,cc-cc408-hya,data-node-09,9.9.2.156,elasticsearch_os_load5,7.22
2023/4/13 16:35,1681374947,cc-cc408-hya,data-node-09,9.9.2.156,elasticsearch_os_load5,7.5
2023/4/13 16:36,1681375007,cc-cc408-hya,data-node-09,9.9.2.156,elasticsearch_os_load5,7.16
2023/4/13 16:37,1681375067,cc-cc408-hya,data-node-09,9.9.2.156,elasticsearch_os_load5,6.82
2023/4/13 16:38,1681375127,cc-cc408-hya,data-node-09,9.9.2.156,elasticsearch_os_load5,6.65
2023/4/13 16:39,1681375187,cc-cc408-hya,data-node-09,9.9.2.156,elasticsearch_os_load5,6.51
2023/4/13 16:40,1681375247,cc-cc408-hya,data-node-09,9.9.2.156,elasticsearch_os_load5,6.48
2023/4/13 16:41,1681375307,cc-cc408-hya,data-node-09,9.9.2.156,elasticsearch_os_load5,6.56
2023/4/13 16:42,1681375367,cc-cc408-hya,data-node-09,9.9.2.156,elasticsearch_os_load5,6.86
2023/4/13 16:43,1681375427,cc-cc408-hya,data-node-09,9.9.2.156,elasticsearch_os_load5,6.67
2023/4/13 16:44,1681375487,cc-cc408-hya,data-node-09,9.9.2.156,elasticsearch_os_load5,6.35
2023/4/13 16:45,1681375547,cc-cc408-hya,data-node-09,9.9.2.156,elasticsearch_os_load5,6.45
2023/4/13 16:46,1681375607,cc-cc408-hya,data-node-09,9.9.2.156,elasticsearch_os_load5,6.26
2023/4/13 16:47,1681375667,cc-cc408-hya,data-node-09,9.9.2.156,elasticsearch_os_load5,6.37
2023/4/13 16:48,1681375727,cc-cc408-hya,data-node-09,9.9.2.156,elasticsearch_os_load5,6.32
2023/4/13 16:49,1681375787,cc-cc408-hya,data-node-09,9.9.2.156,elasticsearch_os_load5,6.22
2023/4/13 16:50,1681375847,cc-cc408-hya,data-node-09,9.9.2.156,elasticsearch_os_load5,6.66
2023/4/13 16:51,1681375907,cc-cc408-hya,data-node-09,9.9.2.156,elasticsearch_os_load5,6.77
2023/4/13 16:52,1681375967,cc-cc408-hya,data-node-09,9.9.2.156,elasticsearch_os_load5,6.67
2023/4/13 16:53,1681376027,cc-cc408-hya,data-node-09,9.9.2.156,elasticsearch_os_load5,6.67
2023/4/13 16:54,1681376087,cc-cc408-hya,data-node-09,9.9.2.156,elasticsearch_os_load5,6.38
2023/4/13 16:55,1681376147,cc-cc408-hya,data-node-09,9.9.2.156,elasticsearch_os_load5,6.6
2023/4/13 16:56,1681376207,cc-cc408-hya,data-node-09,9.9.2.156,elasticsearch_os_load5,6.48
2023/4/13 16:57,1681376267,cc-cc408-hya,data-node-09,9.9.2.156,elasticsearch_os_load5,6.27
2023/4/13 16:58,1681376327,cc-cc408-hya,data-node-09,9.9.2.156,elasticsearch_os_load5,6.87
2023/4/13 16:59,1681376387,cc-cc408-hya,data-node-09,9.9.2.156,elasticsearch_os_load5,7.07
2023/4/13 17:00,1681376447,cc-cc408-hya,data-node-09,9.9.2.156,elasticsearch_os_load5,7.29
2023/4/13 17:01,1681376507,cc-cc408-hya,data-node-09,9.9.2.156,elasticsearch_os_load5,7.67
2023/4/13 17:02,1681376567,cc-cc408-hya,data-node-09,9.9.2.156,elasticsearch_os_load5,7.2
2023/4/13 17:03,1681376627,cc-cc408-hya,data-node-09,9.9.2.156,elasticsearch_os_load5,7.02
2023/4/13 17:04,1681376687,cc-cc408-hya,data-node-09,9.9.2.156,elasticsearch_os_load5,6.89
2023/4/13 17:05,1681376747,cc-cc408-hya,data-node-09,9.9.2.156,elasticsearch_os_load5,6.84
2023/4/13 17:06,1681376807,cc-cc408-hya,data-node-09,9.9.2.156,elasticsearch_os_load5,6.81
2023/4/13 17:07,1681376867,cc-cc408-hya,data-node-09,9.9.2.156,elasticsearch_os_load5,6.57
2023/4/13 17:08,1681376927,cc-cc408-hya,data-node-09,9.9.2.156,elasticsearch_os_load5,6.27
2023/4/13 17:09,1681376987,cc-cc408-hya,data-node-09,9.9.2.156,elasticsearch_os_load5,6.2
2023/4/13 17:10,1681377047,cc-cc408-hya,data-node-09,9.9.2.156,elasticsearch_os_load5,6.21
2023/4/13 17:11,1681377107,cc-cc408-hya,data-node-09,9.9.2.156,elasticsearch_os_load5,5.92
2023/4/13 17:12,1681377167,cc-cc408-hya,data-node-09,9.9.2.156,elasticsearch_os_load5,5.93
2023/4/13 17:13,1681377227,cc-cc408-hya,data-node-09,9.9.2.156,elasticsearch_os_load5,5.75
2023/4/13 17:14,1681377287,cc-cc408-hya,data-node-09,9.9.2.156,elasticsearch_os_load5,5.77
2023/4/13 17:15,1681377347,cc-cc408-hya,data-node-09,9.9.2.156,elasticsearch_os_load5,6.27
2023/4/13 17:16,1681377407,cc-cc408-hya,data-node-09,9.9.2.156,elasticsearch_os_load5,6.79
2023/4/13 17:17,1681377467,cc-cc408-hya,data-node-09,9.9.2.156,elasticsearch_os_load5,7.02
2023/4/13 17:18,1681377527,cc-cc408-hya,data-node-09,9.9.2.156,elasticsearch_os_load5,7.06
2023/4/13 17:19,1681377587,cc-cc408-hya,data-node-09,9.9.2.156,elasticsearch_os_load5,7.2
2023/4/13 17:20,1681377647,cc-cc408-hya,data-node-09,9.9.2.156,elasticsearch_os_load5,6.88
2023/4/13 17:21,1681377707,cc-cc408-hya,data-node-09,9.9.2.156,elasticsearch_os_load5,6.87
2023/4/13 17:22,1681377767,cc-cc408-hya,data-node-09,9.9.2.156,elasticsearch_os_load5,6.66
2023/4/13 17:23,1681377827,cc-cc408-hya,data-node-09,9.9.2.156,elasticsearch_os_load5,6.04
2023/4/13 17:24,1681377887,cc-cc408-hya,data-node-09,9.9.2.156,elasticsearch_os_load5,6.27
2023/4/13 17:25,1681377947,cc-cc408-hya,data-node-09,9.9.2.156,elasticsearch_os_load5,6.24
2023/4/13 17:26,1681378007,cc-cc408-hya,data-node-09,9.9.2.156,elasticsearch_os_load5,6.82
2023/4/13 17:27,1681378067,cc-cc408-hya,data-node-09,9.9.2.156,elasticsearch_os_load5,7.45
2023/4/13 17:28,1681378127,cc-cc408-hya,data-node-09,9.9.2.156,elasticsearch_os_load5,7.21
2023/4/13 17:29,1681378187,cc-cc408-hya,data-node-09,9.9.2.156,elasticsearch_os_load5,6.8
2023/4/13 17:30,1681378247,cc-cc408-hya,data-node-09,9.9.2.156,elasticsearch_os_load5,7
2023/4/12 17:30,1681291847,cc-cc408-hya,data-node-14,9.9.2.156,elasticsearch_os_load5,6.38
2023/4/12 17:31,1681291907,cc-cc408-hya,data-node-14,9.9.2.156,elasticsearch_os_load5,6.2
2023/4/12 17:32,1681291967,cc-cc408-hya,data-node-14,9.9.2.156,elasticsearch_os_load5,5.79
2023/4/12 17:33,1681292027,cc-cc408-hya,data-node-14,9.9.2.156,elasticsearch_os_load5,5.71
2023/4/12 17:34,1681292087,cc-cc408-hya,data-node-14,9.9.2.156,elasticsearch_os_load5,5.99
2023/4/12 17:35,1681292147,cc-cc408-hya,data-node-14,9.9.2.156,elasticsearch_os_load5,6.01
2023/4/12 17:36,1681292207,cc-cc408-hya,data-node-14,9.9.2.156,elasticsearch_os_load5,5.97
2023/4/12 17:37,1681292267,cc-cc408-hya,data-node-14,9.9.2.156,elasticsearch_os_load5,5.99
2023/4/12 17:38,1681292327,cc-cc408-hya,data-node-14,9.9.2.156,elasticsearch_os_load5,5.72
2023/4/12 17:39,1681292387,cc-cc408-hya,data-node-14,9.9.2.156,elasticsearch_os_load5,5.73
2023/4/12 17:40,1681292447,cc-cc408-hya,data-node-14,9.9.2.156,elasticsearch_os_load5,5.71
2023/4/12 17:41,1681292507,cc-cc408-hya,data-node-14,9.9.2.156,elasticsearch_os_load5,6.29
2023/4/12 17:42,1681292567,cc-cc408-hya,data-node-14,9.9.2.156,elasticsearch_os_load5,6.7
2023/4/12 17:43,1681292627,cc-cc408-hya,data-node-14,9.9.2.156,elasticsearch_os_load5,6.23
2023/4/12 17:44,1681292687,cc-cc408-hya,data-node-14,9.9.2.156,elasticsearch_os_load5,6.33
2023/4/12 17:45,1681292747,cc-cc408-hya,data-node-14,9.9.2.156,elasticsearch_os_load5,6.35
2023/4/12 17:46,1681292807,cc-cc408-hya,data-node-14,9.9.2.156,elasticsearch_os_load5,6.21
2023/4/12 17:47,1681292867,cc-cc408-hya,data-node-14,9.9.2.156,elasticsearch_os_load5,5.89
2023/4/12 17:48,1681292927,cc-cc408-hya,data-node-14,9.9.2.156,elasticsearch_os_load5,5.74
2023/4/12 17:49,1681292987,cc-cc408-hya,data-node-14,9.9.2.156,elasticsearch_os_load5,5.84
2023/4/12 17:50,1681293047,cc-cc408-hya,data-node-14,9.9.2.156,elasticsearch_os_load5,6.03
2023/4/12 17:51,1681293107,cc-cc408-hya,data-node-14,9.9.2.156,elasticsearch_os_load5,5.85
2023/4/12 17:52,1681293167,cc-cc408-hya,data-node-14,9.9.2.156,elasticsearch_os_load5,5.96
2023/4/12 17:53,1681293227,cc-cc408-hya,data-node-14,9.9.2.156,elasticsearch_os_load5,6.07
2023/4/12 17:54,1681293287,cc-cc408-hya,data-node-14,9.9.2.156,elasticsearch_os_load5,6.7
2023/4/12 17:55,1681293347,cc-cc408-hya,data-node-14,9.9.2.156,elasticsearch_os_load5,6.37
2023/4/12 17:56,1681293407,cc-cc408-hya,data-node-14,9.9.2.156,elasticsearch_os_load5,6.15
2023/4/12 17:57,1681293467,cc-cc408-hya,data-node-14,9.9.2.156,elasticsearch_os_load5,6.14
2023/4/12 17:58,1681293527,cc-cc408-hya,data-node-14,9.9.2.156,elasticsearch_os_load5,6.64
2023/4/12 17:59,1681293587,cc-cc408-hya,data-node-14,9.9.2.156,elasticsearch_os_load5,6.58
2023/4/12 18:00,1681293647,cc-cc408-hya,data-node-14,9.9.2.156,elasticsearch_os_load5,6.01
2023/4/12 18:01,1681293707,cc-cc408-hya,data-node-14,9.9.2.156,elasticsearch_os_load5,6.56
2023/4/12 18:02,1681293767,cc-cc408-hya,data-node-14,9.9.2.156,elasticsearch_os_load5,6.45
2023/4/12 18:03,1681293827,cc-cc408-hya,data-node-14,9.9.2.156,elasticsearch_os_load5,6.39
2023/4/12 18:04,1681293887,cc-cc408-hya,data-node-14,9.9.2.156,elasticsearch_os_load5,6.06
2023/4/12 18:05,1681293947,cc-cc408-hya,data-node-14,9.9.2.156,elasticsearch_os_load5,6.03
2023/4/12 18:06,1681294007,cc-cc408-hya,data-node-14,9.9.2.156,elasticsearch_os_load5,6.11
2023/4/12 18:07,1681294067,cc-cc408-hya,data-node-14,9.9.2.156,elasticsearch_os_load5,5.75
2023/4/12 18:08,1681294127,cc-cc408-hya,data-node-14,9.9.2.156,elasticsearch_os_load5,5.79
2023/4/12 18:09,1681294187,cc-cc408-hya,data-node-14,9.9.2.156,elasticsearch_os_load5,5.76
2023/4/12 18:10,1681294247,cc-cc408-hya,data-node-14,9.9.2.156,elasticsearch_os_load5,5.89
2023/4/12 18:11,1681294307,cc-cc408-hya,data-node-14,9.9.2.156,elasticsearch_os_load5,6.02
2023/4/12 18:12,1681294367,cc-cc408-hya,data-node-14,9.9.2.156,elasticsearch_os_load5,5.92
2023/4/12 18:13,1681294427,cc-cc408-hya,data-node-14,9.9.2.156,elasticsearch_os_load5,5.83
2023/4/12 18:14,1681294487,cc-cc408-hya,data-node-14,9.9.2.156,elasticsearch_os_load5,5.68
2023/4/12 18:15,1681294547,cc-cc408-hya,data-node-14,9.9.2.156,elasticsearch_os_load5,5.74
2023/4/12 18:16,1681294607,cc-cc408-hya,data-node-14,9.9.2.156,elasticsearch_os_load5,5.61
2023/4/12 18:17,1681294667,cc-cc408-hya,data-node-14,9.9.2.156,elasticsearch_os_load5,5.63
2023/4/12 18:18,1681294727,cc-cc408-hya,data-node-14,9.9.2.156,elasticsearch_os_load5,5.58
2023/4/12 18:19,1681294787,cc-cc408-hya,data-node-14,9.9.2.156,elasticsearch_os_load5,5.69
2023/4/12 18:20,1681294847,cc-cc408-hya,data-node-14,9.9.2.156,elasticsearch_os_load5,5.65
2023/4/12 18:21,1681294907,cc-cc408-hya,data-node-14,9.9.2.156,elasticsearch_os_load5,6.08
2023/4/12 18:22,1681294967,cc-cc408-hya,data-node-14,9.9.2.156,elasticsearch_os_load5,6.08
2023/4/12 18:23,1681295027,cc-cc408-hya,data-node-14,9.9.2.156,elasticsearch_os_load5,6
2023/4/12 18:24,1681295087,cc-cc408-hya,data-node-14,9.9.2.156,elasticsearch_os_load5,5.93
2023/4/12 18:25,1681295147,cc-cc408-hya,data-node-14,9.9.2.156,elasticsearch_os_load5,5.74
2023/4/12 18:26,1681295207,cc-cc408-hya,data-node-14,9.9.2.156,elasticsearch_os_load5,5.48
2023/4/12 18:27,1681295267,cc-cc408-hya,data-node-14,9.9.2.156,elasticsearch_os_load5,5.7
2023/4/12 18:28,1681295327,cc-cc408-hya,data-node-14,9.9.2.156,elasticsearch_os_load5,5.53
2023/4/12 18:29,1681295387,cc-cc408-hya,data-node-14,9.9.2.156,elasticsearch_os_load5,5.51
2023/4/12 18:30,1681295447,cc-cc408-hya,data-node-14,9.9.2.156,elasticsearch_os_load5,6.13
2023/4/12 18:31,1681295507,cc-cc408-hya,data-node-14,9.9.2.156,elasticsearch_os_load5,6.44
2023/4/12 18:32,1681295567,cc-cc408-hya,data-node-14,9.9.2.156,elasticsearch_os_load5,6.01
2023/4/12 18:33,1681295627,cc-cc408-hya,data-node-14,9.9.2.156,elasticsearch_os_load5,6.5
2023/4/12 18:34,1681295687,cc-cc408-hya,data-node-14,9.9.2.156,elasticsearch_os_load5,5.91
2023/4/12 18:35,1681295747,cc-cc408-hya,data-node-14,9.9.2.156,elasticsearch_os_load5,5.78
2023/4/12 18:36,1681295807,cc-cc408-hya,data-node-14,9.9.2.156,elasticsearch_os_load5,5.49
2023/4/12 18:37,1681295867,cc-cc408-hya,data-node-14,9.9.2.156,elasticsearch_os_load5,5.68
2023/4/12 18:38,1681295927,cc-cc408-hya,data-node-14,9.9.2.156,elasticsearch_os_load5,5.75
2023/4/12 18:39,1681295987,cc-cc408-hya,data-node-14,9.9.2.156,elasticsearch_os_load5,5.4
2023/4/12 18:40,1681296047,cc-cc408-hya,data-node-14,9.9.2.156,elasticsearch_os_load5,5.38
2023/4/12 18:41,1681296107,cc-cc408-hya,data-node-14,9.9.2.156,elasticsearch_os_load5,5.42
2023/4/12 18:42,1681296167,cc-cc408-hya,data-node-14,9.9.2.156,elasticsearch_os_load5,5.45
2023/4/12 18:43,1681296227,cc-cc408-hya,data-node-14,9.9.2.156,elasticsearch_os_load5,5.03
2023/4/12 18:44,1681296287,cc-cc408-hya,data-node-14,9.9.2.156,elasticsearch_os_load5,5.27
2023/4/12 18:45,1681296347,cc-cc408-hya,data-node-14,9.9.2.156,elasticsearch_os_load5,5.04
2023/4/12 18:46,1681296407,cc-cc408-hya,data-node-14,9.9.2.156,elasticsearch_os_load5,4.98
2023/4/12 18:47,1681296467,cc-cc408-hya,data-node-14,9.9.2.156,elasticsearch_os_load5,5
2023/4/12 18:48,1681296527,cc-cc408-hya,data-node-14,9.9.2.156,elasticsearch_os_load5,4.84
2023/4/12 18:49,1681296587,cc-cc408-hya,data-node-14,9.9.2.156,elasticsearch_os_load5,4.67
2023/4/12 18:50,1681296647,cc-cc408-hya,data-node-14,9.9.2.156,elasticsearch_os_load5,4.48
2023/4/12 18:51,1681296707,cc-cc408-hya,data-node-14,9.9.2.156,elasticsearch_os_load5,4.71
2023/4/12 18:52,1681296767,cc-cc408-hya,data-node-14,9.9.2.156,elasticsearch_os_load5,4.53
2023/4/12 18:53,1681296827,cc-cc408-hya,data-node-14,9.9.2.156,elasticsearch_os_load5,4.98
2023/4/12 18:54,1681296887,cc-cc408-hya,data-node-14,9.9.2.156,elasticsearch_os_load5,4.75
2023/4/12 18:55,1681296947,cc-cc408-hya,data-node-14,9.9.2.156,elasticsearch_os_load5,4.72
2023/4/12 18:56,1681297007,cc-cc408-hya,data-node-14,9.9.2.156,elasticsearch_os_load5,4.83
2023/4/12 18:57,1681297067,cc-cc408-hya,data-node-14,9.9.2.156,elasticsearch_os_load5,4.5
2023/4/12 18:58,1681297127,cc-cc408-hya,data-node-14,9.9.2.156,elasticsearch_os_load5,4.45
2023/4/12 18:59,1681297187,cc-cc408-hya,data-node-14,9.9.2.156,elasticsearch_os_load5,4.66
2023/4/12 19:00,1681297247,cc-cc408-hya,data-node-14,9.9.2.156,elasticsearch_os_load5,4.5
2023/4/12 19:01,1681297307,cc-cc408-hya,data-node-14,9.9.2.156,elasticsearch_os_load5,4.68
2023/4/12 19:02,1681297367,cc-cc408-hya,data-node-14,9.9.2.156,elasticsearch_os_load5,4.44
2023/4/12 19:03,1681297427,cc-cc408-hya,data-node-14,9.9.2.156,elasticsearch_os_load5,4.54
2023/4/12 19:04,1681297487,cc-cc408-hya,data-node-14,9.9.2.156,elasticsearch_os_load5,4.66
2023/4/12 19:05,1681297547,cc-cc408-hya,data-node-14,9.9.2.156,elasticsearch_os_load5,4.74
2023/4/12 19:06,1681297607,cc-cc408-hya,data-node-14,9.9.2.156,elasticsearch_os_load5,5.07
2023/4/12 19:07,1681297667,cc-cc408-hya,data-node-14,9.9.2.156,elasticsearch_os_load5,4.89
2023/4/12 19:08,1681297727,cc-cc408-hya,data-node-14,9.9.2.156,elasticsearch_os_load5,5.09
2023/4/12 19:09,1681297787,cc-cc408-hya,data-node-14,9.9.2.156,elasticsearch_os_load5,4.89
2023/4/12 19:10,1681297847,cc-cc408-hya,data-node-14,9.9.2.156,elasticsearch_os_load5,4.71
2023/4/12 19:11,1681297907,cc-cc408-hya,data-node-14,9.9.2.156,elasticsearch_os_load5,4.58
2023/4/12 19:12,1681297967,cc-cc408-hya,data-node-14,9.9.2.156,elasticsearch_os_load5,4.27
2023/4/12 19:13,1681298027,cc-cc408-hya,data-node-14,9.9.2.156,elasticsearch_os_load5,4.3
2023/4/12 19:14,1681298087,cc-cc408-hya,data-node-14,9.9.2.156,elasticsearch_os_load5,4.34
2023/4/12 19:15,1681298147,cc-cc408-hya,data-node-14,9.9.2.156,elasticsearch_os_load5,4.18
2023/4/12 19:16,1681298207,cc-cc408-hya,data-node-14,9.9.2.156,elasticsearch_os_load5,4.34
2023/4/12 19:17,1681298267,cc-cc408-hya,data-node-14,9.9.2.156,elasticsearch_os_load5,4.21
2023/4/12 19:18,1681298327,cc-cc408-hya,data-node-14,9.9.2.156,elasticsearch_os_load5,4.22
2023/4/12 19:19,1681298387,cc-cc408-hya,data-node-14,9.9.2.156,elasticsearch_os_load5,4.57
2023/4/12 19:20,1681298447,cc-cc408-hya,data-node-14,9.9.2.156,elasticsearch_os_load5,4.5
2023/4/12 19:21,1681298507,cc-cc408-hya,data-node-14,9.9.2.156,elasticsearch_os_load5,4.65
2023/4/12 19:22,1681298567,cc-cc408-hya,data-node-14,9.9.2.156,elasticsearch_os_load5,4.54
2023/4/12 19:23,1681298627,cc-cc408-hya,data-node-14,9.9.2.156,elasticsearch_os_load5,4.43
2023/4/12 19:24,1681298687,cc-cc408-hya,data-node-14,9.9.2.156,elasticsearch_os_load5,4.12
2023/4/12 19:25,1681298747,cc-cc408-hya,data-node-14,9.9.2.156,elasticsearch_os_load5,3.91
2023/4/12 19:26,1681298807,cc-cc408-hya,data-node-14,9.9.2.156,elasticsearch_os_load5,4
2023/4/12 19:27,1681298867,cc-cc408-hya,data-node-14,9.9.2.156,elasticsearch_os_load5,4.36
2023/4/12 19:28,1681298927,cc-cc408-hya,data-node-14,9.9.2.156,elasticsearch_os_load5,4.26
2023/4/12 19:29,1681298987,cc-cc408-hya,data-node-14,9.9.2.156,elasticsearch_os_load5,4.24
2023/4/12 19:30,1681299047,cc-cc408-hya,data-node-14,9.9.2.156,elasticsearch_os_load5,4.37
2023/4/12 19:31,1681299107,cc-cc408-hya,data-node-14,9.9.2.156,elasticsearch_os_load5,4.44
2023/4/12 19:32,1681299167,cc-cc408-hya,data-node-14,9.9.2.156,elasticsearch_os_load5,4.24
2023/4/12 19:33,1681299227,cc-cc408-hya,data-node-14,9.9.2.156,elasticsearch_os_load5,4.43
2023/4/12 19:34,1681299287,cc-cc408-hya,data-node-14,9.9.2.156,elasticsearch_os_load5,4.28
2023/4/12 19:35,1681299347,cc-cc408-hya,data-node-14,9.9.2.156,elasticsearch_os_load5,4.41
2023/4/12 19:36,1681299407,cc-cc408-hya,data-node-14,9.9.2.156,elasticsearch_os_load5,4.28
2023/4/12 19:37,1681299467,cc-cc408-hya,data-node-14,9.9.2.156,elasticsearch_os_load5,4.06
2023/4/12 19:38,1681299527,cc-cc408-hya,data-node-14,9.9.2.156,elasticsearch_os_load5,3.9
2023/4/12 19:39,1681299587,cc-cc408-hya,data-node-14,9.9.2.156,elasticsearch_os_load5,3.81
2023/4/12 19:40,1681299647,cc-cc408-hya,data-node-14,9.9.2.156,elasticsearch_os_load5,3.48
2023/4/12 19:41,1681299707,cc-cc408-hya,data-node-14,9.9.2.156,elasticsearch_os_load5,3.57
2023/4/12 19:42,1681299767,cc-cc408-hya,data-node-14,9.9.2.156,elasticsearch_os_load5,3.32
2023/4/12 19:43,1681299827,cc-cc408-hya,data-node-14,9.9.2.156,elasticsearch_os_load5,3.52
2023/4/12 19:44,1681299887,cc-cc408-hya,data-node-14,9.9.2.156,elasticsearch_os_load5,3.73
2023/4/12 19:45,1681299947,cc-cc408-hya,data-node-14,9.9.2.156,elasticsearch_os_load5,3.59
2023/4/12 19:46,1681300007,cc-cc408-hya,data-node-14,9.9.2.156,elasticsearch_os_load5,3.42
2023/4/12 19:47,1681300067,cc-cc408-hya,data-node-14,9.9.2.156,elasticsearch_os_load5,3.36
2023/4/12 19:48,1681300127,cc-cc408-hya,data-node-14,9.9.2.156,elasticsearch_os_load5,3.37
2023/4/12 19:49,1681300187,cc-cc408-hya,data-node-14,9.9.2.156,elasticsearch_os_load5,3.28
2023/4/12 19:50,1681300247,cc-cc408-hya,data-node-14,9.9.2.156,elasticsearch_os_load5,3.25
2023/4/12 19:51,1681300307,cc-cc408-hya,data-node-14,9.9.2.156,elasticsearch_os_load5,3.13
2023/4/12 19:52,1681300367,cc-cc408-hya,data-node-14,9.9.2.156,elasticsearch_os_load5,3.21
2023/4/12 19:53,1681300427,cc-cc408-hya,data-node-14,9.9.2.156,elasticsearch_os_load5,3.12
2023/4/12 19:54,1681300487,cc-cc408-hya,data-node-14,9.9.2.156,elasticsearch_os_load5,3.18
2023/4/12 19:55,1681300547,cc-cc408-hya,data-node-14,9.9.2.156,elasticsearch_os_load5,3.02
2023/4/12 19:56,1681300607,cc-cc408-hya,data-node-14,9.9.2.156,elasticsearch_os_load5,2.73
2023/4/12 19:57,1681300667,cc-cc408-hya,data-node-14,9.9.2.156,elasticsearch_os_load5,2.69
2023/4/12 19:58,1681300727,cc-cc408-hya,data-node-14,9.9.2.156,elasticsearch_os_load5,2.6
2023/4/12 19:59,1681300787,cc-cc408-hya,data-node-14,9.9.2.156,elasticsearch_os_load5,2.64
2023/4/12 20:00,1681300847,cc-cc408-hya,data-node-14,9.9.2.156,elasticsearch_os_load5,2.48
2023/4/12 20:01,1681300907,cc-cc408-hya,data-node-14,9.9.2.156,elasticsearch_os_load5,2.44
2023/4/12 20:02,1681300967,cc-cc408-hya,data-node-14,9.9.2.156,elasticsearch_os_load5,2.91
2023/4/12 20:03,1681301027,cc-cc408-hya,data-node-14,9.9.2.156,elasticsearch_os_load5,2.93
2023/4/12 20:04,1681301087,cc-cc408-hya,data-node-14,9.9.2.156,elasticsearch_os_load5,2.75
2023/4/12 20:05,1681301147,cc-cc408-hya,data-node-14,9.9.2.156,elasticsearch_os_load5,2.59
2023/4/12 20:06,1681301207,cc-cc408-hya,data-node-14,9.9.2.156,elasticsearch_os_load5,2.45
2023/4/12 20:07,1681301267,cc-cc408-hya,data-node-14,9.9.2.156,elasticsearch_os_load5,2.5
2023/4/12 20:08,1681301327,cc-cc408-hya,data-node-14,9.9.2.156,elasticsearch_os_load5,2.44
2023/4/12 20:09,1681301387,cc-cc408-hya,data-node-14,9.9.2.156,elasticsearch_os_load5,2.34
2023/4/12 20:10,1681301447,cc-cc408-hya,data-node-14,9.9.2.156,elasticsearch_os_load5,2.24
2023/4/12 20:11,1681301507,cc-cc408-hya,data-node-14,9.9.2.156,elasticsearch_os_load5,2.38
2023/4/12 20:12,1681301567,cc-cc408-hya,data-node-14,9.9.2.156,elasticsearch_os_load5,2.45
2023/4/12 20:13,1681301627,cc-cc408-hya,data-node-14,9.9.2.156,elasticsearch_os_load5,2.6
2023/4/12 20:14,1681301687,cc-cc408-hya,data-node-14,9.9.2.156,elasticsearch_os_load5,2.45
2023/4/12 20:15,1681301747,cc-cc408-hya,data-node-14,9.9.2.156,elasticsearch_os_load5,2.41
2023/4/12 20:16,1681301807,cc-cc408-hya,data-node-14,9.9.2.156,elasticsearch_os_load5,2.4
2023/4/12 20:17,1681301867,cc-cc408-hya,data-node-14,9.9.2.156,elasticsearch_os_load5,2.32
2023/4/12 20:18,1681301927,cc-cc408-hya,data-node-14,9.9.2.156,elasticsearch_os_load5,2.26
2023/4/12 20:19,1681301987,cc-cc408-hya,data-node-14,9.9.2.156,elasticsearch_os_load5,2.17
2023/4/12 20:20,1681302047,cc-cc408-hya,data-node-14,9.9.2.156,elasticsearch_os_load5,2
2023/4/12 20:21,1681302107,cc-cc408-hya,data-node-14,9.9.2.156,elasticsearch_os_load5,1.9
2023/4/12 20:22,1681302167,cc-cc408-hya,data-node-14,9.9.2.156,elasticsearch_os_load5,1.72
2023/4/12 20:23,1681302227,cc-cc408-hya,data-node-14,9.9.2.156,elasticsearch_os_load5,1.77
2023/4/12 20:24,1681302287,cc-cc408-hya,data-node-14,9.9.2.156,elasticsearch_os_load5,1.76
2023/4/12 20:25,1681302347,cc-cc408-hya,data-node-14,9.9.2.156,elasticsearch_os_load5,1.68
2023/4/12 20:26,1681302407,cc-cc408-hya,data-node-14,9.9.2.156,elasticsearch_os_load5,1.76
2023/4/12 20:27,1681302467,cc-cc408-hya,data-node-14,9.9.2.156,elasticsearch_os_load5,1.67
2023/4/12 20:28,1681302527,cc-cc408-hya,data-node-14,9.9.2.156,elasticsearch_os_load5,1.71
2023/4/12 20:29,1681302587,cc-cc408-hya,data-node-14,9.9.2.156,elasticsearch_os_load5,1.81
2023/4/12 20:30,1681302647,cc-cc408-hya,data-node-14,9.9.2.156,elasticsearch_os_load5,2.24
2023/4/12 20:31,1681302707,cc-cc408-hya,data-node-14,9.9.2.156,elasticsearch_os_load5,2.28
2023/4/12 20:32,1681302767,cc-cc408-hya,data-node-14,9.9.2.156,elasticsearch_os_load5,2.16
2023/4/12 20:33,1681302827,cc-cc408-hya,data-node-14,9.9.2.156,elasticsearch_os_load5,2.16
2023/4/12 20:34,1681302887,cc-cc408-hya,data-node-14,9.9.2.156,elasticsearch_os_load5,1.92
2023/4/12 20:35,1681302947,cc-cc408-hya,data-node-14,9.9.2.156,elasticsearch_os_load5,1.65
2023/4/12 20:36,1681303007,cc-cc408-hya,data-node-14,9.9.2.156,elasticsearch_os_load5,1.61
2023/4/12 20:37,1681303067,cc-cc408-hya,data-node-14,9.9.2.156,elasticsearch_os_load5,1.43
2023/4/12 20:38,1681303127,cc-cc408-hya,data-node-14,9.9.2.156,elasticsearch_os_load5,1.29
2023/4/12 20:39,1681303187,cc-cc408-hya,data-node-14,9.9.2.156,elasticsearch_os_load5,1.17
2023/4/12 20:40,1681303247,cc-cc408-hya,data-node-14,9.9.2.156,elasticsearch_os_load5,1.13
2023/4/12 20:41,1681303307,cc-cc408-hya,data-node-14,9.9.2.156,elasticsearch_os_load5,1.13
2023/4/12 20:42,1681303367,cc-cc408-hya,data-node-14,9.9.2.156,elasticsearch_os_load5,1.19
2023/4/12 20:43,1681303427,cc-cc408-hya,data-node-14,9.9.2.156,elasticsearch_os_load5,1.5
2023/4/12 20:44,1681303487,cc-cc408-hya,data-node-14,9.9.2.156,elasticsearch_os_load5,1.5
2023/4/12 20:45,1681303547,cc-cc408-hya,data-node-14,9.9.2.156,elasticsearch_os_load5,1.4
2023/4/12 20:46,1681303607,cc-cc408-hya,data-node-14,9.9.2.156,elasticsearch_os_load5,1.42
2023/4/12 20:47,1681303667,cc-cc408-hya,data-node-14,9.9.2.156,elasticsearch_os_load5,1.31
2023/4/12 20:48,1681303727,cc-cc408-hya,data-node-14,9.9.2.156,elasticsearch_os_load5,1.38
2023/4/12 20:49,1681303787,cc-cc408-hya,data-node-14,9.9.2.156,elasticsearch_os_load5,1.39
2023/4/12 20:50,1681303847,cc-cc408-hya,data-node-14,9.9.2.156,elasticsearch_os_load5,1.38
2023/4/12 20:51,1681303907,cc-cc408-hya,data-node-14,9.9.2.156,elasticsearch_os_load5,1.27
2023/4/12 20:52,1681303967,cc-cc408-hya,data-node-14,9.9.2.156,elasticsearch_os_load5,1.28
2023/4/12 20:53,1681304027,cc-cc408-hya,data-node-14,9.9.2.156,elasticsearch_os_load5,1.16
2023/4/12 20:54,1681304087,cc-cc408-hya,data-node-14,9.9.2.156,elasticsearch_os_load5,1.08
2023/4/12 20:55,1681304147,cc-cc408-hya,data-node-14,9.9.2.156,elasticsearch_os_load5,1.03
2023/4/12 20:56,1681304207,cc-cc408-hya,data-node-14,9.9.2.156,elasticsearch_os_load5,1.04
2023/4/12 20:57,1681304267,cc-cc408-hya,data-node-14,9.9.2.156,elasticsearch_os_load5,0.97
2023/4/12 20:58,1681304327,cc-cc408-hya,data-node-14,9.9.2.156,elasticsearch_os_load5,0.93
2023/4/12 20:59,1681304387,cc-cc408-hya,data-node-14,9.9.2.156,elasticsearch_os_load5,1.04
2023/4/12 21:00,1681304447,cc-cc408-hya,data-node-14,9.9.2.156,elasticsearch_os_load5,1.03
2023/4/12 21:01,1681304507,cc-cc408-hya,data-node-14,9.9.2.156,elasticsearch_os_load5,1.02
2023/4/12 21:02,1681304567,cc-cc408-hya,data-node-14,9.9.2.156,elasticsearch_os_load5,1.05
2023/4/12 21:03,1681304627,cc-cc408-hya,data-node-14,9.9.2.156,elasticsearch_os_load5,1.13
2023/4/12 21:04,1681304687,cc-cc408-hya,data-node-14,9.9.2.156,elasticsearch_os_load5,1.04
2023/4/12 21:05,1681304747,cc-cc408-hya,data-node-14,9.9.2.156,elasticsearch_os_load5,1.04
2023/4/12 21:06,1681304807,cc-cc408-hya,data-node-14,9.9.2.156,elasticsearch_os_load5,1.14
2023/4/12 21:07,1681304867,cc-cc408-hya,data-node-14,9.9.2.156,elasticsearch_os_load5,1.28
2023/4/12 21:08,1681304927,cc-cc408-hya,data-node-14,9.9.2.156,elasticsearch_os_load5,1.33
2023/4/12 21:09,1681304987,cc-cc408-hya,data-node-14,9.9.2.156,elasticsearch_os_load5,1.24
2023/4/12 21:10,1681305047,cc-cc408-hya,data-node-14,9.9.2.156,elasticsearch_os_load5,1.2
2023/4/12 21:11,1681305107,cc-cc408-hya,data-node-14,9.9.2.156,elasticsearch_os_load5,1.44
2023/4/12 21:12,1681305167,cc-cc408-hya,data-node-14,9.9.2.156,elasticsearch_os_load5,1.55
2023/4/12 21:13,1681305227,cc-cc408-hya,data-node-14,9.9.2.156,elasticsearch_os_load5,1.64
2023/4/12 21:14,1681305287,cc-cc408-hya,data-node-14,9.9.2.156,elasticsearch_os_load5,1.47
2023/4/12 21:15,1681305347,cc-cc408-hya,data-node-14,9.9.2.156,elasticsearch_os_load5,1.44
2023/4/12 21:16,1681305407,cc-cc408-hya,data-node-14,9.9.2.156,elasticsearch_os_load5,1.4
2023/4/12 21:17,1681305467,cc-cc408-hya,data-node-14,9.9.2.156,elasticsearch_os_load5,1.29
2023/4/12 21:18,1681305527,cc-cc408-hya,data-node-14,9.9.2.156,elasticsearch_os_load5,1.23
2023/4/12 21:19,1681305587,cc-cc408-hya,data-node-14,9.9.2.156,elasticsearch_os_load5,1.16
2023/4/12 21:20,1681305647,cc-cc408-hya,data-node-14,9.9.2.156,elasticsearch_os_load5,1.11
2023/4/12 21:21,1681305707,cc-cc408-hya,data-node-14,9.9.2.156,elasticsearch_os_load5,1.03
2023/4/12 21:22,1681305767,cc-cc408-hya,data-node-14,9.9.2.156,elasticsearch_os_load5,1.04
2023/4/12 21:23,1681305827,cc-cc408-hya,data-node-14,9.9.2.156,elasticsearch_os_load5,1.04
2023/4/12 21:24,1681305887,cc-cc408-hya,data-node-14,9.9.2.156,elasticsearch_os_load5,1.09
2023/4/12 21:25,1681305947,cc-cc408-hya,data-node-14,9.9.2.156,elasticsearch_os_load5,1.12
2023/4/12 21:26,1681306007,cc-cc408-hya,data-node-14,9.9.2.156,elasticsearch_os_load5,1.26
2023/4/12 21:27,1681306067,cc-cc408-hya,data-node-14,9.9.2.156,elasticsearch_os_load5,1.21
2023/4/12 21:28,1681306127,cc-cc408-hya,data-node-14,9.9.2.156,elasticsearch_os_load5,1.18
2023/4/12 21:29,1681306187,cc-cc408-hya,data-node-14,9.9.2.156,elasticsearch_os_load5,1.18
2023/4/12 21:30,1681306247,cc-cc408-hya,data-node-14,9.9.2.156,elasticsearch_os_load5,1.04
2023/4/12 21:31,1681306307,cc-cc408-hya,data-node-14,9.9.2.156,elasticsearch_os_load5,1.01
2023/4/12 21:32,1681306367,cc-cc408-hya,data-node-14,9.9.2.156,elasticsearch_os_load5,1.01
2023/4/12 21:33,1681306427,cc-cc408-hya,data-node-14,9.9.2.156,elasticsearch_os_load5,1.07
2023/4/12 21:34,1681306487,cc-cc408-hya,data-node-14,9.9.2.156,elasticsearch_os_load5,1.15
2023/4/12 21:35,1681306547,cc-cc408-hya,data-node-14,9.9.2.156,elasticsearch_os_load5,1.15
2023/4/12 21:36,1681306607,cc-cc408-hya,data-node-14,9.9.2.156,elasticsearch_os_load5,1.06
2023/4/12 21:37,1681306667,cc-cc408-hya,data-node-14,9.9.2.156,elasticsearch_os_load5,0.95
2023/4/12 21:38,1681306727,cc-cc408-hya,data-node-14,9.9.2.156,elasticsearch_os_load5,0.94
2023/4/12 21:39,1681306787,cc-cc408-hya,data-node-14,9.9.2.156,elasticsearch_os_load5,0.95
2023/4/12 21:40,1681306847,cc-cc408-hya,data-node-14,9.9.2.156,elasticsearch_os_load5,0.9
2023/4/12 21:41,1681306907,cc-cc408-hya,data-node-14,9.9.2.156,elasticsearch_os_load5,0.88
2023/4/12 21:42,1681306967,cc-cc408-hya,data-node-14,9.9.2.156,elasticsearch_os_load5,0.98
2023/4/12 21:43,1681307027,cc-cc408-hya,data-node-14,9.9.2.156,elasticsearch_os_load5,0.86
2023/4/12 21:44,1681307087,cc-cc408-hya,data-node-14,9.9.2.156,elasticsearch_os_load5,0.78
2023/4/12 21:45,1681307147,cc-cc408-hya,data-node-14,9.9.2.156,elasticsearch_os_load5,0.75
2023/4/12 21:46,1681307207,cc-cc408-hya,data-node-14,9.9.2.156,elasticsearch_os_load5,0.86
2023/4/12 21:47,1681307267,cc-cc408-hya,data-node-14,9.9.2.156,elasticsearch_os_load5,0.77
2023/4/12 21:48,1681307327,cc-cc408-hya,data-node-14,9.9.2.156,elasticsearch_os_load5,0.83
2023/4/12 21:49,1681307387,cc-cc408-hya,data-node-14,9.9.2.156,elasticsearch_os_load5,0.9
2023/4/12 21:50,1681307447,cc-cc408-hya,data-node-14,9.9.2.156,elasticsearch_os_load5,1
2023/4/12 21:51,1681307507,cc-cc408-hya,data-node-14,9.9.2.156,elasticsearch_os_load5,1.02
2023/4/12 21:52,1681307567,cc-cc408-hya,data-node-14,9.9.2.156,elasticsearch_os_load5,1.08
2023/4/12 21:53,1681307627,cc-cc408-hya,data-node-14,9.9.2.156,elasticsearch_os_load5,1.07
2023/4/12 21:54,1681307687,cc-cc408-hya,data-node-14,9.9.2.156,elasticsearch_os_load5,1.32
2023/4/12 21:55,1681307747,cc-cc408-hya,data-node-14,9.9.2.156,elasticsearch_os_load5,1.19
2023/4/12 21:56,1681307807,cc-cc408-hya,data-node-14,9.9.2.156,elasticsearch_os_load5,1.14
2023/4/12 21:57,1681307867,cc-cc408-hya,data-node-14,9.9.2.156,elasticsearch_os_load5,1.21
2023/4/12 21:58,1681307927,cc-cc408-hya,data-node-14,9.9.2.156,elasticsearch_os_load5,1.26
2023/4/12 21:59,1681307987,cc-cc408-hya,data-node-14,9.9.2.156,elasticsearch_os_load5,1.14
2023/4/12 22:00,1681308047,cc-cc408-hya,data-node-14,9.9.2.156,elasticsearch_os_load5,1.07
2023/4/12 22:01,1681308107,cc-cc408-hya,data-node-14,9.9.2.156,elasticsearch_os_load5,0.99
2023/4/12 22:02,1681308167,cc-cc408-hya,data-node-14,9.9.2.156,elasticsearch_os_load5,0.92
2023/4/12 22:03,1681308227,cc-cc408-hya,data-node-14,9.9.2.156,elasticsearch_os_load5,0.8
2023/4/12 22:04,1681308287,cc-cc408-hya,data-node-14,9.9.2.156,elasticsearch_os_load5,0.95
2023/4/12 22:05,1681308347,cc-cc408-hya,data-node-14,9.9.2.156,elasticsearch_os_load5,0.82
2023/4/12 22:06,1681308407,cc-cc408-hya,data-node-14,9.9.2.156,elasticsearch_os_load5,1.39
2023/4/12 22:07,1681308467,cc-cc408-hya,data-node-14,9.9.2.156,elasticsearch_os_load5,1.4
2023/4/12 22:08,1681308527,cc-cc408-hya,data-node-14,9.9.2.156,elasticsearch_os_load5,1.25
2023/4/12 22:09,1681308587,cc-cc408-hya,data-node-14,9.9.2.156,elasticsearch_os_load5,1.17
2023/4/12 22:10,1681308647,cc-cc408-hya,data-node-14,9.9.2.156,elasticsearch_os_load5,1.18
2023/4/12 22:11,1681308707,cc-cc408-hya,data-node-14,9.9.2.156,elasticsearch_os_load5,1.18
2023/4/12 22:12,1681308767,cc-cc408-hya,data-node-14,9.9.2.156,elasticsearch_os_load5,1.19
2023/4/12 22:13,1681308827,cc-cc408-hya,data-node-14,9.9.2.156,elasticsearch_os_load5,1.18
2023/4/12 22:14,1681308887,cc-cc408-hya,data-node-14,9.9.2.156,elasticsearch_os_load5,1.12
2023/4/12 22:15,1681308947,cc-cc408-hya,data-node-14,9.9.2.156,elasticsearch_os_load5,1.06
2023/4/12 22:16,1681309007,cc-cc408-hya,data-node-14,9.9.2.156,elasticsearch_os_load5,1.11
2023/4/12 22:17,1681309067,cc-cc408-hya,data-node-14,9.9.2.156,elasticsearch_os_load5,0.96
2023/4/12 22:18,1681309127,cc-cc408-hya,data-node-14,9.9.2.156,elasticsearch_os_load5,1.04
2023/4/12 22:19,1681309187,cc-cc408-hya,data-node-14,9.9.2.156,elasticsearch_os_load5,1.05
2023/4/12 22:20,1681309247,cc-cc408-hya,data-node-14,9.9.2.156,elasticsearch_os_load5,1.13
2023/4/12 22:21,1681309307,cc-cc408-hya,data-node-14,9.9.2.156,elasticsearch_os_load5,1
2023/4/12 22:22,1681309367,cc-cc408-hya,data-node-14,9.9.2.156,elasticsearch_os_load5,0.91
2023/4/12 22:23,1681309427,cc-cc408-hya,data-node-14,9.9.2.156,elasticsearch_os_load5,0.85
2023/4/12 22:24,1681309487,cc-cc408-hya,data-node-14,9.9.2.156,elasticsearch_os_load5,0.88
2023/4/12 22:25,1681309547,cc-cc408-hya,data-node-14,9.9.2.156,elasticsearch_os_load5,0.96
2023/4/12 22:26,1681309607,cc-cc408-hya,data-node-14,9.9.2.156,elasticsearch_os_load5,1.11
2023/4/12 22:27,1681309667,cc-cc408-hya,data-node-14,9.9.2.156,elasticsearch_os_load5,1.02
2023/4/12 22:28,1681309727,cc-cc408-hya,data-node-14,9.9.2.156,elasticsearch_os_load5,1.1
2023/4/12 22:29,1681309787,cc-cc408-hya,data-node-14,9.9.2.156,elasticsearch_os_load5,1.21
2023/4/12 22:30,1681309847,cc-cc408-hya,data-node-14,9.9.2.156,elasticsearch_os_load5,1.38
2023/4/12 22:31,1681309907,cc-cc408-hya,data-node-14,9.9.2.156,elasticsearch_os_load5,1.36
2023/4/12 22:32,1681309967,cc-cc408-hya,data-node-14,9.9.2.156,elasticsearch_os_load5,1.25
2023/4/12 22:33,1681310027,cc-cc408-hya,data-node-14,9.9.2.156,elasticsearch_os_load5,1.13
2023/4/12 22:34,1681310087,cc-cc408-hya,data-node-14,9.9.2.156,elasticsearch_os_load5,1.19
2023/4/12 22:35,1681310147,cc-cc408-hya,data-node-14,9.9.2.156,elasticsearch_os_load5,1.23
2023/4/12 22:36,1681310207,cc-cc408-hya,data-node-14,9.9.2.156,elasticsearch_os_load5,1.47
2023/4/12 22:37,1681310267,cc-cc408-hya,data-node-14,9.9.2.156,elasticsearch_os_load5,1.48
2023/4/12 22:38,1681310327,cc-cc408-hya,data-node-14,9.9.2.156,elasticsearch_os_load5,1.48
2023/4/12 22:39,1681310387,cc-cc408-hya,data-node-14,9.9.2.156,elasticsearch_os_load5,1.57
2023/4/12 22:40,1681310447,cc-cc408-hya,data-node-14,9.9.2.156,elasticsearch_os_load5,1.39
2023/4/12 22:41,1681310507,cc-cc408-hya,data-node-14,9.9.2.156,elasticsearch_os_load5,1.29
2023/4/12 22:42,1681310567,cc-cc408-hya,data-node-14,9.9.2.156,elasticsearch_os_load5,1.17
2023/4/12 22:43,1681310627,cc-cc408-hya,data-node-14,9.9.2.156,elasticsearch_os_load5,1.14
2023/4/12 22:44,1681310687,cc-cc408-hya,data-node-14,9.9.2.156,elasticsearch_os_load5,1
2023/4/12 22:45,1681310747,cc-cc408-hya,data-node-14,9.9.2.156,elasticsearch_os_load5,0.93
2023/4/12 22:46,1681310807,cc-cc408-hya,data-node-14,9.9.2.156,elasticsearch_os_load5,0.99
2023/4/12 22:47,1681310867,cc-cc408-hya,data-node-14,9.9.2.156,elasticsearch_os_load5,0.88
2023/4/12 22:48,1681310927,cc-cc408-hya,data-node-14,9.9.2.156,elasticsearch_os_load5,0.99
2023/4/12 22:49,1681310987,cc-cc408-hya,data-node-14,9.9.2.156,elasticsearch_os_load5,1
2023/4/12 22:50,1681311047,cc-cc408-hya,data-node-14,9.9.2.156,elasticsearch_os_load5,0.99
2023/4/12 22:51,1681311107,cc-cc408-hya,data-node-14,9.9.2.156,elasticsearch_os_load5,0.98
2023/4/12 22:52,1681311167,cc-cc408-hya,data-node-14,9.9.2.156,elasticsearch_os_load5,0.97
2023/4/12 22:53,1681311227,cc-cc408-hya,data-node-14,9.9.2.156,elasticsearch_os_load5,0.99
2023/4/12 22:54,1681311287,cc-cc408-hya,data-node-14,9.9.2.156,elasticsearch_os_load5,0.96
2023/4/12 22:55,1681311347,cc-cc408-hya,data-node-14,9.9.2.156,elasticsearch_os_load5,1.03
2023/4/12 22:56,1681311407,cc-cc408-hya,data-node-14,9.9.2.156,elasticsearch_os_load5,1.01
2023/4/12 22:57,1681311467,cc-cc408-hya,data-node-14,9.9.2.156,elasticsearch_os_load5,0.95
2023/4/12 22:58,1681311527,cc-cc408-hya,data-node-14,9.9.2.156,elasticsearch_os_load5,0.89
2023/4/12 22:59,1681311587,cc-cc408-hya,data-node-14,9.9.2.156,elasticsearch_os_load5,0.86
2023/4/12 23:00,1681311647,cc-cc408-hya,data-node-14,9.9.2.156,elasticsearch_os_load5,0.89
2023/4/12 23:01,1681311707,cc-cc408-hya,data-node-14,9.9.2.156,elasticsearch_os_load5,0.91
2023/4/12 23:02,1681311767,cc-cc408-hya,data-node-14,9.9.2.156,elasticsearch_os_load5,0.89
2023/4/12 23:03,1681311827,cc-cc408-hya,data-node-14,9.9.2.156,elasticsearch_os_load5,0.91
2023/4/12 23:04,1681311887,cc-cc408-hya,data-node-14,9.9.2.156,elasticsearch_os_load5,0.87
2023/4/12 23:05,1681311947,cc-cc408-hya,data-node-14,9.9.2.156,elasticsearch_os_load5,0.77
2023/4/12 23:06,1681312007,cc-cc408-hya,data-node-14,9.9.2.156,elasticsearch_os_load5,0.7
2023/4/12 23:07,1681312067,cc-cc408-hya,data-node-14,9.9.2.156,elasticsearch_os_load5,0.64
2023/4/12 23:08,1681312127,cc-cc408-hya,data-node-14,9.9.2.156,elasticsearch_os_load5,0.76
2023/4/12 23:09,1681312187,cc-cc408-hya,data-node-14,9.9.2.156,elasticsearch_os_load5,0.71
2023/4/12 23:10,1681312247,cc-cc408-hya,data-node-14,9.9.2.156,elasticsearch_os_load5,0.74
2023/4/12 23:11,1681312307,cc-cc408-hya,data-node-14,9.9.2.156,elasticsearch_os_load5,0.94
2023/4/12 23:12,1681312367,cc-cc408-hya,data-node-14,9.9.2.156,elasticsearch_os_load5,1.06
2023/4/12 23:13,1681312427,cc-cc408-hya,data-node-14,9.9.2.156,elasticsearch_os_load5,1.07
2023/4/12 23:14,1681312487,cc-cc408-hya,data-node-14,9.9.2.156,elasticsearch_os_load5,1.15
2023/4/12 23:15,1681312547,cc-cc408-hya,data-node-14,9.9.2.156,elasticsearch_os_load5,1.14
2023/4/12 23:16,1681312607,cc-cc408-hya,data-node-14,9.9.2.156,elasticsearch_os_load5,1.07
2023/4/12 23:17,1681312667,cc-cc408-hya,data-node-14,9.9.2.156,elasticsearch_os_load5,1
2023/4/12 23:18,1681312727,cc-cc408-hya,data-node-14,9.9.2.156,elasticsearch_os_load5,1.04
2023/4/12 23:19,1681312787,cc-cc408-hya,data-node-14,9.9.2.156,elasticsearch_os_load5,1.26
2023/4/12 23:20,1681312847,cc-cc408-hya,data-node-14,9.9.2.156,elasticsearch_os_load5,1.5
2023/4/12 23:21,1681312907,cc-cc408-hya,data-node-14,9.9.2.156,elasticsearch_os_load5,1.47
2023/4/12 23:22,1681312967,cc-cc408-hya,data-node-14,9.9.2.156,elasticsearch_os_load5,1.3
2023/4/12 23:23,1681313027,cc-cc408-hya,data-node-14,9.9.2.156,elasticsearch_os_load5,1.23
2023/4/12 23:24,1681313087,cc-cc408-hya,data-node-14,9.9.2.156,elasticsearch_os_load5,1.22
2023/4/12 23:25,1681313147,cc-cc408-hya,data-node-14,9.9.2.156,elasticsearch_os_load5,1.36
2023/4/12 23:26,1681313207,cc-cc408-hya,data-node-14,9.9.2.156,elasticsearch_os_load5,1.3
2023/4/12 23:27,1681313267,cc-cc408-hya,data-node-14,9.9.2.156,elasticsearch_os_load5,1.44
2023/4/12 23:28,1681313327,cc-cc408-hya,data-node-14,9.9.2.156,elasticsearch_os_load5,1.65
2023/4/12 23:29,1681313387,cc-cc408-hya,data-node-14,9.9.2.156,elasticsearch_os_load5,1.6
2023/4/12 23:30,1681313447,cc-cc408-hya,data-node-14,9.9.2.156,elasticsearch_os_load5,1.68
2023/4/12 23:31,1681313507,cc-cc408-hya,data-node-14,9.9.2.156,elasticsearch_os_load5,1.78
2023/4/12 23:32,1681313567,cc-cc408-hya,data-node-14,9.9.2.156,elasticsearch_os_load5,1.69
2023/4/12 23:33,1681313627,cc-cc408-hya,data-node-14,9.9.2.156,elasticsearch_os_load5,1.63
2023/4/12 23:34,1681313687,cc-cc408-hya,data-node-14,9.9.2.156,elasticsearch_os_load5,1.45
2023/4/12 23:35,1681313747,cc-cc408-hya,data-node-14,9.9.2.156,elasticsearch_os_load5,1.34
2023/4/12 23:36,1681313807,cc-cc408-hya,data-node-14,9.9.2.156,elasticsearch_os_load5,1.25
2023/4/12 23:37,1681313867,cc-cc408-hya,data-node-14,9.9.2.156,elasticsearch_os_load5,1.15
2023/4/12 23:38,1681313927,cc-cc408-hya,data-node-14,9.9.2.156,elasticsearch_os_load5,1.16
2023/4/12 23:39,1681313987,cc-cc408-hya,data-node-14,9.9.2.156,elasticsearch_os_load5,1.04
2023/4/12 23:40,1681314047,cc-cc408-hya,data-node-14,9.9.2.156,elasticsearch_os_load5,1.03
2023/4/12 23:41,1681314107,cc-cc408-hya,data-node-14,9.9.2.156,elasticsearch_os_load5,0.95
2023/4/12 23:42,1681314167,cc-cc408-hya,data-node-14,9.9.2.156,elasticsearch_os_load5,0.92
2023/4/12 23:43,1681314227,cc-cc408-hya,data-node-14,9.9.2.156,elasticsearch_os_load5,0.79
2023/4/12 23:44,1681314287,cc-cc408-hya,data-node-14,9.9.2.156,elasticsearch_os_load5,0.72
2023/4/12 23:45,1681314347,cc-cc408-hya,data-node-14,9.9.2.156,elasticsearch_os_load5,0.79
2023/4/12 23:46,1681314407,cc-cc408-hya,data-node-14,9.9.2.156,elasticsearch_os_load5,0.7
2023/4/12 23:47,1681314467,cc-cc408-hya,data-node-14,9.9.2.156,elasticsearch_os_load5,0.7
2023/4/12 23:48,1681314527,cc-cc408-hya,data-node-14,9.9.2.156,elasticsearch_os_load5,0.66
2023/4/12 23:49,1681314587,cc-cc408-hya,data-node-14,9.9.2.156,elasticsearch_os_load5,0.62
2023/4/12 23:50,1681314647,cc-cc408-hya,data-node-14,9.9.2.156,elasticsearch_os_load5,0.58
2023/4/12 23:51,1681314707,cc-cc408-hya,data-node-14,9.9.2.156,elasticsearch_os_load5,0.55
2023/4/12 23:52,1681314767,cc-cc408-hya,data-node-14,9.9.2.156,elasticsearch_os_load5,0.51
2023/4/12 23:53,1681314827,cc-cc408-hya,data-node-14,9.9.2.156,elasticsearch_os_load5,0.76
2023/4/12 23:54,1681314887,cc-cc408-hya,data-node-14,9.9.2.156,elasticsearch_os_load5,0.77
2023/4/12 23:55,1681314947,cc-cc408-hya,data-node-14,9.9.2.156,elasticsearch_os_load5,0.85
2023/4/12 23:56,1681315007,cc-cc408-hya,data-node-14,9.9.2.156,elasticsearch_os_load5,0.82
2023/4/12 23:57,1681315067,cc-cc408-hya,data-node-14,9.9.2.156,elasticsearch_os_load5,0.71
2023/4/12 23:58,1681315127,cc-cc408-hya,data-node-14,9.9.2.156,elasticsearch_os_load5,0.75
2023/4/12 23:59,1681315187,cc-cc408-hya,data-node-14,9.9.2.156,elasticsearch_os_load5,0.73
2023/4/13 0:00,1681315247,cc-cc408-hya,data-node-14,9.9.2.156,elasticsearch_os_load5,0.75
2023/4/13 0:01,1681315307,cc-cc408-hya,data-node-14,9.9.2.156,elasticsearch_os_load5,0.94
2023/4/13 0:02,1681315367,cc-cc408-hya,data-node-14,9.9.2.156,elasticsearch_os_load5,1.03
2023/4/13 0:03,1681315427,cc-cc408-hya,data-node-14,9.9.2.156,elasticsearch_os_load5,1.05
2023/4/13 0:04,1681315487,cc-cc408-hya,data-node-14,9.9.2.156,elasticsearch_os_load5,0.93
2023/4/13 0:05,1681315547,cc-cc408-hya,data-node-14,9.9.2.156,elasticsearch_os_load5,0.77
2023/4/13 0:06,1681315607,cc-cc408-hya,data-node-14,9.9.2.156,elasticsearch_os_load5,0.68
2023/4/13 0:07,1681315667,cc-cc408-hya,data-node-14,9.9.2.156,elasticsearch_os_load5,0.58
2023/4/13 0:08,1681315727,cc-cc408-hya,data-node-14,9.9.2.156,elasticsearch_os_load5,0.55
2023/4/13 0:09,1681315787,cc-cc408-hya,data-node-14,9.9.2.156,elasticsearch_os_load5,0.48
2023/4/13 0:10,1681315847,cc-cc408-hya,data-node-14,9.9.2.156,elasticsearch_os_load5,0.43
2023/4/13 0:11,1681315907,cc-cc408-hya,data-node-14,9.9.2.156,elasticsearch_os_load5,0.48
2023/4/13 0:12,1681315967,cc-cc408-hya,data-node-14,9.9.2.156,elasticsearch_os_load5,0.45
2023/4/13 0:13,1681316027,cc-cc408-hya,data-node-14,9.9.2.156,elasticsearch_os_load5,0.43
2023/4/13 0:14,1681316087,cc-cc408-hya,data-node-14,9.9.2.156,elasticsearch_os_load5,0.38
2023/4/13 0:15,1681316147,cc-cc408-hya,data-node-14,9.9.2.156,elasticsearch_os_load5,0.35
2023/4/13 0:16,1681316207,cc-cc408-hya,data-node-14,9.9.2.156,elasticsearch_os_load5,0.34
2023/4/13 0:17,1681316267,cc-cc408-hya,data-node-14,9.9.2.156,elasticsearch_os_load5,0.38
2023/4/13 0:18,1681316327,cc-cc408-hya,data-node-14,9.9.2.156,elasticsearch_os_load5,0.37
2023/4/13 0:19,1681316387,cc-cc408-hya,data-node-14,9.9.2.156,elasticsearch_os_load5,0.46
2023/4/13 0:20,1681316447,cc-cc408-hya,data-node-14,9.9.2.156,elasticsearch_os_load5,0.51
2023/4/13 0:21,1681316507,cc-cc408-hya,data-node-14,9.9.2.156,elasticsearch_os_load5,0.51
2023/4/13 0:22,1681316567,cc-cc408-hya,data-node-14,9.9.2.156,elasticsearch_os_load5,0.67
2023/4/13 0:23,1681316627,cc-cc408-hya,data-node-14,9.9.2.156,elasticsearch_os_load5,0.66
2023/4/13 0:24,1681316687,cc-cc408-hya,data-node-14,9.9.2.156,elasticsearch_os_load5,0.75
2023/4/13 0:25,1681316747,cc-cc408-hya,data-node-14,9.9.2.156,elasticsearch_os_load5,0.92
2023/4/13 0:26,1681316807,cc-cc408-hya,data-node-14,9.9.2.156,elasticsearch_os_load5,0.95
2023/4/13 0:27,1681316867,cc-cc408-hya,data-node-14,9.9.2.156,elasticsearch_os_load5,0.93
2023/4/13 0:28,1681316927,cc-cc408-hya,data-node-14,9.9.2.156,elasticsearch_os_load5,0.92
2023/4/13 0:29,1681316987,cc-cc408-hya,data-node-14,9.9.2.156,elasticsearch_os_load5,0.93
2023/4/13 0:30,1681317047,cc-cc408-hya,data-node-14,9.9.2.156,elasticsearch_os_load5,1.07
2023/4/13 0:31,1681317107,cc-cc408-hya,data-node-14,9.9.2.156,elasticsearch_os_load5,0.99
2023/4/13 0:32,1681317167,cc-cc408-hya,data-node-14,9.9.2.156,elasticsearch_os_load5,0.98
2023/4/13 0:33,1681317227,cc-cc408-hya,data-node-14,9.9.2.156,elasticsearch_os_load5,1.02
2023/4/13 0:34,1681317287,cc-cc408-hya,data-node-14,9.9.2.156,elasticsearch_os_load5,1
2023/4/13 0:35,1681317347,cc-cc408-hya,data-node-14,9.9.2.156,elasticsearch_os_load5,1.13
2023/4/13 0:36,1681317407,cc-cc408-hya,data-node-14,9.9.2.156,elasticsearch_os_load5,1.13
2023/4/13 0:37,1681317467,cc-cc408-hya,data-node-14,9.9.2.156,elasticsearch_os_load5,1.35
2023/4/13 0:38,1681317527,cc-cc408-hya,data-node-14,9.9.2.156,elasticsearch_os_load5,1.32
2023/4/13 0:39,1681317587,cc-cc408-hya,data-node-14,9.9.2.156,elasticsearch_os_load5,1.35
2023/4/13 0:40,1681317647,cc-cc408-hya,data-node-14,9.9.2.156,elasticsearch_os_load5,1.4
2023/4/13 0:41,1681317707,cc-cc408-hya,data-node-14,9.9.2.156,elasticsearch_os_load5,1.42
2023/4/13 0:42,1681317767,cc-cc408-hya,data-node-14,9.9.2.156,elasticsearch_os_load5,1.37
2023/4/13 0:43,1681317827,cc-cc408-hya,data-node-14,9.9.2.156,elasticsearch_os_load5,1.48
2023/4/13 0:44,1681317887,cc-cc408-hya,data-node-14,9.9.2.156,elasticsearch_os_load5,1.62
2023/4/13 0:45,1681317947,cc-cc408-hya,data-node-14,9.9.2.156,elasticsearch_os_load5,1.68
2023/4/13 0:46,1681318007,cc-cc408-hya,data-node-14,9.9.2.156,elasticsearch_os_load5,1.49
2023/4/13 0:47,1681318067,cc-cc408-hya,data-node-14,9.9.2.156,elasticsearch_os_load5,1.5
2023/4/13 0:48,1681318127,cc-cc408-hya,data-node-14,9.9.2.156,elasticsearch_os_load5,1.39
2023/4/13 0:49,1681318187,cc-cc408-hya,data-node-14,9.9.2.156,elasticsearch_os_load5,1.33
2023/4/13 0:50,1681318247,cc-cc408-hya,data-node-14,9.9.2.156,elasticsearch_os_load5,1.21
2023/4/13 0:51,1681318307,cc-cc408-hya,data-node-14,9.9.2.156,elasticsearch_os_load5,1.11
2023/4/13 0:52,1681318367,cc-cc408-hya,data-node-14,9.9.2.156,elasticsearch_os_load5,1.1
2023/4/13 0:53,1681318427,cc-cc408-hya,data-node-14,9.9.2.156,elasticsearch_os_load5,1.06
2023/4/13 0:54,1681318487,cc-cc408-hya,data-node-14,9.9.2.156,elasticsearch_os_load5,1.22
2023/4/13 0:55,1681318547,cc-cc408-hya,data-node-14,9.9.2.156,elasticsearch_os_load5,1.17
2023/4/13 0:56,1681318607,cc-cc408-hya,data-node-14,9.9.2.156,elasticsearch_os_load5,1.23
2023/4/13 0:57,1681318667,cc-cc408-hya,data-node-14,9.9.2.156,elasticsearch_os_load5,1.2
2023/4/13 0:58,1681318727,cc-cc408-hya,data-node-14,9.9.2.156,elasticsearch_os_load5,1.19
2023/4/13 0:59,1681318787,cc-cc408-hya,data-node-14,9.9.2.156,elasticsearch_os_load5,1.12
2023/4/13 1:00,1681318847,cc-cc408-hya,data-node-14,9.9.2.156,elasticsearch_os_load5,1.08
2023/4/13 1:01,1681318907,cc-cc408-hya,data-node-14,9.9.2.156,elasticsearch_os_load5,1.14
2023/4/13 1:02,1681318967,cc-cc408-hya,data-node-14,9.9.2.156,elasticsearch_os_load5,1.12
2023/4/13 1:03,1681319027,cc-cc408-hya,data-node-14,9.9.2.156,elasticsearch_os_load5,1.11
2023/4/13 1:04,1681319087,cc-cc408-hya,data-node-14,9.9.2.156,elasticsearch_os_load5,1.12
2023/4/13 1:05,1681319147,cc-cc408-hya,data-node-14,9.9.2.156,elasticsearch_os_load5,1.04
2023/4/13 1:06,1681319207,cc-cc408-hya,data-node-14,9.9.2.156,elasticsearch_os_load5,1.05
2023/4/13 1:07,1681319267,cc-cc408-hya,data-node-14,9.9.2.156,elasticsearch_os_load5,0.93
2023/4/13 1:08,1681319327,cc-cc408-hya,data-node-14,9.9.2.156,elasticsearch_os_load5,0.98
2023/4/13 1:09,1681319387,cc-cc408-hya,data-node-14,9.9.2.156,elasticsearch_os_load5,1.02
2023/4/13 1:10,1681319447,cc-cc408-hya,data-node-14,9.9.2.156,elasticsearch_os_load5,0.93
2023/4/13 1:11,1681319507,cc-cc408-hya,data-node-14,9.9.2.156,elasticsearch_os_load5,0.97
2023/4/13 1:12,1681319567,cc-cc408-hya,data-node-14,9.9.2.156,elasticsearch_os_load5,0.99
2023/4/13 1:13,1681319627,cc-cc408-hya,data-node-14,9.9.2.156,elasticsearch_os_load5,0.94
2023/4/13 1:14,1681319687,cc-cc408-hya,data-node-14,9.9.2.156,elasticsearch_os_load5,0.91
2023/4/13 1:15,1681319747,cc-cc408-hya,data-node-14,9.9.2.156,elasticsearch_os_load5,0.99
2023/4/13 1:16,1681319807,cc-cc408-hya,data-node-14,9.9.2.156,elasticsearch_os_load5,1.02
2023/4/13 1:17,1681319867,cc-cc408-hya,data-node-14,9.9.2.156,elasticsearch_os_load5,1.05
2023/4/13 1:18,1681319927,cc-cc408-hya,data-node-14,9.9.2.156,elasticsearch_os_load5,1.04
2023/4/13 1:19,1681319987,cc-cc408-hya,data-node-14,9.9.2.156,elasticsearch_os_load5,1.06
2023/4/13 1:20,1681320047,cc-cc408-hya,data-node-14,9.9.2.156,elasticsearch_os_load5,0.96
2023/4/13 1:21,1681320107,cc-cc408-hya,data-node-14,9.9.2.156,elasticsearch_os_load5,0.87
2023/4/13 1:22,1681320167,cc-cc408-hya,data-node-14,9.9.2.156,elasticsearch_os_load5,0.75
2023/4/13 1:23,1681320227,cc-cc408-hya,data-node-14,9.9.2.156,elasticsearch_os_load5,0.72
2023/4/13 1:24,1681320287,cc-cc408-hya,data-node-14,9.9.2.156,elasticsearch_os_load5,0.68
2023/4/13 1:25,1681320347,cc-cc408-hya,data-node-14,9.9.2.156,elasticsearch_os_load5,0.62
2023/4/13 1:26,1681320407,cc-cc408-hya,data-node-14,9.9.2.156,elasticsearch_os_load5,0.84
2023/4/13 1:27,1681320467,cc-cc408-hya,data-node-14,9.9.2.156,elasticsearch_os_load5,0.99
2023/4/13 1:28,1681320527,cc-cc408-hya,data-node-14,9.9.2.156,elasticsearch_os_load5,0.91
2023/4/13 1:29,1681320587,cc-cc408-hya,data-node-14,9.9.2.156,elasticsearch_os_load5,0.81
2023/4/13 1:30,1681320647,cc-cc408-hya,data-node-14,9.9.2.156,elasticsearch_os_load5,0.67
2023/4/13 1:31,1681320707,cc-cc408-hya,data-node-14,9.9.2.156,elasticsearch_os_load5,0.56
2023/4/13 1:32,1681320767,cc-cc408-hya,data-node-14,9.9.2.156,elasticsearch_os_load5,0.49
2023/4/13 1:33,1681320827,cc-cc408-hya,data-node-14,9.9.2.156,elasticsearch_os_load5,0.4
2023/4/13 1:34,1681320887,cc-cc408-hya,data-node-14,9.9.2.156,elasticsearch_os_load5,0.4
2023/4/13 1:35,1681320947,cc-cc408-hya,data-node-14,9.9.2.156,elasticsearch_os_load5,0.35
2023/4/13 1:36,1681321007,cc-cc408-hya,data-node-14,9.9.2.156,elasticsearch_os_load5,0.32
2023/4/13 1:37,1681321067,cc-cc408-hya,data-node-14,9.9.2.156,elasticsearch_os_load5,0.29
2023/4/13 1:38,1681321127,cc-cc408-hya,data-node-14,9.9.2.156,elasticsearch_os_load5,0.27
2023/4/13 1:39,1681321187,cc-cc408-hya,data-node-14,9.9.2.156,elasticsearch_os_load5,0.24
2023/4/13 1:40,1681321247,cc-cc408-hya,data-node-14,9.9.2.156,elasticsearch_os_load5,0.21
2023/4/13 1:41,1681321307,cc-cc408-hya,data-node-14,9.9.2.156,elasticsearch_os_load5,0.24
2023/4/13 1:42,1681321367,cc-cc408-hya,data-node-14,9.9.2.156,elasticsearch_os_load5,0.24
2023/4/13 1:43,1681321427,cc-cc408-hya,data-node-14,9.9.2.156,elasticsearch_os_load5,0.29
2023/4/13 1:44,1681321487,cc-cc408-hya,data-node-14,9.9.2.156,elasticsearch_os_load5,0.39
2023/4/13 1:45,1681321547,cc-cc408-hya,data-node-14,9.9.2.156,elasticsearch_os_load5,0.36
2023/4/13 1:46,1681321607,cc-cc408-hya,data-node-14,9.9.2.156,elasticsearch_os_load5,0.32
2023/4/13 1:47,1681321667,cc-cc408-hya,data-node-14,9.9.2.156,elasticsearch_os_load5,0.32
2023/4/13 1:48,1681321727,cc-cc408-hya,data-node-14,9.9.2.156,elasticsearch_os_load5,0.27
2023/4/13 1:49,1681321787,cc-cc408-hya,data-node-14,9.9.2.156,elasticsearch_os_load5,0.3
2023/4/13 1:50,1681321847,cc-cc408-hya,data-node-14,9.9.2.156,elasticsearch_os_load5,0.28
2023/4/13 1:51,1681321907,cc-cc408-hya,data-node-14,9.9.2.156,elasticsearch_os_load5,0.27
2023/4/13 1:52,1681321967,cc-cc408-hya,data-node-14,9.9.2.156,elasticsearch_os_load5,0.23
2023/4/13 1:53,1681322027,cc-cc408-hya,data-node-14,9.9.2.156,elasticsearch_os_load5,0.24
2023/4/13 1:54,1681322087,cc-cc408-hya,data-node-14,9.9.2.156,elasticsearch_os_load5,0.23
2023/4/13 1:55,1681322147,cc-cc408-hya,data-node-14,9.9.2.156,elasticsearch_os_load5,0.22
2023/4/13 1:56,1681322207,cc-cc408-hya,data-node-14,9.9.2.156,elasticsearch_os_load5,0.19
2023/4/13 1:57,1681322267,cc-cc408-hya,data-node-14,9.9.2.156,elasticsearch_os_load5,0.2
2023/4/13 1:58,1681322327,cc-cc408-hya,data-node-14,9.9.2.156,elasticsearch_os_load5,0.34
2023/4/13 1:59,1681322387,cc-cc408-hya,data-node-14,9.9.2.156,elasticsearch_os_load5,0.55
2023/4/13 2:00,1681322447,cc-cc408-hya,data-node-14,9.9.2.156,elasticsearch_os_load5,0.54
2023/4/13 2:01,1681322507,cc-cc408-hya,data-node-14,9.9.2.156,elasticsearch_os_load5,0.45
2023/4/13 2:02,1681322567,cc-cc408-hya,data-node-14,9.9.2.156,elasticsearch_os_load5,0.42
2023/4/13 2:03,1681322627,cc-cc408-hya,data-node-14,9.9.2.156,elasticsearch_os_load5,0.4
2023/4/13 2:04,1681322687,cc-cc408-hya,data-node-14,9.9.2.156,elasticsearch_os_load5,0.37
2023/4/13 2:05,1681322747,cc-cc408-hya,data-node-14,9.9.2.156,elasticsearch_os_load5,0.35
2023/4/13 2:06,1681322807,cc-cc408-hya,data-node-14,9.9.2.156,elasticsearch_os_load5,0.43
2023/4/13 2:07,1681322867,cc-cc408-hya,data-node-14,9.9.2.156,elasticsearch_os_load5,0.38
2023/4/13 2:08,1681322927,cc-cc408-hya,data-node-14,9.9.2.156,elasticsearch_os_load5,0.48
2023/4/13 2:09,1681322987,cc-cc408-hya,data-node-14,9.9.2.156,elasticsearch_os_load5,0.58
2023/4/13 2:10,1681323047,cc-cc408-hya,data-node-14,9.9.2.156,elasticsearch_os_load5,0.72
2023/4/13 2:11,1681323107,cc-cc408-hya,data-node-14,9.9.2.156,elasticsearch_os_load5,0.64
2023/4/13 2:12,1681323167,cc-cc408-hya,data-node-14,9.9.2.156,elasticsearch_os_load5,0.53
2023/4/13 2:13,1681323227,cc-cc408-hya,data-node-14,9.9.2.156,elasticsearch_os_load5,0.48
2023/4/13 2:14,1681323287,cc-cc408-hya,data-node-14,9.9.2.156,elasticsearch_os_load5,0.41
2023/4/13 2:15,1681323347,cc-cc408-hya,data-node-14,9.9.2.156,elasticsearch_os_load5,0.39
2023/4/13 2:16,1681323407,cc-cc408-hya,data-node-14,9.9.2.156,elasticsearch_os_load5,0.4
2023/4/13 2:17,1681323467,cc-cc408-hya,data-node-14,9.9.2.156,elasticsearch_os_load5,0.4
2023/4/13 2:18,1681323527,cc-cc408-hya,data-node-14,9.9.2.156,elasticsearch_os_load5,0.43
2023/4/13 2:19,1681323587,cc-cc408-hya,data-node-14,9.9.2.156,elasticsearch_os_load5,0.43
2023/4/13 2:20,1681323647,cc-cc408-hya,data-node-14,9.9.2.156,elasticsearch_os_load5,0.44
2023/4/13 2:21,1681323707,cc-cc408-hya,data-node-14,9.9.2.156,elasticsearch_os_load5,0.44
2023/4/13 2:22,1681323767,cc-cc408-hya,data-node-14,9.9.2.156,elasticsearch_os_load5,0.39
2023/4/13 2:23,1681323827,cc-cc408-hya,data-node-14,9.9.2.156,elasticsearch_os_load5,0.43
2023/4/13 2:24,1681323887,cc-cc408-hya,data-node-14,9.9.2.156,elasticsearch_os_load5,0.44
2023/4/13 2:25,1681323947,cc-cc408-hya,data-node-14,9.9.2.156,elasticsearch_os_load5,0.43
2023/4/13 2:26,1681324007,cc-cc408-hya,data-node-14,9.9.2.156,elasticsearch_os_load5,0.38
2023/4/13 2:27,1681324067,cc-cc408-hya,data-node-14,9.9.2.156,elasticsearch_os_load5,0.4
2023/4/13 2:28,1681324127,cc-cc408-hya,data-node-14,9.9.2.156,elasticsearch_os_load5,0.34
2023/4/13 2:29,1681324187,cc-cc408-hya,data-node-14,9.9.2.156,elasticsearch_os_load5,0.35
2023/4/13 2:30,1681324247,cc-cc408-hya,data-node-14,9.9.2.156,elasticsearch_os_load5,0.31
2023/4/13 2:31,1681324307,cc-cc408-hya,data-node-14,9.9.2.156,elasticsearch_os_load5,0.33
2023/4/13 2:32,1681324367,cc-cc408-hya,data-node-14,9.9.2.156,elasticsearch_os_load5,0.28
2023/4/13 2:33,1681324427,cc-cc408-hya,data-node-14,9.9.2.156,elasticsearch_os_load5,0.24
2023/4/13 2:34,1681324487,cc-cc408-hya,data-node-14,9.9.2.156,elasticsearch_os_load5,0.21
2023/4/13 2:35,1681324547,cc-cc408-hya,data-node-14,9.9.2.156,elasticsearch_os_load5,0.22
2023/4/13 2:36,1681324607,cc-cc408-hya,data-node-14,9.9.2.156,elasticsearch_os_load5,0.22
2023/4/13 2:37,1681324667,cc-cc408-hya,data-node-14,9.9.2.156,elasticsearch_os_load5,0.19
2023/4/13 2:38,1681324727,cc-cc408-hya,data-node-14,9.9.2.156,elasticsearch_os_load5,0.19
2023/4/13 2:39,1681324787,cc-cc408-hya,data-node-14,9.9.2.156,elasticsearch_os_load5,0.15
2023/4/13 2:40,1681324847,cc-cc408-hya,data-node-14,9.9.2.156,elasticsearch_os_load5,0.33
2023/4/13 2:41,1681324907,cc-cc408-hya,data-node-14,9.9.2.156,elasticsearch_os_load5,0.39
2023/4/13 2:42,1681324967,cc-cc408-hya,data-node-14,9.9.2.156,elasticsearch_os_load5,0.4
2023/4/13 2:43,1681325027,cc-cc408-hya,data-node-14,9.9.2.156,elasticsearch_os_load5,0.4
2023/4/13 2:44,1681325087,cc-cc408-hya,data-node-14,9.9.2.156,elasticsearch_os_load5,0.35
2023/4/13 2:45,1681325147,cc-cc408-hya,data-node-14,9.9.2.156,elasticsearch_os_load5,0.31
2023/4/13 2:46,1681325207,cc-cc408-hya,data-node-14,9.9.2.156,elasticsearch_os_load5,0.28
2023/4/13 2:47,1681325267,cc-cc408-hya,data-node-14,9.9.2.156,elasticsearch_os_load5,0.31
2023/4/13 2:48,1681325327,cc-cc408-hya,data-node-14,9.9.2.156,elasticsearch_os_load5,0.27
2023/4/13 2:49,1681325387,cc-cc408-hya,data-node-14,9.9.2.156,elasticsearch_os_load5,0.23
2023/4/13 2:50,1681325447,cc-cc408-hya,data-node-14,9.9.2.156,elasticsearch_os_load5,0.36
2023/4/13 2:51,1681325507,cc-cc408-hya,data-node-14,9.9.2.156,elasticsearch_os_load5,0.51
2023/4/13 2:52,1681325567,cc-cc408-hya,data-node-14,9.9.2.156,elasticsearch_os_load5,0.61
2023/4/13 2:53,1681325627,cc-cc408-hya,data-node-14,9.9.2.156,elasticsearch_os_load5,0.51
2023/4/13 2:54,1681325687,cc-cc408-hya,data-node-14,9.9.2.156,elasticsearch_os_load5,0.42
2023/4/13 2:55,1681325747,cc-cc408-hya,data-node-14,9.9.2.156,elasticsearch_os_load5,0.43
2023/4/13 2:56,1681325807,cc-cc408-hya,data-node-14,9.9.2.156,elasticsearch_os_load5,0.36
2023/4/13 2:57,1681325867,cc-cc408-hya,data-node-14,9.9.2.156,elasticsearch_os_load5,0.33
2023/4/13 2:58,1681325927,cc-cc408-hya,data-node-14,9.9.2.156,elasticsearch_os_load5,0.26
2023/4/13 2:59,1681325987,cc-cc408-hya,data-node-14,9.9.2.156,elasticsearch_os_load5,0.28
2023/4/13 3:00,1681326047,cc-cc408-hya,data-node-14,9.9.2.156,elasticsearch_os_load5,0.24
2023/4/13 3:01,1681326107,cc-cc408-hya,data-node-14,9.9.2.156,elasticsearch_os_load5,0.22
2023/4/13 3:02,1681326167,cc-cc408-hya,data-node-14,9.9.2.156,elasticsearch_os_load5,0.2
2023/4/13 3:03,1681326227,cc-cc408-hya,data-node-14,9.9.2.156,elasticsearch_os_load5,0.19
2023/4/13 3:04,1681326287,cc-cc408-hya,data-node-14,9.9.2.156,elasticsearch_os_load5,0.18
2023/4/13 3:05,1681326347,cc-cc408-hya,data-node-14,9.9.2.156,elasticsearch_os_load5,0.2
2023/4/13 3:06,1681326407,cc-cc408-hya,data-node-14,9.9.2.156,elasticsearch_os_load5,0.31
2023/4/13 3:07,1681326467,cc-cc408-hya,data-node-14,9.9.2.156,elasticsearch_os_load5,0.34
2023/4/13 3:08,1681326527,cc-cc408-hya,data-node-14,9.9.2.156,elasticsearch_os_load5,0.32
2023/4/13 3:09,1681326587,cc-cc408-hya,data-node-14,9.9.2.156,elasticsearch_os_load5,0.28
2023/4/13 3:10,1681326647,cc-cc408-hya,data-node-14,9.9.2.156,elasticsearch_os_load5,0.27
2023/4/13 3:11,1681326707,cc-cc408-hya,data-node-14,9.9.2.156,elasticsearch_os_load5,0.27
2023/4/13 3:12,1681326767,cc-cc408-hya,data-node-14,9.9.2.156,elasticsearch_os_load5,0.28
2023/4/13 3:13,1681326827,cc-cc408-hya,data-node-14,9.9.2.156,elasticsearch_os_load5,0.28
2023/4/13 3:14,1681326887,cc-cc408-hya,data-node-14,9.9.2.156,elasticsearch_os_load5,0.24
2023/4/13 3:15,1681326947,cc-cc408-hya,data-node-14,9.9.2.156,elasticsearch_os_load5,0.25
2023/4/13 3:16,1681327007,cc-cc408-hya,data-node-14,9.9.2.156,elasticsearch_os_load5,0.23
2023/4/13 3:17,1681327067,cc-cc408-hya,data-node-14,9.9.2.156,elasticsearch_os_load5,0.22
2023/4/13 3:18,1681327127,cc-cc408-hya,data-node-14,9.9.2.156,elasticsearch_os_load5,0.19
2023/4/13 3:19,1681327187,cc-cc408-hya,data-node-14,9.9.2.156,elasticsearch_os_load5,0.15
2023/4/13 3:20,1681327247,cc-cc408-hya,data-node-14,9.9.2.156,elasticsearch_os_load5,0.19
2023/4/13 3:21,1681327307,cc-cc408-hya,data-node-14,9.9.2.156,elasticsearch_os_load5,0.18
2023/4/13 3:22,1681327367,cc-cc408-hya,data-node-14,9.9.2.156,elasticsearch_os_load5,0.28
2023/4/13 3:23,1681327427,cc-cc408-hya,data-node-14,9.9.2.156,elasticsearch_os_load5,0.32
2023/4/13 3:24,1681327487,cc-cc408-hya,data-node-14,9.9.2.156,elasticsearch_os_load5,0.34
2023/4/13 3:25,1681327547,cc-cc408-hya,data-node-14,9.9.2.156,elasticsearch_os_load5,0.3
2023/4/13 3:26,1681327607,cc-cc408-hya,data-node-14,9.9.2.156,elasticsearch_os_load5,0.25
2023/4/13 3:27,1681327667,cc-cc408-hya,data-node-14,9.9.2.156,elasticsearch_os_load5,0.29
2023/4/13 3:28,1681327727,cc-cc408-hya,data-node-14,9.9.2.156,elasticsearch_os_load5,0.27
2023/4/13 3:29,1681327787,cc-cc408-hya,data-node-14,9.9.2.156,elasticsearch_os_load5,0.28
2023/4/13 3:30,1681327847,cc-cc408-hya,data-node-14,9.9.2.156,elasticsearch_os_load5,0.26
2023/4/13 3:31,1681327907,cc-cc408-hya,data-node-14,9.9.2.156,elasticsearch_os_load5,0.25
2023/4/13 3:32,1681327967,cc-cc408-hya,data-node-14,9.9.2.156,elasticsearch_os_load5,0.25
2023/4/13 3:33,1681328027,cc-cc408-hya,data-node-14,9.9.2.156,elasticsearch_os_load5,0.49
2023/4/13 3:34,1681328087,cc-cc408-hya,data-node-14,9.9.2.156,elasticsearch_os_load5,0.58
2023/4/13 3:35,1681328147,cc-cc408-hya,data-node-14,9.9.2.156,elasticsearch_os_load5,0.56
2023/4/13 3:36,1681328207,cc-cc408-hya,data-node-14,9.9.2.156,elasticsearch_os_load5,0.47
2023/4/13 3:37,1681328267,cc-cc408-hya,data-node-14,9.9.2.156,elasticsearch_os_load5,0.44
2023/4/13 3:38,1681328327,cc-cc408-hya,data-node-14,9.9.2.156,elasticsearch_os_load5,0.38
2023/4/13 3:39,1681328387,cc-cc408-hya,data-node-14,9.9.2.156,elasticsearch_os_load5,0.31
2023/4/13 3:40,1681328447,cc-cc408-hya,data-node-14,9.9.2.156,elasticsearch_os_load5,0.29
2023/4/13 3:41,1681328507,cc-cc408-hya,data-node-14,9.9.2.156,elasticsearch_os_load5,0.27
2023/4/13 3:42,1681328567,cc-cc408-hya,data-node-14,9.9.2.156,elasticsearch_os_load5,0.28
2023/4/13 3:43,1681328627,cc-cc408-hya,data-node-14,9.9.2.156,elasticsearch_os_load5,0.28
2023/4/13 3:44,1681328687,cc-cc408-hya,data-node-14,9.9.2.156,elasticsearch_os_load5,0.24
2023/4/13 3:45,1681328747,cc-cc408-hya,data-node-14,9.9.2.156,elasticsearch_os_load5,0.24
2023/4/13 3:46,1681328807,cc-cc408-hya,data-node-14,9.9.2.156,elasticsearch_os_load5,0.21
2023/4/13 3:47,1681328867,cc-cc408-hya,data-node-14,9.9.2.156,elasticsearch_os_load5,0.21
2023/4/13 3:48,1681328927,cc-cc408-hya,data-node-14,9.9.2.156,elasticsearch_os_load5,0.2
2023/4/13 3:49,1681328987,cc-cc408-hya,data-node-14,9.9.2.156,elasticsearch_os_load5,0.3
2023/4/13 3:50,1681329047,cc-cc408-hya,data-node-14,9.9.2.156,elasticsearch_os_load5,0.26
2023/4/13 3:51,1681329107,cc-cc408-hya,data-node-14,9.9.2.156,elasticsearch_os_load5,0.23
2023/4/13 3:52,1681329167,cc-cc408-hya,data-node-14,9.9.2.156,elasticsearch_os_load5,0.23
2023/4/13 3:53,1681329227,cc-cc408-hya,data-node-14,9.9.2.156,elasticsearch_os_load5,0.31
2023/4/13 3:54,1681329287,cc-cc408-hya,data-node-14,9.9.2.156,elasticsearch_os_load5,0.28
2023/4/13 3:55,1681329347,cc-cc408-hya,data-node-14,9.9.2.156,elasticsearch_os_load5,0.26
2023/4/13 3:56,1681329407,cc-cc408-hya,data-node-14,9.9.2.156,elasticsearch_os_load5,0.35
2023/4/13 3:57,1681329467,cc-cc408-hya,data-node-14,9.9.2.156,elasticsearch_os_load5,0.35
2023/4/13 3:58,1681329527,cc-cc408-hya,data-node-14,9.9.2.156,elasticsearch_os_load5,0.3
2023/4/13 3:59,1681329587,cc-cc408-hya,data-node-14,9.9.2.156,elasticsearch_os_load5,0.27
2023/4/13 4:00,1681329647,cc-cc408-hya,data-node-14,9.9.2.156,elasticsearch_os_load5,0.31
2023/4/13 4:01,1681329707,cc-cc408-hya,data-node-14,9.9.2.156,elasticsearch_os_load5,0.25
2023/4/13 4:02,1681329767,cc-cc408-hya,data-node-14,9.9.2.156,elasticsearch_os_load5,0.22
2023/4/13 4:03,1681329827,cc-cc408-hya,data-node-14,9.9.2.156,elasticsearch_os_load5,0.34
2023/4/13 4:04,1681329887,cc-cc408-hya,data-node-14,9.9.2.156,elasticsearch_os_load5,0.41
2023/4/13 4:05,1681329947,cc-cc408-hya,data-node-14,9.9.2.156,elasticsearch_os_load5,0.47
2023/4/13 4:06,1681330007,cc-cc408-hya,data-node-14,9.9.2.156,elasticsearch_os_load5,0.4
2023/4/13 4:07,1681330067,cc-cc408-hya,data-node-14,9.9.2.156,elasticsearch_os_load5,0.42
2023/4/13 4:08,1681330127,cc-cc408-hya,data-node-14,9.9.2.156,elasticsearch_os_load5,0.41
2023/4/13 4:09,1681330187,cc-cc408-hya,data-node-14,9.9.2.156,elasticsearch_os_load5,0.36
2023/4/13 4:10,1681330247,cc-cc408-hya,data-node-14,9.9.2.156,elasticsearch_os_load5,0.34
2023/4/13 4:11,1681330307,cc-cc408-hya,data-node-14,9.9.2.156,elasticsearch_os_load5,0.4
2023/4/13 4:12,1681330367,cc-cc408-hya,data-node-14,9.9.2.156,elasticsearch_os_load5,0.34
2023/4/13 4:13,1681330427,cc-cc408-hya,data-node-14,9.9.2.156,elasticsearch_os_load5,0.33
2023/4/13 4:14,1681330487,cc-cc408-hya,data-node-14,9.9.2.156,elasticsearch_os_load5,0.3
2023/4/13 4:15,1681330547,cc-cc408-hya,data-node-14,9.9.2.156,elasticsearch_os_load5,0.45
2023/4/13 4:16,1681330607,cc-cc408-hya,data-node-14,9.9.2.156,elasticsearch_os_load5,0.58
2023/4/13 4:17,1681330667,cc-cc408-hya,data-node-14,9.9.2.156,elasticsearch_os_load5,0.59
2023/4/13 4:18,1681330727,cc-cc408-hya,data-node-14,9.9.2.156,elasticsearch_os_load5,0.56
2023/4/13 4:19,1681330787,cc-cc408-hya,data-node-14,9.9.2.156,elasticsearch_os_load5,0.48
2023/4/13 4:20,1681330847,cc-cc408-hya,data-node-14,9.9.2.156,elasticsearch_os_load5,0.44
2023/4/13 4:21,1681330907,cc-cc408-hya,data-node-14,9.9.2.156,elasticsearch_os_load5,0.43
2023/4/13 4:22,1681330967,cc-cc408-hya,data-node-14,9.9.2.156,elasticsearch_os_load5,0.41
2023/4/13 4:23,1681331027,cc-cc408-hya,data-node-14,9.9.2.156,elasticsearch_os_load5,0.38
2023/4/13 4:24,1681331087,cc-cc408-hya,data-node-14,9.9.2.156,elasticsearch_os_load5,0.32
2023/4/13 4:25,1681331147,cc-cc408-hya,data-node-14,9.9.2.156,elasticsearch_os_load5,0.36
2023/4/13 4:26,1681331207,cc-cc408-hya,data-node-14,9.9.2.156,elasticsearch_os_load5,0.34
2023/4/13 4:27,1681331267,cc-cc408-hya,data-node-14,9.9.2.156,elasticsearch_os_load5,0.27
2023/4/13 4:28,1681331327,cc-cc408-hya,data-node-14,9.9.2.156,elasticsearch_os_load5,0.23
2023/4/13 4:29,1681331387,cc-cc408-hya,data-node-14,9.9.2.156,elasticsearch_os_load5,0.27
2023/4/13 4:30,1681331447,cc-cc408-hya,data-node-14,9.9.2.156,elasticsearch_os_load5,0.25
2023/4/13 4:31,1681331507,cc-cc408-hya,data-node-14,9.9.2.156,elasticsearch_os_load5,0.46
2023/4/13 4:32,1681331567,cc-cc408-hya,data-node-14,9.9.2.156,elasticsearch_os_load5,0.39
2023/4/13 4:33,1681331627,cc-cc408-hya,data-node-14,9.9.2.156,elasticsearch_os_load5,0.32
2023/4/13 4:34,1681331687,cc-cc408-hya,data-node-14,9.9.2.156,elasticsearch_os_load5,0.38
2023/4/13 4:35,1681331747,cc-cc408-hya,data-node-14,9.9.2.156,elasticsearch_os_load5,0.4
2023/4/13 4:36,1681331807,cc-cc408-hya,data-node-14,9.9.2.156,elasticsearch_os_load5,0.42
2023/4/13 4:37,1681331867,cc-cc408-hya,data-node-14,9.9.2.156,elasticsearch_os_load5,0.35
2023/4/13 4:38,1681331927,cc-cc408-hya,data-node-14,9.9.2.156,elasticsearch_os_load5,0.31
2023/4/13 4:39,1681331987,cc-cc408-hya,data-node-14,9.9.2.156,elasticsearch_os_load5,0.27
2023/4/13 4:40,1681332047,cc-cc408-hya,data-node-14,9.9.2.156,elasticsearch_os_load5,0.23
2023/4/13 4:41,1681332107,cc-cc408-hya,data-node-14,9.9.2.156,elasticsearch_os_load5,0.25
2023/4/13 4:42,1681332167,cc-cc408-hya,data-node-14,9.9.2.156,elasticsearch_os_load5,0.25
2023/4/13 4:43,1681332227,cc-cc408-hya,data-node-14,9.9.2.156,elasticsearch_os_load5,0.28
2023/4/13 4:44,1681332287,cc-cc408-hya,data-node-14,9.9.2.156,elasticsearch_os_load5,0.24
2023/4/13 4:45,1681332347,cc-cc408-hya,data-node-14,9.9.2.156,elasticsearch_os_load5,0.47
2023/4/13 4:46,1681332407,cc-cc408-hya,data-node-14,9.9.2.156,elasticsearch_os_load5,0.45
2023/4/13 4:47,1681332467,cc-cc408-hya,data-node-14,9.9.2.156,elasticsearch_os_load5,0.39
2023/4/13 4:48,1681332527,cc-cc408-hya,data-node-14,9.9.2.156,elasticsearch_os_load5,0.41
2023/4/13 4:49,1681332587,cc-cc408-hya,data-node-14,9.9.2.156,elasticsearch_os_load5,0.35
2023/4/13 4:50,1681332647,cc-cc408-hya,data-node-14,9.9.2.156,elasticsearch_os_load5,0.33
2023/4/13 4:51,1681332707,cc-cc408-hya,data-node-14,9.9.2.156,elasticsearch_os_load5,0.33
2023/4/13 4:52,1681332767,cc-cc408-hya,data-node-14,9.9.2.156,elasticsearch_os_load5,0.28
2023/4/13 4:53,1681332827,cc-cc408-hya,data-node-14,9.9.2.156,elasticsearch_os_load5,0.26
2023/4/13 4:54,1681332887,cc-cc408-hya,data-node-14,9.9.2.156,elasticsearch_os_load5,0.24
2023/4/13 4:55,1681332947,cc-cc408-hya,data-node-14,9.9.2.156,elasticsearch_os_load5,0.25
2023/4/13 4:56,1681333007,cc-cc408-hya,data-node-14,9.9.2.156,elasticsearch_os_load5,0.2
2023/4/13 4:57,1681333067,cc-cc408-hya,data-node-14,9.9.2.156,elasticsearch_os_load5,0.38
2023/4/13 4:58,1681333127,cc-cc408-hya,data-node-14,9.9.2.156,elasticsearch_os_load5,0.48
2023/4/13 4:59,1681333187,cc-cc408-hya,data-node-14,9.9.2.156,elasticsearch_os_load5,0.62
2023/4/13 5:00,1681333247,cc-cc408-hya,data-node-14,9.9.2.156,elasticsearch_os_load5,0.97
2023/4/13 5:01,1681333307,cc-cc408-hya,data-node-14,9.9.2.156,elasticsearch_os_load5,1.21
2023/4/13 5:02,1681333367,cc-cc408-hya,data-node-14,9.9.2.156,elasticsearch_os_load5,1.04
2023/4/13 5:03,1681333427,cc-cc408-hya,data-node-14,9.9.2.156,elasticsearch_os_load5,0.88
2023/4/13 5:04,1681333487,cc-cc408-hya,data-node-14,9.9.2.156,elasticsearch_os_load5,0.77
2023/4/13 5:05,1681333547,cc-cc408-hya,data-node-14,9.9.2.156,elasticsearch_os_load5,0.66
2023/4/13 5:06,1681333607,cc-cc408-hya,data-node-14,9.9.2.156,elasticsearch_os_load5,0.55
2023/4/13 5:07,1681333667,cc-cc408-hya,data-node-14,9.9.2.156,elasticsearch_os_load5,0.6
2023/4/13 5:08,1681333727,cc-cc408-hya,data-node-14,9.9.2.156,elasticsearch_os_load5,0.56
2023/4/13 5:09,1681333787,cc-cc408-hya,data-node-14,9.9.2.156,elasticsearch_os_load5,0.52
2023/4/13 5:10,1681333847,cc-cc408-hya,data-node-14,9.9.2.156,elasticsearch_os_load5,0.49
2023/4/13 5:11,1681333907,cc-cc408-hya,data-node-14,9.9.2.156,elasticsearch_os_load5,0.46
2023/4/13 5:12,1681333967,cc-cc408-hya,data-node-14,9.9.2.156,elasticsearch_os_load5,0.42
2023/4/13 5:13,1681334027,cc-cc408-hya,data-node-14,9.9.2.156,elasticsearch_os_load5,0.39
2023/4/13 5:14,1681334087,cc-cc408-hya,data-node-14,9.9.2.156,elasticsearch_os_load5,0.31
2023/4/13 5:15,1681334147,cc-cc408-hya,data-node-14,9.9.2.156,elasticsearch_os_load5,0.35
2023/4/13 5:16,1681334207,cc-cc408-hya,data-node-14,9.9.2.156,elasticsearch_os_load5,0.43
2023/4/13 5:17,1681334267,cc-cc408-hya,data-node-14,9.9.2.156,elasticsearch_os_load5,0.38
2023/4/13 5:18,1681334327,cc-cc408-hya,data-node-14,9.9.2.156,elasticsearch_os_load5,0.32
2023/4/13 5:19,1681334387,cc-cc408-hya,data-node-14,9.9.2.156,elasticsearch_os_load5,0.29
2023/4/13 5:20,1681334447,cc-cc408-hya,data-node-14,9.9.2.156,elasticsearch_os_load5,0.27
2023/4/13 5:21,1681334507,cc-cc408-hya,data-node-14,9.9.2.156,elasticsearch_os_load5,0.22
2023/4/13 5:22,1681334567,cc-cc408-hya,data-node-14,9.9.2.156,elasticsearch_os_load5,0.22
2023/4/13 5:23,1681334627,cc-cc408-hya,data-node-14,9.9.2.156,elasticsearch_os_load5,0.21
2023/4/13 5:24,1681334687,cc-cc408-hya,data-node-14,9.9.2.156,elasticsearch_os_load5,0.2
2023/4/13 5:25,1681334747,cc-cc408-hya,data-node-14,9.9.2.156,elasticsearch_os_load5,0.22
2023/4/13 5:26,1681334807,cc-cc408-hya,data-node-14,9.9.2.156,elasticsearch_os_load5,0.26
2023/4/13 5:27,1681334867,cc-cc408-hya,data-node-14,9.9.2.156,elasticsearch_os_load5,0.34
2023/4/13 5:28,1681334927,cc-cc408-hya,data-node-14,9.9.2.156,elasticsearch_os_load5,0.39
2023/4/13 5:29,1681334987,cc-cc408-hya,data-node-14,9.9.2.156,elasticsearch_os_load5,0.43
2023/4/13 5:30,1681335047,cc-cc408-hya,data-node-14,9.9.2.156,elasticsearch_os_load5,0.39
2023/4/13 5:31,1681335107,cc-cc408-hya,data-node-14,9.9.2.156,elasticsearch_os_load5,0.36
2023/4/13 5:32,1681335167,cc-cc408-hya,data-node-14,9.9.2.156,elasticsearch_os_load5,0.35
2023/4/13 5:33,1681335227,cc-cc408-hya,data-node-14,9.9.2.156,elasticsearch_os_load5,0.39
2023/4/13 5:34,1681335287,cc-cc408-hya,data-node-14,9.9.2.156,elasticsearch_os_load5,0.35
2023/4/13 5:35,1681335347,cc-cc408-hya,data-node-14,9.9.2.156,elasticsearch_os_load5,0.37
2023/4/13 5:36,1681335407,cc-cc408-hya,data-node-14,9.9.2.156,elasticsearch_os_load5,0.45
2023/4/13 5:37,1681335467,cc-cc408-hya,data-node-14,9.9.2.156,elasticsearch_os_load5,0.42
2023/4/13 5:38,1681335527,cc-cc408-hya,data-node-14,9.9.2.156,elasticsearch_os_load5,0.37
2023/4/13 5:39,1681335587,cc-cc408-hya,data-node-14,9.9.2.156,elasticsearch_os_load5,0.48
2023/4/13 5:40,1681335647,cc-cc408-hya,data-node-14,9.9.2.156,elasticsearch_os_load5,0.53
2023/4/13 5:41,1681335707,cc-cc408-hya,data-node-14,9.9.2.156,elasticsearch_os_load5,0.67
2023/4/13 5:42,1681335767,cc-cc408-hya,data-node-14,9.9.2.156,elasticsearch_os_load5,0.59
2023/4/13 5:43,1681335827,cc-cc408-hya,data-node-14,9.9.2.156,elasticsearch_os_load5,0.51
2023/4/13 5:44,1681335887,cc-cc408-hya,data-node-14,9.9.2.156,elasticsearch_os_load5,0.43
2023/4/13 5:45,1681335947,cc-cc408-hya,data-node-14,9.9.2.156,elasticsearch_os_load5,0.35
2023/4/13 5:46,1681336007,cc-cc408-hya,data-node-14,9.9.2.156,elasticsearch_os_load5,0.31
2023/4/13 5:47,1681336067,cc-cc408-hya,data-node-14,9.9.2.156,elasticsearch_os_load5,0.3
2023/4/13 5:48,1681336127,cc-cc408-hya,data-node-14,9.9.2.156,elasticsearch_os_load5,0.4
2023/4/13 5:49,1681336187,cc-cc408-hya,data-node-14,9.9.2.156,elasticsearch_os_load5,0.36
2023/4/13 5:50,1681336247,cc-cc408-hya,data-node-14,9.9.2.156,elasticsearch_os_load5,0.4
2023/4/13 5:51,1681336307,cc-cc408-hya,data-node-14,9.9.2.156,elasticsearch_os_load5,0.46
2023/4/13 5:52,1681336367,cc-cc408-hya,data-node-14,9.9.2.156,elasticsearch_os_load5,0.47
2023/4/13 5:53,1681336427,cc-cc408-hya,data-node-14,9.9.2.156,elasticsearch_os_load5,0.45
2023/4/13 5:54,1681336487,cc-cc408-hya,data-node-14,9.9.2.156,elasticsearch_os_load5,0.42
2023/4/13 5:55,1681336547,cc-cc408-hya,data-node-14,9.9.2.156,elasticsearch_os_load5,0.4
2023/4/13 5:56,1681336607,cc-cc408-hya,data-node-14,9.9.2.156,elasticsearch_os_load5,0.38
2023/4/13 5:57,1681336667,cc-cc408-hya,data-node-14,9.9.2.156,elasticsearch_os_load5,0.49
2023/4/13 5:58,1681336727,cc-cc408-hya,data-node-14,9.9.2.156,elasticsearch_os_load5,0.49
2023/4/13 5:59,1681336787,cc-cc408-hya,data-node-14,9.9.2.156,elasticsearch_os_load5,0.48
2023/4/13 6:00,1681336847,cc-cc408-hya,data-node-14,9.9.2.156,elasticsearch_os_load5,0.46
2023/4/13 6:01,1681336907,cc-cc408-hya,data-node-14,9.9.2.156,elasticsearch_os_load5,0.47
2023/4/13 6:02,1681336967,cc-cc408-hya,data-node-14,9.9.2.156,elasticsearch_os_load5,0.41
2023/4/13 6:03,1681337027,cc-cc408-hya,data-node-14,9.9.2.156,elasticsearch_os_load5,0.35
2023/4/13 6:04,1681337087,cc-cc408-hya,data-node-14,9.9.2.156,elasticsearch_os_load5,0.35
2023/4/13 6:05,1681337147,cc-cc408-hya,data-node-14,9.9.2.156,elasticsearch_os_load5,0.31
2023/4/13 6:06,1681337207,cc-cc408-hya,data-node-14,9.9.2.156,elasticsearch_os_load5,0.27
2023/4/13 6:07,1681337267,cc-cc408-hya,data-node-14,9.9.2.156,elasticsearch_os_load5,0.23
2023/4/13 6:08,1681337327,cc-cc408-hya,data-node-14,9.9.2.156,elasticsearch_os_load5,0.19
2023/4/13 6:09,1681337387,cc-cc408-hya,data-node-14,9.9.2.156,elasticsearch_os_load5,0.33
2023/4/13 6:10,1681337447,cc-cc408-hya,data-node-14,9.9.2.156,elasticsearch_os_load5,0.36
2023/4/13 6:11,1681337507,cc-cc408-hya,data-node-14,9.9.2.156,elasticsearch_os_load5,0.41
2023/4/13 6:12,1681337567,cc-cc408-hya,data-node-14,9.9.2.156,elasticsearch_os_load5,0.4
2023/4/13 6:13,1681337627,cc-cc408-hya,data-node-14,9.9.2.156,elasticsearch_os_load5,0.4
2023/4/13 6:14,1681337687,cc-cc408-hya,data-node-14,9.9.2.156,elasticsearch_os_load5,0.35
2023/4/13 6:15,1681337747,cc-cc408-hya,data-node-14,9.9.2.156,elasticsearch_os_load5,0.35
2023/4/13 6:16,1681337807,cc-cc408-hya,data-node-14,9.9.2.156,elasticsearch_os_load5,0.33
2023/4/13 6:17,1681337867,cc-cc408-hya,data-node-14,9.9.2.156,elasticsearch_os_load5,0.34
2023/4/13 6:18,1681337927,cc-cc408-hya,data-node-14,9.9.2.156,elasticsearch_os_load5,0.32
2023/4/13 6:19,1681337987,cc-cc408-hya,data-node-14,9.9.2.156,elasticsearch_os_load5,0.32
2023/4/13 6:20,1681338047,cc-cc408-hya,data-node-14,9.9.2.156,elasticsearch_os_load5,0.26
2023/4/13 6:21,1681338107,cc-cc408-hya,data-node-14,9.9.2.156,elasticsearch_os_load5,0.33
2023/4/13 6:22,1681338167,cc-cc408-hya,data-node-14,9.9.2.156,elasticsearch_os_load5,0.5
2023/4/13 6:23,1681338227,cc-cc408-hya,data-node-14,9.9.2.156,elasticsearch_os_load5,0.56
2023/4/13 6:24,1681338287,cc-cc408-hya,data-node-14,9.9.2.156,elasticsearch_os_load5,0.54
2023/4/13 6:25,1681338347,cc-cc408-hya,data-node-14,9.9.2.156,elasticsearch_os_load5,0.47
2023/4/13 6:26,1681338407,cc-cc408-hya,data-node-14,9.9.2.156,elasticsearch_os_load5,0.41
2023/4/13 6:27,1681338467,cc-cc408-hya,data-node-14,9.9.2.156,elasticsearch_os_load5,0.42
2023/4/13 6:28,1681338527,cc-cc408-hya,data-node-14,9.9.2.156,elasticsearch_os_load5,0.36
2023/4/13 6:29,1681338587,cc-cc408-hya,data-node-14,9.9.2.156,elasticsearch_os_load5,0.34
2023/4/13 6:30,1681338647,cc-cc408-hya,data-node-14,9.9.2.156,elasticsearch_os_load5,0.33
2023/4/13 6:31,1681338707,cc-cc408-hya,data-node-14,9.9.2.156,elasticsearch_os_load5,0.28
2023/4/13 6:32,1681338767,cc-cc408-hya,data-node-14,9.9.2.156,elasticsearch_os_load5,0.42
2023/4/13 6:33,1681338827,cc-cc408-hya,data-node-14,9.9.2.156,elasticsearch_os_load5,0.37
2023/4/13 6:34,1681338887,cc-cc408-hya,data-node-14,9.9.2.156,elasticsearch_os_load5,0.35
2023/4/13 6:35,1681338947,cc-cc408-hya,data-node-14,9.9.2.156,elasticsearch_os_load5,0.49
2023/4/13 6:36,1681339007,cc-cc408-hya,data-node-14,9.9.2.156,elasticsearch_os_load5,0.51
2023/4/13 6:37,1681339067,cc-cc408-hya,data-node-14,9.9.2.156,elasticsearch_os_load5,0.51
2023/4/13 6:38,1681339127,cc-cc408-hya,data-node-14,9.9.2.156,elasticsearch_os_load5,0.46
2023/4/13 6:39,1681339187,cc-cc408-hya,data-node-14,9.9.2.156,elasticsearch_os_load5,0.47
2023/4/13 6:40,1681339247,cc-cc408-hya,data-node-14,9.9.2.156,elasticsearch_os_load5,0.39
2023/4/13 6:41,1681339307,cc-cc408-hya,data-node-14,9.9.2.156,elasticsearch_os_load5,0.39
2023/4/13 6:42,1681339367,cc-cc408-hya,data-node-14,9.9.2.156,elasticsearch_os_load5,0.39
2023/4/13 6:43,1681339427,cc-cc408-hya,data-node-14,9.9.2.156,elasticsearch_os_load5,0.47
2023/4/13 6:44,1681339487,cc-cc408-hya,data-node-14,9.9.2.156,elasticsearch_os_load5,0.45
2023/4/13 6:45,1681339547,cc-cc408-hya,data-node-14,9.9.2.156,elasticsearch_os_load5,0.44
2023/4/13 6:46,1681339607,cc-cc408-hya,data-node-14,9.9.2.156,elasticsearch_os_load5,0.39
2023/4/13 6:47,1681339667,cc-cc408-hya,data-node-14,9.9.2.156,elasticsearch_os_load5,0.38
2023/4/13 6:48,1681339727,cc-cc408-hya,data-node-14,9.9.2.156,elasticsearch_os_load5,0.4
2023/4/13 6:49,1681339787,cc-cc408-hya,data-node-14,9.9.2.156,elasticsearch_os_load5,0.34
2023/4/13 6:50,1681339847,cc-cc408-hya,data-node-14,9.9.2.156,elasticsearch_os_load5,0.42
2023/4/13 6:51,1681339907,cc-cc408-hya,data-node-14,9.9.2.156,elasticsearch_os_load5,0.71
2023/4/13 6:52,1681339967,cc-cc408-hya,data-node-14,9.9.2.156,elasticsearch_os_load5,0.67
2023/4/13 6:53,1681340027,cc-cc408-hya,data-node-14,9.9.2.156,elasticsearch_os_load5,0.64
2023/4/13 6:54,1681340087,cc-cc408-hya,data-node-14,9.9.2.156,elasticsearch_os_load5,0.6
2023/4/13 6:55,1681340147,cc-cc408-hya,data-node-14,9.9.2.156,elasticsearch_os_load5,0.53
2023/4/13 6:56,1681340207,cc-cc408-hya,data-node-14,9.9.2.156,elasticsearch_os_load5,0.5
2023/4/13 6:57,1681340267,cc-cc408-hya,data-node-14,9.9.2.156,elasticsearch_os_load5,0.48
2023/4/13 6:58,1681340327,cc-cc408-hya,data-node-14,9.9.2.156,elasticsearch_os_load5,0.47
2023/4/13 6:59,1681340387,cc-cc408-hya,data-node-14,9.9.2.156,elasticsearch_os_load5,0.53
2023/4/13 7:00,1681340447,cc-cc408-hya,data-node-14,9.9.2.156,elasticsearch_os_load5,0.51
2023/4/13 7:01,1681340507,cc-cc408-hya,data-node-14,9.9.2.156,elasticsearch_os_load5,0.5
2023/4/13 7:02,1681340567,cc-cc408-hya,data-node-14,9.9.2.156,elasticsearch_os_load5,0.47
2023/4/13 7:03,1681340627,cc-cc408-hya,data-node-14,9.9.2.156,elasticsearch_os_load5,0.42
2023/4/13 7:04,1681340687,cc-cc408-hya,data-node-14,9.9.2.156,elasticsearch_os_load5,0.55
2023/4/13 7:05,1681340747,cc-cc408-hya,data-node-14,9.9.2.156,elasticsearch_os_load5,0.61
2023/4/13 7:06,1681340807,cc-cc408-hya,data-node-14,9.9.2.156,elasticsearch_os_load5,0.67
2023/4/13 7:07,1681340867,cc-cc408-hya,data-node-14,9.9.2.156,elasticsearch_os_load5,0.64
2023/4/13 7:08,1681340927,cc-cc408-hya,data-node-14,9.9.2.156,elasticsearch_os_load5,0.6
2023/4/13 7:09,1681340987,cc-cc408-hya,data-node-14,9.9.2.156,elasticsearch_os_load5,0.53
2023/4/13 7:10,1681341047,cc-cc408-hya,data-node-14,9.9.2.156,elasticsearch_os_load5,0.49
2023/4/13 7:11,1681341107,cc-cc408-hya,data-node-14,9.9.2.156,elasticsearch_os_load5,0.52
2023/4/13 7:12,1681341167,cc-cc408-hya,data-node-14,9.9.2.156,elasticsearch_os_load5,0.53
2023/4/13 7:13,1681341227,cc-cc408-hya,data-node-14,9.9.2.156,elasticsearch_os_load5,0.51
2023/4/13 7:14,1681341287,cc-cc408-hya,data-node-14,9.9.2.156,elasticsearch_os_load5,0.52
2023/4/13 7:15,1681341347,cc-cc408-hya,data-node-14,9.9.2.156,elasticsearch_os_load5,0.53
2023/4/13 7:16,1681341407,cc-cc408-hya,data-node-14,9.9.2.156,elasticsearch_os_load5,0.57
2023/4/13 7:17,1681341467,cc-cc408-hya,data-node-14,9.9.2.156,elasticsearch_os_load5,0.59
2023/4/13 7:18,1681341527,cc-cc408-hya,data-node-14,9.9.2.156,elasticsearch_os_load5,0.56
2023/4/13 7:19,1681341587,cc-cc408-hya,data-node-14,9.9.2.156,elasticsearch_os_load5,0.53
2023/4/13 7:20,1681341647,cc-cc408-hya,data-node-14,9.9.2.156,elasticsearch_os_load5,0.48
2023/4/13 7:21,1681341707,cc-cc408-hya,data-node-14,9.9.2.156,elasticsearch_os_load5,0.61
2023/4/13 7:22,1681341767,cc-cc408-hya,data-node-14,9.9.2.156,elasticsearch_os_load5,0.81
2023/4/13 7:23,1681341827,cc-cc408-hya,data-node-14,9.9.2.156,elasticsearch_os_load5,0.76
2023/4/13 7:24,1681341887,cc-cc408-hya,data-node-14,9.9.2.156,elasticsearch_os_load5,0.73
2023/4/13 7:25,1681341947,cc-cc408-hya,data-node-14,9.9.2.156,elasticsearch_os_load5,0.81
2023/4/13 7:26,1681342007,cc-cc408-hya,data-node-14,9.9.2.156,elasticsearch_os_load5,0.76
2023/4/13 7:27,1681342067,cc-cc408-hya,data-node-14,9.9.2.156,elasticsearch_os_load5,0.68
2023/4/13 7:28,1681342127,cc-cc408-hya,data-node-14,9.9.2.156,elasticsearch_os_load5,0.63
2023/4/13 7:29,1681342187,cc-cc408-hya,data-node-14,9.9.2.156,elasticsearch_os_load5,0.59
2023/4/13 7:30,1681342247,cc-cc408-hya,data-node-14,9.9.2.156,elasticsearch_os_load5,0.54
2023/4/13 7:31,1681342307,cc-cc408-hya,data-node-14,9.9.2.156,elasticsearch_os_load5,0.54
2023/4/13 7:32,1681342367,cc-cc408-hya,data-node-14,9.9.2.156,elasticsearch_os_load5,0.64
2023/4/13 7:33,1681342427,cc-cc408-hya,data-node-14,9.9.2.156,elasticsearch_os_load5,0.75
2023/4/13 7:34,1681342487,cc-cc408-hya,data-node-14,9.9.2.156,elasticsearch_os_load5,0.79
2023/4/13 7:35,1681342547,cc-cc408-hya,data-node-14,9.9.2.156,elasticsearch_os_load5,0.77
2023/4/13 7:36,1681342607,cc-cc408-hya,data-node-14,9.9.2.156,elasticsearch_os_load5,0.68
2023/4/13 7:37,1681342667,cc-cc408-hya,data-node-14,9.9.2.156,elasticsearch_os_load5,0.61
2023/4/13 7:38,1681342727,cc-cc408-hya,data-node-14,9.9.2.156,elasticsearch_os_load5,0.57
2023/4/13 7:39,1681342787,cc-cc408-hya,data-node-14,9.9.2.156,elasticsearch_os_load5,0.59
2023/4/13 7:40,1681342847,cc-cc408-hya,data-node-14,9.9.2.156,elasticsearch_os_load5,0.51
2023/4/13 7:41,1681342907,cc-cc408-hya,data-node-14,9.9.2.156,elasticsearch_os_load5,0.62
2023/4/13 7:42,1681342967,cc-cc408-hya,data-node-14,9.9.2.156,elasticsearch_os_load5,0.63
2023/4/13 7:43,1681343027,cc-cc408-hya,data-node-14,9.9.2.156,elasticsearch_os_load5,0.62
2023/4/13 7:44,1681343087,cc-cc408-hya,data-node-14,9.9.2.156,elasticsearch_os_load5,0.54
2023/4/13 7:45,1681343147,cc-cc408-hya,data-node-14,9.9.2.156,elasticsearch_os_load5,0.54
2023/4/13 7:46,1681343207,cc-cc408-hya,data-node-14,9.9.2.156,elasticsearch_os_load5,0.63
2023/4/13 7:47,1681343267,cc-cc408-hya,data-node-14,9.9.2.156,elasticsearch_os_load5,0.77
2023/4/13 7:48,1681343327,cc-cc408-hya,data-node-14,9.9.2.156,elasticsearch_os_load5,1.05
2023/4/13 7:49,1681343387,cc-cc408-hya,data-node-14,9.9.2.156,elasticsearch_os_load5,1
2023/4/13 7:50,1681343447,cc-cc408-hya,data-node-14,9.9.2.156,elasticsearch_os_load5,0.86
2023/4/13 7:51,1681343507,cc-cc408-hya,data-node-14,9.9.2.156,elasticsearch_os_load5,1.06
2023/4/13 7:52,1681343567,cc-cc408-hya,data-node-14,9.9.2.156,elasticsearch_os_load5,0.99
2023/4/13 7:53,1681343627,cc-cc408-hya,data-node-14,9.9.2.156,elasticsearch_os_load5,0.85
2023/4/13 7:54,1681343687,cc-cc408-hya,data-node-14,9.9.2.156,elasticsearch_os_load5,0.82
2023/4/13 7:55,1681343747,cc-cc408-hya,data-node-14,9.9.2.156,elasticsearch_os_load5,0.8
2023/4/13 7:56,1681343807,cc-cc408-hya,data-node-14,9.9.2.156,elasticsearch_os_load5,0.73
2023/4/13 7:57,1681343867,cc-cc408-hya,data-node-14,9.9.2.156,elasticsearch_os_load5,0.65
2023/4/13 7:58,1681343927,cc-cc408-hya,data-node-14,9.9.2.156,elasticsearch_os_load5,0.76
2023/4/13 7:59,1681343987,cc-cc408-hya,data-node-14,9.9.2.156,elasticsearch_os_load5,0.73
2023/4/13 8:00,1681344047,cc-cc408-hya,data-node-14,9.9.2.156,elasticsearch_os_load5,0.8
2023/4/13 8:01,1681344107,cc-cc408-hya,data-node-14,9.9.2.156,elasticsearch_os_load5,1.65
2023/4/13 8:02,1681344167,cc-cc408-hya,data-node-14,9.9.2.156,elasticsearch_os_load5,1.69
2023/4/13 8:03,1681344227,cc-cc408-hya,data-node-14,9.9.2.156,elasticsearch_os_load5,1.9
2023/4/13 8:04,1681344287,cc-cc408-hya,data-node-14,9.9.2.156,elasticsearch_os_load5,1.8
2023/4/13 8:05,1681344347,cc-cc408-hya,data-node-14,9.9.2.156,elasticsearch_os_load5,1.72
2023/4/13 8:06,1681344407,cc-cc408-hya,data-node-14,9.9.2.156,elasticsearch_os_load5,1.98
2023/4/13 8:07,1681344467,cc-cc408-hya,data-node-14,9.9.2.156,elasticsearch_os_load5,1.95
2023/4/13 8:08,1681344527,cc-cc408-hya,data-node-14,9.9.2.156,elasticsearch_os_load5,2.33
2023/4/13 8:09,1681344587,cc-cc408-hya,data-node-14,9.9.2.156,elasticsearch_os_load5,3.43
2023/4/13 8:10,1681344647,cc-cc408-hya,data-node-14,9.9.2.156,elasticsearch_os_load5,3.11
2023/4/13 8:11,1681344707,cc-cc408-hya,data-node-14,9.9.2.156,elasticsearch_os_load5,2.68
2023/4/13 8:12,1681344767,cc-cc408-hya,data-node-14,9.9.2.156,elasticsearch_os_load5,2.31
2023/4/13 8:13,1681344827,cc-cc408-hya,data-node-14,9.9.2.156,elasticsearch_os_load5,2.07
2023/4/13 8:14,1681344887,cc-cc408-hya,data-node-14,9.9.2.156,elasticsearch_os_load5,2.18
2023/4/13 8:15,1681344947,cc-cc408-hya,data-node-14,9.9.2.156,elasticsearch_os_load5,2.11
2023/4/13 8:16,1681345007,cc-cc408-hya,data-node-14,9.9.2.156,elasticsearch_os_load5,2.05
2023/4/13 8:17,1681345067,cc-cc408-hya,data-node-14,9.9.2.156,elasticsearch_os_load5,1.93
2023/4/13 8:18,1681345127,cc-cc408-hya,data-node-14,9.9.2.156,elasticsearch_os_load5,1.8
2023/4/13 8:19,1681345187,cc-cc408-hya,data-node-14,9.9.2.156,elasticsearch_os_load5,1.67
2023/4/13 8:20,1681345247,cc-cc408-hya,data-node-14,9.9.2.156,elasticsearch_os_load5,1.5
2023/4/13 8:21,1681345307,cc-cc408-hya,data-node-14,9.9.2.156,elasticsearch_os_load5,1.41
2023/4/13 8:22,1681345367,cc-cc408-hya,data-node-14,9.9.2.156,elasticsearch_os_load5,1.36
2023/4/13 8:23,1681345427,cc-cc408-hya,data-node-14,9.9.2.156,elasticsearch_os_load5,1.3
2023/4/13 8:24,1681345487,cc-cc408-hya,data-node-14,9.9.2.156,elasticsearch_os_load5,1.69
2023/4/13 8:25,1681345547,cc-cc408-hya,data-node-14,9.9.2.156,elasticsearch_os_load5,1.56
2023/4/13 8:26,1681345607,cc-cc408-hya,data-node-14,9.9.2.156,elasticsearch_os_load5,1.62
2023/4/13 8:27,1681345667,cc-cc408-hya,data-node-14,9.9.2.156,elasticsearch_os_load5,1.46
2023/4/13 8:28,1681345727,cc-cc408-hya,data-node-14,9.9.2.156,elasticsearch_os_load5,1.4
2023/4/13 8:29,1681345787,cc-cc408-hya,data-node-14,9.9.2.156,elasticsearch_os_load5,1.51
2023/4/13 8:30,1681345847,cc-cc408-hya,data-node-14,9.9.2.156,elasticsearch_os_load5,1.58
2023/4/13 8:31,1681345907,cc-cc408-hya,data-node-14,9.9.2.156,elasticsearch_os_load5,1.56
2023/4/13 8:32,1681345967,cc-cc408-hya,data-node-14,9.9.2.156,elasticsearch_os_load5,1.52
2023/4/13 8:33,1681346027,cc-cc408-hya,data-node-14,9.9.2.156,elasticsearch_os_load5,1.42
2023/4/13 8:34,1681346087,cc-cc408-hya,data-node-14,9.9.2.156,elasticsearch_os_load5,1.33
2023/4/13 8:35,1681346147,cc-cc408-hya,data-node-14,9.9.2.156,elasticsearch_os_load5,1.22
2023/4/13 8:36,1681346207,cc-cc408-hya,data-node-14,9.9.2.156,elasticsearch_os_load5,1.13
2023/4/13 8:37,1681346267,cc-cc408-hya,data-node-14,9.9.2.156,elasticsearch_os_load5,1.08
2023/4/13 8:38,1681346327,cc-cc408-hya,data-node-14,9.9.2.156,elasticsearch_os_load5,1.37
2023/4/13 8:39,1681346387,cc-cc408-hya,data-node-14,9.9.2.156,elasticsearch_os_load5,1.56
2023/4/13 8:40,1681346447,cc-cc408-hya,data-node-14,9.9.2.156,elasticsearch_os_load5,1.63
2023/4/13 8:41,1681346507,cc-cc408-hya,data-node-14,9.9.2.156,elasticsearch_os_load5,1.57
2023/4/13 8:42,1681346567,cc-cc408-hya,data-node-14,9.9.2.156,elasticsearch_os_load5,1.58
2023/4/13 8:43,1681346627,cc-cc408-hya,data-node-14,9.9.2.156,elasticsearch_os_load5,1.61
2023/4/13 8:44,1681346687,cc-cc408-hya,data-node-14,9.9.2.156,elasticsearch_os_load5,1.6
2023/4/13 8:45,1681346747,cc-cc408-hya,data-node-14,9.9.2.156,elasticsearch_os_load5,1.66
2023/4/13 8:46,1681346807,cc-cc408-hya,data-node-14,9.9.2.156,elasticsearch_os_load5,1.75
2023/4/13 8:47,1681346867,cc-cc408-hya,data-node-14,9.9.2.156,elasticsearch_os_load5,1.79
2023/4/13 8:48,1681346927,cc-cc408-hya,data-node-14,9.9.2.156,elasticsearch_os_load5,1.8
2023/4/13 8:49,1681346987,cc-cc408-hya,data-node-14,9.9.2.156,elasticsearch_os_load5,1.99
2023/4/13 8:50,1681347047,cc-cc408-hya,data-node-14,9.9.2.156,elasticsearch_os_load5,1.92
2023/4/13 8:51,1681347107,cc-cc408-hya,data-node-14,9.9.2.156,elasticsearch_os_load5,1.89
2023/4/13 8:52,1681347167,cc-cc408-hya,data-node-14,9.9.2.156,elasticsearch_os_load5,1.98
2023/4/13 8:53,1681347227,cc-cc408-hya,data-node-14,9.9.2.156,elasticsearch_os_load5,1.88
2023/4/13 8:54,1681347287,cc-cc408-hya,data-node-14,9.9.2.156,elasticsearch_os_load5,2.35
2023/4/13 8:55,1681347347,cc-cc408-hya,data-node-14,9.9.2.156,elasticsearch_os_load5,2.21
2023/4/13 8:56,1681347407,cc-cc408-hya,data-node-14,9.9.2.156,elasticsearch_os_load5,2.33
2023/4/13 8:57,1681347467,cc-cc408-hya,data-node-14,9.9.2.156,elasticsearch_os_load5,2.32
2023/4/13 8:58,1681347527,cc-cc408-hya,data-node-14,9.9.2.156,elasticsearch_os_load5,2.62
2023/4/13 8:59,1681347587,cc-cc408-hya,data-node-14,9.9.2.156,elasticsearch_os_load5,2.44
2023/4/13 9:00,1681347647,cc-cc408-hya,data-node-14,9.9.2.156,elasticsearch_os_load5,2.52
2023/4/13 9:01,1681347707,cc-cc408-hya,data-node-14,9.9.2.156,elasticsearch_os_load5,2.58
2023/4/13 9:02,1681347767,cc-cc408-hya,data-node-14,9.9.2.156,elasticsearch_os_load5,2.78
2023/4/13 9:03,1681347827,cc-cc408-hya,data-node-14,9.9.2.156,elasticsearch_os_load5,3.1
2023/4/13 9:04,1681347887,cc-cc408-hya,data-node-14,9.9.2.156,elasticsearch_os_load5,3.34
2023/4/13 9:05,1681347947,cc-cc408-hya,data-node-14,9.9.2.156,elasticsearch_os_load5,3.45
2023/4/13 9:06,1681348007,cc-cc408-hya,data-node-14,9.9.2.156,elasticsearch_os_load5,3.51
2023/4/13 9:07,1681348067,cc-cc408-hya,data-node-14,9.9.2.156,elasticsearch_os_load5,3.43
2023/4/13 9:08,1681348127,cc-cc408-hya,data-node-14,9.9.2.156,elasticsearch_os_load5,3.54
2023/4/13 9:09,1681348187,cc-cc408-hya,data-node-14,9.9.2.156,elasticsearch_os_load5,3.63
2023/4/13 9:10,1681348247,cc-cc408-hya,data-node-14,9.9.2.156,elasticsearch_os_load5,3.71
2023/4/13 9:11,1681348307,cc-cc408-hya,data-node-14,9.9.2.156,elasticsearch_os_load5,4.11
2023/4/13 9:12,1681348367,cc-cc408-hya,data-node-14,9.9.2.156,elasticsearch_os_load5,4.55
2023/4/13 9:13,1681348427,cc-cc408-hya,data-node-14,9.9.2.156,elasticsearch_os_load5,4.84
2023/4/13 9:14,1681348487,cc-cc408-hya,data-node-14,9.9.2.156,elasticsearch_os_load5,4.71
2023/4/13 9:15,1681348547,cc-cc408-hya,data-node-14,9.9.2.156,elasticsearch_os_load5,4.48
2023/4/13 9:16,1681348607,cc-cc408-hya,data-node-14,9.9.2.156,elasticsearch_os_load5,4.53
2023/4/13 9:17,1681348667,cc-cc408-hya,data-node-14,9.9.2.156,elasticsearch_os_load5,4.23
2023/4/13 9:18,1681348727,cc-cc408-hya,data-node-14,9.9.2.156,elasticsearch_os_load5,4.13
2023/4/13 9:19,1681348787,cc-cc408-hya,data-node-14,9.9.2.156,elasticsearch_os_load5,4.06
2023/4/13 9:20,1681348847,cc-cc408-hya,data-node-14,9.9.2.156,elasticsearch_os_load5,4.06
2023/4/13 9:21,1681348907,cc-cc408-hya,data-node-14,9.9.2.156,elasticsearch_os_load5,4.16
2023/4/13 9:22,1681348967,cc-cc408-hya,data-node-14,9.9.2.156,elasticsearch_os_load5,4.83
2023/4/13 9:23,1681349027,cc-cc408-hya,data-node-14,9.9.2.156,elasticsearch_os_load5,4.76
2023/4/13 9:24,1681349087,cc-cc408-hya,data-node-14,9.9.2.156,elasticsearch_os_load5,4.6
2023/4/13 9:25,1681349147,cc-cc408-hya,data-node-14,9.9.2.156,elasticsearch_os_load5,4.56
2023/4/13 9:26,1681349207,cc-cc408-hya,data-node-14,9.9.2.156,elasticsearch_os_load5,4.62
2023/4/13 9:27,1681349267,cc-cc408-hya,data-node-14,9.9.2.156,elasticsearch_os_load5,4.54
2023/4/13 9:28,1681349327,cc-cc408-hya,data-node-14,9.9.2.156,elasticsearch_os_load5,4.48
2023/4/13 9:29,1681349387,cc-cc408-hya,data-node-14,9.9.2.156,elasticsearch_os_load5,4.55
2023/4/13 9:30,1681349447,cc-cc408-hya,data-node-14,9.9.2.156,elasticsearch_os_load5,5.14
2023/4/13 9:31,1681349507,cc-cc408-hya,data-node-14,9.9.2.156,elasticsearch_os_load5,5.55
2023/4/13 9:32,1681349567,cc-cc408-hya,data-node-14,9.9.2.156,elasticsearch_os_load5,5.19
2023/4/13 9:33,1681349627,cc-cc408-hya,data-node-14,9.9.2.156,elasticsearch_os_load5,5.21
2023/4/13 9:34,1681349687,cc-cc408-hya,data-node-14,9.9.2.156,elasticsearch_os_load5,5.03
2023/4/13 9:35,1681349747,cc-cc408-hya,data-node-14,9.9.2.156,elasticsearch_os_load5,4.88
2023/4/13 9:36,1681349807,cc-cc408-hya,data-node-14,9.9.2.156,elasticsearch_os_load5,5.22
2023/4/13 9:37,1681349867,cc-cc408-hya,data-node-14,9.9.2.156,elasticsearch_os_load5,5.06
2023/4/13 9:38,1681349927,cc-cc408-hya,data-node-14,9.9.2.156,elasticsearch_os_load5,5.2
2023/4/13 9:39,1681349987,cc-cc408-hya,data-node-14,9.9.2.156,elasticsearch_os_load5,5
2023/4/13 9:40,1681350047,cc-cc408-hya,data-node-14,9.9.2.156,elasticsearch_os_load5,4.95
2023/4/13 9:41,1681350107,cc-cc408-hya,data-node-14,9.9.2.156,elasticsearch_os_load5,4.97
2023/4/13 9:42,1681350167,cc-cc408-hya,data-node-14,9.9.2.156,elasticsearch_os_load5,5.14
2023/4/13 9:43,1681350227,cc-cc408-hya,data-node-14,9.9.2.156,elasticsearch_os_load5,4.88
2023/4/13 9:44,1681350287,cc-cc408-hya,data-node-14,9.9.2.156,elasticsearch_os_load5,4.78
2023/4/13 9:45,1681350347,cc-cc408-hya,data-node-14,9.9.2.156,elasticsearch_os_load5,4.65
2023/4/13 9:46,1681350407,cc-cc408-hya,data-node-14,9.9.2.156,elasticsearch_os_load5,5.02
2023/4/13 9:47,1681350467,cc-cc408-hya,data-node-14,9.9.2.156,elasticsearch_os_load5,5.1
2023/4/13 9:48,1681350527,cc-cc408-hya,data-node-14,9.9.2.156,elasticsearch_os_load5,5
2023/4/13 9:49,1681350587,cc-cc408-hya,data-node-14,9.9.2.156,elasticsearch_os_load5,4.77
2023/4/13 9:50,1681350647,cc-cc408-hya,data-node-14,9.9.2.156,elasticsearch_os_load5,4.52
2023/4/13 9:51,1681350707,cc-cc408-hya,data-node-14,9.9.2.156,elasticsearch_os_load5,4.59
2023/4/13 9:52,1681350767,cc-cc408-hya,data-node-14,9.9.2.156,elasticsearch_os_load5,4.4
2023/4/13 9:53,1681350827,cc-cc408-hya,data-node-14,9.9.2.156,elasticsearch_os_load5,4.46
2023/4/13 9:54,1681350887,cc-cc408-hya,data-node-14,9.9.2.156,elasticsearch_os_load5,4.62
2023/4/13 9:55,1681350947,cc-cc408-hya,data-node-14,9.9.2.156,elasticsearch_os_load5,4.93
2023/4/13 9:56,1681351007,cc-cc408-hya,data-node-14,9.9.2.156,elasticsearch_os_load5,5.16
2023/4/13 9:57,1681351067,cc-cc408-hya,data-node-14,9.9.2.156,elasticsearch_os_load5,5.78
2023/4/13 9:58,1681351127,cc-cc408-hya,data-node-14,9.9.2.156,elasticsearch_os_load5,5.61
2023/4/13 9:59,1681351187,cc-cc408-hya,data-node-14,9.9.2.156,elasticsearch_os_load5,5.37
2023/4/13 10:00,1681351247,cc-cc408-hya,data-node-14,9.9.2.156,elasticsearch_os_load5,5.11
2023/4/13 10:01,1681351307,cc-cc408-hya,data-node-14,9.9.2.156,elasticsearch_os_load5,4.81
2023/4/13 10:02,1681351367,cc-cc408-hya,data-node-14,9.9.2.156,elasticsearch_os_load5,4.69
2023/4/13 10:03,1681351427,cc-cc408-hya,data-node-14,9.9.2.156,elasticsearch_os_load5,4.68
2023/4/13 10:04,1681351487,cc-cc408-hya,data-node-14,9.9.2.156,elasticsearch_os_load5,4.83
2023/4/13 10:05,1681351547,cc-cc408-hya,data-node-14,9.9.2.156,elasticsearch_os_load5,4.7
2023/4/13 10:06,1681351607,cc-cc408-hya,data-node-14,9.9.2.156,elasticsearch_os_load5,4.77
2023/4/13 10:07,1681351667,cc-cc408-hya,data-node-14,9.9.2.156,elasticsearch_os_load5,4.84
2023/4/13 10:08,1681351727,cc-cc408-hya,data-node-14,9.9.2.156,elasticsearch_os_load5,4.92
2023/4/13 10:09,1681351787,cc-cc408-hya,data-node-14,9.9.2.156,elasticsearch_os_load5,4.9
2023/4/13 10:10,1681351847,cc-cc408-hya,data-node-14,9.9.2.156,elasticsearch_os_load5,4.87
2023/4/13 10:11,1681351907,cc-cc408-hya,data-node-14,9.9.2.156,elasticsearch_os_load5,4.98
2023/4/13 10:12,1681351967,cc-cc408-hya,data-node-14,9.9.2.156,elasticsearch_os_load5,4.81
2023/4/13 10:13,1681352027,cc-cc408-hya,data-node-14,9.9.2.156,elasticsearch_os_load5,4.96
2023/4/13 10:14,1681352087,cc-cc408-hya,data-node-14,9.9.2.156,elasticsearch_os_load5,4.98
2023/4/13 10:15,1681352147,cc-cc408-hya,data-node-14,9.9.2.156,elasticsearch_os_load5,4.94
2023/4/13 10:16,1681352207,cc-cc408-hya,data-node-14,9.9.2.156,elasticsearch_os_load5,4.9
2023/4/13 10:17,1681352267,cc-cc408-hya,data-node-14,9.9.2.156,elasticsearch_os_load5,4.93
2023/4/13 10:18,1681352327,cc-cc408-hya,data-node-14,9.9.2.156,elasticsearch_os_load5,5.05
2023/4/13 10:19,1681352387,cc-cc408-hya,data-node-14,9.9.2.156,elasticsearch_os_load5,5.41
2023/4/13 10:20,1681352447,cc-cc408-hya,data-node-14,9.9.2.156,elasticsearch_os_load5,5.43
2023/4/13 10:21,1681352507,cc-cc408-hya,data-node-14,9.9.2.156,elasticsearch_os_load5,5.62
2023/4/13 10:22,1681352567,cc-cc408-hya,data-node-14,9.9.2.156,elasticsearch_os_load5,5.07
2023/4/13 10:23,1681352627,cc-cc408-hya,data-node-14,9.9.2.156,elasticsearch_os_load5,4.99
2023/4/13 10:24,1681352687,cc-cc408-hya,data-node-14,9.9.2.156,elasticsearch_os_load5,4.92
2023/4/13 10:25,1681352747,cc-cc408-hya,data-node-14,9.9.2.156,elasticsearch_os_load5,4.88
2023/4/13 10:26,1681352807,cc-cc408-hya,data-node-14,9.9.2.156,elasticsearch_os_load5,5.02
2023/4/13 10:27,1681352867,cc-cc408-hya,data-node-14,9.9.2.156,elasticsearch_os_load5,4.98
2023/4/13 10:28,1681352927,cc-cc408-hya,data-node-14,9.9.2.156,elasticsearch_os_load5,4.68
2023/4/13 10:29,1681352987,cc-cc408-hya,data-node-14,9.9.2.156,elasticsearch_os_load5,4.7
2023/4/13 10:30,1681353047,cc-cc408-hya,data-node-14,9.9.2.156,elasticsearch_os_load5,4.67
2023/4/13 10:31,1681353107,cc-cc408-hya,data-node-14,9.9.2.156,elasticsearch_os_load5,4.74
2023/4/13 10:32,1681353167,cc-cc408-hya,data-node-14,9.9.2.156,elasticsearch_os_load5,4.99
2023/4/13 10:33,1681353227,cc-cc408-hya,data-node-14,9.9.2.156,elasticsearch_os_load5,5.12
2023/4/13 10:34,1681353287,cc-cc408-hya,data-node-14,9.9.2.156,elasticsearch_os_load5,5.1
2023/4/13 10:35,1681353347,cc-cc408-hya,data-node-14,9.9.2.156,elasticsearch_os_load5,4.91
2023/4/13 10:36,1681353407,cc-cc408-hya,data-node-14,9.9.2.156,elasticsearch_os_load5,4.87
2023/4/13 10:37,1681353467,cc-cc408-hya,data-node-14,9.9.2.156,elasticsearch_os_load5,4.91
2023/4/13 10:38,1681353527,cc-cc408-hya,data-node-14,9.9.2.156,elasticsearch_os_load5,5.32
2023/4/13 10:39,1681353587,cc-cc408-hya,data-node-14,9.9.2.156,elasticsearch_os_load5,5.22
2023/4/13 10:40,1681353647,cc-cc408-hya,data-node-14,9.9.2.156,elasticsearch_os_load5,5.67
2023/4/13 10:41,1681353707,cc-cc408-hya,data-node-14,9.9.2.156,elasticsearch_os_load5,5.62
2023/4/13 10:42,1681353767,cc-cc408-hya,data-node-14,9.9.2.156,elasticsearch_os_load5,5.95
2023/4/13 10:43,1681353827,cc-cc408-hya,data-node-14,9.9.2.156,elasticsearch_os_load5,5.95
2023/4/13 10:44,1681353887,cc-cc408-hya,data-node-14,9.9.2.156,elasticsearch_os_load5,5.65
2023/4/13 10:45,1681353947,cc-cc408-hya,data-node-14,9.9.2.156,elasticsearch_os_load5,5.83
2023/4/13 10:46,1681354007,cc-cc408-hya,data-node-14,9.9.2.156,elasticsearch_os_load5,5.76
2023/4/13 10:47,1681354067,cc-cc408-hya,data-node-14,9.9.2.156,elasticsearch_os_load5,5.88
2023/4/13 10:48,1681354127,cc-cc408-hya,data-node-14,9.9.2.156,elasticsearch_os_load5,6.14
2023/4/13 10:49,1681354187,cc-cc408-hya,data-node-14,9.9.2.156,elasticsearch_os_load5,5.84
2023/4/13 10:50,1681354247,cc-cc408-hya,data-node-14,9.9.2.156,elasticsearch_os_load5,5.92
2023/4/13 10:51,1681354307,cc-cc408-hya,data-node-14,9.9.2.156,elasticsearch_os_load5,5.51
2023/4/13 10:52,1681354367,cc-cc408-hya,data-node-14,9.9.2.156,elasticsearch_os_load5,5.47
2023/4/13 10:53,1681354427,cc-cc408-hya,data-node-14,9.9.2.156,elasticsearch_os_load5,5.16
2023/4/13 10:54,1681354487,cc-cc408-hya,data-node-14,9.9.2.156,elasticsearch_os_load5,5.15
2023/4/13 10:55,1681354547,cc-cc408-hya,data-node-14,9.9.2.156,elasticsearch_os_load5,5.04
2023/4/13 10:56,1681354607,cc-cc408-hya,data-node-14,9.9.2.156,elasticsearch_os_load5,5.17
2023/4/13 10:57,1681354667,cc-cc408-hya,data-node-14,9.9.2.156,elasticsearch_os_load5,6.41
2023/4/13 10:58,1681354727,cc-cc408-hya,data-node-14,9.9.2.156,elasticsearch_os_load5,6.19
2023/4/13 10:59,1681354787,cc-cc408-hya,data-node-14,9.9.2.156,elasticsearch_os_load5,6.5
2023/4/13 11:00,1681354847,cc-cc408-hya,data-node-14,9.9.2.156,elasticsearch_os_load5,6.3
2023/4/13 11:01,1681354907,cc-cc408-hya,data-node-14,9.9.2.156,elasticsearch_os_load5,5.99
2023/4/13 11:02,1681354967,cc-cc408-hya,data-node-14,9.9.2.156,elasticsearch_os_load5,6.25
2023/4/13 11:03,1681355027,cc-cc408-hya,data-node-14,9.9.2.156,elasticsearch_os_load5,6.16
2023/4/13 11:04,1681355087,cc-cc408-hya,data-node-14,9.9.2.156,elasticsearch_os_load5,6.02
2023/4/13 11:05,1681355147,cc-cc408-hya,data-node-14,9.9.2.156,elasticsearch_os_load5,5.73
2023/4/13 11:06,1681355207,cc-cc408-hya,data-node-14,9.9.2.156,elasticsearch_os_load5,5.7
2023/4/13 11:07,1681355267,cc-cc408-hya,data-node-14,9.9.2.156,elasticsearch_os_load5,5.77
2023/4/13 11:08,1681355327,cc-cc408-hya,data-node-14,9.9.2.156,elasticsearch_os_load5,5.59
2023/4/13 11:09,1681355387,cc-cc408-hya,data-node-14,9.9.2.156,elasticsearch_os_load5,5.9
2023/4/13 11:10,1681355447,cc-cc408-hya,data-node-14,9.9.2.156,elasticsearch_os_load5,5.98
2023/4/13 11:11,1681355507,cc-cc408-hya,data-node-14,9.9.2.156,elasticsearch_os_load5,6.16
2023/4/13 11:12,1681355567,cc-cc408-hya,data-node-14,9.9.2.156,elasticsearch_os_load5,5.77
2023/4/13 11:13,1681355627,cc-cc408-hya,data-node-14,9.9.2.156,elasticsearch_os_load5,5.59
2023/4/13 11:14,1681355687,cc-cc408-hya,data-node-14,9.9.2.156,elasticsearch_os_load5,5.51
2023/4/13 11:15,1681355747,cc-cc408-hya,data-node-14,9.9.2.156,elasticsearch_os_load5,5.59
2023/4/13 11:16,1681355807,cc-cc408-hya,data-node-14,9.9.2.156,elasticsearch_os_load5,5.39
2023/4/13 11:17,1681355867,cc-cc408-hya,data-node-14,9.9.2.156,elasticsearch_os_load5,5.55
2023/4/13 11:18,1681355927,cc-cc408-hya,data-node-14,9.9.2.156,elasticsearch_os_load5,5.56
2023/4/13 11:19,1681355987,cc-cc408-hya,data-node-14,9.9.2.156,elasticsearch_os_load5,5.75
2023/4/13 11:20,1681356047,cc-cc408-hya,data-node-14,9.9.2.156,elasticsearch_os_load5,6.1
2023/4/13 11:21,1681356107,cc-cc408-hya,data-node-14,9.9.2.156,elasticsearch_os_load5,6.15
2023/4/13 11:22,1681356167,cc-cc408-hya,data-node-14,9.9.2.156,elasticsearch_os_load5,5.87
2023/4/13 11:23,1681356227,cc-cc408-hya,data-node-14,9.9.2.156,elasticsearch_os_load5,5.97
2023/4/13 11:24,1681356287,cc-cc408-hya,data-node-14,9.9.2.156,elasticsearch_os_load5,5.96
2023/4/13 11:25,1681356347,cc-cc408-hya,data-node-14,9.9.2.156,elasticsearch_os_load5,5.72
2023/4/13 11:26,1681356407,cc-cc408-hya,data-node-14,9.9.2.156,elasticsearch_os_load5,5.23
2023/4/13 11:27,1681356467,cc-cc408-hya,data-node-14,9.9.2.156,elasticsearch_os_load5,5.32
2023/4/13 11:28,1681356527,cc-cc408-hya,data-node-14,9.9.2.156,elasticsearch_os_load5,5.39
2023/4/13 11:29,1681356587,cc-cc408-hya,data-node-14,9.9.2.156,elasticsearch_os_load5,5.48
2023/4/13 11:30,1681356647,cc-cc408-hya,data-node-14,9.9.2.156,elasticsearch_os_load5,5.06
2023/4/13 11:31,1681356707,cc-cc408-hya,data-node-14,9.9.2.156,elasticsearch_os_load5,5.11
2023/4/13 11:32,1681356767,cc-cc408-hya,data-node-14,9.9.2.156,elasticsearch_os_load5,5.04
2023/4/13 11:33,1681356827,cc-cc408-hya,data-node-14,9.9.2.156,elasticsearch_os_load5,5.24
2023/4/13 11:34,1681356887,cc-cc408-hya,data-node-14,9.9.2.156,elasticsearch_os_load5,5.03
2023/4/13 11:35,1681356947,cc-cc408-hya,data-node-14,9.9.2.156,elasticsearch_os_load5,5.34
2023/4/13 11:36,1681357007,cc-cc408-hya,data-node-14,9.9.2.156,elasticsearch_os_load5,5.66
2023/4/13 11:37,1681357067,cc-cc408-hya,data-node-14,9.9.2.156,elasticsearch_os_load5,5.68
2023/4/13 11:38,1681357127,cc-cc408-hya,data-node-14,9.9.2.156,elasticsearch_os_load5,5.62
2023/4/13 11:39,1681357187,cc-cc408-hya,data-node-14,9.9.2.156,elasticsearch_os_load5,5.43
2023/4/13 11:40,1681357247,cc-cc408-hya,data-node-14,9.9.2.156,elasticsearch_os_load5,5.27
2023/4/13 11:41,1681357307,cc-cc408-hya,data-node-14,9.9.2.156,elasticsearch_os_load5,5.31
2023/4/13 11:42,1681357367,cc-cc408-hya,data-node-14,9.9.2.156,elasticsearch_os_load5,5.56
2023/4/13 11:43,1681357427,cc-cc408-hya,data-node-14,9.9.2.156,elasticsearch_os_load5,5.36
2023/4/13 11:44,1681357487,cc-cc408-hya,data-node-14,9.9.2.156,elasticsearch_os_load5,5.81
2023/4/13 11:45,1681357547,cc-cc408-hya,data-node-14,9.9.2.156,elasticsearch_os_load5,5.88
2023/4/13 11:46,1681357607,cc-cc408-hya,data-node-14,9.9.2.156,elasticsearch_os_load5,5.87
2023/4/13 11:47,1681357667,cc-cc408-hya,data-node-14,9.9.2.156,elasticsearch_os_load5,5.74
2023/4/13 11:48,1681357727,cc-cc408-hya,data-node-14,9.9.2.156,elasticsearch_os_load5,5.67
2023/4/13 11:49,1681357787,cc-cc408-hya,data-node-14,9.9.2.156,elasticsearch_os_load5,5.59
2023/4/13 11:50,1681357847,cc-cc408-hya,data-node-14,9.9.2.156,elasticsearch_os_load5,5.55
2023/4/13 11:51,1681357907,cc-cc408-hya,data-node-14,9.9.2.156,elasticsearch_os_load5,5.62
2023/4/13 11:52,1681357967,cc-cc408-hya,data-node-14,9.9.2.156,elasticsearch_os_load5,5.5
2023/4/13 11:53,1681358027,cc-cc408-hya,data-node-14,9.9.2.156,elasticsearch_os_load5,5.57
2023/4/13 11:54,1681358087,cc-cc408-hya,data-node-14,9.9.2.156,elasticsearch_os_load5,5.62
2023/4/13 11:55,1681358147,cc-cc408-hya,data-node-14,9.9.2.156,elasticsearch_os_load5,5.43
2023/4/13 11:56,1681358207,cc-cc408-hya,data-node-14,9.9.2.156,elasticsearch_os_load5,5.37
2023/4/13 11:57,1681358267,cc-cc408-hya,data-node-14,9.9.2.156,elasticsearch_os_load5,5.37
2023/4/13 11:58,1681358327,cc-cc408-hya,data-node-14,9.9.2.156,elasticsearch_os_load5,5.02
2023/4/13 11:59,1681358387,cc-cc408-hya,data-node-14,9.9.2.156,elasticsearch_os_load5,5.06
2023/4/13 12:00,1681358447,cc-cc408-hya,data-node-14,9.9.2.156,elasticsearch_os_load5,5.1
2023/4/13 12:01,1681358507,cc-cc408-hya,data-node-14,9.9.2.156,elasticsearch_os_load5,5.04
2023/4/13 12:02,1681358567,cc-cc408-hya,data-node-14,9.9.2.156,elasticsearch_os_load5,5.33
2023/4/13 12:03,1681358627,cc-cc408-hya,data-node-14,9.9.2.156,elasticsearch_os_load5,5.2
2023/4/13 12:04,1681358687,cc-cc408-hya,data-node-14,9.9.2.156,elasticsearch_os_load5,5.21
2023/4/13 12:05,1681358747,cc-cc408-hya,data-node-14,9.9.2.156,elasticsearch_os_load5,4.95
2023/4/13 12:06,1681358807,cc-cc408-hya,data-node-14,9.9.2.156,elasticsearch_os_load5,5.02
2023/4/13 12:07,1681358867,cc-cc408-hya,data-node-14,9.9.2.156,elasticsearch_os_load5,5.05
2023/4/13 12:08,1681358927,cc-cc408-hya,data-node-14,9.9.2.156,elasticsearch_os_load5,4.74
2023/4/13 12:09,1681358987,cc-cc408-hya,data-node-14,9.9.2.156,elasticsearch_os_load5,4.78
2023/4/13 12:10,1681359047,cc-cc408-hya,data-node-14,9.9.2.156,elasticsearch_os_load5,4.85
2023/4/13 12:11,1681359107,cc-cc408-hya,data-node-14,9.9.2.156,elasticsearch_os_load5,4.55
2023/4/13 12:12,1681359167,cc-cc408-hya,data-node-14,9.9.2.156,elasticsearch_os_load5,4.42
2023/4/13 12:13,1681359227,cc-cc408-hya,data-node-14,9.9.2.156,elasticsearch_os_load5,4.17
2023/4/13 12:14,1681359287,cc-cc408-hya,data-node-14,9.9.2.156,elasticsearch_os_load5,3.89
2023/4/13 12:15,1681359347,cc-cc408-hya,data-node-14,9.9.2.156,elasticsearch_os_load5,3.84
2023/4/13 12:16,1681359407,cc-cc408-hya,data-node-14,9.9.2.156,elasticsearch_os_load5,3.74
2023/4/13 12:17,1681359467,cc-cc408-hya,data-node-14,9.9.2.156,elasticsearch_os_load5,3.64
2023/4/13 12:18,1681359527,cc-cc408-hya,data-node-14,9.9.2.156,elasticsearch_os_load5,3.68
2023/4/13 12:19,1681359587,cc-cc408-hya,data-node-14,9.9.2.156,elasticsearch_os_load5,3.4
2023/4/13 12:20,1681359647,cc-cc408-hya,data-node-14,9.9.2.156,elasticsearch_os_load5,3.47
2023/4/13 12:21,1681359707,cc-cc408-hya,data-node-14,9.9.2.156,elasticsearch_os_load5,3.46
2023/4/13 12:22,1681359767,cc-cc408-hya,data-node-14,9.9.2.156,elasticsearch_os_load5,3.51
2023/4/13 12:23,1681359827,cc-cc408-hya,data-node-14,9.9.2.156,elasticsearch_os_load5,3.31
2023/4/13 12:24,1681359887,cc-cc408-hya,data-node-14,9.9.2.156,elasticsearch_os_load5,3.29
2023/4/13 12:25,1681359947,cc-cc408-hya,data-node-14,9.9.2.156,elasticsearch_os_load5,3.37
2023/4/13 12:26,1681360007,cc-cc408-hya,data-node-14,9.9.2.156,elasticsearch_os_load5,3.48
2023/4/13 12:27,1681360067,cc-cc408-hya,data-node-14,9.9.2.156,elasticsearch_os_load5,3.56
2023/4/13 12:28,1681360127,cc-cc408-hya,data-node-14,9.9.2.156,elasticsearch_os_load5,3.52
2023/4/13 12:29,1681360187,cc-cc408-hya,data-node-14,9.9.2.156,elasticsearch_os_load5,3.48
2023/4/13 12:30,1681360247,cc-cc408-hya,data-node-14,9.9.2.156,elasticsearch_os_load5,3.64
2023/4/13 12:31,1681360307,cc-cc408-hya,data-node-14,9.9.2.156,elasticsearch_os_load5,3.47
2023/4/13 12:32,1681360367,cc-cc408-hya,data-node-14,9.9.2.156,elasticsearch_os_load5,3.61
2023/4/13 12:33,1681360427,cc-cc408-hya,data-node-14,9.9.2.156,elasticsearch_os_load5,3.45
2023/4/13 12:34,1681360487,cc-cc408-hya,data-node-14,9.9.2.156,elasticsearch_os_load5,3.51
2023/4/13 12:35,1681360547,cc-cc408-hya,data-node-14,9.9.2.156,elasticsearch_os_load5,3.62
2023/4/13 12:36,1681360607,cc-cc408-hya,data-node-14,9.9.2.156,elasticsearch_os_load5,3.51
2023/4/13 12:37,1681360667,cc-cc408-hya,data-node-14,9.9.2.156,elasticsearch_os_load5,3.32
2023/4/13 12:38,1681360727,cc-cc408-hya,data-node-14,9.9.2.156,elasticsearch_os_load5,3.24
2023/4/13 12:39,1681360787,cc-cc408-hya,data-node-14,9.9.2.156,elasticsearch_os_load5,3.31
2023/4/13 12:40,1681360847,cc-cc408-hya,data-node-14,9.9.2.156,elasticsearch_os_load5,3.3
2023/4/13 12:41,1681360907,cc-cc408-hya,data-node-14,9.9.2.156,elasticsearch_os_load5,3.24
2023/4/13 12:42,1681360967,cc-cc408-hya,data-node-14,9.9.2.156,elasticsearch_os_load5,3.08
2023/4/13 12:43,1681361027,cc-cc408-hya,data-node-14,9.9.2.156,elasticsearch_os_load5,3.44
2023/4/13 12:44,1681361087,cc-cc408-hya,data-node-14,9.9.2.156,elasticsearch_os_load5,3.57
2023/4/13 12:45,1681361147,cc-cc408-hya,data-node-14,9.9.2.156,elasticsearch_os_load5,3.48
2023/4/13 12:46,1681361207,cc-cc408-hya,data-node-14,9.9.2.156,elasticsearch_os_load5,3.45
2023/4/13 12:47,1681361267,cc-cc408-hya,data-node-14,9.9.2.156,elasticsearch_os_load5,3.38
2023/4/13 12:48,1681361327,cc-cc408-hya,data-node-14,9.9.2.156,elasticsearch_os_load5,3.25
2023/4/13 12:49,1681361387,cc-cc408-hya,data-node-14,9.9.2.156,elasticsearch_os_load5,3.32
2023/4/13 12:50,1681361447,cc-cc408-hya,data-node-14,9.9.2.156,elasticsearch_os_load5,3.19
2023/4/13 12:51,1681361507,cc-cc408-hya,data-node-14,9.9.2.156,elasticsearch_os_load5,3.13
2023/4/13 12:52,1681361567,cc-cc408-hya,data-node-14,9.9.2.156,elasticsearch_os_load5,3.38
2023/4/13 12:53,1681361627,cc-cc408-hya,data-node-14,9.9.2.156,elasticsearch_os_load5,3.37
2023/4/13 12:54,1681361687,cc-cc408-hya,data-node-14,9.9.2.156,elasticsearch_os_load5,3.62
2023/4/13 12:55,1681361747,cc-cc408-hya,data-node-14,9.9.2.156,elasticsearch_os_load5,3.76
2023/4/13 12:56,1681361807,cc-cc408-hya,data-node-14,9.9.2.156,elasticsearch_os_load5,3.86
2023/4/13 12:57,1681361867,cc-cc408-hya,data-node-14,9.9.2.156,elasticsearch_os_load5,3.6
2023/4/13 12:58,1681361927,cc-cc408-hya,data-node-14,9.9.2.156,elasticsearch_os_load5,3.76
2023/4/13 12:59,1681361987,cc-cc408-hya,data-node-14,9.9.2.156,elasticsearch_os_load5,3.71
2023/4/13 13:00,1681362047,cc-cc408-hya,data-node-14,9.9.2.156,elasticsearch_os_load5,3.64
2023/4/13 13:01,1681362107,cc-cc408-hya,data-node-14,9.9.2.156,elasticsearch_os_load5,3.67
2023/4/13 13:02,1681362167,cc-cc408-hya,data-node-14,9.9.2.156,elasticsearch_os_load5,3.61
2023/4/13 13:03,1681362227,cc-cc408-hya,data-node-14,9.9.2.156,elasticsearch_os_load5,3.5
2023/4/13 13:04,1681362287,cc-cc408-hya,data-node-14,9.9.2.156,elasticsearch_os_load5,3.36
2023/4/13 13:05,1681362347,cc-cc408-hya,data-node-14,9.9.2.156,elasticsearch_os_load5,3.11
2023/4/13 13:06,1681362407,cc-cc408-hya,data-node-14,9.9.2.156,elasticsearch_os_load5,3.57
2023/4/13 13:07,1681362467,cc-cc408-hya,data-node-14,9.9.2.156,elasticsearch_os_load5,3.67
2023/4/13 13:08,1681362527,cc-cc408-hya,data-node-14,9.9.2.156,elasticsearch_os_load5,3.67
2023/4/13 13:09,1681362587,cc-cc408-hya,data-node-14,9.9.2.156,elasticsearch_os_load5,3.55
2023/4/13 13:10,1681362647,cc-cc408-hya,data-node-14,9.9.2.156,elasticsearch_os_load5,3.26
2023/4/13 13:11,1681362707,cc-cc408-hya,data-node-14,9.9.2.156,elasticsearch_os_load5,3.12
2023/4/13 13:12,1681362767,cc-cc408-hya,data-node-14,9.9.2.156,elasticsearch_os_load5,2.98
2023/4/13 13:13,1681362827,cc-cc408-hya,data-node-14,9.9.2.156,elasticsearch_os_load5,2.92
2023/4/13 13:14,1681362887,cc-cc408-hya,data-node-14,9.9.2.156,elasticsearch_os_load5,2.94
2023/4/13 13:15,1681362947,cc-cc408-hya,data-node-14,9.9.2.156,elasticsearch_os_load5,2.84
2023/4/13 13:16,1681363007,cc-cc408-hya,data-node-14,9.9.2.156,elasticsearch_os_load5,2.97
2023/4/13 13:17,1681363067,cc-cc408-hya,data-node-14,9.9.2.156,elasticsearch_os_load5,3.11
2023/4/13 13:18,1681363127,cc-cc408-hya,data-node-14,9.9.2.156,elasticsearch_os_load5,3.13
2023/4/13 13:19,1681363187,cc-cc408-hya,data-node-14,9.9.2.156,elasticsearch_os_load5,2.87
2023/4/13 13:20,1681363247,cc-cc408-hya,data-node-14,9.9.2.156,elasticsearch_os_load5,2.83
2023/4/13 13:21,1681363307,cc-cc408-hya,data-node-14,9.9.2.156,elasticsearch_os_load5,3.12
2023/4/13 13:22,1681363367,cc-cc408-hya,data-node-14,9.9.2.156,elasticsearch_os_load5,3.37
2023/4/13 13:23,1681363427,cc-cc408-hya,data-node-14,9.9.2.156,elasticsearch_os_load5,3.49
2023/4/13 13:24,1681363487,cc-cc408-hya,data-node-14,9.9.2.156,elasticsearch_os_load5,3.23
2023/4/13 13:25,1681363547,cc-cc408-hya,data-node-14,9.9.2.156,elasticsearch_os_load5,3.41
2023/4/13 13:26,1681363607,cc-cc408-hya,data-node-14,9.9.2.156,elasticsearch_os_load5,3.41
2023/4/13 13:27,1681363667,cc-cc408-hya,data-node-14,9.9.2.156,elasticsearch_os_load5,3.43
2023/4/13 13:28,1681363727,cc-cc408-hya,data-node-14,9.9.2.156,elasticsearch_os_load5,3.45
2023/4/13 13:29,1681363787,cc-cc408-hya,data-node-14,9.9.2.156,elasticsearch_os_load5,3.64
2023/4/13 13:30,1681363847,cc-cc408-hya,data-node-14,9.9.2.156,elasticsearch_os_load5,3.78
2023/4/13 13:31,1681363907,cc-cc408-hya,data-node-14,9.9.2.156,elasticsearch_os_load5,3.73
2023/4/13 13:32,1681363967,cc-cc408-hya,data-node-14,9.9.2.156,elasticsearch_os_load5,3.82
2023/4/13 13:33,1681364027,cc-cc408-hya,data-node-14,9.9.2.156,elasticsearch_os_load5,3.94
2023/4/13 13:34,1681364087,cc-cc408-hya,data-node-14,9.9.2.156,elasticsearch_os_load5,4.09
2023/4/13 13:35,1681364147,cc-cc408-hya,data-node-14,9.9.2.156,elasticsearch_os_load5,4.15
2023/4/13 13:36,1681364207,cc-cc408-hya,data-node-14,9.9.2.156,elasticsearch_os_load5,4.3
2023/4/13 13:37,1681364267,cc-cc408-hya,data-node-14,9.9.2.156,elasticsearch_os_load5,4.04
2023/4/13 13:38,1681364327,cc-cc408-hya,data-node-14,9.9.2.156,elasticsearch_os_load5,3.89
2023/4/13 13:39,1681364387,cc-cc408-hya,data-node-14,9.9.2.156,elasticsearch_os_load5,3.65
2023/4/13 13:40,1681364447,cc-cc408-hya,data-node-14,9.9.2.156,elasticsearch_os_load5,3.77
2023/4/13 13:41,1681364507,cc-cc408-hya,data-node-14,9.9.2.156,elasticsearch_os_load5,3.53
2023/4/13 13:42,1681364567,cc-cc408-hya,data-node-14,9.9.2.156,elasticsearch_os_load5,3.54
2023/4/13 13:43,1681364627,cc-cc408-hya,data-node-14,9.9.2.156,elasticsearch_os_load5,3.49
2023/4/13 13:44,1681364687,cc-cc408-hya,data-node-14,9.9.2.156,elasticsearch_os_load5,3.62
2023/4/13 13:45,1681364747,cc-cc408-hya,data-node-14,9.9.2.156,elasticsearch_os_load5,3.49
2023/4/13 13:46,1681364807,cc-cc408-hya,data-node-14,9.9.2.156,elasticsearch_os_load5,3.7
2023/4/13 13:47,1681364867,cc-cc408-hya,data-node-14,9.9.2.156,elasticsearch_os_load5,3.74
2023/4/13 13:48,1681364927,cc-cc408-hya,data-node-14,9.9.2.156,elasticsearch_os_load5,3.85
2023/4/13 13:49,1681364987,cc-cc408-hya,data-node-14,9.9.2.156,elasticsearch_os_load5,3.97
2023/4/13 13:50,1681365047,cc-cc408-hya,data-node-14,9.9.2.156,elasticsearch_os_load5,4.68
2023/4/13 13:51,1681365107,cc-cc408-hya,data-node-14,9.9.2.156,elasticsearch_os_load5,5.1
2023/4/13 13:52,1681365167,cc-cc408-hya,data-node-14,9.9.2.156,elasticsearch_os_load5,5.11
2023/4/13 13:53,1681365227,cc-cc408-hya,data-node-14,9.9.2.156,elasticsearch_os_load5,4.76
2023/4/13 13:54,1681365287,cc-cc408-hya,data-node-14,9.9.2.156,elasticsearch_os_load5,4.58
2023/4/13 13:55,1681365347,cc-cc408-hya,data-node-14,9.9.2.156,elasticsearch_os_load5,4.47
2023/4/13 13:56,1681365407,cc-cc408-hya,data-node-14,9.9.2.156,elasticsearch_os_load5,4.7
2023/4/13 13:57,1681365467,cc-cc408-hya,data-node-14,9.9.2.156,elasticsearch_os_load5,4.72
2023/4/13 13:58,1681365527,cc-cc408-hya,data-node-14,9.9.2.156,elasticsearch_os_load5,4.65
2023/4/13 13:59,1681365587,cc-cc408-hya,data-node-14,9.9.2.156,elasticsearch_os_load5,4.57
2023/4/13 14:00,1681365647,cc-cc408-hya,data-node-14,9.9.2.156,elasticsearch_os_load5,4.26
2023/4/13 14:01,1681365707,cc-cc408-hya,data-node-14,9.9.2.156,elasticsearch_os_load5,4.62
2023/4/13 14:02,1681365767,cc-cc408-hya,data-node-14,9.9.2.156,elasticsearch_os_load5,4.69
2023/4/13 14:03,1681365827,cc-cc408-hya,data-node-14,9.9.2.156,elasticsearch_os_load5,4.6
2023/4/13 14:04,1681365887,cc-cc408-hya,data-node-14,9.9.2.156,elasticsearch_os_load5,4.59
2023/4/13 14:05,1681365947,cc-cc408-hya,data-node-14,9.9.2.156,elasticsearch_os_load5,4.24
2023/4/13 14:06,1681366007,cc-cc408-hya,data-node-14,9.9.2.156,elasticsearch_os_load5,4.1
2023/4/13 14:07,1681366067,cc-cc408-hya,data-node-14,9.9.2.156,elasticsearch_os_load5,4.35
2023/4/13 14:08,1681366127,cc-cc408-hya,data-node-14,9.9.2.156,elasticsearch_os_load5,4.51
2023/4/13 14:09,1681366187,cc-cc408-hya,data-node-14,9.9.2.156,elasticsearch_os_load5,5.04
2023/4/13 14:10,1681366247,cc-cc408-hya,data-node-14,9.9.2.156,elasticsearch_os_load5,4.97
2023/4/13 14:11,1681366307,cc-cc408-hya,data-node-14,9.9.2.156,elasticsearch_os_load5,4.79
2023/4/13 14:12,1681366367,cc-cc408-hya,data-node-14,9.9.2.156,elasticsearch_os_load5,4.87
2023/4/13 14:13,1681366427,cc-cc408-hya,data-node-14,9.9.2.156,elasticsearch_os_load5,4.93
2023/4/13 14:14,1681366487,cc-cc408-hya,data-node-14,9.9.2.156,elasticsearch_os_load5,4.87
2023/4/13 14:15,1681366547,cc-cc408-hya,data-node-14,9.9.2.156,elasticsearch_os_load5,4.77
2023/4/13 14:16,1681366607,cc-cc408-hya,data-node-14,9.9.2.156,elasticsearch_os_load5,5.25
2023/4/13 14:17,1681366667,cc-cc408-hya,data-node-14,9.9.2.156,elasticsearch_os_load5,5.07
2023/4/13 14:18,1681366727,cc-cc408-hya,data-node-14,9.9.2.156,elasticsearch_os_load5,5.07
2023/4/13 14:19,1681366787,cc-cc408-hya,data-node-14,9.9.2.156,elasticsearch_os_load5,5.08
2023/4/13 14:20,1681366847,cc-cc408-hya,data-node-14,9.9.2.156,elasticsearch_os_load5,5.29
2023/4/13 14:21,1681366907,cc-cc408-hya,data-node-14,9.9.2.156,elasticsearch_os_load5,5.42
2023/4/13 14:22,1681366967,cc-cc408-hya,data-node-14,9.9.2.156,elasticsearch_os_load5,5.31
2023/4/13 14:23,1681367027,cc-cc408-hya,data-node-14,9.9.2.156,elasticsearch_os_load5,5.46
2023/4/13 14:24,1681367087,cc-cc408-hya,data-node-14,9.9.2.156,elasticsearch_os_load5,5.16
2023/4/13 14:25,1681367147,cc-cc408-hya,data-node-14,9.9.2.156,elasticsearch_os_load5,4.87
2023/4/13 14:26,1681367207,cc-cc408-hya,data-node-14,9.9.2.156,elasticsearch_os_load5,4.59
2023/4/13 14:27,1681367267,cc-cc408-hya,data-node-14,9.9.2.156,elasticsearch_os_load5,4.53
2023/4/13 14:28,1681367327,cc-cc408-hya,data-node-14,9.9.2.156,elasticsearch_os_load5,4.62
2023/4/13 14:29,1681367387,cc-cc408-hya,data-node-14,9.9.2.156,elasticsearch_os_load5,4.87
2023/4/13 14:30,1681367447,cc-cc408-hya,data-node-14,9.9.2.156,elasticsearch_os_load5,4.83
2023/4/13 14:31,1681367507,cc-cc408-hya,data-node-14,9.9.2.156,elasticsearch_os_load5,5.12
2023/4/13 14:32,1681367567,cc-cc408-hya,data-node-14,9.9.2.156,elasticsearch_os_load5,4.99
2023/4/13 14:33,1681367627,cc-cc408-hya,data-node-14,9.9.2.156,elasticsearch_os_load5,4.84
2023/4/13 14:34,1681367687,cc-cc408-hya,data-node-14,9.9.2.156,elasticsearch_os_load5,5
2023/4/13 14:35,1681367747,cc-cc408-hya,data-node-14,9.9.2.156,elasticsearch_os_load5,4.92
2023/4/13 14:36,1681367807,cc-cc408-hya,data-node-14,9.9.2.156,elasticsearch_os_load5,4.83
2023/4/13 14:37,1681367867,cc-cc408-hya,data-node-14,9.9.2.156,elasticsearch_os_load5,4.97
2023/4/13 14:38,1681367927,cc-cc408-hya,data-node-14,9.9.2.156,elasticsearch_os_load5,4.88
2023/4/13 14:39,1681367987,cc-cc408-hya,data-node-14,9.9.2.156,elasticsearch_os_load5,4.74
2023/4/13 14:40,1681368047,cc-cc408-hya,data-node-14,9.9.2.156,elasticsearch_os_load5,4.63
2023/4/13 14:41,1681368107,cc-cc408-hya,data-node-14,9.9.2.156,elasticsearch_os_load5,4.64
2023/4/13 14:42,1681368167,cc-cc408-hya,data-node-14,9.9.2.156,elasticsearch_os_load5,4.56
2023/4/13 14:43,1681368227,cc-cc408-hya,data-node-14,9.9.2.156,elasticsearch_os_load5,4.64
2023/4/13 14:44,1681368287,cc-cc408-hya,data-node-14,9.9.2.156,elasticsearch_os_load5,4.9
2023/4/13 14:45,1681368347,cc-cc408-hya,data-node-14,9.9.2.156,elasticsearch_os_load5,4.95
2023/4/13 14:46,1681368407,cc-cc408-hya,data-node-14,9.9.2.156,elasticsearch_os_load5,4.85
2023/4/13 14:47,1681368467,cc-cc408-hya,data-node-14,9.9.2.156,elasticsearch_os_load5,4.69
2023/4/13 14:48,1681368527,cc-cc408-hya,data-node-14,9.9.2.156,elasticsearch_os_load5,4.95
2023/4/13 14:49,1681368587,cc-cc408-hya,data-node-14,9.9.2.156,elasticsearch_os_load5,4.76
2023/4/13 14:50,1681368647,cc-cc408-hya,data-node-14,9.9.2.156,elasticsearch_os_load5,4.93
2023/4/13 14:51,1681368707,cc-cc408-hya,data-node-14,9.9.2.156,elasticsearch_os_load5,5.59
2023/4/13 14:52,1681368767,cc-cc408-hya,data-node-14,9.9.2.156,elasticsearch_os_load5,5.77
2023/4/13 14:53,1681368827,cc-cc408-hya,data-node-14,9.9.2.156,elasticsearch_os_load5,5.4
2023/4/13 14:54,1681368887,cc-cc408-hya,data-node-14,9.9.2.156,elasticsearch_os_load5,4.92
2023/4/13 14:55,1681368947,cc-cc408-hya,data-node-14,9.9.2.156,elasticsearch_os_load5,5.05
2023/4/13 14:56,1681369007,cc-cc408-hya,data-node-14,9.9.2.156,elasticsearch_os_load5,4.86
2023/4/13 14:57,1681369067,cc-cc408-hya,data-node-14,9.9.2.156,elasticsearch_os_load5,4.93
2023/4/13 14:58,1681369127,cc-cc408-hya,data-node-14,9.9.2.156,elasticsearch_os_load5,4.86
2023/4/13 14:59,1681369187,cc-cc408-hya,data-node-14,9.9.2.156,elasticsearch_os_load5,4.68
2023/4/13 15:00,1681369247,cc-cc408-hya,data-node-14,9.9.2.156,elasticsearch_os_load5,4.84
2023/4/13 15:01,1681369307,cc-cc408-hya,data-node-14,9.9.2.156,elasticsearch_os_load5,4.93
2023/4/13 15:02,1681369367,cc-cc408-hya,data-node-14,9.9.2.156,elasticsearch_os_load5,5.03
2023/4/13 15:03,1681369427,cc-cc408-hya,data-node-14,9.9.2.156,elasticsearch_os_load5,5.16
2023/4/13 15:04,1681369487,cc-cc408-hya,data-node-14,9.9.2.156,elasticsearch_os_load5,5.3
2023/4/13 15:05,1681369547,cc-cc408-hya,data-node-14,9.9.2.156,elasticsearch_os_load5,6.01
2023/4/13 15:06,1681369607,cc-cc408-hya,data-node-14,9.9.2.156,elasticsearch_os_load5,5.76
2023/4/13 15:07,1681369667,cc-cc408-hya,data-node-14,9.9.2.156,elasticsearch_os_load5,5.85
2023/4/13 15:08,1681369727,cc-cc408-hya,data-node-14,9.9.2.156,elasticsearch_os_load5,5.61
2023/4/13 15:09,1681369787,cc-cc408-hya,data-node-14,9.9.2.156,elasticsearch_os_load5,5.55
2023/4/13 15:10,1681369847,cc-cc408-hya,data-node-14,9.9.2.156,elasticsearch_os_load5,5.53
2023/4/13 15:11,1681369907,cc-cc408-hya,data-node-14,9.9.2.156,elasticsearch_os_load5,5.35
2023/4/13 15:12,1681369967,cc-cc408-hya,data-node-14,9.9.2.156,elasticsearch_os_load5,5.26
2023/4/13 15:13,1681370027,cc-cc408-hya,data-node-14,9.9.2.156,elasticsearch_os_load5,5.9
2023/4/13 15:14,1681370087,cc-cc408-hya,data-node-14,9.9.2.156,elasticsearch_os_load5,6.16
2023/4/13 15:15,1681370147,cc-cc408-hya,data-node-14,9.9.2.156,elasticsearch_os_load5,5.92
2023/4/13 15:16,1681370207,cc-cc408-hya,data-node-14,9.9.2.156,elasticsearch_os_load5,5.41
2023/4/13 15:17,1681370267,cc-cc408-hya,data-node-14,9.9.2.156,elasticsearch_os_load5,5.06
2023/4/13 15:18,1681370327,cc-cc408-hya,data-node-14,9.9.2.156,elasticsearch_os_load5,5.04
2023/4/13 15:19,1681370387,cc-cc408-hya,data-node-14,9.9.2.156,elasticsearch_os_load5,5.03
2023/4/13 15:20,1681370447,cc-cc408-hya,data-node-14,9.9.2.156,elasticsearch_os_load5,4.82
2023/4/13 15:21,1681370507,cc-cc408-hya,data-node-14,9.9.2.156,elasticsearch_os_load5,4.66
2023/4/13 15:22,1681370567,cc-cc408-hya,data-node-14,9.9.2.156,elasticsearch_os_load5,4.59
2023/4/13 15:23,1681370627,cc-cc408-hya,data-node-14,9.9.2.156,elasticsearch_os_load5,4.35
2023/4/13 15:24,1681370687,cc-cc408-hya,data-node-14,9.9.2.156,elasticsearch_os_load5,4.39
2023/4/13 15:25,1681370747,cc-cc408-hya,data-node-14,9.9.2.156,elasticsearch_os_load5,4.36
2023/4/13 15:26,1681370807,cc-cc408-hya,data-node-14,9.9.2.156,elasticsearch_os_load5,4.8
2023/4/13 15:27,1681370867,cc-cc408-hya,data-node-14,9.9.2.156,elasticsearch_os_load5,5.19
2023/4/13 15:28,1681370927,cc-cc408-hya,data-node-14,9.9.2.156,elasticsearch_os_load5,4.84
2023/4/13 15:29,1681370987,cc-cc408-hya,data-node-14,9.9.2.156,elasticsearch_os_load5,4.98
2023/4/13 15:30,1681371047,cc-cc408-hya,data-node-14,9.9.2.156,elasticsearch_os_load5,5.13
2023/4/13 15:31,1681371107,cc-cc408-hya,data-node-14,9.9.2.156,elasticsearch_os_load5,5.01
2023/4/13 15:32,1681371167,cc-cc408-hya,data-node-14,9.9.2.156,elasticsearch_os_load5,5.23
2023/4/13 15:33,1681371227,cc-cc408-hya,data-node-14,9.9.2.156,elasticsearch_os_load5,5.34
2023/4/13 15:34,1681371287,cc-cc408-hya,data-node-14,9.9.2.156,elasticsearch_os_load5,5.24
2023/4/13 15:35,1681371347,cc-cc408-hya,data-node-14,9.9.2.156,elasticsearch_os_load5,5.3
2023/4/13 15:36,1681371407,cc-cc408-hya,data-node-14,9.9.2.156,elasticsearch_os_load5,5.43
2023/4/13 15:37,1681371467,cc-cc408-hya,data-node-14,9.9.2.156,elasticsearch_os_load5,6.16
2023/4/13 15:38,1681371527,cc-cc408-hya,data-node-14,9.9.2.156,elasticsearch_os_load5,6.09
2023/4/13 15:39,1681371587,cc-cc408-hya,data-node-14,9.9.2.156,elasticsearch_os_load5,5.69
2023/4/13 15:40,1681371647,cc-cc408-hya,data-node-14,9.9.2.156,elasticsearch_os_load5,5.81
2023/4/13 15:41,1681371707,cc-cc408-hya,data-node-14,9.9.2.156,elasticsearch_os_load5,5.65
2023/4/13 15:42,1681371767,cc-cc408-hya,data-node-14,9.9.2.156,elasticsearch_os_load5,5.73
2023/4/13 15:43,1681371827,cc-cc408-hya,data-node-14,9.9.2.156,elasticsearch_os_load5,5.42
2023/4/13 15:44,1681371887,cc-cc408-hya,data-node-14,9.9.2.156,elasticsearch_os_load5,5.44
2023/4/13 15:45,1681371947,cc-cc408-hya,data-node-14,9.9.2.156,elasticsearch_os_load5,5.54
2023/4/13 15:46,1681372007,cc-cc408-hya,data-node-14,9.9.2.156,elasticsearch_os_load5,5.47
2023/4/13 15:47,1681372067,cc-cc408-hya,data-node-14,9.9.2.156,elasticsearch_os_load5,5.22
2023/4/13 15:48,1681372127,cc-cc408-hya,data-node-14,9.9.2.156,elasticsearch_os_load5,5.87
2023/4/13 15:49,1681372187,cc-cc408-hya,data-node-14,9.9.2.156,elasticsearch_os_load5,5.86
2023/4/13 15:50,1681372247,cc-cc408-hya,data-node-14,9.9.2.156,elasticsearch_os_load5,6.04
2023/4/13 15:51,1681372307,cc-cc408-hya,data-node-14,9.9.2.156,elasticsearch_os_load5,6.1
2023/4/13 15:52,1681372367,cc-cc408-hya,data-node-14,9.9.2.156,elasticsearch_os_load5,5.78
2023/4/13 15:53,1681372427,cc-cc408-hya,data-node-14,9.9.2.156,elasticsearch_os_load5,6.57
2023/4/13 15:54,1681372487,cc-cc408-hya,data-node-14,9.9.2.156,elasticsearch_os_load5,6.31
2023/4/13 15:55,1681372547,cc-cc408-hya,data-node-14,9.9.2.156,elasticsearch_os_load5,6.47
2023/4/13 15:56,1681372607,cc-cc408-hya,data-node-14,9.9.2.156,elasticsearch_os_load5,6.3
2023/4/13 15:57,1681372667,cc-cc408-hya,data-node-14,9.9.2.156,elasticsearch_os_load5,6.19
2023/4/13 15:58,1681372727,cc-cc408-hya,data-node-14,9.9.2.156,elasticsearch_os_load5,6.17
2023/4/13 15:59,1681372787,cc-cc408-hya,data-node-14,9.9.2.156,elasticsearch_os_load5,6.18
2023/4/13 16:00,1681372847,cc-cc408-hya,data-node-14,9.9.2.156,elasticsearch_os_load5,6.15
2023/4/13 16:01,1681372907,cc-cc408-hya,data-node-14,9.9.2.156,elasticsearch_os_load5,6.08
2023/4/13 16:02,1681372967,cc-cc408-hya,data-node-14,9.9.2.156,elasticsearch_os_load5,6.05
2023/4/13 16:03,1681373027,cc-cc408-hya,data-node-14,9.9.2.156,elasticsearch_os_load5,5.57
2023/4/13 16:04,1681373087,cc-cc408-hya,data-node-14,9.9.2.156,elasticsearch_os_load5,5.42
2023/4/13 16:05,1681373147,cc-cc408-hya,data-node-14,9.9.2.156,elasticsearch_os_load5,5.79
2023/4/13 16:06,1681373207,cc-cc408-hya,data-node-14,9.9.2.156,elasticsearch_os_load5,5.92
2023/4/13 16:07,1681373267,cc-cc408-hya,data-node-14,9.9.2.156,elasticsearch_os_load5,5.55
2023/4/13 16:08,1681373327,cc-cc408-hya,data-node-14,9.9.2.156,elasticsearch_os_load5,5.85
2023/4/13 16:09,1681373387,cc-cc408-hya,data-node-14,9.9.2.156,elasticsearch_os_load5,5.8
2023/4/13 16:10,1681373447,cc-cc408-hya,data-node-14,9.9.2.156,elasticsearch_os_load5,5.66
2023/4/13 16:11,1681373507,cc-cc408-hya,data-node-14,9.9.2.156,elasticsearch_os_load5,5.99
2023/4/13 16:12,1681373567,cc-cc408-hya,data-node-14,9.9.2.156,elasticsearch_os_load5,5.64
2023/4/13 16:13,1681373627,cc-cc408-hya,data-node-14,9.9.2.156,elasticsearch_os_load5,5.89
2023/4/13 16:14,1681373687,cc-cc408-hya,data-node-14,9.9.2.156,elasticsearch_os_load5,6.01
2023/4/13 16:15,1681373747,cc-cc408-hya,data-node-14,9.9.2.156,elasticsearch_os_load5,6.56
2023/4/13 16:16,1681373807,cc-cc408-hya,data-node-14,9.9.2.156,elasticsearch_os_load5,7.01
2023/4/13 16:17,1681373867,cc-cc408-hya,data-node-14,9.9.2.156,elasticsearch_os_load5,6.67
2023/4/13 16:18,1681373927,cc-cc408-hya,data-node-14,9.9.2.156,elasticsearch_os_load5,6.77
2023/4/13 16:19,1681373987,cc-cc408-hya,data-node-14,9.9.2.156,elasticsearch_os_load5,6.79
2023/4/13 16:20,1681374047,cc-cc408-hya,data-node-14,9.9.2.156,elasticsearch_os_load5,6.6
2023/4/13 16:21,1681374107,cc-cc408-hya,data-node-14,9.9.2.156,elasticsearch_os_load5,6.46
2023/4/13 16:22,1681374167,cc-cc408-hya,data-node-14,9.9.2.156,elasticsearch_os_load5,6.58
2023/4/13 16:23,1681374227,cc-cc408-hya,data-node-14,9.9.2.156,elasticsearch_os_load5,6.62
2023/4/13 16:24,1681374287,cc-cc408-hya,data-node-14,9.9.2.156,elasticsearch_os_load5,6.44
2023/4/13 16:25,1681374347,cc-cc408-hya,data-node-14,9.9.2.156,elasticsearch_os_load5,7.08
2023/4/13 16:26,1681374407,cc-cc408-hya,data-node-14,9.9.2.156,elasticsearch_os_load5,6.83
2023/4/13 16:27,1681374467,cc-cc408-hya,data-node-14,9.9.2.156,elasticsearch_os_load5,7.03
2023/4/13 16:28,1681374527,cc-cc408-hya,data-node-14,9.9.2.156,elasticsearch_os_load5,7.2
2023/4/13 16:29,1681374587,cc-cc408-hya,data-node-14,9.9.2.156,elasticsearch_os_load5,7.17
2023/4/13 16:30,1681374647,cc-cc408-hya,data-node-14,9.9.2.156,elasticsearch_os_load5,7.16
2023/4/13 16:31,1681374707,cc-cc408-hya,data-node-14,9.9.2.156,elasticsearch_os_load5,7.08
2023/4/13 16:32,1681374767,cc-cc408-hya,data-node-14,9.9.2.156,elasticsearch_os_load5,7.04
2023/4/13 16:33,1681374827,cc-cc408-hya,data-node-14,9.9.2.156,elasticsearch_os_load5,7.37
2023/4/13 16:34,1681374887,cc-cc408-hya,data-node-14,9.9.2.156,elasticsearch_os_load5,7.22
2023/4/13 16:35,1681374947,cc-cc408-hya,data-node-14,9.9.2.156,elasticsearch_os_load5,7.5
2023/4/13 16:36,1681375007,cc-cc408-hya,data-node-14,9.9.2.156,elasticsearch_os_load5,7.16
2023/4/13 16:37,1681375067,cc-cc408-hya,data-node-14,9.9.2.156,elasticsearch_os_load5,6.82
2023/4/13 16:38,1681375127,cc-cc408-hya,data-node-14,9.9.2.156,elasticsearch_os_load5,6.74
2023/4/13 16:39,1681375187,cc-cc408-hya,data-node-14,9.9.2.156,elasticsearch_os_load5,6.51
2023/4/13 16:40,1681375247,cc-cc408-hya,data-node-14,9.9.2.156,elasticsearch_os_load5,6.48
2023/4/13 16:41,1681375307,cc-cc408-hya,data-node-14,9.9.2.156,elasticsearch_os_load5,6.56
2023/4/13 16:42,1681375367,cc-cc408-hya,data-node-14,9.9.2.156,elasticsearch_os_load5,6.86
2023/4/13 16:43,1681375427,cc-cc408-hya,data-node-14,9.9.2.156,elasticsearch_os_load5,6.67
2023/4/13 16:44,1681375487,cc-cc408-hya,data-node-14,9.9.2.156,elasticsearch_os_load5,6.35
2023/4/13 16:45,1681375547,cc-cc408-hya,data-node-14,9.9.2.156,elasticsearch_os_load5,6.45
2023/4/13 16:46,1681375607,cc-cc408-hya,data-node-14,9.9.2.156,elasticsearch_os_load5,6.26
2023/4/13 16:47,1681375667,cc-cc408-hya,data-node-14,9.9.2.156,elasticsearch_os_load5,6.37
2023/4/13 16:48,1681375727,cc-cc408-hya,data-node-14,9.9.2.156,elasticsearch_os_load5,6.32
2023/4/13 16:49,1681375787,cc-cc408-hya,data-node-14,9.9.2.156,elasticsearch_os_load5,6.22
2023/4/13 16:50,1681375847,cc-cc408-hya,data-node-14,9.9.2.156,elasticsearch_os_load5,6.66
2023/4/13 16:51,1681375907,cc-cc408-hya,data-node-14,9.9.2.156,elasticsearch_os_load5,6.77
2023/4/13 16:52,1681375967,cc-cc408-hya,data-node-14,9.9.2.156,elasticsearch_os_load5,6.67
2023/4/13 16:53,1681376027,cc-cc408-hya,data-node-14,9.9.2.156,elasticsearch_os_load5,6.67
2023/4/13 16:54,1681376087,cc-cc408-hya,data-node-14,9.9.2.156,elasticsearch_os_load5,6.38
2023/4/13 16:55,1681376147,cc-cc408-hya,data-node-14,9.9.2.156,elasticsearch_os_load5,6.6
2023/4/13 16:56,1681376207,cc-cc408-hya,data-node-14,9.9.2.156,elasticsearch_os_load5,6.48
2023/4/13 16:57,1681376267,cc-cc408-hya,data-node-14,9.9.2.156,elasticsearch_os_load5,6.27
2023/4/13 16:58,1681376327,cc-cc408-hya,data-node-14,9.9.2.156,elasticsearch_os_load5,6.87
2023/4/13 16:59,1681376387,cc-cc408-hya,data-node-14,9.9.2.156,elasticsearch_os_load5,7.07
2023/4/13 17:00,1681376447,cc-cc408-hya,data-node-14,9.9.2.156,elasticsearch_os_load5,7.29
2023/4/13 17:01,1681376507,cc-cc408-hya,data-node-14,9.9.2.156,elasticsearch_os_load5,7.67
2023/4/13 17:02,1681376567,cc-cc408-hya,data-node-14,9.9.2.156,elasticsearch_os_load5,7.2
2023/4/13 17:03,1681376627,cc-cc408-hya,data-node-14,9.9.2.156,elasticsearch_os_load5,7.02
2023/4/13 17:04,1681376687,cc-cc408-hya,data-node-14,9.9.2.156,elasticsearch_os_load5,6.89
2023/4/13 17:05,1681376747,cc-cc408-hya,data-node-14,9.9.2.156,elasticsearch_os_load5,6.84
2023/4/13 17:06,1681376807,cc-cc408-hya,data-node-14,9.9.2.156,elasticsearch_os_load5,6.81
2023/4/13 17:07,1681376867,cc-cc408-hya,data-node-14,9.9.2.156,elasticsearch_os_load5,6.57
2023/4/13 17:08,1681376927,cc-cc408-hya,data-node-14,9.9.2.156,elasticsearch_os_load5,6.27
2023/4/13 17:09,1681376987,cc-cc408-hya,data-node-14,9.9.2.156,elasticsearch_os_load5,6.2
2023/4/13 17:10,1681377047,cc-cc408-hya,data-node-14,9.9.2.156,elasticsearch_os_load5,6.21
2023/4/13 17:11,1681377107,cc-cc408-hya,data-node-14,9.9.2.156,elasticsearch_os_load5,5.92
2023/4/13 17:12,1681377167,cc-cc408-hya,data-node-14,9.9.2.156,elasticsearch_os_load5,5.93
2023/4/13 17:13,1681377227,cc-cc408-hya,data-node-14,9.9.2.156,elasticsearch_os_load5,5.75
2023/4/13 17:14,1681377287,cc-cc408-hya,data-node-14,9.9.2.156,elasticsearch_os_load5,5.77
2023/4/13 17:15,1681377347,cc-cc408-hya,data-node-14,9.9.2.156,elasticsearch_os_load5,6.27
2023/4/13 17:16,1681377407,cc-cc408-hya,data-node-14,9.9.2.156,elasticsearch_os_load5,6.79
2023/4/13 17:17,1681377467,cc-cc408-hya,data-node-14,9.9.2.156,elasticsearch_os_load5,7.02
2023/4/13 17:18,1681377527,cc-cc408-hya,data-node-14,9.9.2.156,elasticsearch_os_load5,7.06
2023/4/13 17:19,1681377587,cc-cc408-hya,data-node-14,9.9.2.156,elasticsearch_os_load5,7.23
2023/4/13 17:20,1681377647,cc-cc408-hya,data-node-14,9.9.2.156,elasticsearch_os_load5,6.97
2023/4/13 17:21,1681377707,cc-cc408-hya,data-node-14,9.9.2.156,elasticsearch_os_load5,6.87
2023/4/13 17:22,1681377767,cc-cc408-hya,data-node-14,9.9.2.156,elasticsearch_os_load5,6.66
2023/4/13 17:23,1681377827,cc-cc408-hya,data-node-14,9.9.2.156,elasticsearch_os_load5,6.04
2023/4/13 17:24,1681377887,cc-cc408-hya,data-node-14,9.9.2.156,elasticsearch_os_load5,6.27
2023/4/13 17:25,1681377947,cc-cc408-hya,data-node-14,9.9.2.156,elasticsearch_os_load5,6.24
2023/4/13 17:26,1681378007,cc-cc408-hya,data-node-14,9.9.2.156,elasticsearch_os_load5,6.82
2023/4/13 17:27,1681378067,cc-cc408-hya,data-node-14,9.9.2.156,elasticsearch_os_load5,7.45
2023/4/13 17:28,1681378127,cc-cc408-hya,data-node-14,9.9.2.156,elasticsearch_os_load5,7.21
2023/4/13 17:29,1681378187,cc-cc408-hya,data-node-14,9.9.2.156,elasticsearch_os_load5,6.8
2023/4/13 17:30,1681378247,cc-cc408-hya,data-node-14,9.9.2.156,elasticsearch_os_load5,7
2023/4/12 17:30,1681291847,cc-cc408-hya,data-node-19,9.9.2.156,elasticsearch_os_load5,6.38
2023/4/12 17:31,1681291907,cc-cc408-hya,data-node-19,9.9.2.156,elasticsearch_os_load5,6.2
2023/4/12 17:32,1681291967,cc-cc408-hya,data-node-19,9.9.2.156,elasticsearch_os_load5,5.79
2023/4/12 17:33,1681292027,cc-cc408-hya,data-node-19,9.9.2.156,elasticsearch_os_load5,5.71
2023/4/12 17:34,1681292087,cc-cc408-hya,data-node-19,9.9.2.156,elasticsearch_os_load5,5.99
2023/4/12 17:35,1681292147,cc-cc408-hya,data-node-19,9.9.2.156,elasticsearch_os_load5,6.01
2023/4/12 17:36,1681292207,cc-cc408-hya,data-node-19,9.9.2.156,elasticsearch_os_load5,5.97
2023/4/12 17:37,1681292267,cc-cc408-hya,data-node-19,9.9.2.156,elasticsearch_os_load5,5.99
2023/4/12 17:38,1681292327,cc-cc408-hya,data-node-19,9.9.2.156,elasticsearch_os_load5,5.72
2023/4/12 17:39,1681292387,cc-cc408-hya,data-node-19,9.9.2.156,elasticsearch_os_load5,5.73
2023/4/12 17:40,1681292447,cc-cc408-hya,data-node-19,9.9.2.156,elasticsearch_os_load5,5.71
2023/4/12 17:41,1681292507,cc-cc408-hya,data-node-19,9.9.2.156,elasticsearch_os_load5,6.29
2023/4/12 17:42,1681292567,cc-cc408-hya,data-node-19,9.9.2.156,elasticsearch_os_load5,6.69
2023/4/12 17:43,1681292627,cc-cc408-hya,data-node-19,9.9.2.156,elasticsearch_os_load5,6.23
2023/4/12 17:44,1681292687,cc-cc408-hya,data-node-19,9.9.2.156,elasticsearch_os_load5,6.33
2023/4/12 17:45,1681292747,cc-cc408-hya,data-node-19,9.9.2.156,elasticsearch_os_load5,6.35
2023/4/12 17:46,1681292807,cc-cc408-hya,data-node-19,9.9.2.156,elasticsearch_os_load5,6.21
2023/4/12 17:47,1681292867,cc-cc408-hya,data-node-19,9.9.2.156,elasticsearch_os_load5,5.89
2023/4/12 17:48,1681292927,cc-cc408-hya,data-node-19,9.9.2.156,elasticsearch_os_load5,5.74
2023/4/12 17:49,1681292987,cc-cc408-hya,data-node-19,9.9.2.156,elasticsearch_os_load5,5.84
2023/4/12 17:50,1681293047,cc-cc408-hya,data-node-19,9.9.2.156,elasticsearch_os_load5,6.03
2023/4/12 17:51,1681293107,cc-cc408-hya,data-node-19,9.9.2.156,elasticsearch_os_load5,5.85
2023/4/12 17:52,1681293167,cc-cc408-hya,data-node-19,9.9.2.156,elasticsearch_os_load5,5.96
2023/4/12 17:53,1681293227,cc-cc408-hya,data-node-19,9.9.2.156,elasticsearch_os_load5,6.07
2023/4/12 17:54,1681293287,cc-cc408-hya,data-node-19,9.9.2.156,elasticsearch_os_load5,6.7
2023/4/12 17:55,1681293347,cc-cc408-hya,data-node-19,9.9.2.156,elasticsearch_os_load5,6.37
2023/4/12 17:56,1681293407,cc-cc408-hya,data-node-19,9.9.2.156,elasticsearch_os_load5,6.15
2023/4/12 17:57,1681293467,cc-cc408-hya,data-node-19,9.9.2.156,elasticsearch_os_load5,6.14
2023/4/12 17:58,1681293527,cc-cc408-hya,data-node-19,9.9.2.156,elasticsearch_os_load5,6.64
2023/4/12 17:59,1681293587,cc-cc408-hya,data-node-19,9.9.2.156,elasticsearch_os_load5,6.58
2023/4/12 18:00,1681293647,cc-cc408-hya,data-node-19,9.9.2.156,elasticsearch_os_load5,6.01
2023/4/12 18:01,1681293707,cc-cc408-hya,data-node-19,9.9.2.156,elasticsearch_os_load5,6.56
2023/4/12 18:02,1681293767,cc-cc408-hya,data-node-19,9.9.2.156,elasticsearch_os_load5,6.45
2023/4/12 18:03,1681293827,cc-cc408-hya,data-node-19,9.9.2.156,elasticsearch_os_load5,6.39
2023/4/12 18:04,1681293887,cc-cc408-hya,data-node-19,9.9.2.156,elasticsearch_os_load5,6.06
2023/4/12 18:05,1681293947,cc-cc408-hya,data-node-19,9.9.2.156,elasticsearch_os_load5,6.03
2023/4/12 18:06,1681294007,cc-cc408-hya,data-node-19,9.9.2.156,elasticsearch_os_load5,6.11
2023/4/12 18:07,1681294067,cc-cc408-hya,data-node-19,9.9.2.156,elasticsearch_os_load5,5.75
2023/4/12 18:08,1681294127,cc-cc408-hya,data-node-19,9.9.2.156,elasticsearch_os_load5,5.79
2023/4/12 18:09,1681294187,cc-cc408-hya,data-node-19,9.9.2.156,elasticsearch_os_load5,5.76
2023/4/12 18:10,1681294247,cc-cc408-hya,data-node-19,9.9.2.156,elasticsearch_os_load5,5.89
2023/4/12 18:11,1681294307,cc-cc408-hya,data-node-19,9.9.2.156,elasticsearch_os_load5,6.02
2023/4/12 18:12,1681294367,cc-cc408-hya,data-node-19,9.9.2.156,elasticsearch_os_load5,5.92
2023/4/12 18:13,1681294427,cc-cc408-hya,data-node-19,9.9.2.156,elasticsearch_os_load5,5.83
2023/4/12 18:14,1681294487,cc-cc408-hya,data-node-19,9.9.2.156,elasticsearch_os_load5,5.68
2023/4/12 18:15,1681294547,cc-cc408-hya,data-node-19,9.9.2.156,elasticsearch_os_load5,5.74
2023/4/12 18:16,1681294607,cc-cc408-hya,data-node-19,9.9.2.156,elasticsearch_os_load5,5.61
2023/4/12 18:17,1681294667,cc-cc408-hya,data-node-19,9.9.2.156,elasticsearch_os_load5,5.63
2023/4/12 18:18,1681294727,cc-cc408-hya,data-node-19,9.9.2.156,elasticsearch_os_load5,5.58
2023/4/12 18:19,1681294787,cc-cc408-hya,data-node-19,9.9.2.156,elasticsearch_os_load5,5.69
2023/4/12 18:20,1681294847,cc-cc408-hya,data-node-19,9.9.2.156,elasticsearch_os_load5,5.65
2023/4/12 18:21,1681294907,cc-cc408-hya,data-node-19,9.9.2.156,elasticsearch_os_load5,6.08
2023/4/12 18:22,1681294967,cc-cc408-hya,data-node-19,9.9.2.156,elasticsearch_os_load5,6.08
2023/4/12 18:23,1681295027,cc-cc408-hya,data-node-19,9.9.2.156,elasticsearch_os_load5,5.98
2023/4/12 18:24,1681295087,cc-cc408-hya,data-node-19,9.9.2.156,elasticsearch_os_load5,5.93
2023/4/12 18:25,1681295147,cc-cc408-hya,data-node-19,9.9.2.156,elasticsearch_os_load5,5.74
2023/4/12 18:26,1681295207,cc-cc408-hya,data-node-19,9.9.2.156,elasticsearch_os_load5,5.48
2023/4/12 18:27,1681295267,cc-cc408-hya,data-node-19,9.9.2.156,elasticsearch_os_load5,5.7
2023/4/12 18:28,1681295327,cc-cc408-hya,data-node-19,9.9.2.156,elasticsearch_os_load5,5.53
2023/4/12 18:29,1681295387,cc-cc408-hya,data-node-19,9.9.2.156,elasticsearch_os_load5,5.51
2023/4/12 18:30,1681295447,cc-cc408-hya,data-node-19,9.9.2.156,elasticsearch_os_load5,6.13
2023/4/12 18:31,1681295507,cc-cc408-hya,data-node-19,9.9.2.156,elasticsearch_os_load5,6.44
2023/4/12 18:32,1681295567,cc-cc408-hya,data-node-19,9.9.2.156,elasticsearch_os_load5,6.01
2023/4/12 18:33,1681295627,cc-cc408-hya,data-node-19,9.9.2.156,elasticsearch_os_load5,6.5
2023/4/12 18:34,1681295687,cc-cc408-hya,data-node-19,9.9.2.156,elasticsearch_os_load5,5.91
2023/4/12 18:35,1681295747,cc-cc408-hya,data-node-19,9.9.2.156,elasticsearch_os_load5,5.78
2023/4/12 18:36,1681295807,cc-cc408-hya,data-node-19,9.9.2.156,elasticsearch_os_load5,5.49
2023/4/12 18:37,1681295867,cc-cc408-hya,data-node-19,9.9.2.156,elasticsearch_os_load5,5.68
2023/4/12 18:38,1681295927,cc-cc408-hya,data-node-19,9.9.2.156,elasticsearch_os_load5,5.75
2023/4/12 18:39,1681295987,cc-cc408-hya,data-node-19,9.9.2.156,elasticsearch_os_load5,5.4
2023/4/12 18:40,1681296047,cc-cc408-hya,data-node-19,9.9.2.156,elasticsearch_os_load5,5.38
2023/4/12 18:41,1681296107,cc-cc408-hya,data-node-19,9.9.2.156,elasticsearch_os_load5,5.42
2023/4/12 18:42,1681296167,cc-cc408-hya,data-node-19,9.9.2.156,elasticsearch_os_load5,5.45
2023/4/12 18:43,1681296227,cc-cc408-hya,data-node-19,9.9.2.156,elasticsearch_os_load5,5.03
2023/4/12 18:44,1681296287,cc-cc408-hya,data-node-19,9.9.2.156,elasticsearch_os_load5,5.27
2023/4/12 18:45,1681296347,cc-cc408-hya,data-node-19,9.9.2.156,elasticsearch_os_load5,5.04
2023/4/12 18:46,1681296407,cc-cc408-hya,data-node-19,9.9.2.156,elasticsearch_os_load5,4.98
2023/4/12 18:47,1681296467,cc-cc408-hya,data-node-19,9.9.2.156,elasticsearch_os_load5,5
2023/4/12 18:48,1681296527,cc-cc408-hya,data-node-19,9.9.2.156,elasticsearch_os_load5,4.84
2023/4/12 18:49,1681296587,cc-cc408-hya,data-node-19,9.9.2.156,elasticsearch_os_load5,4.67
2023/4/12 18:50,1681296647,cc-cc408-hya,data-node-19,9.9.2.156,elasticsearch_os_load5,4.48
2023/4/12 18:51,1681296707,cc-cc408-hya,data-node-19,9.9.2.156,elasticsearch_os_load5,4.71
2023/4/12 18:52,1681296767,cc-cc408-hya,data-node-19,9.9.2.156,elasticsearch_os_load5,4.53
2023/4/12 18:53,1681296827,cc-cc408-hya,data-node-19,9.9.2.156,elasticsearch_os_load5,4.98
2023/4/12 18:54,1681296887,cc-cc408-hya,data-node-19,9.9.2.156,elasticsearch_os_load5,4.75
2023/4/12 18:55,1681296947,cc-cc408-hya,data-node-19,9.9.2.156,elasticsearch_os_load5,4.72
2023/4/12 18:56,1681297007,cc-cc408-hya,data-node-19,9.9.2.156,elasticsearch_os_load5,4.83
2023/4/12 18:57,1681297067,cc-cc408-hya,data-node-19,9.9.2.156,elasticsearch_os_load5,4.5
2023/4/12 18:58,1681297127,cc-cc408-hya,data-node-19,9.9.2.156,elasticsearch_os_load5,4.45
2023/4/12 18:59,1681297187,cc-cc408-hya,data-node-19,9.9.2.156,elasticsearch_os_load5,4.66
2023/4/12 19:00,1681297247,cc-cc408-hya,data-node-19,9.9.2.156,elasticsearch_os_load5,4.5
2023/4/12 19:01,1681297307,cc-cc408-hya,data-node-19,9.9.2.156,elasticsearch_os_load5,4.68
2023/4/12 19:02,1681297367,cc-cc408-hya,data-node-19,9.9.2.156,elasticsearch_os_load5,4.44
2023/4/12 19:03,1681297427,cc-cc408-hya,data-node-19,9.9.2.156,elasticsearch_os_load5,4.54
2023/4/12 19:04,1681297487,cc-cc408-hya,data-node-19,9.9.2.156,elasticsearch_os_load5,4.66
2023/4/12 19:05,1681297547,cc-cc408-hya,data-node-19,9.9.2.156,elasticsearch_os_load5,4.76
2023/4/12 19:06,1681297607,cc-cc408-hya,data-node-19,9.9.2.156,elasticsearch_os_load5,5.1
2023/4/12 19:07,1681297667,cc-cc408-hya,data-node-19,9.9.2.156,elasticsearch_os_load5,4.89
2023/4/12 19:08,1681297727,cc-cc408-hya,data-node-19,9.9.2.156,elasticsearch_os_load5,5.09
2023/4/12 19:09,1681297787,cc-cc408-hya,data-node-19,9.9.2.156,elasticsearch_os_load5,4.89
2023/4/12 19:10,1681297847,cc-cc408-hya,data-node-19,9.9.2.156,elasticsearch_os_load5,4.71
2023/4/12 19:11,1681297907,cc-cc408-hya,data-node-19,9.9.2.156,elasticsearch_os_load5,4.58
2023/4/12 19:12,1681297967,cc-cc408-hya,data-node-19,9.9.2.156,elasticsearch_os_load5,4.27
2023/4/12 19:13,1681298027,cc-cc408-hya,data-node-19,9.9.2.156,elasticsearch_os_load5,4.3
2023/4/12 19:14,1681298087,cc-cc408-hya,data-node-19,9.9.2.156,elasticsearch_os_load5,4.34
2023/4/12 19:15,1681298147,cc-cc408-hya,data-node-19,9.9.2.156,elasticsearch_os_load5,4.18
2023/4/12 19:16,1681298207,cc-cc408-hya,data-node-19,9.9.2.156,elasticsearch_os_load5,4.34
2023/4/12 19:17,1681298267,cc-cc408-hya,data-node-19,9.9.2.156,elasticsearch_os_load5,4.21
2023/4/12 19:18,1681298327,cc-cc408-hya,data-node-19,9.9.2.156,elasticsearch_os_load5,4.22
2023/4/12 19:19,1681298387,cc-cc408-hya,data-node-19,9.9.2.156,elasticsearch_os_load5,4.57
2023/4/12 19:20,1681298447,cc-cc408-hya,data-node-19,9.9.2.156,elasticsearch_os_load5,4.5
2023/4/12 19:21,1681298507,cc-cc408-hya,data-node-19,9.9.2.156,elasticsearch_os_load5,4.65
2023/4/12 19:22,1681298567,cc-cc408-hya,data-node-19,9.9.2.156,elasticsearch_os_load5,4.54
2023/4/12 19:23,1681298627,cc-cc408-hya,data-node-19,9.9.2.156,elasticsearch_os_load5,4.43
2023/4/12 19:24,1681298687,cc-cc408-hya,data-node-19,9.9.2.156,elasticsearch_os_load5,4.12
2023/4/12 19:25,1681298747,cc-cc408-hya,data-node-19,9.9.2.156,elasticsearch_os_load5,3.91
2023/4/12 19:26,1681298807,cc-cc408-hya,data-node-19,9.9.2.156,elasticsearch_os_load5,4
2023/4/12 19:27,1681298867,cc-cc408-hya,data-node-19,9.9.2.156,elasticsearch_os_load5,4.36
2023/4/12 19:28,1681298927,cc-cc408-hya,data-node-19,9.9.2.156,elasticsearch_os_load5,4.26
2023/4/12 19:29,1681298987,cc-cc408-hya,data-node-19,9.9.2.156,elasticsearch_os_load5,4.24
2023/4/12 19:30,1681299047,cc-cc408-hya,data-node-19,9.9.2.156,elasticsearch_os_load5,4.37
2023/4/12 19:31,1681299107,cc-cc408-hya,data-node-19,9.9.2.156,elasticsearch_os_load5,4.44
2023/4/12 19:32,1681299167,cc-cc408-hya,data-node-19,9.9.2.156,elasticsearch_os_load5,4.24
2023/4/12 19:33,1681299227,cc-cc408-hya,data-node-19,9.9.2.156,elasticsearch_os_load5,4.43
2023/4/12 19:34,1681299287,cc-cc408-hya,data-node-19,9.9.2.156,elasticsearch_os_load5,4.28
2023/4/12 19:35,1681299347,cc-cc408-hya,data-node-19,9.9.2.156,elasticsearch_os_load5,4.41
2023/4/12 19:36,1681299407,cc-cc408-hya,data-node-19,9.9.2.156,elasticsearch_os_load5,4.28
2023/4/12 19:37,1681299467,cc-cc408-hya,data-node-19,9.9.2.156,elasticsearch_os_load5,4.06
2023/4/12 19:38,1681299527,cc-cc408-hya,data-node-19,9.9.2.156,elasticsearch_os_load5,3.9
2023/4/12 19:39,1681299587,cc-cc408-hya,data-node-19,9.9.2.156,elasticsearch_os_load5,3.81
2023/4/12 19:40,1681299647,cc-cc408-hya,data-node-19,9.9.2.156,elasticsearch_os_load5,3.48
2023/4/12 19:41,1681299707,cc-cc408-hya,data-node-19,9.9.2.156,elasticsearch_os_load5,3.57
2023/4/12 19:42,1681299767,cc-cc408-hya,data-node-19,9.9.2.156,elasticsearch_os_load5,3.32
2023/4/12 19:43,1681299827,cc-cc408-hya,data-node-19,9.9.2.156,elasticsearch_os_load5,3.52
2023/4/12 19:44,1681299887,cc-cc408-hya,data-node-19,9.9.2.156,elasticsearch_os_load5,3.73
2023/4/12 19:45,1681299947,cc-cc408-hya,data-node-19,9.9.2.156,elasticsearch_os_load5,3.59
2023/4/12 19:46,1681300007,cc-cc408-hya,data-node-19,9.9.2.156,elasticsearch_os_load5,3.42
2023/4/12 19:47,1681300067,cc-cc408-hya,data-node-19,9.9.2.156,elasticsearch_os_load5,3.36
2023/4/12 19:48,1681300127,cc-cc408-hya,data-node-19,9.9.2.156,elasticsearch_os_load5,3.37
2023/4/12 19:49,1681300187,cc-cc408-hya,data-node-19,9.9.2.156,elasticsearch_os_load5,3.28
2023/4/12 19:50,1681300247,cc-cc408-hya,data-node-19,9.9.2.156,elasticsearch_os_load5,3.25
2023/4/12 19:51,1681300307,cc-cc408-hya,data-node-19,9.9.2.156,elasticsearch_os_load5,3.13
2023/4/12 19:52,1681300367,cc-cc408-hya,data-node-19,9.9.2.156,elasticsearch_os_load5,3.21
2023/4/12 19:53,1681300427,cc-cc408-hya,data-node-19,9.9.2.156,elasticsearch_os_load5,3.12
2023/4/12 19:54,1681300487,cc-cc408-hya,data-node-19,9.9.2.156,elasticsearch_os_load5,3.18
2023/4/12 19:55,1681300547,cc-cc408-hya,data-node-19,9.9.2.156,elasticsearch_os_load5,3.02
2023/4/12 19:56,1681300607,cc-cc408-hya,data-node-19,9.9.2.156,elasticsearch_os_load5,2.73
2023/4/12 19:57,1681300667,cc-cc408-hya,data-node-19,9.9.2.156,elasticsearch_os_load5,2.69
2023/4/12 19:58,1681300727,cc-cc408-hya,data-node-19,9.9.2.156,elasticsearch_os_load5,2.6
2023/4/12 19:59,1681300787,cc-cc408-hya,data-node-19,9.9.2.156,elasticsearch_os_load5,2.64
2023/4/12 20:00,1681300847,cc-cc408-hya,data-node-19,9.9.2.156,elasticsearch_os_load5,2.48
2023/4/12 20:01,1681300907,cc-cc408-hya,data-node-19,9.9.2.156,elasticsearch_os_load5,2.44
2023/4/12 20:02,1681300967,cc-cc408-hya,data-node-19,9.9.2.156,elasticsearch_os_load5,2.91
2023/4/12 20:03,1681301027,cc-cc408-hya,data-node-19,9.9.2.156,elasticsearch_os_load5,2.93
2023/4/12 20:04,1681301087,cc-cc408-hya,data-node-19,9.9.2.156,elasticsearch_os_load5,2.75
2023/4/12 20:05,1681301147,cc-cc408-hya,data-node-19,9.9.2.156,elasticsearch_os_load5,2.59
2023/4/12 20:06,1681301207,cc-cc408-hya,data-node-19,9.9.2.156,elasticsearch_os_load5,2.45
2023/4/12 20:07,1681301267,cc-cc408-hya,data-node-19,9.9.2.156,elasticsearch_os_load5,2.5
2023/4/12 20:08,1681301327,cc-cc408-hya,data-node-19,9.9.2.156,elasticsearch_os_load5,2.44
2023/4/12 20:09,1681301387,cc-cc408-hya,data-node-19,9.9.2.156,elasticsearch_os_load5,2.34
2023/4/12 20:10,1681301447,cc-cc408-hya,data-node-19,9.9.2.156,elasticsearch_os_load5,2.24
2023/4/12 20:11,1681301507,cc-cc408-hya,data-node-19,9.9.2.156,elasticsearch_os_load5,2.38
2023/4/12 20:12,1681301567,cc-cc408-hya,data-node-19,9.9.2.156,elasticsearch_os_load5,2.45
2023/4/12 20:13,1681301627,cc-cc408-hya,data-node-19,9.9.2.156,elasticsearch_os_load5,2.6
2023/4/12 20:14,1681301687,cc-cc408-hya,data-node-19,9.9.2.156,elasticsearch_os_load5,2.45
2023/4/12 20:15,1681301747,cc-cc408-hya,data-node-19,9.9.2.156,elasticsearch_os_load5,2.41
2023/4/12 20:16,1681301807,cc-cc408-hya,data-node-19,9.9.2.156,elasticsearch_os_load5,2.4
2023/4/12 20:17,1681301867,cc-cc408-hya,data-node-19,9.9.2.156,elasticsearch_os_load5,2.32
2023/4/12 20:18,1681301927,cc-cc408-hya,data-node-19,9.9.2.156,elasticsearch_os_load5,2.26
2023/4/12 20:19,1681301987,cc-cc408-hya,data-node-19,9.9.2.156,elasticsearch_os_load5,2.17
2023/4/12 20:20,1681302047,cc-cc408-hya,data-node-19,9.9.2.156,elasticsearch_os_load5,2
2023/4/12 20:21,1681302107,cc-cc408-hya,data-node-19,9.9.2.156,elasticsearch_os_load5,1.9
2023/4/12 20:22,1681302167,cc-cc408-hya,data-node-19,9.9.2.156,elasticsearch_os_load5,1.72
2023/4/12 20:23,1681302227,cc-cc408-hya,data-node-19,9.9.2.156,elasticsearch_os_load5,1.77
2023/4/12 20:24,1681302287,cc-cc408-hya,data-node-19,9.9.2.156,elasticsearch_os_load5,1.76
2023/4/12 20:25,1681302347,cc-cc408-hya,data-node-19,9.9.2.156,elasticsearch_os_load5,1.68
2023/4/12 20:26,1681302407,cc-cc408-hya,data-node-19,9.9.2.156,elasticsearch_os_load5,1.76
2023/4/12 20:27,1681302467,cc-cc408-hya,data-node-19,9.9.2.156,elasticsearch_os_load5,1.67
2023/4/12 20:28,1681302527,cc-cc408-hya,data-node-19,9.9.2.156,elasticsearch_os_load5,1.73
2023/4/12 20:29,1681302587,cc-cc408-hya,data-node-19,9.9.2.156,elasticsearch_os_load5,1.86
2023/4/12 20:30,1681302647,cc-cc408-hya,data-node-19,9.9.2.156,elasticsearch_os_load5,2.24
2023/4/12 20:31,1681302707,cc-cc408-hya,data-node-19,9.9.2.156,elasticsearch_os_load5,2.28
2023/4/12 20:32,1681302767,cc-cc408-hya,data-node-19,9.9.2.156,elasticsearch_os_load5,2.16
2023/4/12 20:33,1681302827,cc-cc408-hya,data-node-19,9.9.2.156,elasticsearch_os_load5,2.16
2023/4/12 20:34,1681302887,cc-cc408-hya,data-node-19,9.9.2.156,elasticsearch_os_load5,1.92
2023/4/12 20:35,1681302947,cc-cc408-hya,data-node-19,9.9.2.156,elasticsearch_os_load5,1.65
2023/4/12 20:36,1681303007,cc-cc408-hya,data-node-19,9.9.2.156,elasticsearch_os_load5,1.61
2023/4/12 20:37,1681303067,cc-cc408-hya,data-node-19,9.9.2.156,elasticsearch_os_load5,1.43
2023/4/12 20:38,1681303127,cc-cc408-hya,data-node-19,9.9.2.156,elasticsearch_os_load5,1.29
2023/4/12 20:39,1681303187,cc-cc408-hya,data-node-19,9.9.2.156,elasticsearch_os_load5,1.17
2023/4/12 20:40,1681303247,cc-cc408-hya,data-node-19,9.9.2.156,elasticsearch_os_load5,1.13
2023/4/12 20:41,1681303307,cc-cc408-hya,data-node-19,9.9.2.156,elasticsearch_os_load5,1.13
2023/4/12 20:42,1681303367,cc-cc408-hya,data-node-19,9.9.2.156,elasticsearch_os_load5,1.19
2023/4/12 20:43,1681303427,cc-cc408-hya,data-node-19,9.9.2.156,elasticsearch_os_load5,1.5
2023/4/12 20:44,1681303487,cc-cc408-hya,data-node-19,9.9.2.156,elasticsearch_os_load5,1.5
2023/4/12 20:45,1681303547,cc-cc408-hya,data-node-19,9.9.2.156,elasticsearch_os_load5,1.4
2023/4/12 20:46,1681303607,cc-cc408-hya,data-node-19,9.9.2.156,elasticsearch_os_load5,1.42
2023/4/12 20:47,1681303667,cc-cc408-hya,data-node-19,9.9.2.156,elasticsearch_os_load5,1.31
2023/4/12 20:48,1681303727,cc-cc408-hya,data-node-19,9.9.2.156,elasticsearch_os_load5,1.38
2023/4/12 20:49,1681303787,cc-cc408-hya,data-node-19,9.9.2.156,elasticsearch_os_load5,1.39
2023/4/12 20:50,1681303847,cc-cc408-hya,data-node-19,9.9.2.156,elasticsearch_os_load5,1.38
2023/4/12 20:51,1681303907,cc-cc408-hya,data-node-19,9.9.2.156,elasticsearch_os_load5,1.27
2023/4/12 20:52,1681303967,cc-cc408-hya,data-node-19,9.9.2.156,elasticsearch_os_load5,1.28
2023/4/12 20:53,1681304027,cc-cc408-hya,data-node-19,9.9.2.156,elasticsearch_os_load5,1.16
2023/4/12 20:54,1681304087,cc-cc408-hya,data-node-19,9.9.2.156,elasticsearch_os_load5,1.08
2023/4/12 20:55,1681304147,cc-cc408-hya,data-node-19,9.9.2.156,elasticsearch_os_load5,1.03
2023/4/12 20:56,1681304207,cc-cc408-hya,data-node-19,9.9.2.156,elasticsearch_os_load5,1.04
2023/4/12 20:57,1681304267,cc-cc408-hya,data-node-19,9.9.2.156,elasticsearch_os_load5,0.97
2023/4/12 20:58,1681304327,cc-cc408-hya,data-node-19,9.9.2.156,elasticsearch_os_load5,0.93
2023/4/12 20:59,1681304387,cc-cc408-hya,data-node-19,9.9.2.156,elasticsearch_os_load5,1.04
2023/4/12 21:00,1681304447,cc-cc408-hya,data-node-19,9.9.2.156,elasticsearch_os_load5,1.03
2023/4/12 21:01,1681304507,cc-cc408-hya,data-node-19,9.9.2.156,elasticsearch_os_load5,1.02
2023/4/12 21:02,1681304567,cc-cc408-hya,data-node-19,9.9.2.156,elasticsearch_os_load5,1.05
2023/4/12 21:03,1681304627,cc-cc408-hya,data-node-19,9.9.2.156,elasticsearch_os_load5,1.13
2023/4/12 21:04,1681304687,cc-cc408-hya,data-node-19,9.9.2.156,elasticsearch_os_load5,1.04
2023/4/12 21:05,1681304747,cc-cc408-hya,data-node-19,9.9.2.156,elasticsearch_os_load5,1.04
2023/4/12 21:06,1681304807,cc-cc408-hya,data-node-19,9.9.2.156,elasticsearch_os_load5,1.14
2023/4/12 21:07,1681304867,cc-cc408-hya,data-node-19,9.9.2.156,elasticsearch_os_load5,1.28
2023/4/12 21:08,1681304927,cc-cc408-hya,data-node-19,9.9.2.156,elasticsearch_os_load5,1.33
2023/4/12 21:09,1681304987,cc-cc408-hya,data-node-19,9.9.2.156,elasticsearch_os_load5,1.24
2023/4/12 21:10,1681305047,cc-cc408-hya,data-node-19,9.9.2.156,elasticsearch_os_load5,1.21
2023/4/12 21:11,1681305107,cc-cc408-hya,data-node-19,9.9.2.156,elasticsearch_os_load5,1.44
2023/4/12 21:12,1681305167,cc-cc408-hya,data-node-19,9.9.2.156,elasticsearch_os_load5,1.55
2023/4/12 21:13,1681305227,cc-cc408-hya,data-node-19,9.9.2.156,elasticsearch_os_load5,1.64
2023/4/12 21:14,1681305287,cc-cc408-hya,data-node-19,9.9.2.156,elasticsearch_os_load5,1.47
2023/4/12 21:15,1681305347,cc-cc408-hya,data-node-19,9.9.2.156,elasticsearch_os_load5,1.44
2023/4/12 21:16,1681305407,cc-cc408-hya,data-node-19,9.9.2.156,elasticsearch_os_load5,1.4
2023/4/12 21:17,1681305467,cc-cc408-hya,data-node-19,9.9.2.156,elasticsearch_os_load5,1.29
2023/4/12 21:18,1681305527,cc-cc408-hya,data-node-19,9.9.2.156,elasticsearch_os_load5,1.23
2023/4/12 21:19,1681305587,cc-cc408-hya,data-node-19,9.9.2.156,elasticsearch_os_load5,1.16
2023/4/12 21:20,1681305647,cc-cc408-hya,data-node-19,9.9.2.156,elasticsearch_os_load5,1.11
2023/4/12 21:21,1681305707,cc-cc408-hya,data-node-19,9.9.2.156,elasticsearch_os_load5,1.03
2023/4/12 21:22,1681305767,cc-cc408-hya,data-node-19,9.9.2.156,elasticsearch_os_load5,1.04
2023/4/12 21:23,1681305827,cc-cc408-hya,data-node-19,9.9.2.156,elasticsearch_os_load5,1.04
2023/4/12 21:24,1681305887,cc-cc408-hya,data-node-19,9.9.2.156,elasticsearch_os_load5,1.09
2023/4/12 21:25,1681305947,cc-cc408-hya,data-node-19,9.9.2.156,elasticsearch_os_load5,1.12
2023/4/12 21:26,1681306007,cc-cc408-hya,data-node-19,9.9.2.156,elasticsearch_os_load5,1.26
2023/4/12 21:27,1681306067,cc-cc408-hya,data-node-19,9.9.2.156,elasticsearch_os_load5,1.21
2023/4/12 21:28,1681306127,cc-cc408-hya,data-node-19,9.9.2.156,elasticsearch_os_load5,1.18
2023/4/12 21:29,1681306187,cc-cc408-hya,data-node-19,9.9.2.156,elasticsearch_os_load5,1.18
2023/4/12 21:30,1681306247,cc-cc408-hya,data-node-19,9.9.2.156,elasticsearch_os_load5,1.04
2023/4/12 21:31,1681306307,cc-cc408-hya,data-node-19,9.9.2.156,elasticsearch_os_load5,1.01
2023/4/12 21:32,1681306367,cc-cc408-hya,data-node-19,9.9.2.156,elasticsearch_os_load5,1.01
2023/4/12 21:33,1681306427,cc-cc408-hya,data-node-19,9.9.2.156,elasticsearch_os_load5,1.07
2023/4/12 21:34,1681306487,cc-cc408-hya,data-node-19,9.9.2.156,elasticsearch_os_load5,1.15
2023/4/12 21:35,1681306547,cc-cc408-hya,data-node-19,9.9.2.156,elasticsearch_os_load5,1.15
2023/4/12 21:36,1681306607,cc-cc408-hya,data-node-19,9.9.2.156,elasticsearch_os_load5,1.06
2023/4/12 21:37,1681306667,cc-cc408-hya,data-node-19,9.9.2.156,elasticsearch_os_load5,0.95
2023/4/12 21:38,1681306727,cc-cc408-hya,data-node-19,9.9.2.156,elasticsearch_os_load5,0.94
2023/4/12 21:39,1681306787,cc-cc408-hya,data-node-19,9.9.2.156,elasticsearch_os_load5,0.95
2023/4/12 21:40,1681306847,cc-cc408-hya,data-node-19,9.9.2.156,elasticsearch_os_load5,0.9
2023/4/12 21:41,1681306907,cc-cc408-hya,data-node-19,9.9.2.156,elasticsearch_os_load5,0.88
2023/4/12 21:42,1681306967,cc-cc408-hya,data-node-19,9.9.2.156,elasticsearch_os_load5,0.98
2023/4/12 21:43,1681307027,cc-cc408-hya,data-node-19,9.9.2.156,elasticsearch_os_load5,0.86
2023/4/12 21:44,1681307087,cc-cc408-hya,data-node-19,9.9.2.156,elasticsearch_os_load5,0.78
2023/4/12 21:45,1681307147,cc-cc408-hya,data-node-19,9.9.2.156,elasticsearch_os_load5,0.75
2023/4/12 21:46,1681307207,cc-cc408-hya,data-node-19,9.9.2.156,elasticsearch_os_load5,0.86
2023/4/12 21:47,1681307267,cc-cc408-hya,data-node-19,9.9.2.156,elasticsearch_os_load5,0.77
2023/4/12 21:48,1681307327,cc-cc408-hya,data-node-19,9.9.2.156,elasticsearch_os_load5,0.83
2023/4/12 21:49,1681307387,cc-cc408-hya,data-node-19,9.9.2.156,elasticsearch_os_load5,0.9
2023/4/12 21:50,1681307447,cc-cc408-hya,data-node-19,9.9.2.156,elasticsearch_os_load5,1
2023/4/12 21:51,1681307507,cc-cc408-hya,data-node-19,9.9.2.156,elasticsearch_os_load5,1.02
2023/4/12 21:52,1681307567,cc-cc408-hya,data-node-19,9.9.2.156,elasticsearch_os_load5,1.08
2023/4/12 21:53,1681307627,cc-cc408-hya,data-node-19,9.9.2.156,elasticsearch_os_load5,1.07
2023/4/12 21:54,1681307687,cc-cc408-hya,data-node-19,9.9.2.156,elasticsearch_os_load5,1.31
2023/4/12 21:55,1681307747,cc-cc408-hya,data-node-19,9.9.2.156,elasticsearch_os_load5,1.19
2023/4/12 21:56,1681307807,cc-cc408-hya,data-node-19,9.9.2.156,elasticsearch_os_load5,1.14
2023/4/12 21:57,1681307867,cc-cc408-hya,data-node-19,9.9.2.156,elasticsearch_os_load5,1.21
2023/4/12 21:58,1681307927,cc-cc408-hya,data-node-19,9.9.2.156,elasticsearch_os_load5,1.26
2023/4/12 21:59,1681307987,cc-cc408-hya,data-node-19,9.9.2.156,elasticsearch_os_load5,1.14
2023/4/12 22:00,1681308047,cc-cc408-hya,data-node-19,9.9.2.156,elasticsearch_os_load5,1.07
2023/4/12 22:01,1681308107,cc-cc408-hya,data-node-19,9.9.2.156,elasticsearch_os_load5,0.99
2023/4/12 22:02,1681308167,cc-cc408-hya,data-node-19,9.9.2.156,elasticsearch_os_load5,0.92
2023/4/12 22:03,1681308227,cc-cc408-hya,data-node-19,9.9.2.156,elasticsearch_os_load5,0.8
2023/4/12 22:04,1681308287,cc-cc408-hya,data-node-19,9.9.2.156,elasticsearch_os_load5,0.95
2023/4/12 22:05,1681308347,cc-cc408-hya,data-node-19,9.9.2.156,elasticsearch_os_load5,0.82
2023/4/12 22:06,1681308407,cc-cc408-hya,data-node-19,9.9.2.156,elasticsearch_os_load5,1.39
2023/4/12 22:07,1681308467,cc-cc408-hya,data-node-19,9.9.2.156,elasticsearch_os_load5,1.4
2023/4/12 22:08,1681308527,cc-cc408-hya,data-node-19,9.9.2.156,elasticsearch_os_load5,1.25
2023/4/12 22:09,1681308587,cc-cc408-hya,data-node-19,9.9.2.156,elasticsearch_os_load5,1.17
2023/4/12 22:10,1681308647,cc-cc408-hya,data-node-19,9.9.2.156,elasticsearch_os_load5,1.18
2023/4/12 22:11,1681308707,cc-cc408-hya,data-node-19,9.9.2.156,elasticsearch_os_load5,1.18
2023/4/12 22:12,1681308767,cc-cc408-hya,data-node-19,9.9.2.156,elasticsearch_os_load5,1.19
2023/4/12 22:13,1681308827,cc-cc408-hya,data-node-19,9.9.2.156,elasticsearch_os_load5,1.18
2023/4/12 22:14,1681308887,cc-cc408-hya,data-node-19,9.9.2.156,elasticsearch_os_load5,1.12
2023/4/12 22:15,1681308947,cc-cc408-hya,data-node-19,9.9.2.156,elasticsearch_os_load5,1.06
2023/4/12 22:16,1681309007,cc-cc408-hya,data-node-19,9.9.2.156,elasticsearch_os_load5,1.11
2023/4/12 22:17,1681309067,cc-cc408-hya,data-node-19,9.9.2.156,elasticsearch_os_load5,0.96
2023/4/12 22:18,1681309127,cc-cc408-hya,data-node-19,9.9.2.156,elasticsearch_os_load5,1.04
2023/4/12 22:19,1681309187,cc-cc408-hya,data-node-19,9.9.2.156,elasticsearch_os_load5,1.05
2023/4/12 22:20,1681309247,cc-cc408-hya,data-node-19,9.9.2.156,elasticsearch_os_load5,1.13
2023/4/12 22:21,1681309307,cc-cc408-hya,data-node-19,9.9.2.156,elasticsearch_os_load5,1
2023/4/12 22:22,1681309367,cc-cc408-hya,data-node-19,9.9.2.156,elasticsearch_os_load5,0.91
2023/4/12 22:23,1681309427,cc-cc408-hya,data-node-19,9.9.2.156,elasticsearch_os_load5,0.85
2023/4/12 22:24,1681309487,cc-cc408-hya,data-node-19,9.9.2.156,elasticsearch_os_load5,0.88
2023/4/12 22:25,1681309547,cc-cc408-hya,data-node-19,9.9.2.156,elasticsearch_os_load5,0.96
2023/4/12 22:26,1681309607,cc-cc408-hya,data-node-19,9.9.2.156,elasticsearch_os_load5,1.11
2023/4/12 22:27,1681309667,cc-cc408-hya,data-node-19,9.9.2.156,elasticsearch_os_load5,1.02
2023/4/12 22:28,1681309727,cc-cc408-hya,data-node-19,9.9.2.156,elasticsearch_os_load5,1.1
2023/4/12 22:29,1681309787,cc-cc408-hya,data-node-19,9.9.2.156,elasticsearch_os_load5,1.21
2023/4/12 22:30,1681309847,cc-cc408-hya,data-node-19,9.9.2.156,elasticsearch_os_load5,1.38
2023/4/12 22:31,1681309907,cc-cc408-hya,data-node-19,9.9.2.156,elasticsearch_os_load5,1.36
2023/4/12 22:32,1681309967,cc-cc408-hya,data-node-19,9.9.2.156,elasticsearch_os_load5,1.25
2023/4/12 22:33,1681310027,cc-cc408-hya,data-node-19,9.9.2.156,elasticsearch_os_load5,1.13
2023/4/12 22:34,1681310087,cc-cc408-hya,data-node-19,9.9.2.156,elasticsearch_os_load5,1.19
2023/4/12 22:35,1681310147,cc-cc408-hya,data-node-19,9.9.2.156,elasticsearch_os_load5,1.23
2023/4/12 22:36,1681310207,cc-cc408-hya,data-node-19,9.9.2.156,elasticsearch_os_load5,1.47
2023/4/12 22:37,1681310267,cc-cc408-hya,data-node-19,9.9.2.156,elasticsearch_os_load5,1.48
2023/4/12 22:38,1681310327,cc-cc408-hya,data-node-19,9.9.2.156,elasticsearch_os_load5,1.48
2023/4/12 22:39,1681310387,cc-cc408-hya,data-node-19,9.9.2.156,elasticsearch_os_load5,1.57
2023/4/12 22:40,1681310447,cc-cc408-hya,data-node-19,9.9.2.156,elasticsearch_os_load5,1.39
2023/4/12 22:41,1681310507,cc-cc408-hya,data-node-19,9.9.2.156,elasticsearch_os_load5,1.29
2023/4/12 22:42,1681310567,cc-cc408-hya,data-node-19,9.9.2.156,elasticsearch_os_load5,1.17
2023/4/12 22:43,1681310627,cc-cc408-hya,data-node-19,9.9.2.156,elasticsearch_os_load5,1.14
2023/4/12 22:44,1681310687,cc-cc408-hya,data-node-19,9.9.2.156,elasticsearch_os_load5,1
2023/4/12 22:45,1681310747,cc-cc408-hya,data-node-19,9.9.2.156,elasticsearch_os_load5,0.93
2023/4/12 22:46,1681310807,cc-cc408-hya,data-node-19,9.9.2.156,elasticsearch_os_load5,0.99
2023/4/12 22:47,1681310867,cc-cc408-hya,data-node-19,9.9.2.156,elasticsearch_os_load5,0.88
2023/4/12 22:48,1681310927,cc-cc408-hya,data-node-19,9.9.2.156,elasticsearch_os_load5,0.99
2023/4/12 22:49,1681310987,cc-cc408-hya,data-node-19,9.9.2.156,elasticsearch_os_load5,1
2023/4/12 22:50,1681311047,cc-cc408-hya,data-node-19,9.9.2.156,elasticsearch_os_load5,0.99
2023/4/12 22:51,1681311107,cc-cc408-hya,data-node-19,9.9.2.156,elasticsearch_os_load5,0.98
2023/4/12 22:52,1681311167,cc-cc408-hya,data-node-19,9.9.2.156,elasticsearch_os_load5,0.97
2023/4/12 22:53,1681311227,cc-cc408-hya,data-node-19,9.9.2.156,elasticsearch_os_load5,0.99
2023/4/12 22:54,1681311287,cc-cc408-hya,data-node-19,9.9.2.156,elasticsearch_os_load5,0.96
2023/4/12 22:55,1681311347,cc-cc408-hya,data-node-19,9.9.2.156,elasticsearch_os_load5,1.03
2023/4/12 22:56,1681311407,cc-cc408-hya,data-node-19,9.9.2.156,elasticsearch_os_load5,1.01
2023/4/12 22:57,1681311467,cc-cc408-hya,data-node-19,9.9.2.156,elasticsearch_os_load5,0.95
2023/4/12 22:58,1681311527,cc-cc408-hya,data-node-19,9.9.2.156,elasticsearch_os_load5,0.89
2023/4/12 22:59,1681311587,cc-cc408-hya,data-node-19,9.9.2.156,elasticsearch_os_load5,0.86
2023/4/12 23:00,1681311647,cc-cc408-hya,data-node-19,9.9.2.156,elasticsearch_os_load5,0.89
2023/4/12 23:01,1681311707,cc-cc408-hya,data-node-19,9.9.2.156,elasticsearch_os_load5,0.91
2023/4/12 23:02,1681311767,cc-cc408-hya,data-node-19,9.9.2.156,elasticsearch_os_load5,0.89
2023/4/12 23:03,1681311827,cc-cc408-hya,data-node-19,9.9.2.156,elasticsearch_os_load5,0.91
2023/4/12 23:04,1681311887,cc-cc408-hya,data-node-19,9.9.2.156,elasticsearch_os_load5,0.87
2023/4/12 23:05,1681311947,cc-cc408-hya,data-node-19,9.9.2.156,elasticsearch_os_load5,0.77
2023/4/12 23:06,1681312007,cc-cc408-hya,data-node-19,9.9.2.156,elasticsearch_os_load5,0.7
2023/4/12 23:07,1681312067,cc-cc408-hya,data-node-19,9.9.2.156,elasticsearch_os_load5,0.64
2023/4/12 23:08,1681312127,cc-cc408-hya,data-node-19,9.9.2.156,elasticsearch_os_load5,0.76
2023/4/12 23:09,1681312187,cc-cc408-hya,data-node-19,9.9.2.156,elasticsearch_os_load5,0.71
2023/4/12 23:10,1681312247,cc-cc408-hya,data-node-19,9.9.2.156,elasticsearch_os_load5,0.74
2023/4/12 23:11,1681312307,cc-cc408-hya,data-node-19,9.9.2.156,elasticsearch_os_load5,0.94
2023/4/12 23:12,1681312367,cc-cc408-hya,data-node-19,9.9.2.156,elasticsearch_os_load5,1.06
2023/4/12 23:13,1681312427,cc-cc408-hya,data-node-19,9.9.2.156,elasticsearch_os_load5,1.07
2023/4/12 23:14,1681312487,cc-cc408-hya,data-node-19,9.9.2.156,elasticsearch_os_load5,1.15
2023/4/12 23:15,1681312547,cc-cc408-hya,data-node-19,9.9.2.156,elasticsearch_os_load5,1.14
2023/4/12 23:16,1681312607,cc-cc408-hya,data-node-19,9.9.2.156,elasticsearch_os_load5,1.07
2023/4/12 23:17,1681312667,cc-cc408-hya,data-node-19,9.9.2.156,elasticsearch_os_load5,1
2023/4/12 23:18,1681312727,cc-cc408-hya,data-node-19,9.9.2.156,elasticsearch_os_load5,1.04
2023/4/12 23:19,1681312787,cc-cc408-hya,data-node-19,9.9.2.156,elasticsearch_os_load5,1.26
2023/4/12 23:20,1681312847,cc-cc408-hya,data-node-19,9.9.2.156,elasticsearch_os_load5,1.5
2023/4/12 23:21,1681312907,cc-cc408-hya,data-node-19,9.9.2.156,elasticsearch_os_load5,1.47
2023/4/12 23:22,1681312967,cc-cc408-hya,data-node-19,9.9.2.156,elasticsearch_os_load5,1.3
2023/4/12 23:23,1681313027,cc-cc408-hya,data-node-19,9.9.2.156,elasticsearch_os_load5,1.23
2023/4/12 23:24,1681313087,cc-cc408-hya,data-node-19,9.9.2.156,elasticsearch_os_load5,1.22
2023/4/12 23:25,1681313147,cc-cc408-hya,data-node-19,9.9.2.156,elasticsearch_os_load5,1.36
2023/4/12 23:26,1681313207,cc-cc408-hya,data-node-19,9.9.2.156,elasticsearch_os_load5,1.3
2023/4/12 23:27,1681313267,cc-cc408-hya,data-node-19,9.9.2.156,elasticsearch_os_load5,1.44
2023/4/12 23:28,1681313327,cc-cc408-hya,data-node-19,9.9.2.156,elasticsearch_os_load5,1.65
2023/4/12 23:29,1681313387,cc-cc408-hya,data-node-19,9.9.2.156,elasticsearch_os_load5,1.6
2023/4/12 23:30,1681313447,cc-cc408-hya,data-node-19,9.9.2.156,elasticsearch_os_load5,1.68
2023/4/12 23:31,1681313507,cc-cc408-hya,data-node-19,9.9.2.156,elasticsearch_os_load5,1.78
2023/4/12 23:32,1681313567,cc-cc408-hya,data-node-19,9.9.2.156,elasticsearch_os_load5,1.69
2023/4/12 23:33,1681313627,cc-cc408-hya,data-node-19,9.9.2.156,elasticsearch_os_load5,1.63
2023/4/12 23:34,1681313687,cc-cc408-hya,data-node-19,9.9.2.156,elasticsearch_os_load5,1.45
2023/4/12 23:35,1681313747,cc-cc408-hya,data-node-19,9.9.2.156,elasticsearch_os_load5,1.34
2023/4/12 23:36,1681313807,cc-cc408-hya,data-node-19,9.9.2.156,elasticsearch_os_load5,1.25
2023/4/12 23:37,1681313867,cc-cc408-hya,data-node-19,9.9.2.156,elasticsearch_os_load5,1.15
2023/4/12 23:38,1681313927,cc-cc408-hya,data-node-19,9.9.2.156,elasticsearch_os_load5,1.16
2023/4/12 23:39,1681313987,cc-cc408-hya,data-node-19,9.9.2.156,elasticsearch_os_load5,1.04
2023/4/12 23:40,1681314047,cc-cc408-hya,data-node-19,9.9.2.156,elasticsearch_os_load5,1.03
2023/4/12 23:41,1681314107,cc-cc408-hya,data-node-19,9.9.2.156,elasticsearch_os_load5,0.95
2023/4/12 23:42,1681314167,cc-cc408-hya,data-node-19,9.9.2.156,elasticsearch_os_load5,0.92
2023/4/12 23:43,1681314227,cc-cc408-hya,data-node-19,9.9.2.156,elasticsearch_os_load5,0.79
2023/4/12 23:44,1681314287,cc-cc408-hya,data-node-19,9.9.2.156,elasticsearch_os_load5,0.72
2023/4/12 23:45,1681314347,cc-cc408-hya,data-node-19,9.9.2.156,elasticsearch_os_load5,0.79
2023/4/12 23:46,1681314407,cc-cc408-hya,data-node-19,9.9.2.156,elasticsearch_os_load5,0.7
2023/4/12 23:47,1681314467,cc-cc408-hya,data-node-19,9.9.2.156,elasticsearch_os_load5,0.7
2023/4/12 23:48,1681314527,cc-cc408-hya,data-node-19,9.9.2.156,elasticsearch_os_load5,0.66
2023/4/12 23:49,1681314587,cc-cc408-hya,data-node-19,9.9.2.156,elasticsearch_os_load5,0.62
2023/4/12 23:50,1681314647,cc-cc408-hya,data-node-19,9.9.2.156,elasticsearch_os_load5,0.58
2023/4/12 23:51,1681314707,cc-cc408-hya,data-node-19,9.9.2.156,elasticsearch_os_load5,0.55
2023/4/12 23:52,1681314767,cc-cc408-hya,data-node-19,9.9.2.156,elasticsearch_os_load5,0.51
2023/4/12 23:53,1681314827,cc-cc408-hya,data-node-19,9.9.2.156,elasticsearch_os_load5,0.76
2023/4/12 23:54,1681314887,cc-cc408-hya,data-node-19,9.9.2.156,elasticsearch_os_load5,0.77
2023/4/12 23:55,1681314947,cc-cc408-hya,data-node-19,9.9.2.156,elasticsearch_os_load5,0.85
2023/4/12 23:56,1681315007,cc-cc408-hya,data-node-19,9.9.2.156,elasticsearch_os_load5,0.82
2023/4/12 23:57,1681315067,cc-cc408-hya,data-node-19,9.9.2.156,elasticsearch_os_load5,0.71
2023/4/12 23:58,1681315127,cc-cc408-hya,data-node-19,9.9.2.156,elasticsearch_os_load5,0.75
2023/4/12 23:59,1681315187,cc-cc408-hya,data-node-19,9.9.2.156,elasticsearch_os_load5,0.73
2023/4/13 0:00,1681315247,cc-cc408-hya,data-node-19,9.9.2.156,elasticsearch_os_load5,0.75
2023/4/13 0:01,1681315307,cc-cc408-hya,data-node-19,9.9.2.156,elasticsearch_os_load5,0.94
2023/4/13 0:02,1681315367,cc-cc408-hya,data-node-19,9.9.2.156,elasticsearch_os_load5,1.03
2023/4/13 0:03,1681315427,cc-cc408-hya,data-node-19,9.9.2.156,elasticsearch_os_load5,1.05
2023/4/13 0:04,1681315487,cc-cc408-hya,data-node-19,9.9.2.156,elasticsearch_os_load5,0.93
2023/4/13 0:05,1681315547,cc-cc408-hya,data-node-19,9.9.2.156,elasticsearch_os_load5,0.77
2023/4/13 0:06,1681315607,cc-cc408-hya,data-node-19,9.9.2.156,elasticsearch_os_load5,0.68
2023/4/13 0:07,1681315667,cc-cc408-hya,data-node-19,9.9.2.156,elasticsearch_os_load5,0.58
2023/4/13 0:08,1681315727,cc-cc408-hya,data-node-19,9.9.2.156,elasticsearch_os_load5,0.55
2023/4/13 0:09,1681315787,cc-cc408-hya,data-node-19,9.9.2.156,elasticsearch_os_load5,0.48
2023/4/13 0:10,1681315847,cc-cc408-hya,data-node-19,9.9.2.156,elasticsearch_os_load5,0.43
2023/4/13 0:11,1681315907,cc-cc408-hya,data-node-19,9.9.2.156,elasticsearch_os_load5,0.48
2023/4/13 0:12,1681315967,cc-cc408-hya,data-node-19,9.9.2.156,elasticsearch_os_load5,0.45
2023/4/13 0:13,1681316027,cc-cc408-hya,data-node-19,9.9.2.156,elasticsearch_os_load5,0.43
2023/4/13 0:14,1681316087,cc-cc408-hya,data-node-19,9.9.2.156,elasticsearch_os_load5,0.38
2023/4/13 0:15,1681316147,cc-cc408-hya,data-node-19,9.9.2.156,elasticsearch_os_load5,0.35
2023/4/13 0:16,1681316207,cc-cc408-hya,data-node-19,9.9.2.156,elasticsearch_os_load5,0.34
2023/4/13 0:17,1681316267,cc-cc408-hya,data-node-19,9.9.2.156,elasticsearch_os_load5,0.38
2023/4/13 0:18,1681316327,cc-cc408-hya,data-node-19,9.9.2.156,elasticsearch_os_load5,0.37
2023/4/13 0:19,1681316387,cc-cc408-hya,data-node-19,9.9.2.156,elasticsearch_os_load5,0.46
2023/4/13 0:20,1681316447,cc-cc408-hya,data-node-19,9.9.2.156,elasticsearch_os_load5,0.51
2023/4/13 0:21,1681316507,cc-cc408-hya,data-node-19,9.9.2.156,elasticsearch_os_load5,0.51
2023/4/13 0:22,1681316567,cc-cc408-hya,data-node-19,9.9.2.156,elasticsearch_os_load5,0.67
2023/4/13 0:23,1681316627,cc-cc408-hya,data-node-19,9.9.2.156,elasticsearch_os_load5,0.66
2023/4/13 0:24,1681316687,cc-cc408-hya,data-node-19,9.9.2.156,elasticsearch_os_load5,0.75
2023/4/13 0:25,1681316747,cc-cc408-hya,data-node-19,9.9.2.156,elasticsearch_os_load5,0.92
2023/4/13 0:26,1681316807,cc-cc408-hya,data-node-19,9.9.2.156,elasticsearch_os_load5,0.95
2023/4/13 0:27,1681316867,cc-cc408-hya,data-node-19,9.9.2.156,elasticsearch_os_load5,0.93
2023/4/13 0:28,1681316927,cc-cc408-hya,data-node-19,9.9.2.156,elasticsearch_os_load5,0.92
2023/4/13 0:29,1681316987,cc-cc408-hya,data-node-19,9.9.2.156,elasticsearch_os_load5,0.93
2023/4/13 0:30,1681317047,cc-cc408-hya,data-node-19,9.9.2.156,elasticsearch_os_load5,1.07
2023/4/13 0:31,1681317107,cc-cc408-hya,data-node-19,9.9.2.156,elasticsearch_os_load5,0.99
2023/4/13 0:32,1681317167,cc-cc408-hya,data-node-19,9.9.2.156,elasticsearch_os_load5,0.98
2023/4/13 0:33,1681317227,cc-cc408-hya,data-node-19,9.9.2.156,elasticsearch_os_load5,1.02
2023/4/13 0:34,1681317287,cc-cc408-hya,data-node-19,9.9.2.156,elasticsearch_os_load5,1
2023/4/13 0:35,1681317347,cc-cc408-hya,data-node-19,9.9.2.156,elasticsearch_os_load5,1.13
2023/4/13 0:36,1681317407,cc-cc408-hya,data-node-19,9.9.2.156,elasticsearch_os_load5,1.13
2023/4/13 0:37,1681317467,cc-cc408-hya,data-node-19,9.9.2.156,elasticsearch_os_load5,1.35
2023/4/13 0:38,1681317527,cc-cc408-hya,data-node-19,9.9.2.156,elasticsearch_os_load5,1.45
2023/4/13 0:39,1681317587,cc-cc408-hya,data-node-19,9.9.2.156,elasticsearch_os_load5,1.35
2023/4/13 0:40,1681317647,cc-cc408-hya,data-node-19,9.9.2.156,elasticsearch_os_load5,1.4
2023/4/13 0:41,1681317707,cc-cc408-hya,data-node-19,9.9.2.156,elasticsearch_os_load5,1.42
2023/4/13 0:42,1681317767,cc-cc408-hya,data-node-19,9.9.2.156,elasticsearch_os_load5,1.37
2023/4/13 0:43,1681317827,cc-cc408-hya,data-node-19,9.9.2.156,elasticsearch_os_load5,1.48
2023/4/13 0:44,1681317887,cc-cc408-hya,data-node-19,9.9.2.156,elasticsearch_os_load5,1.62
2023/4/13 0:45,1681317947,cc-cc408-hya,data-node-19,9.9.2.156,elasticsearch_os_load5,1.68
2023/4/13 0:46,1681318007,cc-cc408-hya,data-node-19,9.9.2.156,elasticsearch_os_load5,1.49
2023/4/13 0:47,1681318067,cc-cc408-hya,data-node-19,9.9.2.156,elasticsearch_os_load5,1.5
2023/4/13 0:48,1681318127,cc-cc408-hya,data-node-19,9.9.2.156,elasticsearch_os_load5,1.39
2023/4/13 0:49,1681318187,cc-cc408-hya,data-node-19,9.9.2.156,elasticsearch_os_load5,1.33
2023/4/13 0:50,1681318247,cc-cc408-hya,data-node-19,9.9.2.156,elasticsearch_os_load5,1.21
2023/4/13 0:51,1681318307,cc-cc408-hya,data-node-19,9.9.2.156,elasticsearch_os_load5,1.11
2023/4/13 0:52,1681318367,cc-cc408-hya,data-node-19,9.9.2.156,elasticsearch_os_load5,1.1
2023/4/13 0:53,1681318427,cc-cc408-hya,data-node-19,9.9.2.156,elasticsearch_os_load5,1.06
2023/4/13 0:54,1681318487,cc-cc408-hya,data-node-19,9.9.2.156,elasticsearch_os_load5,1.22
2023/4/13 0:55,1681318547,cc-cc408-hya,data-node-19,9.9.2.156,elasticsearch_os_load5,1.17
2023/4/13 0:56,1681318607,cc-cc408-hya,data-node-19,9.9.2.156,elasticsearch_os_load5,1.23
2023/4/13 0:57,1681318667,cc-cc408-hya,data-node-19,9.9.2.156,elasticsearch_os_load5,1.2
2023/4/13 0:58,1681318727,cc-cc408-hya,data-node-19,9.9.2.156,elasticsearch_os_load5,1.19
2023/4/13 0:59,1681318787,cc-cc408-hya,data-node-19,9.9.2.156,elasticsearch_os_load5,1.12
2023/4/13 1:00,1681318847,cc-cc408-hya,data-node-19,9.9.2.156,elasticsearch_os_load5,1.08
2023/4/13 1:01,1681318907,cc-cc408-hya,data-node-19,9.9.2.156,elasticsearch_os_load5,1.14
2023/4/13 1:02,1681318967,cc-cc408-hya,data-node-19,9.9.2.156,elasticsearch_os_load5,1.12
2023/4/13 1:03,1681319027,cc-cc408-hya,data-node-19,9.9.2.156,elasticsearch_os_load5,1.11
2023/4/13 1:04,1681319087,cc-cc408-hya,data-node-19,9.9.2.156,elasticsearch_os_load5,1.12
2023/4/13 1:05,1681319147,cc-cc408-hya,data-node-19,9.9.2.156,elasticsearch_os_load5,1.04
2023/4/13 1:06,1681319207,cc-cc408-hya,data-node-19,9.9.2.156,elasticsearch_os_load5,1.05
2023/4/13 1:07,1681319267,cc-cc408-hya,data-node-19,9.9.2.156,elasticsearch_os_load5,0.93
2023/4/13 1:08,1681319327,cc-cc408-hya,data-node-19,9.9.2.156,elasticsearch_os_load5,0.98
2023/4/13 1:09,1681319387,cc-cc408-hya,data-node-19,9.9.2.156,elasticsearch_os_load5,1.02
2023/4/13 1:10,1681319447,cc-cc408-hya,data-node-19,9.9.2.156,elasticsearch_os_load5,0.93
2023/4/13 1:11,1681319507,cc-cc408-hya,data-node-19,9.9.2.156,elasticsearch_os_load5,0.97
2023/4/13 1:12,1681319567,cc-cc408-hya,data-node-19,9.9.2.156,elasticsearch_os_load5,0.99
2023/4/13 1:13,1681319627,cc-cc408-hya,data-node-19,9.9.2.156,elasticsearch_os_load5,0.94
2023/4/13 1:14,1681319687,cc-cc408-hya,data-node-19,9.9.2.156,elasticsearch_os_load5,0.91
2023/4/13 1:15,1681319747,cc-cc408-hya,data-node-19,9.9.2.156,elasticsearch_os_load5,0.99
2023/4/13 1:16,1681319807,cc-cc408-hya,data-node-19,9.9.2.156,elasticsearch_os_load5,1.02
2023/4/13 1:17,1681319867,cc-cc408-hya,data-node-19,9.9.2.156,elasticsearch_os_load5,1.05
2023/4/13 1:18,1681319927,cc-cc408-hya,data-node-19,9.9.2.156,elasticsearch_os_load5,1.04
2023/4/13 1:19,1681319987,cc-cc408-hya,data-node-19,9.9.2.156,elasticsearch_os_load5,1.06
2023/4/13 1:20,1681320047,cc-cc408-hya,data-node-19,9.9.2.156,elasticsearch_os_load5,0.98
2023/4/13 1:21,1681320107,cc-cc408-hya,data-node-19,9.9.2.156,elasticsearch_os_load5,0.87
2023/4/13 1:22,1681320167,cc-cc408-hya,data-node-19,9.9.2.156,elasticsearch_os_load5,0.75
2023/4/13 1:23,1681320227,cc-cc408-hya,data-node-19,9.9.2.156,elasticsearch_os_load5,0.72
2023/4/13 1:24,1681320287,cc-cc408-hya,data-node-19,9.9.2.156,elasticsearch_os_load5,0.68
2023/4/13 1:25,1681320347,cc-cc408-hya,data-node-19,9.9.2.156,elasticsearch_os_load5,0.62
2023/4/13 1:26,1681320407,cc-cc408-hya,data-node-19,9.9.2.156,elasticsearch_os_load5,0.84
2023/4/13 1:27,1681320467,cc-cc408-hya,data-node-19,9.9.2.156,elasticsearch_os_load5,0.99
2023/4/13 1:28,1681320527,cc-cc408-hya,data-node-19,9.9.2.156,elasticsearch_os_load5,0.91
2023/4/13 1:29,1681320587,cc-cc408-hya,data-node-19,9.9.2.156,elasticsearch_os_load5,0.81
2023/4/13 1:30,1681320647,cc-cc408-hya,data-node-19,9.9.2.156,elasticsearch_os_load5,0.67
2023/4/13 1:31,1681320707,cc-cc408-hya,data-node-19,9.9.2.156,elasticsearch_os_load5,0.56
2023/4/13 1:32,1681320767,cc-cc408-hya,data-node-19,9.9.2.156,elasticsearch_os_load5,0.49
2023/4/13 1:33,1681320827,cc-cc408-hya,data-node-19,9.9.2.156,elasticsearch_os_load5,0.4
2023/4/13 1:34,1681320887,cc-cc408-hya,data-node-19,9.9.2.156,elasticsearch_os_load5,0.4
2023/4/13 1:35,1681320947,cc-cc408-hya,data-node-19,9.9.2.156,elasticsearch_os_load5,0.35
2023/4/13 1:36,1681321007,cc-cc408-hya,data-node-19,9.9.2.156,elasticsearch_os_load5,0.32
2023/4/13 1:37,1681321067,cc-cc408-hya,data-node-19,9.9.2.156,elasticsearch_os_load5,0.29
2023/4/13 1:38,1681321127,cc-cc408-hya,data-node-19,9.9.2.156,elasticsearch_os_load5,0.27
2023/4/13 1:39,1681321187,cc-cc408-hya,data-node-19,9.9.2.156,elasticsearch_os_load5,0.24
2023/4/13 1:40,1681321247,cc-cc408-hya,data-node-19,9.9.2.156,elasticsearch_os_load5,0.21
2023/4/13 1:41,1681321307,cc-cc408-hya,data-node-19,9.9.2.156,elasticsearch_os_load5,0.24
2023/4/13 1:42,1681321367,cc-cc408-hya,data-node-19,9.9.2.156,elasticsearch_os_load5,0.24
2023/4/13 1:43,1681321427,cc-cc408-hya,data-node-19,9.9.2.156,elasticsearch_os_load5,0.29
2023/4/13 1:44,1681321487,cc-cc408-hya,data-node-19,9.9.2.156,elasticsearch_os_load5,0.39
2023/4/13 1:45,1681321547,cc-cc408-hya,data-node-19,9.9.2.156,elasticsearch_os_load5,0.36
2023/4/13 1:46,1681321607,cc-cc408-hya,data-node-19,9.9.2.156,elasticsearch_os_load5,0.32
2023/4/13 1:47,1681321667,cc-cc408-hya,data-node-19,9.9.2.156,elasticsearch_os_load5,0.32
2023/4/13 1:48,1681321727,cc-cc408-hya,data-node-19,9.9.2.156,elasticsearch_os_load5,0.27
2023/4/13 1:49,1681321787,cc-cc408-hya,data-node-19,9.9.2.156,elasticsearch_os_load5,0.3
2023/4/13 1:50,1681321847,cc-cc408-hya,data-node-19,9.9.2.156,elasticsearch_os_load5,0.28
2023/4/13 1:51,1681321907,cc-cc408-hya,data-node-19,9.9.2.156,elasticsearch_os_load5,0.27
2023/4/13 1:52,1681321967,cc-cc408-hya,data-node-19,9.9.2.156,elasticsearch_os_load5,0.23
2023/4/13 1:53,1681322027,cc-cc408-hya,data-node-19,9.9.2.156,elasticsearch_os_load5,0.24
2023/4/13 1:54,1681322087,cc-cc408-hya,data-node-19,9.9.2.156,elasticsearch_os_load5,0.23
2023/4/13 1:55,1681322147,cc-cc408-hya,data-node-19,9.9.2.156,elasticsearch_os_load5,0.22
2023/4/13 1:56,1681322207,cc-cc408-hya,data-node-19,9.9.2.156,elasticsearch_os_load5,0.19
2023/4/13 1:57,1681322267,cc-cc408-hya,data-node-19,9.9.2.156,elasticsearch_os_load5,0.2
2023/4/13 1:58,1681322327,cc-cc408-hya,data-node-19,9.9.2.156,elasticsearch_os_load5,0.34
2023/4/13 1:59,1681322387,cc-cc408-hya,data-node-19,9.9.2.156,elasticsearch_os_load5,0.55
2023/4/13 2:00,1681322447,cc-cc408-hya,data-node-19,9.9.2.156,elasticsearch_os_load5,0.54
2023/4/13 2:01,1681322507,cc-cc408-hya,data-node-19,9.9.2.156,elasticsearch_os_load5,0.47
2023/4/13 2:02,1681322567,cc-cc408-hya,data-node-19,9.9.2.156,elasticsearch_os_load5,0.47
2023/4/13 2:03,1681322627,cc-cc408-hya,data-node-19,9.9.2.156,elasticsearch_os_load5,0.4
2023/4/13 2:04,1681322687,cc-cc408-hya,data-node-19,9.9.2.156,elasticsearch_os_load5,0.37
2023/4/13 2:05,1681322747,cc-cc408-hya,data-node-19,9.9.2.156,elasticsearch_os_load5,0.35
2023/4/13 2:06,1681322807,cc-cc408-hya,data-node-19,9.9.2.156,elasticsearch_os_load5,0.43
2023/4/13 2:07,1681322867,cc-cc408-hya,data-node-19,9.9.2.156,elasticsearch_os_load5,0.38
2023/4/13 2:08,1681322927,cc-cc408-hya,data-node-19,9.9.2.156,elasticsearch_os_load5,0.48
2023/4/13 2:09,1681322987,cc-cc408-hya,data-node-19,9.9.2.156,elasticsearch_os_load5,0.58
2023/4/13 2:10,1681323047,cc-cc408-hya,data-node-19,9.9.2.156,elasticsearch_os_load5,0.72
2023/4/13 2:11,1681323107,cc-cc408-hya,data-node-19,9.9.2.156,elasticsearch_os_load5,0.64
2023/4/13 2:12,1681323167,cc-cc408-hya,data-node-19,9.9.2.156,elasticsearch_os_load5,0.53
2023/4/13 2:13,1681323227,cc-cc408-hya,data-node-19,9.9.2.156,elasticsearch_os_load5,0.48
2023/4/13 2:14,1681323287,cc-cc408-hya,data-node-19,9.9.2.156,elasticsearch_os_load5,0.41
2023/4/13 2:15,1681323347,cc-cc408-hya,data-node-19,9.9.2.156,elasticsearch_os_load5,0.39
2023/4/13 2:16,1681323407,cc-cc408-hya,data-node-19,9.9.2.156,elasticsearch_os_load5,0.4
2023/4/13 2:17,1681323467,cc-cc408-hya,data-node-19,9.9.2.156,elasticsearch_os_load5,0.4
2023/4/13 2:18,1681323527,cc-cc408-hya,data-node-19,9.9.2.156,elasticsearch_os_load5,0.43
2023/4/13 2:19,1681323587,cc-cc408-hya,data-node-19,9.9.2.156,elasticsearch_os_load5,0.43
2023/4/13 2:20,1681323647,cc-cc408-hya,data-node-19,9.9.2.156,elasticsearch_os_load5,0.44
2023/4/13 2:21,1681323707,cc-cc408-hya,data-node-19,9.9.2.156,elasticsearch_os_load5,0.44
2023/4/13 2:22,1681323767,cc-cc408-hya,data-node-19,9.9.2.156,elasticsearch_os_load5,0.39
2023/4/13 2:23,1681323827,cc-cc408-hya,data-node-19,9.9.2.156,elasticsearch_os_load5,0.43
2023/4/13 2:24,1681323887,cc-cc408-hya,data-node-19,9.9.2.156,elasticsearch_os_load5,0.44
2023/4/13 2:25,1681323947,cc-cc408-hya,data-node-19,9.9.2.156,elasticsearch_os_load5,0.43
2023/4/13 2:26,1681324007,cc-cc408-hya,data-node-19,9.9.2.156,elasticsearch_os_load5,0.38
2023/4/13 2:27,1681324067,cc-cc408-hya,data-node-19,9.9.2.156,elasticsearch_os_load5,0.4
2023/4/13 2:28,1681324127,cc-cc408-hya,data-node-19,9.9.2.156,elasticsearch_os_load5,0.34
2023/4/13 2:29,1681324187,cc-cc408-hya,data-node-19,9.9.2.156,elasticsearch_os_load5,0.35
2023/4/13 2:30,1681324247,cc-cc408-hya,data-node-19,9.9.2.156,elasticsearch_os_load5,0.31
2023/4/13 2:31,1681324307,cc-cc408-hya,data-node-19,9.9.2.156,elasticsearch_os_load5,0.33
2023/4/13 2:32,1681324367,cc-cc408-hya,data-node-19,9.9.2.156,elasticsearch_os_load5,0.28
2023/4/13 2:33,1681324427,cc-cc408-hya,data-node-19,9.9.2.156,elasticsearch_os_load5,0.24
2023/4/13 2:34,1681324487,cc-cc408-hya,data-node-19,9.9.2.156,elasticsearch_os_load5,0.21
2023/4/13 2:35,1681324547,cc-cc408-hya,data-node-19,9.9.2.156,elasticsearch_os_load5,0.22
2023/4/13 2:36,1681324607,cc-cc408-hya,data-node-19,9.9.2.156,elasticsearch_os_load5,0.22
2023/4/13 2:37,1681324667,cc-cc408-hya,data-node-19,9.9.2.156,elasticsearch_os_load5,0.19
2023/4/13 2:38,1681324727,cc-cc408-hya,data-node-19,9.9.2.156,elasticsearch_os_load5,0.19
2023/4/13 2:39,1681324787,cc-cc408-hya,data-node-19,9.9.2.156,elasticsearch_os_load5,0.15
2023/4/13 2:40,1681324847,cc-cc408-hya,data-node-19,9.9.2.156,elasticsearch_os_load5,0.33
2023/4/13 2:41,1681324907,cc-cc408-hya,data-node-19,9.9.2.156,elasticsearch_os_load5,0.39
2023/4/13 2:42,1681324967,cc-cc408-hya,data-node-19,9.9.2.156,elasticsearch_os_load5,0.4
2023/4/13 2:43,1681325027,cc-cc408-hya,data-node-19,9.9.2.156,elasticsearch_os_load5,0.4
2023/4/13 2:44,1681325087,cc-cc408-hya,data-node-19,9.9.2.156,elasticsearch_os_load5,0.35
2023/4/13 2:45,1681325147,cc-cc408-hya,data-node-19,9.9.2.156,elasticsearch_os_load5,0.31
2023/4/13 2:46,1681325207,cc-cc408-hya,data-node-19,9.9.2.156,elasticsearch_os_load5,0.28
2023/4/13 2:47,1681325267,cc-cc408-hya,data-node-19,9.9.2.156,elasticsearch_os_load5,0.31
2023/4/13 2:48,1681325327,cc-cc408-hya,data-node-19,9.9.2.156,elasticsearch_os_load5,0.27
2023/4/13 2:49,1681325387,cc-cc408-hya,data-node-19,9.9.2.156,elasticsearch_os_load5,0.23
2023/4/13 2:50,1681325447,cc-cc408-hya,data-node-19,9.9.2.156,elasticsearch_os_load5,0.36
2023/4/13 2:51,1681325507,cc-cc408-hya,data-node-19,9.9.2.156,elasticsearch_os_load5,0.51
2023/4/13 2:52,1681325567,cc-cc408-hya,data-node-19,9.9.2.156,elasticsearch_os_load5,0.61
2023/4/13 2:53,1681325627,cc-cc408-hya,data-node-19,9.9.2.156,elasticsearch_os_load5,0.51
2023/4/13 2:54,1681325687,cc-cc408-hya,data-node-19,9.9.2.156,elasticsearch_os_load5,0.42
2023/4/13 2:55,1681325747,cc-cc408-hya,data-node-19,9.9.2.156,elasticsearch_os_load5,0.43
2023/4/13 2:56,1681325807,cc-cc408-hya,data-node-19,9.9.2.156,elasticsearch_os_load5,0.36
2023/4/13 2:57,1681325867,cc-cc408-hya,data-node-19,9.9.2.156,elasticsearch_os_load5,0.33
2023/4/13 2:58,1681325927,cc-cc408-hya,data-node-19,9.9.2.156,elasticsearch_os_load5,0.26
2023/4/13 2:59,1681325987,cc-cc408-hya,data-node-19,9.9.2.156,elasticsearch_os_load5,0.28
2023/4/13 3:00,1681326047,cc-cc408-hya,data-node-19,9.9.2.156,elasticsearch_os_load5,0.24
2023/4/13 3:01,1681326107,cc-cc408-hya,data-node-19,9.9.2.156,elasticsearch_os_load5,0.22
2023/4/13 3:02,1681326167,cc-cc408-hya,data-node-19,9.9.2.156,elasticsearch_os_load5,0.2
2023/4/13 3:03,1681326227,cc-cc408-hya,data-node-19,9.9.2.156,elasticsearch_os_load5,0.19
2023/4/13 3:04,1681326287,cc-cc408-hya,data-node-19,9.9.2.156,elasticsearch_os_load5,0.18
2023/4/13 3:05,1681326347,cc-cc408-hya,data-node-19,9.9.2.156,elasticsearch_os_load5,0.2
2023/4/13 3:06,1681326407,cc-cc408-hya,data-node-19,9.9.2.156,elasticsearch_os_load5,0.31
2023/4/13 3:07,1681326467,cc-cc408-hya,data-node-19,9.9.2.156,elasticsearch_os_load5,0.34
2023/4/13 3:08,1681326527,cc-cc408-hya,data-node-19,9.9.2.156,elasticsearch_os_load5,0.32
2023/4/13 3:09,1681326587,cc-cc408-hya,data-node-19,9.9.2.156,elasticsearch_os_load5,0.28
2023/4/13 3:10,1681326647,cc-cc408-hya,data-node-19,9.9.2.156,elasticsearch_os_load5,0.27
2023/4/13 3:11,1681326707,cc-cc408-hya,data-node-19,9.9.2.156,elasticsearch_os_load5,0.27
2023/4/13 3:12,1681326767,cc-cc408-hya,data-node-19,9.9.2.156,elasticsearch_os_load5,0.28
2023/4/13 3:13,1681326827,cc-cc408-hya,data-node-19,9.9.2.156,elasticsearch_os_load5,0.28
2023/4/13 3:14,1681326887,cc-cc408-hya,data-node-19,9.9.2.156,elasticsearch_os_load5,0.24
2023/4/13 3:15,1681326947,cc-cc408-hya,data-node-19,9.9.2.156,elasticsearch_os_load5,0.25
2023/4/13 3:16,1681327007,cc-cc408-hya,data-node-19,9.9.2.156,elasticsearch_os_load5,0.23
2023/4/13 3:17,1681327067,cc-cc408-hya,data-node-19,9.9.2.156,elasticsearch_os_load5,0.22
2023/4/13 3:18,1681327127,cc-cc408-hya,data-node-19,9.9.2.156,elasticsearch_os_load5,0.19
2023/4/13 3:19,1681327187,cc-cc408-hya,data-node-19,9.9.2.156,elasticsearch_os_load5,0.15
2023/4/13 3:20,1681327247,cc-cc408-hya,data-node-19,9.9.2.156,elasticsearch_os_load5,0.19
2023/4/13 3:21,1681327307,cc-cc408-hya,data-node-19,9.9.2.156,elasticsearch_os_load5,0.18
2023/4/13 3:22,1681327367,cc-cc408-hya,data-node-19,9.9.2.156,elasticsearch_os_load5,0.28
2023/4/13 3:23,1681327427,cc-cc408-hya,data-node-19,9.9.2.156,elasticsearch_os_load5,0.32
2023/4/13 3:24,1681327487,cc-cc408-hya,data-node-19,9.9.2.156,elasticsearch_os_load5,0.34
2023/4/13 3:25,1681327547,cc-cc408-hya,data-node-19,9.9.2.156,elasticsearch_os_load5,0.31
2023/4/13 3:26,1681327607,cc-cc408-hya,data-node-19,9.9.2.156,elasticsearch_os_load5,0.25
2023/4/13 3:27,1681327667,cc-cc408-hya,data-node-19,9.9.2.156,elasticsearch_os_load5,0.29
2023/4/13 3:28,1681327727,cc-cc408-hya,data-node-19,9.9.2.156,elasticsearch_os_load5,0.27
2023/4/13 3:29,1681327787,cc-cc408-hya,data-node-19,9.9.2.156,elasticsearch_os_load5,0.28
2023/4/13 3:30,1681327847,cc-cc408-hya,data-node-19,9.9.2.156,elasticsearch_os_load5,0.26
2023/4/13 3:31,1681327907,cc-cc408-hya,data-node-19,9.9.2.156,elasticsearch_os_load5,0.25
2023/4/13 3:32,1681327967,cc-cc408-hya,data-node-19,9.9.2.156,elasticsearch_os_load5,0.25
2023/4/13 3:33,1681328027,cc-cc408-hya,data-node-19,9.9.2.156,elasticsearch_os_load5,0.49
2023/4/13 3:34,1681328087,cc-cc408-hya,data-node-19,9.9.2.156,elasticsearch_os_load5,0.58
2023/4/13 3:35,1681328147,cc-cc408-hya,data-node-19,9.9.2.156,elasticsearch_os_load5,0.56
2023/4/13 3:36,1681328207,cc-cc408-hya,data-node-19,9.9.2.156,elasticsearch_os_load5,0.47
2023/4/13 3:37,1681328267,cc-cc408-hya,data-node-19,9.9.2.156,elasticsearch_os_load5,0.44
2023/4/13 3:38,1681328327,cc-cc408-hya,data-node-19,9.9.2.156,elasticsearch_os_load5,0.38
2023/4/13 3:39,1681328387,cc-cc408-hya,data-node-19,9.9.2.156,elasticsearch_os_load5,0.31
2023/4/13 3:40,1681328447,cc-cc408-hya,data-node-19,9.9.2.156,elasticsearch_os_load5,0.29
2023/4/13 3:41,1681328507,cc-cc408-hya,data-node-19,9.9.2.156,elasticsearch_os_load5,0.27
2023/4/13 3:42,1681328567,cc-cc408-hya,data-node-19,9.9.2.156,elasticsearch_os_load5,0.28
2023/4/13 3:43,1681328627,cc-cc408-hya,data-node-19,9.9.2.156,elasticsearch_os_load5,0.28
2023/4/13 3:44,1681328687,cc-cc408-hya,data-node-19,9.9.2.156,elasticsearch_os_load5,0.24
2023/4/13 3:45,1681328747,cc-cc408-hya,data-node-19,9.9.2.156,elasticsearch_os_load5,0.24
2023/4/13 3:46,1681328807,cc-cc408-hya,data-node-19,9.9.2.156,elasticsearch_os_load5,0.21
2023/4/13 3:47,1681328867,cc-cc408-hya,data-node-19,9.9.2.156,elasticsearch_os_load5,0.21
2023/4/13 3:48,1681328927,cc-cc408-hya,data-node-19,9.9.2.156,elasticsearch_os_load5,0.2
2023/4/13 3:49,1681328987,cc-cc408-hya,data-node-19,9.9.2.156,elasticsearch_os_load5,0.3
2023/4/13 3:50,1681329047,cc-cc408-hya,data-node-19,9.9.2.156,elasticsearch_os_load5,0.26
2023/4/13 3:51,1681329107,cc-cc408-hya,data-node-19,9.9.2.156,elasticsearch_os_load5,0.23
2023/4/13 3:52,1681329167,cc-cc408-hya,data-node-19,9.9.2.156,elasticsearch_os_load5,0.23
2023/4/13 3:53,1681329227,cc-cc408-hya,data-node-19,9.9.2.156,elasticsearch_os_load5,0.31
2023/4/13 3:54,1681329287,cc-cc408-hya,data-node-19,9.9.2.156,elasticsearch_os_load5,0.28
2023/4/13 3:55,1681329347,cc-cc408-hya,data-node-19,9.9.2.156,elasticsearch_os_load5,0.26
2023/4/13 3:56,1681329407,cc-cc408-hya,data-node-19,9.9.2.156,elasticsearch_os_load5,0.35
2023/4/13 3:57,1681329467,cc-cc408-hya,data-node-19,9.9.2.156,elasticsearch_os_load5,0.35
2023/4/13 3:58,1681329527,cc-cc408-hya,data-node-19,9.9.2.156,elasticsearch_os_load5,0.3
2023/4/13 3:59,1681329587,cc-cc408-hya,data-node-19,9.9.2.156,elasticsearch_os_load5,0.27
2023/4/13 4:00,1681329647,cc-cc408-hya,data-node-19,9.9.2.156,elasticsearch_os_load5,0.31
2023/4/13 4:01,1681329707,cc-cc408-hya,data-node-19,9.9.2.156,elasticsearch_os_load5,0.25
2023/4/13 4:02,1681329767,cc-cc408-hya,data-node-19,9.9.2.156,elasticsearch_os_load5,0.22
2023/4/13 4:03,1681329827,cc-cc408-hya,data-node-19,9.9.2.156,elasticsearch_os_load5,0.34
2023/4/13 4:04,1681329887,cc-cc408-hya,data-node-19,9.9.2.156,elasticsearch_os_load5,0.41
2023/4/13 4:05,1681329947,cc-cc408-hya,data-node-19,9.9.2.156,elasticsearch_os_load5,0.47
2023/4/13 4:06,1681330007,cc-cc408-hya,data-node-19,9.9.2.156,elasticsearch_os_load5,0.4
2023/4/13 4:07,1681330067,cc-cc408-hya,data-node-19,9.9.2.156,elasticsearch_os_load5,0.45
2023/4/13 4:08,1681330127,cc-cc408-hya,data-node-19,9.9.2.156,elasticsearch_os_load5,0.41
2023/4/13 4:09,1681330187,cc-cc408-hya,data-node-19,9.9.2.156,elasticsearch_os_load5,0.36
2023/4/13 4:10,1681330247,cc-cc408-hya,data-node-19,9.9.2.156,elasticsearch_os_load5,0.34
2023/4/13 4:11,1681330307,cc-cc408-hya,data-node-19,9.9.2.156,elasticsearch_os_load5,0.4
2023/4/13 4:12,1681330367,cc-cc408-hya,data-node-19,9.9.2.156,elasticsearch_os_load5,0.34
2023/4/13 4:13,1681330427,cc-cc408-hya,data-node-19,9.9.2.156,elasticsearch_os_load5,0.33
2023/4/13 4:14,1681330487,cc-cc408-hya,data-node-19,9.9.2.156,elasticsearch_os_load5,0.3
2023/4/13 4:15,1681330547,cc-cc408-hya,data-node-19,9.9.2.156,elasticsearch_os_load5,0.45
2023/4/13 4:16,1681330607,cc-cc408-hya,data-node-19,9.9.2.156,elasticsearch_os_load5,0.58
2023/4/13 4:17,1681330667,cc-cc408-hya,data-node-19,9.9.2.156,elasticsearch_os_load5,0.59
2023/4/13 4:18,1681330727,cc-cc408-hya,data-node-19,9.9.2.156,elasticsearch_os_load5,0.56
2023/4/13 4:19,1681330787,cc-cc408-hya,data-node-19,9.9.2.156,elasticsearch_os_load5,0.48
2023/4/13 4:20,1681330847,cc-cc408-hya,data-node-19,9.9.2.156,elasticsearch_os_load5,0.44
2023/4/13 4:21,1681330907,cc-cc408-hya,data-node-19,9.9.2.156,elasticsearch_os_load5,0.43
2023/4/13 4:22,1681330967,cc-cc408-hya,data-node-19,9.9.2.156,elasticsearch_os_load5,0.41
2023/4/13 4:23,1681331027,cc-cc408-hya,data-node-19,9.9.2.156,elasticsearch_os_load5,0.38
2023/4/13 4:24,1681331087,cc-cc408-hya,data-node-19,9.9.2.156,elasticsearch_os_load5,0.32
2023/4/13 4:25,1681331147,cc-cc408-hya,data-node-19,9.9.2.156,elasticsearch_os_load5,0.36
2023/4/13 4:26,1681331207,cc-cc408-hya,data-node-19,9.9.2.156,elasticsearch_os_load5,0.34
2023/4/13 4:27,1681331267,cc-cc408-hya,data-node-19,9.9.2.156,elasticsearch_os_load5,0.27
2023/4/13 4:28,1681331327,cc-cc408-hya,data-node-19,9.9.2.156,elasticsearch_os_load5,0.23
2023/4/13 4:29,1681331387,cc-cc408-hya,data-node-19,9.9.2.156,elasticsearch_os_load5,0.27
2023/4/13 4:30,1681331447,cc-cc408-hya,data-node-19,9.9.2.156,elasticsearch_os_load5,0.25
2023/4/13 4:31,1681331507,cc-cc408-hya,data-node-19,9.9.2.156,elasticsearch_os_load5,0.46
2023/4/13 4:32,1681331567,cc-cc408-hya,data-node-19,9.9.2.156,elasticsearch_os_load5,0.39
2023/4/13 4:33,1681331627,cc-cc408-hya,data-node-19,9.9.2.156,elasticsearch_os_load5,0.32
2023/4/13 4:34,1681331687,cc-cc408-hya,data-node-19,9.9.2.156,elasticsearch_os_load5,0.38
2023/4/13 4:35,1681331747,cc-cc408-hya,data-node-19,9.9.2.156,elasticsearch_os_load5,0.4
2023/4/13 4:36,1681331807,cc-cc408-hya,data-node-19,9.9.2.156,elasticsearch_os_load5,0.42
2023/4/13 4:37,1681331867,cc-cc408-hya,data-node-19,9.9.2.156,elasticsearch_os_load5,0.35
2023/4/13 4:38,1681331927,cc-cc408-hya,data-node-19,9.9.2.156,elasticsearch_os_load5,0.31
2023/4/13 4:39,1681331987,cc-cc408-hya,data-node-19,9.9.2.156,elasticsearch_os_load5,0.27
2023/4/13 4:40,1681332047,cc-cc408-hya,data-node-19,9.9.2.156,elasticsearch_os_load5,0.23
2023/4/13 4:41,1681332107,cc-cc408-hya,data-node-19,9.9.2.156,elasticsearch_os_load5,0.25
2023/4/13 4:42,1681332167,cc-cc408-hya,data-node-19,9.9.2.156,elasticsearch_os_load5,0.25
2023/4/13 4:43,1681332227,cc-cc408-hya,data-node-19,9.9.2.156,elasticsearch_os_load5,0.28
2023/4/13 4:44,1681332287,cc-cc408-hya,data-node-19,9.9.2.156,elasticsearch_os_load5,0.24
2023/4/13 4:45,1681332347,cc-cc408-hya,data-node-19,9.9.2.156,elasticsearch_os_load5,0.47
2023/4/13 4:46,1681332407,cc-cc408-hya,data-node-19,9.9.2.156,elasticsearch_os_load5,0.45
2023/4/13 4:47,1681332467,cc-cc408-hya,data-node-19,9.9.2.156,elasticsearch_os_load5,0.39
2023/4/13 4:48,1681332527,cc-cc408-hya,data-node-19,9.9.2.156,elasticsearch_os_load5,0.42
2023/4/13 4:49,1681332587,cc-cc408-hya,data-node-19,9.9.2.156,elasticsearch_os_load5,0.35
2023/4/13 4:50,1681332647,cc-cc408-hya,data-node-19,9.9.2.156,elasticsearch_os_load5,0.33
2023/4/13 4:51,1681332707,cc-cc408-hya,data-node-19,9.9.2.156,elasticsearch_os_load5,0.33
2023/4/13 4:52,1681332767,cc-cc408-hya,data-node-19,9.9.2.156,elasticsearch_os_load5,0.28
2023/4/13 4:53,1681332827,cc-cc408-hya,data-node-19,9.9.2.156,elasticsearch_os_load5,0.26
2023/4/13 4:54,1681332887,cc-cc408-hya,data-node-19,9.9.2.156,elasticsearch_os_load5,0.24
2023/4/13 4:55,1681332947,cc-cc408-hya,data-node-19,9.9.2.156,elasticsearch_os_load5,0.25
2023/4/13 4:56,1681333007,cc-cc408-hya,data-node-19,9.9.2.156,elasticsearch_os_load5,0.2
2023/4/13 4:57,1681333067,cc-cc408-hya,data-node-19,9.9.2.156,elasticsearch_os_load5,0.38
2023/4/13 4:58,1681333127,cc-cc408-hya,data-node-19,9.9.2.156,elasticsearch_os_load5,0.48
2023/4/13 4:59,1681333187,cc-cc408-hya,data-node-19,9.9.2.156,elasticsearch_os_load5,0.62
2023/4/13 5:00,1681333247,cc-cc408-hya,data-node-19,9.9.2.156,elasticsearch_os_load5,0.97
2023/4/13 5:01,1681333307,cc-cc408-hya,data-node-19,9.9.2.156,elasticsearch_os_load5,1.21
2023/4/13 5:02,1681333367,cc-cc408-hya,data-node-19,9.9.2.156,elasticsearch_os_load5,1.04
2023/4/13 5:03,1681333427,cc-cc408-hya,data-node-19,9.9.2.156,elasticsearch_os_load5,0.88
2023/4/13 5:04,1681333487,cc-cc408-hya,data-node-19,9.9.2.156,elasticsearch_os_load5,0.77
2023/4/13 5:05,1681333547,cc-cc408-hya,data-node-19,9.9.2.156,elasticsearch_os_load5,0.66
2023/4/13 5:06,1681333607,cc-cc408-hya,data-node-19,9.9.2.156,elasticsearch_os_load5,0.55
2023/4/13 5:07,1681333667,cc-cc408-hya,data-node-19,9.9.2.156,elasticsearch_os_load5,0.6
2023/4/13 5:08,1681333727,cc-cc408-hya,data-node-19,9.9.2.156,elasticsearch_os_load5,0.56
2023/4/13 5:09,1681333787,cc-cc408-hya,data-node-19,9.9.2.156,elasticsearch_os_load5,0.52
2023/4/13 5:10,1681333847,cc-cc408-hya,data-node-19,9.9.2.156,elasticsearch_os_load5,0.49
2023/4/13 5:11,1681333907,cc-cc408-hya,data-node-19,9.9.2.156,elasticsearch_os_load5,0.46
2023/4/13 5:12,1681333967,cc-cc408-hya,data-node-19,9.9.2.156,elasticsearch_os_load5,0.42
2023/4/13 5:13,1681334027,cc-cc408-hya,data-node-19,9.9.2.156,elasticsearch_os_load5,0.39
2023/4/13 5:14,1681334087,cc-cc408-hya,data-node-19,9.9.2.156,elasticsearch_os_load5,0.31
2023/4/13 5:15,1681334147,cc-cc408-hya,data-node-19,9.9.2.156,elasticsearch_os_load5,0.35
2023/4/13 5:16,1681334207,cc-cc408-hya,data-node-19,9.9.2.156,elasticsearch_os_load5,0.43
2023/4/13 5:17,1681334267,cc-cc408-hya,data-node-19,9.9.2.156,elasticsearch_os_load5,0.38
2023/4/13 5:18,1681334327,cc-cc408-hya,data-node-19,9.9.2.156,elasticsearch_os_load5,0.32
2023/4/13 5:19,1681334387,cc-cc408-hya,data-node-19,9.9.2.156,elasticsearch_os_load5,0.29
2023/4/13 5:20,1681334447,cc-cc408-hya,data-node-19,9.9.2.156,elasticsearch_os_load5,0.27
2023/4/13 5:21,1681334507,cc-cc408-hya,data-node-19,9.9.2.156,elasticsearch_os_load5,0.22
2023/4/13 5:22,1681334567,cc-cc408-hya,data-node-19,9.9.2.156,elasticsearch_os_load5,0.22
2023/4/13 5:23,1681334627,cc-cc408-hya,data-node-19,9.9.2.156,elasticsearch_os_load5,0.21
2023/4/13 5:24,1681334687,cc-cc408-hya,data-node-19,9.9.2.156,elasticsearch_os_load5,0.2
2023/4/13 5:25,1681334747,cc-cc408-hya,data-node-19,9.9.2.156,elasticsearch_os_load5,0.22
2023/4/13 5:26,1681334807,cc-cc408-hya,data-node-19,9.9.2.156,elasticsearch_os_load5,0.26
2023/4/13 5:27,1681334867,cc-cc408-hya,data-node-19,9.9.2.156,elasticsearch_os_load5,0.34
2023/4/13 5:28,1681334927,cc-cc408-hya,data-node-19,9.9.2.156,elasticsearch_os_load5,0.39
2023/4/13 5:29,1681334987,cc-cc408-hya,data-node-19,9.9.2.156,elasticsearch_os_load5,0.43
2023/4/13 5:30,1681335047,cc-cc408-hya,data-node-19,9.9.2.156,elasticsearch_os_load5,0.4
2023/4/13 5:31,1681335107,cc-cc408-hya,data-node-19,9.9.2.156,elasticsearch_os_load5,0.36
2023/4/13 5:32,1681335167,cc-cc408-hya,data-node-19,9.9.2.156,elasticsearch_os_load5,0.35
2023/4/13 5:33,1681335227,cc-cc408-hya,data-node-19,9.9.2.156,elasticsearch_os_load5,0.39
2023/4/13 5:34,1681335287,cc-cc408-hya,data-node-19,9.9.2.156,elasticsearch_os_load5,0.35
2023/4/13 5:35,1681335347,cc-cc408-hya,data-node-19,9.9.2.156,elasticsearch_os_load5,0.37
2023/4/13 5:36,1681335407,cc-cc408-hya,data-node-19,9.9.2.156,elasticsearch_os_load5,0.45
2023/4/13 5:37,1681335467,cc-cc408-hya,data-node-19,9.9.2.156,elasticsearch_os_load5,0.42
2023/4/13 5:38,1681335527,cc-cc408-hya,data-node-19,9.9.2.156,elasticsearch_os_load5,0.37
2023/4/13 5:39,1681335587,cc-cc408-hya,data-node-19,9.9.2.156,elasticsearch_os_load5,0.48
2023/4/13 5:40,1681335647,cc-cc408-hya,data-node-19,9.9.2.156,elasticsearch_os_load5,0.53
2023/4/13 5:41,1681335707,cc-cc408-hya,data-node-19,9.9.2.156,elasticsearch_os_load5,0.67
2023/4/13 5:42,1681335767,cc-cc408-hya,data-node-19,9.9.2.156,elasticsearch_os_load5,0.59
2023/4/13 5:43,1681335827,cc-cc408-hya,data-node-19,9.9.2.156,elasticsearch_os_load5,0.51
2023/4/13 5:44,1681335887,cc-cc408-hya,data-node-19,9.9.2.156,elasticsearch_os_load5,0.43
2023/4/13 5:45,1681335947,cc-cc408-hya,data-node-19,9.9.2.156,elasticsearch_os_load5,0.35
2023/4/13 5:46,1681336007,cc-cc408-hya,data-node-19,9.9.2.156,elasticsearch_os_load5,0.31
2023/4/13 5:47,1681336067,cc-cc408-hya,data-node-19,9.9.2.156,elasticsearch_os_load5,0.3
2023/4/13 5:48,1681336127,cc-cc408-hya,data-node-19,9.9.2.156,elasticsearch_os_load5,0.4
2023/4/13 5:49,1681336187,cc-cc408-hya,data-node-19,9.9.2.156,elasticsearch_os_load5,0.36
2023/4/13 5:50,1681336247,cc-cc408-hya,data-node-19,9.9.2.156,elasticsearch_os_load5,0.4
2023/4/13 5:51,1681336307,cc-cc408-hya,data-node-19,9.9.2.156,elasticsearch_os_load5,0.46
2023/4/13 5:52,1681336367,cc-cc408-hya,data-node-19,9.9.2.156,elasticsearch_os_load5,0.47
2023/4/13 5:53,1681336427,cc-cc408-hya,data-node-19,9.9.2.156,elasticsearch_os_load5,0.45
2023/4/13 5:54,1681336487,cc-cc408-hya,data-node-19,9.9.2.156,elasticsearch_os_load5,0.42
2023/4/13 5:55,1681336547,cc-cc408-hya,data-node-19,9.9.2.156,elasticsearch_os_load5,0.4
2023/4/13 5:56,1681336607,cc-cc408-hya,data-node-19,9.9.2.156,elasticsearch_os_load5,0.38
2023/4/13 5:57,1681336667,cc-cc408-hya,data-node-19,9.9.2.156,elasticsearch_os_load5,0.49
2023/4/13 5:58,1681336727,cc-cc408-hya,data-node-19,9.9.2.156,elasticsearch_os_load5,0.49
2023/4/13 5:59,1681336787,cc-cc408-hya,data-node-19,9.9.2.156,elasticsearch_os_load5,0.48
2023/4/13 6:00,1681336847,cc-cc408-hya,data-node-19,9.9.2.156,elasticsearch_os_load5,0.46
2023/4/13 6:01,1681336907,cc-cc408-hya,data-node-19,9.9.2.156,elasticsearch_os_load5,0.47
2023/4/13 6:02,1681336967,cc-cc408-hya,data-node-19,9.9.2.156,elasticsearch_os_load5,0.41
2023/4/13 6:03,1681337027,cc-cc408-hya,data-node-19,9.9.2.156,elasticsearch_os_load5,0.35
2023/4/13 6:04,1681337087,cc-cc408-hya,data-node-19,9.9.2.156,elasticsearch_os_load5,0.35
2023/4/13 6:05,1681337147,cc-cc408-hya,data-node-19,9.9.2.156,elasticsearch_os_load5,0.31
2023/4/13 6:06,1681337207,cc-cc408-hya,data-node-19,9.9.2.156,elasticsearch_os_load5,0.27
2023/4/13 6:07,1681337267,cc-cc408-hya,data-node-19,9.9.2.156,elasticsearch_os_load5,0.23
2023/4/13 6:08,1681337327,cc-cc408-hya,data-node-19,9.9.2.156,elasticsearch_os_load5,0.19
2023/4/13 6:09,1681337387,cc-cc408-hya,data-node-19,9.9.2.156,elasticsearch_os_load5,0.33
2023/4/13 6:10,1681337447,cc-cc408-hya,data-node-19,9.9.2.156,elasticsearch_os_load5,0.36
2023/4/13 6:11,1681337507,cc-cc408-hya,data-node-19,9.9.2.156,elasticsearch_os_load5,0.41
2023/4/13 6:12,1681337567,cc-cc408-hya,data-node-19,9.9.2.156,elasticsearch_os_load5,0.41
2023/4/13 6:13,1681337627,cc-cc408-hya,data-node-19,9.9.2.156,elasticsearch_os_load5,0.4
2023/4/13 6:14,1681337687,cc-cc408-hya,data-node-19,9.9.2.156,elasticsearch_os_load5,0.35
2023/4/13 6:15,1681337747,cc-cc408-hya,data-node-19,9.9.2.156,elasticsearch_os_load5,0.35
2023/4/13 6:16,1681337807,cc-cc408-hya,data-node-19,9.9.2.156,elasticsearch_os_load5,0.33
2023/4/13 6:17,1681337867,cc-cc408-hya,data-node-19,9.9.2.156,elasticsearch_os_load5,0.34
2023/4/13 6:18,1681337927,cc-cc408-hya,data-node-19,9.9.2.156,elasticsearch_os_load5,0.32
2023/4/13 6:19,1681337987,cc-cc408-hya,data-node-19,9.9.2.156,elasticsearch_os_load5,0.32
2023/4/13 6:20,1681338047,cc-cc408-hya,data-node-19,9.9.2.156,elasticsearch_os_load5,0.26
2023/4/13 6:21,1681338107,cc-cc408-hya,data-node-19,9.9.2.156,elasticsearch_os_load5,0.33
2023/4/13 6:22,1681338167,cc-cc408-hya,data-node-19,9.9.2.156,elasticsearch_os_load5,0.5
2023/4/13 6:23,1681338227,cc-cc408-hya,data-node-19,9.9.2.156,elasticsearch_os_load5,0.56
2023/4/13 6:24,1681338287,cc-cc408-hya,data-node-19,9.9.2.156,elasticsearch_os_load5,0.54
2023/4/13 6:25,1681338347,cc-cc408-hya,data-node-19,9.9.2.156,elasticsearch_os_load5,0.47
2023/4/13 6:26,1681338407,cc-cc408-hya,data-node-19,9.9.2.156,elasticsearch_os_load5,0.41
2023/4/13 6:27,1681338467,cc-cc408-hya,data-node-19,9.9.2.156,elasticsearch_os_load5,0.42
2023/4/13 6:28,1681338527,cc-cc408-hya,data-node-19,9.9.2.156,elasticsearch_os_load5,0.36
2023/4/13 6:29,1681338587,cc-cc408-hya,data-node-19,9.9.2.156,elasticsearch_os_load5,0.34
2023/4/13 6:30,1681338647,cc-cc408-hya,data-node-19,9.9.2.156,elasticsearch_os_load5,0.33
2023/4/13 6:31,1681338707,cc-cc408-hya,data-node-19,9.9.2.156,elasticsearch_os_load5,0.28
2023/4/13 6:32,1681338767,cc-cc408-hya,data-node-19,9.9.2.156,elasticsearch_os_load5,0.42
2023/4/13 6:33,1681338827,cc-cc408-hya,data-node-19,9.9.2.156,elasticsearch_os_load5,0.37
2023/4/13 6:34,1681338887,cc-cc408-hya,data-node-19,9.9.2.156,elasticsearch_os_load5,0.35
2023/4/13 6:35,1681338947,cc-cc408-hya,data-node-19,9.9.2.156,elasticsearch_os_load5,0.49
2023/4/13 6:36,1681339007,cc-cc408-hya,data-node-19,9.9.2.156,elasticsearch_os_load5,0.51
2023/4/13 6:37,1681339067,cc-cc408-hya,data-node-19,9.9.2.156,elasticsearch_os_load5,0.51
2023/4/13 6:38,1681339127,cc-cc408-hya,data-node-19,9.9.2.156,elasticsearch_os_load5,0.46
2023/4/13 6:39,1681339187,cc-cc408-hya,data-node-19,9.9.2.156,elasticsearch_os_load5,0.47
2023/4/13 6:40,1681339247,cc-cc408-hya,data-node-19,9.9.2.156,elasticsearch_os_load5,0.39
2023/4/13 6:41,1681339307,cc-cc408-hya,data-node-19,9.9.2.156,elasticsearch_os_load5,0.39
2023/4/13 6:42,1681339367,cc-cc408-hya,data-node-19,9.9.2.156,elasticsearch_os_load5,0.39
2023/4/13 6:43,1681339427,cc-cc408-hya,data-node-19,9.9.2.156,elasticsearch_os_load5,0.47
2023/4/13 6:44,1681339487,cc-cc408-hya,data-node-19,9.9.2.156,elasticsearch_os_load5,0.45
2023/4/13 6:45,1681339547,cc-cc408-hya,data-node-19,9.9.2.156,elasticsearch_os_load5,0.44
2023/4/13 6:46,1681339607,cc-cc408-hya,data-node-19,9.9.2.156,elasticsearch_os_load5,0.39
2023/4/13 6:47,1681339667,cc-cc408-hya,data-node-19,9.9.2.156,elasticsearch_os_load5,0.38
2023/4/13 6:48,1681339727,cc-cc408-hya,data-node-19,9.9.2.156,elasticsearch_os_load5,0.4
2023/4/13 6:49,1681339787,cc-cc408-hya,data-node-19,9.9.2.156,elasticsearch_os_load5,0.34
2023/4/13 6:50,1681339847,cc-cc408-hya,data-node-19,9.9.2.156,elasticsearch_os_load5,0.42
2023/4/13 6:51,1681339907,cc-cc408-hya,data-node-19,9.9.2.156,elasticsearch_os_load5,0.71
2023/4/13 6:52,1681339967,cc-cc408-hya,data-node-19,9.9.2.156,elasticsearch_os_load5,0.67
2023/4/13 6:53,1681340027,cc-cc408-hya,data-node-19,9.9.2.156,elasticsearch_os_load5,0.64
2023/4/13 6:54,1681340087,cc-cc408-hya,data-node-19,9.9.2.156,elasticsearch_os_load5,0.6
2023/4/13 6:55,1681340147,cc-cc408-hya,data-node-19,9.9.2.156,elasticsearch_os_load5,0.53
2023/4/13 6:56,1681340207,cc-cc408-hya,data-node-19,9.9.2.156,elasticsearch_os_load5,0.5
2023/4/13 6:57,1681340267,cc-cc408-hya,data-node-19,9.9.2.156,elasticsearch_os_load5,0.48
2023/4/13 6:58,1681340327,cc-cc408-hya,data-node-19,9.9.2.156,elasticsearch_os_load5,0.47
2023/4/13 6:59,1681340387,cc-cc408-hya,data-node-19,9.9.2.156,elasticsearch_os_load5,0.53
2023/4/13 7:00,1681340447,cc-cc408-hya,data-node-19,9.9.2.156,elasticsearch_os_load5,0.51
2023/4/13 7:01,1681340507,cc-cc408-hya,data-node-19,9.9.2.156,elasticsearch_os_load5,0.5
2023/4/13 7:02,1681340567,cc-cc408-hya,data-node-19,9.9.2.156,elasticsearch_os_load5,0.47
2023/4/13 7:03,1681340627,cc-cc408-hya,data-node-19,9.9.2.156,elasticsearch_os_load5,0.42
2023/4/13 7:04,1681340687,cc-cc408-hya,data-node-19,9.9.2.156,elasticsearch_os_load5,0.55
2023/4/13 7:05,1681340747,cc-cc408-hya,data-node-19,9.9.2.156,elasticsearch_os_load5,0.61
2023/4/13 7:06,1681340807,cc-cc408-hya,data-node-19,9.9.2.156,elasticsearch_os_load5,0.67
2023/4/13 7:07,1681340867,cc-cc408-hya,data-node-19,9.9.2.156,elasticsearch_os_load5,0.64
2023/4/13 7:08,1681340927,cc-cc408-hya,data-node-19,9.9.2.156,elasticsearch_os_load5,0.6
2023/4/13 7:09,1681340987,cc-cc408-hya,data-node-19,9.9.2.156,elasticsearch_os_load5,0.53
2023/4/13 7:10,1681341047,cc-cc408-hya,data-node-19,9.9.2.156,elasticsearch_os_load5,0.49
2023/4/13 7:11,1681341107,cc-cc408-hya,data-node-19,9.9.2.156,elasticsearch_os_load5,0.52
2023/4/13 7:12,1681341167,cc-cc408-hya,data-node-19,9.9.2.156,elasticsearch_os_load5,0.53
2023/4/13 7:13,1681341227,cc-cc408-hya,data-node-19,9.9.2.156,elasticsearch_os_load5,0.51
2023/4/13 7:14,1681341287,cc-cc408-hya,data-node-19,9.9.2.156,elasticsearch_os_load5,0.52
2023/4/13 7:15,1681341347,cc-cc408-hya,data-node-19,9.9.2.156,elasticsearch_os_load5,0.53
2023/4/13 7:16,1681341407,cc-cc408-hya,data-node-19,9.9.2.156,elasticsearch_os_load5,0.57
2023/4/13 7:17,1681341467,cc-cc408-hya,data-node-19,9.9.2.156,elasticsearch_os_load5,0.59
2023/4/13 7:18,1681341527,cc-cc408-hya,data-node-19,9.9.2.156,elasticsearch_os_load5,0.56
2023/4/13 7:19,1681341587,cc-cc408-hya,data-node-19,9.9.2.156,elasticsearch_os_load5,0.53
2023/4/13 7:20,1681341647,cc-cc408-hya,data-node-19,9.9.2.156,elasticsearch_os_load5,0.48
2023/4/13 7:21,1681341707,cc-cc408-hya,data-node-19,9.9.2.156,elasticsearch_os_load5,0.61
2023/4/13 7:22,1681341767,cc-cc408-hya,data-node-19,9.9.2.156,elasticsearch_os_load5,0.81
2023/4/13 7:23,1681341827,cc-cc408-hya,data-node-19,9.9.2.156,elasticsearch_os_load5,0.76
2023/4/13 7:24,1681341887,cc-cc408-hya,data-node-19,9.9.2.156,elasticsearch_os_load5,0.73
2023/4/13 7:25,1681341947,cc-cc408-hya,data-node-19,9.9.2.156,elasticsearch_os_load5,0.81
2023/4/13 7:26,1681342007,cc-cc408-hya,data-node-19,9.9.2.156,elasticsearch_os_load5,0.76
2023/4/13 7:27,1681342067,cc-cc408-hya,data-node-19,9.9.2.156,elasticsearch_os_load5,0.68
2023/4/13 7:28,1681342127,cc-cc408-hya,data-node-19,9.9.2.156,elasticsearch_os_load5,0.63
2023/4/13 7:29,1681342187,cc-cc408-hya,data-node-19,9.9.2.156,elasticsearch_os_load5,0.59
2023/4/13 7:30,1681342247,cc-cc408-hya,data-node-19,9.9.2.156,elasticsearch_os_load5,0.54
2023/4/13 7:31,1681342307,cc-cc408-hya,data-node-19,9.9.2.156,elasticsearch_os_load5,0.54
2023/4/13 7:32,1681342367,cc-cc408-hya,data-node-19,9.9.2.156,elasticsearch_os_load5,0.64
2023/4/13 7:33,1681342427,cc-cc408-hya,data-node-19,9.9.2.156,elasticsearch_os_load5,0.75
2023/4/13 7:34,1681342487,cc-cc408-hya,data-node-19,9.9.2.156,elasticsearch_os_load5,0.79
2023/4/13 7:35,1681342547,cc-cc408-hya,data-node-19,9.9.2.156,elasticsearch_os_load5,0.77
2023/4/13 7:36,1681342607,cc-cc408-hya,data-node-19,9.9.2.156,elasticsearch_os_load5,0.68
2023/4/13 7:37,1681342667,cc-cc408-hya,data-node-19,9.9.2.156,elasticsearch_os_load5,0.61
2023/4/13 7:38,1681342727,cc-cc408-hya,data-node-19,9.9.2.156,elasticsearch_os_load5,0.57
2023/4/13 7:39,1681342787,cc-cc408-hya,data-node-19,9.9.2.156,elasticsearch_os_load5,0.59
2023/4/13 7:40,1681342847,cc-cc408-hya,data-node-19,9.9.2.156,elasticsearch_os_load5,0.51
2023/4/13 7:41,1681342907,cc-cc408-hya,data-node-19,9.9.2.156,elasticsearch_os_load5,0.62
2023/4/13 7:42,1681342967,cc-cc408-hya,data-node-19,9.9.2.156,elasticsearch_os_load5,0.63
2023/4/13 7:43,1681343027,cc-cc408-hya,data-node-19,9.9.2.156,elasticsearch_os_load5,0.62
2023/4/13 7:44,1681343087,cc-cc408-hya,data-node-19,9.9.2.156,elasticsearch_os_load5,0.54
2023/4/13 7:45,1681343147,cc-cc408-hya,data-node-19,9.9.2.156,elasticsearch_os_load5,0.54
2023/4/13 7:46,1681343207,cc-cc408-hya,data-node-19,9.9.2.156,elasticsearch_os_load5,0.63
2023/4/13 7:47,1681343267,cc-cc408-hya,data-node-19,9.9.2.156,elasticsearch_os_load5,0.77
2023/4/13 7:48,1681343327,cc-cc408-hya,data-node-19,9.9.2.156,elasticsearch_os_load5,1.05
2023/4/13 7:49,1681343387,cc-cc408-hya,data-node-19,9.9.2.156,elasticsearch_os_load5,1
2023/4/13 7:50,1681343447,cc-cc408-hya,data-node-19,9.9.2.156,elasticsearch_os_load5,0.86
2023/4/13 7:51,1681343507,cc-cc408-hya,data-node-19,9.9.2.156,elasticsearch_os_load5,1.06
2023/4/13 7:52,1681343567,cc-cc408-hya,data-node-19,9.9.2.156,elasticsearch_os_load5,0.99
2023/4/13 7:53,1681343627,cc-cc408-hya,data-node-19,9.9.2.156,elasticsearch_os_load5,0.85
2023/4/13 7:54,1681343687,cc-cc408-hya,data-node-19,9.9.2.156,elasticsearch_os_load5,0.82
2023/4/13 7:55,1681343747,cc-cc408-hya,data-node-19,9.9.2.156,elasticsearch_os_load5,0.8
2023/4/13 7:56,1681343807,cc-cc408-hya,data-node-19,9.9.2.156,elasticsearch_os_load5,0.73
2023/4/13 7:57,1681343867,cc-cc408-hya,data-node-19,9.9.2.156,elasticsearch_os_load5,0.65
2023/4/13 7:58,1681343927,cc-cc408-hya,data-node-19,9.9.2.156,elasticsearch_os_load5,0.76
2023/4/13 7:59,1681343987,cc-cc408-hya,data-node-19,9.9.2.156,elasticsearch_os_load5,0.73
2023/4/13 8:00,1681344047,cc-cc408-hya,data-node-19,9.9.2.156,elasticsearch_os_load5,0.8
2023/4/13 8:01,1681344107,cc-cc408-hya,data-node-19,9.9.2.156,elasticsearch_os_load5,1.65
2023/4/13 8:02,1681344167,cc-cc408-hya,data-node-19,9.9.2.156,elasticsearch_os_load5,1.69
2023/4/13 8:03,1681344227,cc-cc408-hya,data-node-19,9.9.2.156,elasticsearch_os_load5,1.9
2023/4/13 8:04,1681344287,cc-cc408-hya,data-node-19,9.9.2.156,elasticsearch_os_load5,1.8
2023/4/13 8:05,1681344347,cc-cc408-hya,data-node-19,9.9.2.156,elasticsearch_os_load5,1.72
2023/4/13 8:06,1681344407,cc-cc408-hya,data-node-19,9.9.2.156,elasticsearch_os_load5,1.98
2023/4/13 8:07,1681344467,cc-cc408-hya,data-node-19,9.9.2.156,elasticsearch_os_load5,1.95
2023/4/13 8:08,1681344527,cc-cc408-hya,data-node-19,9.9.2.156,elasticsearch_os_load5,2.33
2023/4/13 8:09,1681344587,cc-cc408-hya,data-node-19,9.9.2.156,elasticsearch_os_load5,3.43
2023/4/13 8:10,1681344647,cc-cc408-hya,data-node-19,9.9.2.156,elasticsearch_os_load5,3.11
2023/4/13 8:11,1681344707,cc-cc408-hya,data-node-19,9.9.2.156,elasticsearch_os_load5,2.68
2023/4/13 8:12,1681344767,cc-cc408-hya,data-node-19,9.9.2.156,elasticsearch_os_load5,2.31
2023/4/13 8:13,1681344827,cc-cc408-hya,data-node-19,9.9.2.156,elasticsearch_os_load5,2.07
2023/4/13 8:14,1681344887,cc-cc408-hya,data-node-19,9.9.2.156,elasticsearch_os_load5,2.18
2023/4/13 8:15,1681344947,cc-cc408-hya,data-node-19,9.9.2.156,elasticsearch_os_load5,2.11
2023/4/13 8:16,1681345007,cc-cc408-hya,data-node-19,9.9.2.156,elasticsearch_os_load5,2.05
2023/4/13 8:17,1681345067,cc-cc408-hya,data-node-19,9.9.2.156,elasticsearch_os_load5,1.93
2023/4/13 8:18,1681345127,cc-cc408-hya,data-node-19,9.9.2.156,elasticsearch_os_load5,1.79
2023/4/13 8:19,1681345187,cc-cc408-hya,data-node-19,9.9.2.156,elasticsearch_os_load5,1.67
2023/4/13 8:20,1681345247,cc-cc408-hya,data-node-19,9.9.2.156,elasticsearch_os_load5,1.5
2023/4/13 8:21,1681345307,cc-cc408-hya,data-node-19,9.9.2.156,elasticsearch_os_load5,1.41
2023/4/13 8:22,1681345367,cc-cc408-hya,data-node-19,9.9.2.156,elasticsearch_os_load5,1.36
2023/4/13 8:23,1681345427,cc-cc408-hya,data-node-19,9.9.2.156,elasticsearch_os_load5,1.3
2023/4/13 8:24,1681345487,cc-cc408-hya,data-node-19,9.9.2.156,elasticsearch_os_load5,1.69
2023/4/13 8:25,1681345547,cc-cc408-hya,data-node-19,9.9.2.156,elasticsearch_os_load5,1.56
2023/4/13 8:26,1681345607,cc-cc408-hya,data-node-19,9.9.2.156,elasticsearch_os_load5,1.62
2023/4/13 8:27,1681345667,cc-cc408-hya,data-node-19,9.9.2.156,elasticsearch_os_load5,1.46
2023/4/13 8:28,1681345727,cc-cc408-hya,data-node-19,9.9.2.156,elasticsearch_os_load5,1.4
2023/4/13 8:29,1681345787,cc-cc408-hya,data-node-19,9.9.2.156,elasticsearch_os_load5,1.51
2023/4/13 8:30,1681345847,cc-cc408-hya,data-node-19,9.9.2.156,elasticsearch_os_load5,1.58
2023/4/13 8:31,1681345907,cc-cc408-hya,data-node-19,9.9.2.156,elasticsearch_os_load5,1.56
2023/4/13 8:32,1681345967,cc-cc408-hya,data-node-19,9.9.2.156,elasticsearch_os_load5,1.52
2023/4/13 8:33,1681346027,cc-cc408-hya,data-node-19,9.9.2.156,elasticsearch_os_load5,1.42
2023/4/13 8:34,1681346087,cc-cc408-hya,data-node-19,9.9.2.156,elasticsearch_os_load5,1.33
2023/4/13 8:35,1681346147,cc-cc408-hya,data-node-19,9.9.2.156,elasticsearch_os_load5,1.22
2023/4/13 8:36,1681346207,cc-cc408-hya,data-node-19,9.9.2.156,elasticsearch_os_load5,1.13
2023/4/13 8:37,1681346267,cc-cc408-hya,data-node-19,9.9.2.156,elasticsearch_os_load5,1.08
2023/4/13 8:38,1681346327,cc-cc408-hya,data-node-19,9.9.2.156,elasticsearch_os_load5,1.37
2023/4/13 8:39,1681346387,cc-cc408-hya,data-node-19,9.9.2.156,elasticsearch_os_load5,1.56
2023/4/13 8:40,1681346447,cc-cc408-hya,data-node-19,9.9.2.156,elasticsearch_os_load5,1.63
2023/4/13 8:41,1681346507,cc-cc408-hya,data-node-19,9.9.2.156,elasticsearch_os_load5,1.57
2023/4/13 8:42,1681346567,cc-cc408-hya,data-node-19,9.9.2.156,elasticsearch_os_load5,1.58
2023/4/13 8:43,1681346627,cc-cc408-hya,data-node-19,9.9.2.156,elasticsearch_os_load5,1.61
2023/4/13 8:44,1681346687,cc-cc408-hya,data-node-19,9.9.2.156,elasticsearch_os_load5,1.6
2023/4/13 8:45,1681346747,cc-cc408-hya,data-node-19,9.9.2.156,elasticsearch_os_load5,1.66
2023/4/13 8:46,1681346807,cc-cc408-hya,data-node-19,9.9.2.156,elasticsearch_os_load5,1.75
2023/4/13 8:47,1681346867,cc-cc408-hya,data-node-19,9.9.2.156,elasticsearch_os_load5,1.79
2023/4/13 8:48,1681346927,cc-cc408-hya,data-node-19,9.9.2.156,elasticsearch_os_load5,1.8
2023/4/13 8:49,1681346987,cc-cc408-hya,data-node-19,9.9.2.156,elasticsearch_os_load5,1.99
2023/4/13 8:50,1681347047,cc-cc408-hya,data-node-19,9.9.2.156,elasticsearch_os_load5,1.92
2023/4/13 8:51,1681347107,cc-cc408-hya,data-node-19,9.9.2.156,elasticsearch_os_load5,1.89
2023/4/13 8:52,1681347167,cc-cc408-hya,data-node-19,9.9.2.156,elasticsearch_os_load5,1.98
2023/4/13 8:53,1681347227,cc-cc408-hya,data-node-19,9.9.2.156,elasticsearch_os_load5,1.88
2023/4/13 8:54,1681347287,cc-cc408-hya,data-node-19,9.9.2.156,elasticsearch_os_load5,2.35
2023/4/13 8:55,1681347347,cc-cc408-hya,data-node-19,9.9.2.156,elasticsearch_os_load5,2.21
2023/4/13 8:56,1681347407,cc-cc408-hya,data-node-19,9.9.2.156,elasticsearch_os_load5,2.33
2023/4/13 8:57,1681347467,cc-cc408-hya,data-node-19,9.9.2.156,elasticsearch_os_load5,2.32
2023/4/13 8:58,1681347527,cc-cc408-hya,data-node-19,9.9.2.156,elasticsearch_os_load5,2.62
2023/4/13 8:59,1681347587,cc-cc408-hya,data-node-19,9.9.2.156,elasticsearch_os_load5,2.45
2023/4/13 9:00,1681347647,cc-cc408-hya,data-node-19,9.9.2.156,elasticsearch_os_load5,2.52
2023/4/13 9:01,1681347707,cc-cc408-hya,data-node-19,9.9.2.156,elasticsearch_os_load5,2.58
2023/4/13 9:02,1681347767,cc-cc408-hya,data-node-19,9.9.2.156,elasticsearch_os_load5,2.78
2023/4/13 9:03,1681347827,cc-cc408-hya,data-node-19,9.9.2.156,elasticsearch_os_load5,3.1
2023/4/13 9:04,1681347887,cc-cc408-hya,data-node-19,9.9.2.156,elasticsearch_os_load5,3.34
2023/4/13 9:05,1681347947,cc-cc408-hya,data-node-19,9.9.2.156,elasticsearch_os_load5,3.45
2023/4/13 9:06,1681348007,cc-cc408-hya,data-node-19,9.9.2.156,elasticsearch_os_load5,3.51
2023/4/13 9:07,1681348067,cc-cc408-hya,data-node-19,9.9.2.156,elasticsearch_os_load5,3.43
2023/4/13 9:08,1681348127,cc-cc408-hya,data-node-19,9.9.2.156,elasticsearch_os_load5,3.54
2023/4/13 9:09,1681348187,cc-cc408-hya,data-node-19,9.9.2.156,elasticsearch_os_load5,3.63
2023/4/13 9:10,1681348247,cc-cc408-hya,data-node-19,9.9.2.156,elasticsearch_os_load5,3.71
2023/4/13 9:11,1681348307,cc-cc408-hya,data-node-19,9.9.2.156,elasticsearch_os_load5,4.11
2023/4/13 9:12,1681348367,cc-cc408-hya,data-node-19,9.9.2.156,elasticsearch_os_load5,4.55
2023/4/13 9:13,1681348427,cc-cc408-hya,data-node-19,9.9.2.156,elasticsearch_os_load5,4.84
2023/4/13 9:14,1681348487,cc-cc408-hya,data-node-19,9.9.2.156,elasticsearch_os_load5,4.71
2023/4/13 9:15,1681348547,cc-cc408-hya,data-node-19,9.9.2.156,elasticsearch_os_load5,4.48
2023/4/13 9:16,1681348607,cc-cc408-hya,data-node-19,9.9.2.156,elasticsearch_os_load5,4.53
2023/4/13 9:17,1681348667,cc-cc408-hya,data-node-19,9.9.2.156,elasticsearch_os_load5,4.23
2023/4/13 9:18,1681348727,cc-cc408-hya,data-node-19,9.9.2.156,elasticsearch_os_load5,4.13
2023/4/13 9:19,1681348787,cc-cc408-hya,data-node-19,9.9.2.156,elasticsearch_os_load5,4.06
2023/4/13 9:20,1681348847,cc-cc408-hya,data-node-19,9.9.2.156,elasticsearch_os_load5,4.06
2023/4/13 9:21,1681348907,cc-cc408-hya,data-node-19,9.9.2.156,elasticsearch_os_load5,4.16
2023/4/13 9:22,1681348967,cc-cc408-hya,data-node-19,9.9.2.156,elasticsearch_os_load5,4.83
2023/4/13 9:23,1681349027,cc-cc408-hya,data-node-19,9.9.2.156,elasticsearch_os_load5,4.76
2023/4/13 9:24,1681349087,cc-cc408-hya,data-node-19,9.9.2.156,elasticsearch_os_load5,4.6
2023/4/13 9:25,1681349147,cc-cc408-hya,data-node-19,9.9.2.156,elasticsearch_os_load5,4.56
2023/4/13 9:26,1681349207,cc-cc408-hya,data-node-19,9.9.2.156,elasticsearch_os_load5,4.62
2023/4/13 9:27,1681349267,cc-cc408-hya,data-node-19,9.9.2.156,elasticsearch_os_load5,4.54
2023/4/13 9:28,1681349327,cc-cc408-hya,data-node-19,9.9.2.156,elasticsearch_os_load5,4.48
2023/4/13 9:29,1681349387,cc-cc408-hya,data-node-19,9.9.2.156,elasticsearch_os_load5,4.55
2023/4/13 9:30,1681349447,cc-cc408-hya,data-node-19,9.9.2.156,elasticsearch_os_load5,5.14
2023/4/13 9:31,1681349507,cc-cc408-hya,data-node-19,9.9.2.156,elasticsearch_os_load5,5.55
2023/4/13 9:32,1681349567,cc-cc408-hya,data-node-19,9.9.2.156,elasticsearch_os_load5,5.19
2023/4/13 9:33,1681349627,cc-cc408-hya,data-node-19,9.9.2.156,elasticsearch_os_load5,5.21
2023/4/13 9:34,1681349687,cc-cc408-hya,data-node-19,9.9.2.156,elasticsearch_os_load5,5.03
2023/4/13 9:35,1681349747,cc-cc408-hya,data-node-19,9.9.2.156,elasticsearch_os_load5,4.88
2023/4/13 9:36,1681349807,cc-cc408-hya,data-node-19,9.9.2.156,elasticsearch_os_load5,5.22
2023/4/13 9:37,1681349867,cc-cc408-hya,data-node-19,9.9.2.156,elasticsearch_os_load5,5.06
2023/4/13 9:38,1681349927,cc-cc408-hya,data-node-19,9.9.2.156,elasticsearch_os_load5,5.2
2023/4/13 9:39,1681349987,cc-cc408-hya,data-node-19,9.9.2.156,elasticsearch_os_load5,5
2023/4/13 9:40,1681350047,cc-cc408-hya,data-node-19,9.9.2.156,elasticsearch_os_load5,4.95
2023/4/13 9:41,1681350107,cc-cc408-hya,data-node-19,9.9.2.156,elasticsearch_os_load5,4.97
2023/4/13 9:42,1681350167,cc-cc408-hya,data-node-19,9.9.2.156,elasticsearch_os_load5,5.14
2023/4/13 9:43,1681350227,cc-cc408-hya,data-node-19,9.9.2.156,elasticsearch_os_load5,4.88
2023/4/13 9:44,1681350287,cc-cc408-hya,data-node-19,9.9.2.156,elasticsearch_os_load5,4.78
2023/4/13 9:45,1681350347,cc-cc408-hya,data-node-19,9.9.2.156,elasticsearch_os_load5,4.65
2023/4/13 9:46,1681350407,cc-cc408-hya,data-node-19,9.9.2.156,elasticsearch_os_load5,5.02
2023/4/13 9:47,1681350467,cc-cc408-hya,data-node-19,9.9.2.156,elasticsearch_os_load5,5.1
2023/4/13 9:48,1681350527,cc-cc408-hya,data-node-19,9.9.2.156,elasticsearch_os_load5,5
2023/4/13 9:49,1681350587,cc-cc408-hya,data-node-19,9.9.2.156,elasticsearch_os_load5,4.77
2023/4/13 9:50,1681350647,cc-cc408-hya,data-node-19,9.9.2.156,elasticsearch_os_load5,4.52
2023/4/13 9:51,1681350707,cc-cc408-hya,data-node-19,9.9.2.156,elasticsearch_os_load5,4.59
2023/4/13 9:52,1681350767,cc-cc408-hya,data-node-19,9.9.2.156,elasticsearch_os_load5,4.4
2023/4/13 9:53,1681350827,cc-cc408-hya,data-node-19,9.9.2.156,elasticsearch_os_load5,4.46
2023/4/13 9:54,1681350887,cc-cc408-hya,data-node-19,9.9.2.156,elasticsearch_os_load5,4.62
2023/4/13 9:55,1681350947,cc-cc408-hya,data-node-19,9.9.2.156,elasticsearch_os_load5,4.93
2023/4/13 9:56,1681351007,cc-cc408-hya,data-node-19,9.9.2.156,elasticsearch_os_load5,5.16
2023/4/13 9:57,1681351067,cc-cc408-hya,data-node-19,9.9.2.156,elasticsearch_os_load5,5.78
2023/4/13 9:58,1681351127,cc-cc408-hya,data-node-19,9.9.2.156,elasticsearch_os_load5,5.61
2023/4/13 9:59,1681351187,cc-cc408-hya,data-node-19,9.9.2.156,elasticsearch_os_load5,5.37
2023/4/13 10:00,1681351247,cc-cc408-hya,data-node-19,9.9.2.156,elasticsearch_os_load5,5.11
2023/4/13 10:01,1681351307,cc-cc408-hya,data-node-19,9.9.2.156,elasticsearch_os_load5,4.81
2023/4/13 10:02,1681351367,cc-cc408-hya,data-node-19,9.9.2.156,elasticsearch_os_load5,4.69
2023/4/13 10:03,1681351427,cc-cc408-hya,data-node-19,9.9.2.156,elasticsearch_os_load5,4.68
2023/4/13 10:04,1681351487,cc-cc408-hya,data-node-19,9.9.2.156,elasticsearch_os_load5,4.83
2023/4/13 10:05,1681351547,cc-cc408-hya,data-node-19,9.9.2.156,elasticsearch_os_load5,4.7
2023/4/13 10:06,1681351607,cc-cc408-hya,data-node-19,9.9.2.156,elasticsearch_os_load5,4.77
2023/4/13 10:07,1681351667,cc-cc408-hya,data-node-19,9.9.2.156,elasticsearch_os_load5,4.84
2023/4/13 10:08,1681351727,cc-cc408-hya,data-node-19,9.9.2.156,elasticsearch_os_load5,4.92
2023/4/13 10:09,1681351787,cc-cc408-hya,data-node-19,9.9.2.156,elasticsearch_os_load5,4.9
2023/4/13 10:10,1681351847,cc-cc408-hya,data-node-19,9.9.2.156,elasticsearch_os_load5,4.87
2023/4/13 10:11,1681351907,cc-cc408-hya,data-node-19,9.9.2.156,elasticsearch_os_load5,4.98
2023/4/13 10:12,1681351967,cc-cc408-hya,data-node-19,9.9.2.156,elasticsearch_os_load5,4.81
2023/4/13 10:13,1681352027,cc-cc408-hya,data-node-19,9.9.2.156,elasticsearch_os_load5,4.96
2023/4/13 10:14,1681352087,cc-cc408-hya,data-node-19,9.9.2.156,elasticsearch_os_load5,4.98
2023/4/13 10:15,1681352147,cc-cc408-hya,data-node-19,9.9.2.156,elasticsearch_os_load5,4.94
2023/4/13 10:16,1681352207,cc-cc408-hya,data-node-19,9.9.2.156,elasticsearch_os_load5,4.9
2023/4/13 10:17,1681352267,cc-cc408-hya,data-node-19,9.9.2.156,elasticsearch_os_load5,4.93
2023/4/13 10:18,1681352327,cc-cc408-hya,data-node-19,9.9.2.156,elasticsearch_os_load5,5.05
2023/4/13 10:19,1681352387,cc-cc408-hya,data-node-19,9.9.2.156,elasticsearch_os_load5,5.41
2023/4/13 10:20,1681352447,cc-cc408-hya,data-node-19,9.9.2.156,elasticsearch_os_load5,5.43
2023/4/13 10:21,1681352507,cc-cc408-hya,data-node-19,9.9.2.156,elasticsearch_os_load5,5.62
2023/4/13 10:22,1681352567,cc-cc408-hya,data-node-19,9.9.2.156,elasticsearch_os_load5,5.07
2023/4/13 10:23,1681352627,cc-cc408-hya,data-node-19,9.9.2.156,elasticsearch_os_load5,5.09
2023/4/13 10:24,1681352687,cc-cc408-hya,data-node-19,9.9.2.156,elasticsearch_os_load5,4.95
2023/4/13 10:25,1681352747,cc-cc408-hya,data-node-19,9.9.2.156,elasticsearch_os_load5,4.88
2023/4/13 10:26,1681352807,cc-cc408-hya,data-node-19,9.9.2.156,elasticsearch_os_load5,4.99
2023/4/13 10:27,1681352867,cc-cc408-hya,data-node-19,9.9.2.156,elasticsearch_os_load5,4.98
2023/4/13 10:28,1681352927,cc-cc408-hya,data-node-19,9.9.2.156,elasticsearch_os_load5,4.68
2023/4/13 10:29,1681352987,cc-cc408-hya,data-node-19,9.9.2.156,elasticsearch_os_load5,4.7
2023/4/13 10:30,1681353047,cc-cc408-hya,data-node-19,9.9.2.156,elasticsearch_os_load5,4.67
2023/4/13 10:31,1681353107,cc-cc408-hya,data-node-19,9.9.2.156,elasticsearch_os_load5,4.74
2023/4/13 10:32,1681353167,cc-cc408-hya,data-node-19,9.9.2.156,elasticsearch_os_load5,4.99
2023/4/13 10:33,1681353227,cc-cc408-hya,data-node-19,9.9.2.156,elasticsearch_os_load5,5.12
2023/4/13 10:34,1681353287,cc-cc408-hya,data-node-19,9.9.2.156,elasticsearch_os_load5,5.1
2023/4/13 10:35,1681353347,cc-cc408-hya,data-node-19,9.9.2.156,elasticsearch_os_load5,4.91
2023/4/13 10:36,1681353407,cc-cc408-hya,data-node-19,9.9.2.156,elasticsearch_os_load5,4.87
2023/4/13 10:37,1681353467,cc-cc408-hya,data-node-19,9.9.2.156,elasticsearch_os_load5,4.91
2023/4/13 10:38,1681353527,cc-cc408-hya,data-node-19,9.9.2.156,elasticsearch_os_load5,5.32
2023/4/13 10:39,1681353587,cc-cc408-hya,data-node-19,9.9.2.156,elasticsearch_os_load5,5.22
2023/4/13 10:40,1681353647,cc-cc408-hya,data-node-19,9.9.2.156,elasticsearch_os_load5,5.67
2023/4/13 10:41,1681353707,cc-cc408-hya,data-node-19,9.9.2.156,elasticsearch_os_load5,5.62
2023/4/13 10:42,1681353767,cc-cc408-hya,data-node-19,9.9.2.156,elasticsearch_os_load5,5.95
2023/4/13 10:43,1681353827,cc-cc408-hya,data-node-19,9.9.2.156,elasticsearch_os_load5,5.95
2023/4/13 10:44,1681353887,cc-cc408-hya,data-node-19,9.9.2.156,elasticsearch_os_load5,5.65
2023/4/13 10:45,1681353947,cc-cc408-hya,data-node-19,9.9.2.156,elasticsearch_os_load5,5.83
2023/4/13 10:46,1681354007,cc-cc408-hya,data-node-19,9.9.2.156,elasticsearch_os_load5,5.76
2023/4/13 10:47,1681354067,cc-cc408-hya,data-node-19,9.9.2.156,elasticsearch_os_load5,5.88
2023/4/13 10:48,1681354127,cc-cc408-hya,data-node-19,9.9.2.156,elasticsearch_os_load5,6.14
2023/4/13 10:49,1681354187,cc-cc408-hya,data-node-19,9.9.2.156,elasticsearch_os_load5,5.84
2023/4/13 10:50,1681354247,cc-cc408-hya,data-node-19,9.9.2.156,elasticsearch_os_load5,5.92
2023/4/13 10:51,1681354307,cc-cc408-hya,data-node-19,9.9.2.156,elasticsearch_os_load5,5.51
2023/4/13 10:52,1681354367,cc-cc408-hya,data-node-19,9.9.2.156,elasticsearch_os_load5,5.47
2023/4/13 10:53,1681354427,cc-cc408-hya,data-node-19,9.9.2.156,elasticsearch_os_load5,5.16
2023/4/13 10:54,1681354487,cc-cc408-hya,data-node-19,9.9.2.156,elasticsearch_os_load5,5.15
2023/4/13 10:55,1681354547,cc-cc408-hya,data-node-19,9.9.2.156,elasticsearch_os_load5,5.04
2023/4/13 10:56,1681354607,cc-cc408-hya,data-node-19,9.9.2.156,elasticsearch_os_load5,5.17
2023/4/13 10:57,1681354667,cc-cc408-hya,data-node-19,9.9.2.156,elasticsearch_os_load5,6.41
2023/4/13 10:58,1681354727,cc-cc408-hya,data-node-19,9.9.2.156,elasticsearch_os_load5,6.19
2023/4/13 10:59,1681354787,cc-cc408-hya,data-node-19,9.9.2.156,elasticsearch_os_load5,6.5
2023/4/13 11:00,1681354847,cc-cc408-hya,data-node-19,9.9.2.156,elasticsearch_os_load5,6.3
2023/4/13 11:01,1681354907,cc-cc408-hya,data-node-19,9.9.2.156,elasticsearch_os_load5,5.99
2023/4/13 11:02,1681354967,cc-cc408-hya,data-node-19,9.9.2.156,elasticsearch_os_load5,6.25
2023/4/13 11:03,1681355027,cc-cc408-hya,data-node-19,9.9.2.156,elasticsearch_os_load5,6.16
2023/4/13 11:04,1681355087,cc-cc408-hya,data-node-19,9.9.2.156,elasticsearch_os_load5,6.02
2023/4/13 11:05,1681355147,cc-cc408-hya,data-node-19,9.9.2.156,elasticsearch_os_load5,5.69
2023/4/13 11:06,1681355207,cc-cc408-hya,data-node-19,9.9.2.156,elasticsearch_os_load5,5.7
2023/4/13 11:07,1681355267,cc-cc408-hya,data-node-19,9.9.2.156,elasticsearch_os_load5,5.85
2023/4/13 11:08,1681355327,cc-cc408-hya,data-node-19,9.9.2.156,elasticsearch_os_load5,5.59
2023/4/13 11:09,1681355387,cc-cc408-hya,data-node-19,9.9.2.156,elasticsearch_os_load5,5.9
2023/4/13 11:10,1681355447,cc-cc408-hya,data-node-19,9.9.2.156,elasticsearch_os_load5,5.98
2023/4/13 11:11,1681355507,cc-cc408-hya,data-node-19,9.9.2.156,elasticsearch_os_load5,6.16
2023/4/13 11:12,1681355567,cc-cc408-hya,data-node-19,9.9.2.156,elasticsearch_os_load5,5.77
2023/4/13 11:13,1681355627,cc-cc408-hya,data-node-19,9.9.2.156,elasticsearch_os_load5,5.59
2023/4/13 11:14,1681355687,cc-cc408-hya,data-node-19,9.9.2.156,elasticsearch_os_load5,5.51
2023/4/13 11:15,1681355747,cc-cc408-hya,data-node-19,9.9.2.156,elasticsearch_os_load5,5.59
2023/4/13 11:16,1681355807,cc-cc408-hya,data-node-19,9.9.2.156,elasticsearch_os_load5,5.39
2023/4/13 11:17,1681355867,cc-cc408-hya,data-node-19,9.9.2.156,elasticsearch_os_load5,5.55
2023/4/13 11:18,1681355927,cc-cc408-hya,data-node-19,9.9.2.156,elasticsearch_os_load5,5.56
2023/4/13 11:19,1681355987,cc-cc408-hya,data-node-19,9.9.2.156,elasticsearch_os_load5,5.75
2023/4/13 11:20,1681356047,cc-cc408-hya,data-node-19,9.9.2.156,elasticsearch_os_load5,6.1
2023/4/13 11:21,1681356107,cc-cc408-hya,data-node-19,9.9.2.156,elasticsearch_os_load5,6.15
2023/4/13 11:22,1681356167,cc-cc408-hya,data-node-19,9.9.2.156,elasticsearch_os_load5,5.87
2023/4/13 11:23,1681356227,cc-cc408-hya,data-node-19,9.9.2.156,elasticsearch_os_load5,5.97
2023/4/13 11:24,1681356287,cc-cc408-hya,data-node-19,9.9.2.156,elasticsearch_os_load5,5.96
2023/4/13 11:25,1681356347,cc-cc408-hya,data-node-19,9.9.2.156,elasticsearch_os_load5,5.72
2023/4/13 11:26,1681356407,cc-cc408-hya,data-node-19,9.9.2.156,elasticsearch_os_load5,5.23
2023/4/13 11:27,1681356467,cc-cc408-hya,data-node-19,9.9.2.156,elasticsearch_os_load5,5.32
2023/4/13 11:28,1681356527,cc-cc408-hya,data-node-19,9.9.2.156,elasticsearch_os_load5,5.39
2023/4/13 11:29,1681356587,cc-cc408-hya,data-node-19,9.9.2.156,elasticsearch_os_load5,5.48
2023/4/13 11:30,1681356647,cc-cc408-hya,data-node-19,9.9.2.156,elasticsearch_os_load5,5.06
2023/4/13 11:31,1681356707,cc-cc408-hya,data-node-19,9.9.2.156,elasticsearch_os_load5,5.11
2023/4/13 11:32,1681356767,cc-cc408-hya,data-node-19,9.9.2.156,elasticsearch_os_load5,5.04
2023/4/13 11:33,1681356827,cc-cc408-hya,data-node-19,9.9.2.156,elasticsearch_os_load5,5.24
2023/4/13 11:34,1681356887,cc-cc408-hya,data-node-19,9.9.2.156,elasticsearch_os_load5,5.03
2023/4/13 11:35,1681356947,cc-cc408-hya,data-node-19,9.9.2.156,elasticsearch_os_load5,5.34
2023/4/13 11:36,1681357007,cc-cc408-hya,data-node-19,9.9.2.156,elasticsearch_os_load5,5.66
2023/4/13 11:37,1681357067,cc-cc408-hya,data-node-19,9.9.2.156,elasticsearch_os_load5,5.68
2023/4/13 11:38,1681357127,cc-cc408-hya,data-node-19,9.9.2.156,elasticsearch_os_load5,5.62
2023/4/13 11:39,1681357187,cc-cc408-hya,data-node-19,9.9.2.156,elasticsearch_os_load5,5.43
2023/4/13 11:40,1681357247,cc-cc408-hya,data-node-19,9.9.2.156,elasticsearch_os_load5,5.27
2023/4/13 11:41,1681357307,cc-cc408-hya,data-node-19,9.9.2.156,elasticsearch_os_load5,5.31
2023/4/13 11:42,1681357367,cc-cc408-hya,data-node-19,9.9.2.156,elasticsearch_os_load5,5.56
2023/4/13 11:43,1681357427,cc-cc408-hya,data-node-19,9.9.2.156,elasticsearch_os_load5,5.36
2023/4/13 11:44,1681357487,cc-cc408-hya,data-node-19,9.9.2.156,elasticsearch_os_load5,5.81
2023/4/13 11:45,1681357547,cc-cc408-hya,data-node-19,9.9.2.156,elasticsearch_os_load5,5.88
2023/4/13 11:46,1681357607,cc-cc408-hya,data-node-19,9.9.2.156,elasticsearch_os_load5,5.87
2023/4/13 11:47,1681357667,cc-cc408-hya,data-node-19,9.9.2.156,elasticsearch_os_load5,5.74
2023/4/13 11:48,1681357727,cc-cc408-hya,data-node-19,9.9.2.156,elasticsearch_os_load5,5.67
2023/4/13 11:49,1681357787,cc-cc408-hya,data-node-19,9.9.2.156,elasticsearch_os_load5,5.59
2023/4/13 11:50,1681357847,cc-cc408-hya,data-node-19,9.9.2.156,elasticsearch_os_load5,5.55
2023/4/13 11:51,1681357907,cc-cc408-hya,data-node-19,9.9.2.156,elasticsearch_os_load5,5.62
2023/4/13 11:52,1681357967,cc-cc408-hya,data-node-19,9.9.2.156,elasticsearch_os_load5,5.5
2023/4/13 11:53,1681358027,cc-cc408-hya,data-node-19,9.9.2.156,elasticsearch_os_load5,5.57
2023/4/13 11:54,1681358087,cc-cc408-hya,data-node-19,9.9.2.156,elasticsearch_os_load5,5.62
2023/4/13 11:55,1681358147,cc-cc408-hya,data-node-19,9.9.2.156,elasticsearch_os_load5,5.43
2023/4/13 11:56,1681358207,cc-cc408-hya,data-node-19,9.9.2.156,elasticsearch_os_load5,5.37
2023/4/13 11:57,1681358267,cc-cc408-hya,data-node-19,9.9.2.156,elasticsearch_os_load5,5.37
2023/4/13 11:58,1681358327,cc-cc408-hya,data-node-19,9.9.2.156,elasticsearch_os_load5,5.02
2023/4/13 11:59,1681358387,cc-cc408-hya,data-node-19,9.9.2.156,elasticsearch_os_load5,5.06
2023/4/13 12:00,1681358447,cc-cc408-hya,data-node-19,9.9.2.156,elasticsearch_os_load5,5.1
2023/4/13 12:01,1681358507,cc-cc408-hya,data-node-19,9.9.2.156,elasticsearch_os_load5,5.04
2023/4/13 12:02,1681358567,cc-cc408-hya,data-node-19,9.9.2.156,elasticsearch_os_load5,5.33
2023/4/13 12:03,1681358627,cc-cc408-hya,data-node-19,9.9.2.156,elasticsearch_os_load5,5.2
2023/4/13 12:04,1681358687,cc-cc408-hya,data-node-19,9.9.2.156,elasticsearch_os_load5,5.21
2023/4/13 12:05,1681358747,cc-cc408-hya,data-node-19,9.9.2.156,elasticsearch_os_load5,4.95
2023/4/13 12:06,1681358807,cc-cc408-hya,data-node-19,9.9.2.156,elasticsearch_os_load5,5.02
2023/4/13 12:07,1681358867,cc-cc408-hya,data-node-19,9.9.2.156,elasticsearch_os_load5,5.05
2023/4/13 12:08,1681358927,cc-cc408-hya,data-node-19,9.9.2.156,elasticsearch_os_load5,4.74
2023/4/13 12:09,1681358987,cc-cc408-hya,data-node-19,9.9.2.156,elasticsearch_os_load5,4.78
2023/4/13 12:10,1681359047,cc-cc408-hya,data-node-19,9.9.2.156,elasticsearch_os_load5,4.85
2023/4/13 12:11,1681359107,cc-cc408-hya,data-node-19,9.9.2.156,elasticsearch_os_load5,4.55
2023/4/13 12:12,1681359167,cc-cc408-hya,data-node-19,9.9.2.156,elasticsearch_os_load5,4.42
2023/4/13 12:13,1681359227,cc-cc408-hya,data-node-19,9.9.2.156,elasticsearch_os_load5,4.17
2023/4/13 12:14,1681359287,cc-cc408-hya,data-node-19,9.9.2.156,elasticsearch_os_load5,3.89
2023/4/13 12:15,1681359347,cc-cc408-hya,data-node-19,9.9.2.156,elasticsearch_os_load5,3.84
2023/4/13 12:16,1681359407,cc-cc408-hya,data-node-19,9.9.2.156,elasticsearch_os_load5,3.74
2023/4/13 12:17,1681359467,cc-cc408-hya,data-node-19,9.9.2.156,elasticsearch_os_load5,3.64
2023/4/13 12:18,1681359527,cc-cc408-hya,data-node-19,9.9.2.156,elasticsearch_os_load5,3.68
2023/4/13 12:19,1681359587,cc-cc408-hya,data-node-19,9.9.2.156,elasticsearch_os_load5,3.4
2023/4/13 12:20,1681359647,cc-cc408-hya,data-node-19,9.9.2.156,elasticsearch_os_load5,3.47
2023/4/13 12:21,1681359707,cc-cc408-hya,data-node-19,9.9.2.156,elasticsearch_os_load5,3.46
2023/4/13 12:22,1681359767,cc-cc408-hya,data-node-19,9.9.2.156,elasticsearch_os_load5,3.51
2023/4/13 12:23,1681359827,cc-cc408-hya,data-node-19,9.9.2.156,elasticsearch_os_load5,3.31
2023/4/13 12:24,1681359887,cc-cc408-hya,data-node-19,9.9.2.156,elasticsearch_os_load5,3.29
2023/4/13 12:25,1681359947,cc-cc408-hya,data-node-19,9.9.2.156,elasticsearch_os_load5,3.37
2023/4/13 12:26,1681360007,cc-cc408-hya,data-node-19,9.9.2.156,elasticsearch_os_load5,3.48
2023/4/13 12:27,1681360067,cc-cc408-hya,data-node-19,9.9.2.156,elasticsearch_os_load5,3.56
2023/4/13 12:28,1681360127,cc-cc408-hya,data-node-19,9.9.2.156,elasticsearch_os_load5,3.52
2023/4/13 12:29,1681360187,cc-cc408-hya,data-node-19,9.9.2.156,elasticsearch_os_load5,3.48
2023/4/13 12:30,1681360247,cc-cc408-hya,data-node-19,9.9.2.156,elasticsearch_os_load5,3.64
2023/4/13 12:31,1681360307,cc-cc408-hya,data-node-19,9.9.2.156,elasticsearch_os_load5,3.47
2023/4/13 12:32,1681360367,cc-cc408-hya,data-node-19,9.9.2.156,elasticsearch_os_load5,3.61
2023/4/13 12:33,1681360427,cc-cc408-hya,data-node-19,9.9.2.156,elasticsearch_os_load5,3.45
2023/4/13 12:34,1681360487,cc-cc408-hya,data-node-19,9.9.2.156,elasticsearch_os_load5,3.51
2023/4/13 12:35,1681360547,cc-cc408-hya,data-node-19,9.9.2.156,elasticsearch_os_load5,3.62
2023/4/13 12:36,1681360607,cc-cc408-hya,data-node-19,9.9.2.156,elasticsearch_os_load5,3.51
2023/4/13 12:37,1681360667,cc-cc408-hya,data-node-19,9.9.2.156,elasticsearch_os_load5,3.32
2023/4/13 12:38,1681360727,cc-cc408-hya,data-node-19,9.9.2.156,elasticsearch_os_load5,3.24
2023/4/13 12:39,1681360787,cc-cc408-hya,data-node-19,9.9.2.156,elasticsearch_os_load5,3.31
2023/4/13 12:40,1681360847,cc-cc408-hya,data-node-19,9.9.2.156,elasticsearch_os_load5,3.3
2023/4/13 12:41,1681360907,cc-cc408-hya,data-node-19,9.9.2.156,elasticsearch_os_load5,3.24
2023/4/13 12:42,1681360967,cc-cc408-hya,data-node-19,9.9.2.156,elasticsearch_os_load5,3.08
2023/4/13 12:43,1681361027,cc-cc408-hya,data-node-19,9.9.2.156,elasticsearch_os_load5,3.44
2023/4/13 12:44,1681361087,cc-cc408-hya,data-node-19,9.9.2.156,elasticsearch_os_load5,3.57
2023/4/13 12:45,1681361147,cc-cc408-hya,data-node-19,9.9.2.156,elasticsearch_os_load5,3.48
2023/4/13 12:46,1681361207,cc-cc408-hya,data-node-19,9.9.2.156,elasticsearch_os_load5,3.45
2023/4/13 12:47,1681361267,cc-cc408-hya,data-node-19,9.9.2.156,elasticsearch_os_load5,3.38
2023/4/13 12:48,1681361327,cc-cc408-hya,data-node-19,9.9.2.156,elasticsearch_os_load5,3.25
2023/4/13 12:49,1681361387,cc-cc408-hya,data-node-19,9.9.2.156,elasticsearch_os_load5,3.32
2023/4/13 12:50,1681361447,cc-cc408-hya,data-node-19,9.9.2.156,elasticsearch_os_load5,3.19
2023/4/13 12:51,1681361507,cc-cc408-hya,data-node-19,9.9.2.156,elasticsearch_os_load5,3.13
2023/4/13 12:52,1681361567,cc-cc408-hya,data-node-19,9.9.2.156,elasticsearch_os_load5,3.38
2023/4/13 12:53,1681361627,cc-cc408-hya,data-node-19,9.9.2.156,elasticsearch_os_load5,3.37
2023/4/13 12:54,1681361687,cc-cc408-hya,data-node-19,9.9.2.156,elasticsearch_os_load5,3.62
2023/4/13 12:55,1681361747,cc-cc408-hya,data-node-19,9.9.2.156,elasticsearch_os_load5,3.76
2023/4/13 12:56,1681361807,cc-cc408-hya,data-node-19,9.9.2.156,elasticsearch_os_load5,3.86
2023/4/13 12:57,1681361867,cc-cc408-hya,data-node-19,9.9.2.156,elasticsearch_os_load5,3.6
2023/4/13 12:58,1681361927,cc-cc408-hya,data-node-19,9.9.2.156,elasticsearch_os_load5,3.76
2023/4/13 12:59,1681361987,cc-cc408-hya,data-node-19,9.9.2.156,elasticsearch_os_load5,3.71
2023/4/13 13:00,1681362047,cc-cc408-hya,data-node-19,9.9.2.156,elasticsearch_os_load5,3.64
2023/4/13 13:01,1681362107,cc-cc408-hya,data-node-19,9.9.2.156,elasticsearch_os_load5,3.67
2023/4/13 13:02,1681362167,cc-cc408-hya,data-node-19,9.9.2.156,elasticsearch_os_load5,3.61
2023/4/13 13:03,1681362227,cc-cc408-hya,data-node-19,9.9.2.156,elasticsearch_os_load5,3.5
2023/4/13 13:04,1681362287,cc-cc408-hya,data-node-19,9.9.2.156,elasticsearch_os_load5,3.36
2023/4/13 13:05,1681362347,cc-cc408-hya,data-node-19,9.9.2.156,elasticsearch_os_load5,3.11
2023/4/13 13:06,1681362407,cc-cc408-hya,data-node-19,9.9.2.156,elasticsearch_os_load5,3.57
2023/4/13 13:07,1681362467,cc-cc408-hya,data-node-19,9.9.2.156,elasticsearch_os_load5,3.67
2023/4/13 13:08,1681362527,cc-cc408-hya,data-node-19,9.9.2.156,elasticsearch_os_load5,3.67
2023/4/13 13:09,1681362587,cc-cc408-hya,data-node-19,9.9.2.156,elasticsearch_os_load5,3.55
2023/4/13 13:10,1681362647,cc-cc408-hya,data-node-19,9.9.2.156,elasticsearch_os_load5,3.27
2023/4/13 13:11,1681362707,cc-cc408-hya,data-node-19,9.9.2.156,elasticsearch_os_load5,3.1
2023/4/13 13:12,1681362767,cc-cc408-hya,data-node-19,9.9.2.156,elasticsearch_os_load5,2.98
2023/4/13 13:13,1681362827,cc-cc408-hya,data-node-19,9.9.2.156,elasticsearch_os_load5,2.92
2023/4/13 13:14,1681362887,cc-cc408-hya,data-node-19,9.9.2.156,elasticsearch_os_load5,2.94
2023/4/13 13:15,1681362947,cc-cc408-hya,data-node-19,9.9.2.156,elasticsearch_os_load5,2.84
2023/4/13 13:16,1681363007,cc-cc408-hya,data-node-19,9.9.2.156,elasticsearch_os_load5,2.97
2023/4/13 13:17,1681363067,cc-cc408-hya,data-node-19,9.9.2.156,elasticsearch_os_load5,3.11
2023/4/13 13:18,1681363127,cc-cc408-hya,data-node-19,9.9.2.156,elasticsearch_os_load5,3.13
2023/4/13 13:19,1681363187,cc-cc408-hya,data-node-19,9.9.2.156,elasticsearch_os_load5,2.87
2023/4/13 13:20,1681363247,cc-cc408-hya,data-node-19,9.9.2.156,elasticsearch_os_load5,2.83
2023/4/13 13:21,1681363307,cc-cc408-hya,data-node-19,9.9.2.156,elasticsearch_os_load5,3.12
2023/4/13 13:22,1681363367,cc-cc408-hya,data-node-19,9.9.2.156,elasticsearch_os_load5,3.37
2023/4/13 13:23,1681363427,cc-cc408-hya,data-node-19,9.9.2.156,elasticsearch_os_load5,3.49
2023/4/13 13:24,1681363487,cc-cc408-hya,data-node-19,9.9.2.156,elasticsearch_os_load5,3.23
2023/4/13 13:25,1681363547,cc-cc408-hya,data-node-19,9.9.2.156,elasticsearch_os_load5,3.41
2023/4/13 13:26,1681363607,cc-cc408-hya,data-node-19,9.9.2.156,elasticsearch_os_load5,3.41
2023/4/13 13:27,1681363667,cc-cc408-hya,data-node-19,9.9.2.156,elasticsearch_os_load5,3.43
2023/4/13 13:28,1681363727,cc-cc408-hya,data-node-19,9.9.2.156,elasticsearch_os_load5,3.45
2023/4/13 13:29,1681363787,cc-cc408-hya,data-node-19,9.9.2.156,elasticsearch_os_load5,3.64
2023/4/13 13:30,1681363847,cc-cc408-hya,data-node-19,9.9.2.156,elasticsearch_os_load5,3.78
2023/4/13 13:31,1681363907,cc-cc408-hya,data-node-19,9.9.2.156,elasticsearch_os_load5,3.73
2023/4/13 13:32,1681363967,cc-cc408-hya,data-node-19,9.9.2.156,elasticsearch_os_load5,3.82
2023/4/13 13:33,1681364027,cc-cc408-hya,data-node-19,9.9.2.156,elasticsearch_os_load5,3.94
2023/4/13 13:34,1681364087,cc-cc408-hya,data-node-19,9.9.2.156,elasticsearch_os_load5,4.09
2023/4/13 13:35,1681364147,cc-cc408-hya,data-node-19,9.9.2.156,elasticsearch_os_load5,4.15
2023/4/13 13:36,1681364207,cc-cc408-hya,data-node-19,9.9.2.156,elasticsearch_os_load5,4.3
2023/4/13 13:37,1681364267,cc-cc408-hya,data-node-19,9.9.2.156,elasticsearch_os_load5,4.04
2023/4/13 13:38,1681364327,cc-cc408-hya,data-node-19,9.9.2.156,elasticsearch_os_load5,3.89
2023/4/13 13:39,1681364387,cc-cc408-hya,data-node-19,9.9.2.156,elasticsearch_os_load5,3.65
2023/4/13 13:40,1681364447,cc-cc408-hya,data-node-19,9.9.2.156,elasticsearch_os_load5,3.77
2023/4/13 13:41,1681364507,cc-cc408-hya,data-node-19,9.9.2.156,elasticsearch_os_load5,3.53
2023/4/13 13:42,1681364567,cc-cc408-hya,data-node-19,9.9.2.156,elasticsearch_os_load5,3.54
2023/4/13 13:43,1681364627,cc-cc408-hya,data-node-19,9.9.2.156,elasticsearch_os_load5,3.49
2023/4/13 13:44,1681364687,cc-cc408-hya,data-node-19,9.9.2.156,elasticsearch_os_load5,3.62
2023/4/13 13:45,1681364747,cc-cc408-hya,data-node-19,9.9.2.156,elasticsearch_os_load5,3.49
2023/4/13 13:46,1681364807,cc-cc408-hya,data-node-19,9.9.2.156,elasticsearch_os_load5,3.7
2023/4/13 13:47,1681364867,cc-cc408-hya,data-node-19,9.9.2.156,elasticsearch_os_load5,3.74
2023/4/13 13:48,1681364927,cc-cc408-hya,data-node-19,9.9.2.156,elasticsearch_os_load5,3.85
2023/4/13 13:49,1681364987,cc-cc408-hya,data-node-19,9.9.2.156,elasticsearch_os_load5,3.97
2023/4/13 13:50,1681365047,cc-cc408-hya,data-node-19,9.9.2.156,elasticsearch_os_load5,4.68
2023/4/13 13:51,1681365107,cc-cc408-hya,data-node-19,9.9.2.156,elasticsearch_os_load5,5.1
2023/4/13 13:52,1681365167,cc-cc408-hya,data-node-19,9.9.2.156,elasticsearch_os_load5,5.11
2023/4/13 13:53,1681365227,cc-cc408-hya,data-node-19,9.9.2.156,elasticsearch_os_load5,4.7
2023/4/13 13:54,1681365287,cc-cc408-hya,data-node-19,9.9.2.156,elasticsearch_os_load5,4.58
2023/4/13 13:55,1681365347,cc-cc408-hya,data-node-19,9.9.2.156,elasticsearch_os_load5,4.47
2023/4/13 13:56,1681365407,cc-cc408-hya,data-node-19,9.9.2.156,elasticsearch_os_load5,4.7
2023/4/13 13:57,1681365467,cc-cc408-hya,data-node-19,9.9.2.156,elasticsearch_os_load5,4.72
2023/4/13 13:58,1681365527,cc-cc408-hya,data-node-19,9.9.2.156,elasticsearch_os_load5,4.65
2023/4/13 13:59,1681365587,cc-cc408-hya,data-node-19,9.9.2.156,elasticsearch_os_load5,4.57
2023/4/13 14:00,1681365647,cc-cc408-hya,data-node-19,9.9.2.156,elasticsearch_os_load5,4.26
2023/4/13 14:01,1681365707,cc-cc408-hya,data-node-19,9.9.2.156,elasticsearch_os_load5,4.62
2023/4/13 14:02,1681365767,cc-cc408-hya,data-node-19,9.9.2.156,elasticsearch_os_load5,4.69
2023/4/13 14:03,1681365827,cc-cc408-hya,data-node-19,9.9.2.156,elasticsearch_os_load5,4.6
2023/4/13 14:04,1681365887,cc-cc408-hya,data-node-19,9.9.2.156,elasticsearch_os_load5,4.59
2023/4/13 14:05,1681365947,cc-cc408-hya,data-node-19,9.9.2.156,elasticsearch_os_load5,4.24
2023/4/13 14:06,1681366007,cc-cc408-hya,data-node-19,9.9.2.156,elasticsearch_os_load5,4.1
2023/4/13 14:07,1681366067,cc-cc408-hya,data-node-19,9.9.2.156,elasticsearch_os_load5,4.35
2023/4/13 14:08,1681366127,cc-cc408-hya,data-node-19,9.9.2.156,elasticsearch_os_load5,4.51
2023/4/13 14:09,1681366187,cc-cc408-hya,data-node-19,9.9.2.156,elasticsearch_os_load5,5.04
2023/4/13 14:10,1681366247,cc-cc408-hya,data-node-19,9.9.2.156,elasticsearch_os_load5,4.97
2023/4/13 14:11,1681366307,cc-cc408-hya,data-node-19,9.9.2.156,elasticsearch_os_load5,4.79
2023/4/13 14:12,1681366367,cc-cc408-hya,data-node-19,9.9.2.156,elasticsearch_os_load5,4.87
2023/4/13 14:13,1681366427,cc-cc408-hya,data-node-19,9.9.2.156,elasticsearch_os_load5,4.93
2023/4/13 14:14,1681366487,cc-cc408-hya,data-node-19,9.9.2.156,elasticsearch_os_load5,4.87
2023/4/13 14:15,1681366547,cc-cc408-hya,data-node-19,9.9.2.156,elasticsearch_os_load5,4.77
2023/4/13 14:16,1681366607,cc-cc408-hya,data-node-19,9.9.2.156,elasticsearch_os_load5,5.25
2023/4/13 14:17,1681366667,cc-cc408-hya,data-node-19,9.9.2.156,elasticsearch_os_load5,5.07
2023/4/13 14:18,1681366727,cc-cc408-hya,data-node-19,9.9.2.156,elasticsearch_os_load5,5.07
2023/4/13 14:19,1681366787,cc-cc408-hya,data-node-19,9.9.2.156,elasticsearch_os_load5,5.08
2023/4/13 14:20,1681366847,cc-cc408-hya,data-node-19,9.9.2.156,elasticsearch_os_load5,5.29
2023/4/13 14:21,1681366907,cc-cc408-hya,data-node-19,9.9.2.156,elasticsearch_os_load5,5.42
2023/4/13 14:22,1681366967,cc-cc408-hya,data-node-19,9.9.2.156,elasticsearch_os_load5,5.31
2023/4/13 14:23,1681367027,cc-cc408-hya,data-node-19,9.9.2.156,elasticsearch_os_load5,5.46
2023/4/13 14:24,1681367087,cc-cc408-hya,data-node-19,9.9.2.156,elasticsearch_os_load5,5.16
2023/4/13 14:25,1681367147,cc-cc408-hya,data-node-19,9.9.2.156,elasticsearch_os_load5,4.87
2023/4/13 14:26,1681367207,cc-cc408-hya,data-node-19,9.9.2.156,elasticsearch_os_load5,4.59
2023/4/13 14:27,1681367267,cc-cc408-hya,data-node-19,9.9.2.156,elasticsearch_os_load5,4.53
2023/4/13 14:28,1681367327,cc-cc408-hya,data-node-19,9.9.2.156,elasticsearch_os_load5,4.62
2023/4/13 14:29,1681367387,cc-cc408-hya,data-node-19,9.9.2.156,elasticsearch_os_load5,4.87
2023/4/13 14:30,1681367447,cc-cc408-hya,data-node-19,9.9.2.156,elasticsearch_os_load5,4.83
2023/4/13 14:31,1681367507,cc-cc408-hya,data-node-19,9.9.2.156,elasticsearch_os_load5,5.12
2023/4/13 14:32,1681367567,cc-cc408-hya,data-node-19,9.9.2.156,elasticsearch_os_load5,4.99
2023/4/13 14:33,1681367627,cc-cc408-hya,data-node-19,9.9.2.156,elasticsearch_os_load5,4.84
2023/4/13 14:34,1681367687,cc-cc408-hya,data-node-19,9.9.2.156,elasticsearch_os_load5,5.02
2023/4/13 14:35,1681367747,cc-cc408-hya,data-node-19,9.9.2.156,elasticsearch_os_load5,4.92
2023/4/13 14:36,1681367807,cc-cc408-hya,data-node-19,9.9.2.156,elasticsearch_os_load5,4.83
2023/4/13 14:37,1681367867,cc-cc408-hya,data-node-19,9.9.2.156,elasticsearch_os_load5,4.97
2023/4/13 14:38,1681367927,cc-cc408-hya,data-node-19,9.9.2.156,elasticsearch_os_load5,4.88
2023/4/13 14:39,1681367987,cc-cc408-hya,data-node-19,9.9.2.156,elasticsearch_os_load5,4.74
2023/4/13 14:40,1681368047,cc-cc408-hya,data-node-19,9.9.2.156,elasticsearch_os_load5,4.63
2023/4/13 14:41,1681368107,cc-cc408-hya,data-node-19,9.9.2.156,elasticsearch_os_load5,4.64
2023/4/13 14:42,1681368167,cc-cc408-hya,data-node-19,9.9.2.156,elasticsearch_os_load5,4.56
2023/4/13 14:43,1681368227,cc-cc408-hya,data-node-19,9.9.2.156,elasticsearch_os_load5,4.64
2023/4/13 14:44,1681368287,cc-cc408-hya,data-node-19,9.9.2.156,elasticsearch_os_load5,4.9
2023/4/13 14:45,1681368347,cc-cc408-hya,data-node-19,9.9.2.156,elasticsearch_os_load5,4.95
2023/4/13 14:46,1681368407,cc-cc408-hya,data-node-19,9.9.2.156,elasticsearch_os_load5,4.85
2023/4/13 14:47,1681368467,cc-cc408-hya,data-node-19,9.9.2.156,elasticsearch_os_load5,4.69
2023/4/13 14:48,1681368527,cc-cc408-hya,data-node-19,9.9.2.156,elasticsearch_os_load5,4.95
2023/4/13 14:49,1681368587,cc-cc408-hya,data-node-19,9.9.2.156,elasticsearch_os_load5,4.76
2023/4/13 14:50,1681368647,cc-cc408-hya,data-node-19,9.9.2.156,elasticsearch_os_load5,4.93
2023/4/13 14:51,1681368707,cc-cc408-hya,data-node-19,9.9.2.156,elasticsearch_os_load5,5.59
2023/4/13 14:52,1681368767,cc-cc408-hya,data-node-19,9.9.2.156,elasticsearch_os_load5,5.77
2023/4/13 14:53,1681368827,cc-cc408-hya,data-node-19,9.9.2.156,elasticsearch_os_load5,5.4
2023/4/13 14:54,1681368887,cc-cc408-hya,data-node-19,9.9.2.156,elasticsearch_os_load5,4.92
2023/4/13 14:55,1681368947,cc-cc408-hya,data-node-19,9.9.2.156,elasticsearch_os_load5,5.05
2023/4/13 14:56,1681369007,cc-cc408-hya,data-node-19,9.9.2.156,elasticsearch_os_load5,4.86
2023/4/13 14:57,1681369067,cc-cc408-hya,data-node-19,9.9.2.156,elasticsearch_os_load5,4.93
2023/4/13 14:58,1681369127,cc-cc408-hya,data-node-19,9.9.2.156,elasticsearch_os_load5,4.86
2023/4/13 14:59,1681369187,cc-cc408-hya,data-node-19,9.9.2.156,elasticsearch_os_load5,4.68
2023/4/13 15:00,1681369247,cc-cc408-hya,data-node-19,9.9.2.156,elasticsearch_os_load5,4.84
2023/4/13 15:01,1681369307,cc-cc408-hya,data-node-19,9.9.2.156,elasticsearch_os_load5,4.93
2023/4/13 15:02,1681369367,cc-cc408-hya,data-node-19,9.9.2.156,elasticsearch_os_load5,5.03
2023/4/13 15:03,1681369427,cc-cc408-hya,data-node-19,9.9.2.156,elasticsearch_os_load5,5.16
2023/4/13 15:04,1681369487,cc-cc408-hya,data-node-19,9.9.2.156,elasticsearch_os_load5,5.3
2023/4/13 15:05,1681369547,cc-cc408-hya,data-node-19,9.9.2.156,elasticsearch_os_load5,6.01
2023/4/13 15:06,1681369607,cc-cc408-hya,data-node-19,9.9.2.156,elasticsearch_os_load5,5.76
2023/4/13 15:07,1681369667,cc-cc408-hya,data-node-19,9.9.2.156,elasticsearch_os_load5,5.85
2023/4/13 15:08,1681369727,cc-cc408-hya,data-node-19,9.9.2.156,elasticsearch_os_load5,5.61
2023/4/13 15:09,1681369787,cc-cc408-hya,data-node-19,9.9.2.156,elasticsearch_os_load5,5.55
2023/4/13 15:10,1681369847,cc-cc408-hya,data-node-19,9.9.2.156,elasticsearch_os_load5,5.53
2023/4/13 15:11,1681369907,cc-cc408-hya,data-node-19,9.9.2.156,elasticsearch_os_load5,5.35
2023/4/13 15:12,1681369967,cc-cc408-hya,data-node-19,9.9.2.156,elasticsearch_os_load5,5.26
2023/4/13 15:13,1681370027,cc-cc408-hya,data-node-19,9.9.2.156,elasticsearch_os_load5,5.9
2023/4/13 15:14,1681370087,cc-cc408-hya,data-node-19,9.9.2.156,elasticsearch_os_load5,6.16
2023/4/13 15:15,1681370147,cc-cc408-hya,data-node-19,9.9.2.156,elasticsearch_os_load5,5.92
2023/4/13 15:16,1681370207,cc-cc408-hya,data-node-19,9.9.2.156,elasticsearch_os_load5,5.41
2023/4/13 15:17,1681370267,cc-cc408-hya,data-node-19,9.9.2.156,elasticsearch_os_load5,5.06
2023/4/13 15:18,1681370327,cc-cc408-hya,data-node-19,9.9.2.156,elasticsearch_os_load5,5.04
2023/4/13 15:19,1681370387,cc-cc408-hya,data-node-19,9.9.2.156,elasticsearch_os_load5,5.03
2023/4/13 15:20,1681370447,cc-cc408-hya,data-node-19,9.9.2.156,elasticsearch_os_load5,4.82
2023/4/13 15:21,1681370507,cc-cc408-hya,data-node-19,9.9.2.156,elasticsearch_os_load5,4.66
2023/4/13 15:22,1681370567,cc-cc408-hya,data-node-19,9.9.2.156,elasticsearch_os_load5,4.59
2023/4/13 15:23,1681370627,cc-cc408-hya,data-node-19,9.9.2.156,elasticsearch_os_load5,4.35
2023/4/13 15:24,1681370687,cc-cc408-hya,data-node-19,9.9.2.156,elasticsearch_os_load5,4.39
2023/4/13 15:25,1681370747,cc-cc408-hya,data-node-19,9.9.2.156,elasticsearch_os_load5,4.36
2023/4/13 15:26,1681370807,cc-cc408-hya,data-node-19,9.9.2.156,elasticsearch_os_load5,4.8
2023/4/13 15:27,1681370867,cc-cc408-hya,data-node-19,9.9.2.156,elasticsearch_os_load5,5.19
2023/4/13 15:28,1681370927,cc-cc408-hya,data-node-19,9.9.2.156,elasticsearch_os_load5,4.84
2023/4/13 15:29,1681370987,cc-cc408-hya,data-node-19,9.9.2.156,elasticsearch_os_load5,4.98
2023/4/13 15:30,1681371047,cc-cc408-hya,data-node-19,9.9.2.156,elasticsearch_os_load5,5.13
2023/4/13 15:31,1681371107,cc-cc408-hya,data-node-19,9.9.2.156,elasticsearch_os_load5,5.01
2023/4/13 15:32,1681371167,cc-cc408-hya,data-node-19,9.9.2.156,elasticsearch_os_load5,5.23
2023/4/13 15:33,1681371227,cc-cc408-hya,data-node-19,9.9.2.156,elasticsearch_os_load5,5.34
2023/4/13 15:34,1681371287,cc-cc408-hya,data-node-19,9.9.2.156,elasticsearch_os_load5,5.24
2023/4/13 15:35,1681371347,cc-cc408-hya,data-node-19,9.9.2.156,elasticsearch_os_load5,5.3
2023/4/13 15:36,1681371407,cc-cc408-hya,data-node-19,9.9.2.156,elasticsearch_os_load5,5.43
2023/4/13 15:37,1681371467,cc-cc408-hya,data-node-19,9.9.2.156,elasticsearch_os_load5,6.16
2023/4/13 15:38,1681371527,cc-cc408-hya,data-node-19,9.9.2.156,elasticsearch_os_load5,6.09
2023/4/13 15:39,1681371587,cc-cc408-hya,data-node-19,9.9.2.156,elasticsearch_os_load5,5.69
2023/4/13 15:40,1681371647,cc-cc408-hya,data-node-19,9.9.2.156,elasticsearch_os_load5,5.81
2023/4/13 15:41,1681371707,cc-cc408-hya,data-node-19,9.9.2.156,elasticsearch_os_load5,5.65
2023/4/13 15:42,1681371767,cc-cc408-hya,data-node-19,9.9.2.156,elasticsearch_os_load5,5.73
2023/4/13 15:43,1681371827,cc-cc408-hya,data-node-19,9.9.2.156,elasticsearch_os_load5,5.42
2023/4/13 15:44,1681371887,cc-cc408-hya,data-node-19,9.9.2.156,elasticsearch_os_load5,5.44
2023/4/13 15:45,1681371947,cc-cc408-hya,data-node-19,9.9.2.156,elasticsearch_os_load5,5.54
2023/4/13 15:46,1681372007,cc-cc408-hya,data-node-19,9.9.2.156,elasticsearch_os_load5,5.47
2023/4/13 15:47,1681372067,cc-cc408-hya,data-node-19,9.9.2.156,elasticsearch_os_load5,5.22
2023/4/13 15:48,1681372127,cc-cc408-hya,data-node-19,9.9.2.156,elasticsearch_os_load5,5.87
2023/4/13 15:49,1681372187,cc-cc408-hya,data-node-19,9.9.2.156,elasticsearch_os_load5,5.86
2023/4/13 15:50,1681372247,cc-cc408-hya,data-node-19,9.9.2.156,elasticsearch_os_load5,6.04
2023/4/13 15:51,1681372307,cc-cc408-hya,data-node-19,9.9.2.156,elasticsearch_os_load5,6.1
2023/4/13 15:52,1681372367,cc-cc408-hya,data-node-19,9.9.2.156,elasticsearch_os_load5,5.78
2023/4/13 15:53,1681372427,cc-cc408-hya,data-node-19,9.9.2.156,elasticsearch_os_load5,6.57
2023/4/13 15:54,1681372487,cc-cc408-hya,data-node-19,9.9.2.156,elasticsearch_os_load5,6.31
2023/4/13 15:55,1681372547,cc-cc408-hya,data-node-19,9.9.2.156,elasticsearch_os_load5,6.47
2023/4/13 15:56,1681372607,cc-cc408-hya,data-node-19,9.9.2.156,elasticsearch_os_load5,6.3
2023/4/13 15:57,1681372667,cc-cc408-hya,data-node-19,9.9.2.156,elasticsearch_os_load5,6.19
2023/4/13 15:58,1681372727,cc-cc408-hya,data-node-19,9.9.2.156,elasticsearch_os_load5,6.17
2023/4/13 15:59,1681372787,cc-cc408-hya,data-node-19,9.9.2.156,elasticsearch_os_load5,6.18
2023/4/13 16:00,1681372847,cc-cc408-hya,data-node-19,9.9.2.156,elasticsearch_os_load5,6.15
2023/4/13 16:01,1681372907,cc-cc408-hya,data-node-19,9.9.2.156,elasticsearch_os_load5,6.08
2023/4/13 16:02,1681372967,cc-cc408-hya,data-node-19,9.9.2.156,elasticsearch_os_load5,6.05
2023/4/13 16:03,1681373027,cc-cc408-hya,data-node-19,9.9.2.156,elasticsearch_os_load5,5.57
2023/4/13 16:04,1681373087,cc-cc408-hya,data-node-19,9.9.2.156,elasticsearch_os_load5,5.42
2023/4/13 16:05,1681373147,cc-cc408-hya,data-node-19,9.9.2.156,elasticsearch_os_load5,5.79
2023/4/13 16:06,1681373207,cc-cc408-hya,data-node-19,9.9.2.156,elasticsearch_os_load5,5.92
2023/4/13 16:07,1681373267,cc-cc408-hya,data-node-19,9.9.2.156,elasticsearch_os_load5,5.55
2023/4/13 16:08,1681373327,cc-cc408-hya,data-node-19,9.9.2.156,elasticsearch_os_load5,5.85
2023/4/13 16:09,1681373387,cc-cc408-hya,data-node-19,9.9.2.156,elasticsearch_os_load5,5.8
2023/4/13 16:10,1681373447,cc-cc408-hya,data-node-19,9.9.2.156,elasticsearch_os_load5,5.66
2023/4/13 16:11,1681373507,cc-cc408-hya,data-node-19,9.9.2.156,elasticsearch_os_load5,5.99
2023/4/13 16:12,1681373567,cc-cc408-hya,data-node-19,9.9.2.156,elasticsearch_os_load5,5.64
2023/4/13 16:13,1681373627,cc-cc408-hya,data-node-19,9.9.2.156,elasticsearch_os_load5,5.89
2023/4/13 16:14,1681373687,cc-cc408-hya,data-node-19,9.9.2.156,elasticsearch_os_load5,6.01
2023/4/13 16:15,1681373747,cc-cc408-hya,data-node-19,9.9.2.156,elasticsearch_os_load5,6.56
2023/4/13 16:16,1681373807,cc-cc408-hya,data-node-19,9.9.2.156,elasticsearch_os_load5,7.01
2023/4/13 16:17,1681373867,cc-cc408-hya,data-node-19,9.9.2.156,elasticsearch_os_load5,6.67
2023/4/13 16:18,1681373927,cc-cc408-hya,data-node-19,9.9.2.156,elasticsearch_os_load5,6.77
2023/4/13 16:19,1681373987,cc-cc408-hya,data-node-19,9.9.2.156,elasticsearch_os_load5,6.79
2023/4/13 16:20,1681374047,cc-cc408-hya,data-node-19,9.9.2.156,elasticsearch_os_load5,6.6
2023/4/13 16:21,1681374107,cc-cc408-hya,data-node-19,9.9.2.156,elasticsearch_os_load5,6.46
2023/4/13 16:22,1681374167,cc-cc408-hya,data-node-19,9.9.2.156,elasticsearch_os_load5,6.58
2023/4/13 16:23,1681374227,cc-cc408-hya,data-node-19,9.9.2.156,elasticsearch_os_load5,6.62
2023/4/13 16:24,1681374287,cc-cc408-hya,data-node-19,9.9.2.156,elasticsearch_os_load5,6.44
2023/4/13 16:25,1681374347,cc-cc408-hya,data-node-19,9.9.2.156,elasticsearch_os_load5,7.08
2023/4/13 16:26,1681374407,cc-cc408-hya,data-node-19,9.9.2.156,elasticsearch_os_load5,6.83
2023/4/13 16:27,1681374467,cc-cc408-hya,data-node-19,9.9.2.156,elasticsearch_os_load5,7.03
2023/4/13 16:28,1681374527,cc-cc408-hya,data-node-19,9.9.2.156,elasticsearch_os_load5,7.2
2023/4/13 16:29,1681374587,cc-cc408-hya,data-node-19,9.9.2.156,elasticsearch_os_load5,7.17
2023/4/13 16:30,1681374647,cc-cc408-hya,data-node-19,9.9.2.156,elasticsearch_os_load5,7.16
2023/4/13 16:31,1681374707,cc-cc408-hya,data-node-19,9.9.2.156,elasticsearch_os_load5,7.08
2023/4/13 16:32,1681374767,cc-cc408-hya,data-node-19,9.9.2.156,elasticsearch_os_load5,7.04
2023/4/13 16:33,1681374827,cc-cc408-hya,data-node-19,9.9.2.156,elasticsearch_os_load5,7.37
2023/4/13 16:34,1681374887,cc-cc408-hya,data-node-19,9.9.2.156,elasticsearch_os_load5,7.22
2023/4/13 16:35,1681374947,cc-cc408-hya,data-node-19,9.9.2.156,elasticsearch_os_load5,7.5
2023/4/13 16:36,1681375007,cc-cc408-hya,data-node-19,9.9.2.156,elasticsearch_os_load5,7.16
2023/4/13 16:37,1681375067,cc-cc408-hya,data-node-19,9.9.2.156,elasticsearch_os_load5,6.82
2023/4/13 16:38,1681375127,cc-cc408-hya,data-node-19,9.9.2.156,elasticsearch_os_load5,6.74
2023/4/13 16:39,1681375187,cc-cc408-hya,data-node-19,9.9.2.156,elasticsearch_os_load5,6.52
2023/4/13 16:40,1681375247,cc-cc408-hya,data-node-19,9.9.2.156,elasticsearch_os_load5,6.48
2023/4/13 16:41,1681375307,cc-cc408-hya,data-node-19,9.9.2.156,elasticsearch_os_load5,6.56
2023/4/13 16:42,1681375367,cc-cc408-hya,data-node-19,9.9.2.156,elasticsearch_os_load5,6.86
2023/4/13 16:43,1681375427,cc-cc408-hya,data-node-19,9.9.2.156,elasticsearch_os_load5,6.67
2023/4/13 16:44,1681375487,cc-cc408-hya,data-node-19,9.9.2.156,elasticsearch_os_load5,6.35
2023/4/13 16:45,1681375547,cc-cc408-hya,data-node-19,9.9.2.156,elasticsearch_os_load5,6.45
2023/4/13 16:46,1681375607,cc-cc408-hya,data-node-19,9.9.2.156,elasticsearch_os_load5,6.26
2023/4/13 16:47,1681375667,cc-cc408-hya,data-node-19,9.9.2.156,elasticsearch_os_load5,6.37
2023/4/13 16:48,1681375727,cc-cc408-hya,data-node-19,9.9.2.156,elasticsearch_os_load5,6.32
2023/4/13 16:49,1681375787,cc-cc408-hya,data-node-19,9.9.2.156,elasticsearch_os_load5,6.22
2023/4/13 16:50,1681375847,cc-cc408-hya,data-node-19,9.9.2.156,elasticsearch_os_load5,6.66
2023/4/13 16:51,1681375907,cc-cc408-hya,data-node-19,9.9.2.156,elasticsearch_os_load5,6.77
2023/4/13 16:52,1681375967,cc-cc408-hya,data-node-19,9.9.2.156,elasticsearch_os_load5,6.67
2023/4/13 16:53,1681376027,cc-cc408-hya,data-node-19,9.9.2.156,elasticsearch_os_load5,6.67
2023/4/13 16:54,1681376087,cc-cc408-hya,data-node-19,9.9.2.156,elasticsearch_os_load5,6.38
2023/4/13 16:55,1681376147,cc-cc408-hya,data-node-19,9.9.2.156,elasticsearch_os_load5,6.6
2023/4/13 16:56,1681376207,cc-cc408-hya,data-node-19,9.9.2.156,elasticsearch_os_load5,6.48
2023/4/13 16:57,1681376267,cc-cc408-hya,data-node-19,9.9.2.156,elasticsearch_os_load5,6.27
2023/4/13 16:58,1681376327,cc-cc408-hya,data-node-19,9.9.2.156,elasticsearch_os_load5,6.87
2023/4/13 16:59,1681376387,cc-cc408-hya,data-node-19,9.9.2.156,elasticsearch_os_load5,7.07
2023/4/13 17:00,1681376447,cc-cc408-hya,data-node-19,9.9.2.156,elasticsearch_os_load5,7.29
2023/4/13 17:01,1681376507,cc-cc408-hya,data-node-19,9.9.2.156,elasticsearch_os_load5,7.67
2023/4/13 17:02,1681376567,cc-cc408-hya,data-node-19,9.9.2.156,elasticsearch_os_load5,7.2
2023/4/13 17:03,1681376627,cc-cc408-hya,data-node-19,9.9.2.156,elasticsearch_os_load5,7.02
2023/4/13 17:04,1681376687,cc-cc408-hya,data-node-19,9.9.2.156,elasticsearch_os_load5,6.89
2023/4/13 17:05,1681376747,cc-cc408-hya,data-node-19,9.9.2.156,elasticsearch_os_load5,6.84
2023/4/13 17:06,1681376807,cc-cc408-hya,data-node-19,9.9.2.156,elasticsearch_os_load5,6.81
2023/4/13 17:07,1681376867,cc-cc408-hya,data-node-19,9.9.2.156,elasticsearch_os_load5,6.57
2023/4/13 17:08,1681376927,cc-cc408-hya,data-node-19,9.9.2.156,elasticsearch_os_load5,6.27
2023/4/13 17:09,1681376987,cc-cc408-hya,data-node-19,9.9.2.156,elasticsearch_os_load5,6.2
2023/4/13 17:10,1681377047,cc-cc408-hya,data-node-19,9.9.2.156,elasticsearch_os_load5,6.21
2023/4/13 17:11,1681377107,cc-cc408-hya,data-node-19,9.9.2.156,elasticsearch_os_load5,5.92
2023/4/13 17:12,1681377167,cc-cc408-hya,data-node-19,9.9.2.156,elasticsearch_os_load5,5.93
2023/4/13 17:13,1681377227,cc-cc408-hya,data-node-19,9.9.2.156,elasticsearch_os_load5,5.75
2023/4/13 17:14,1681377287,cc-cc408-hya,data-node-19,9.9.2.156,elasticsearch_os_load5,5.77
2023/4/13 17:15,1681377347,cc-cc408-hya,data-node-19,9.9.2.156,elasticsearch_os_load5,6.27
2023/4/13 17:16,1681377407,cc-cc408-hya,data-node-19,9.9.2.156,elasticsearch_os_load5,6.79
2023/4/13 17:17,1681377467,cc-cc408-hya,data-node-19,9.9.2.156,elasticsearch_os_load5,7.02
2023/4/13 17:18,1681377527,cc-cc408-hya,data-node-19,9.9.2.156,elasticsearch_os_load5,7.06
2023/4/13 17:19,1681377587,cc-cc408-hya,data-node-19,9.9.2.156,elasticsearch_os_load5,7.23
2023/4/13 17:20,1681377647,cc-cc408-hya,data-node-19,9.9.2.156,elasticsearch_os_load5,6.97
2023/4/13 17:21,1681377707,cc-cc408-hya,data-node-19,9.9.2.156,elasticsearch_os_load5,6.85
2023/4/13 17:22,1681377767,cc-cc408-hya,data-node-19,9.9.2.156,elasticsearch_os_load5,6.66
2023/4/13 17:23,1681377827,cc-cc408-hya,data-node-19,9.9.2.156,elasticsearch_os_load5,6.04
2023/4/13 17:24,1681377887,cc-cc408-hya,data-node-19,9.9.2.156,elasticsearch_os_load5,6.27
2023/4/13 17:25,1681377947,cc-cc408-hya,data-node-19,9.9.2.156,elasticsearch_os_load5,6.24
2023/4/13 17:26,1681378007,cc-cc408-hya,data-node-19,9.9.2.156,elasticsearch_os_load5,6.82
2023/4/13 17:27,1681378067,cc-cc408-hya,data-node-19,9.9.2.156,elasticsearch_os_load5,7.45
2023/4/13 17:28,1681378127,cc-cc408-hya,data-node-19,9.9.2.156,elasticsearch_os_load5,7.21
2023/4/13 17:29,1681378187,cc-cc408-hya,data-node-19,9.9.2.156,elasticsearch_os_load5,6.8
2023/4/13 17:30,1681378247,cc-cc408-hya,data-node-19,9.9.2.156,elasticsearch_os_load5,7
2023/4/12 17:30,1681291847,cc-cc408-hya,data-node-02,9.9.2.154,elasticsearch_os_load5,4.23
2023/4/12 17:31,1681291907,cc-cc408-hya,data-node-02,9.9.2.154,elasticsearch_os_load5,4.1
2023/4/12 17:32,1681291967,cc-cc408-hya,data-node-02,9.9.2.154,elasticsearch_os_load5,3.91
2023/4/12 17:33,1681292027,cc-cc408-hya,data-node-02,9.9.2.154,elasticsearch_os_load5,4.37
2023/4/12 17:34,1681292087,cc-cc408-hya,data-node-02,9.9.2.154,elasticsearch_os_load5,4.93
2023/4/12 17:35,1681292147,cc-cc408-hya,data-node-02,9.9.2.154,elasticsearch_os_load5,5.16
2023/4/12 17:36,1681292207,cc-cc408-hya,data-node-02,9.9.2.154,elasticsearch_os_load5,5.16
2023/4/12 17:37,1681292267,cc-cc408-hya,data-node-02,9.9.2.154,elasticsearch_os_load5,5.03
2023/4/12 17:38,1681292327,cc-cc408-hya,data-node-02,9.9.2.154,elasticsearch_os_load5,4.68
2023/4/12 17:39,1681292387,cc-cc408-hya,data-node-02,9.9.2.154,elasticsearch_os_load5,4.7
2023/4/12 17:40,1681292447,cc-cc408-hya,data-node-02,9.9.2.154,elasticsearch_os_load5,5
2023/4/12 17:41,1681292507,cc-cc408-hya,data-node-02,9.9.2.154,elasticsearch_os_load5,5.47
2023/4/12 17:42,1681292567,cc-cc408-hya,data-node-02,9.9.2.154,elasticsearch_os_load5,5.45
2023/4/12 17:43,1681292627,cc-cc408-hya,data-node-02,9.9.2.154,elasticsearch_os_load5,5.31
2023/4/12 17:44,1681292687,cc-cc408-hya,data-node-02,9.9.2.154,elasticsearch_os_load5,4.92
2023/4/12 17:45,1681292747,cc-cc408-hya,data-node-02,9.9.2.154,elasticsearch_os_load5,4.82
2023/4/12 17:46,1681292807,cc-cc408-hya,data-node-02,9.9.2.154,elasticsearch_os_load5,4.77
2023/4/12 17:47,1681292867,cc-cc408-hya,data-node-02,9.9.2.154,elasticsearch_os_load5,4.62
2023/4/12 17:48,1681292927,cc-cc408-hya,data-node-02,9.9.2.154,elasticsearch_os_load5,4.56
2023/4/12 17:49,1681292987,cc-cc408-hya,data-node-02,9.9.2.154,elasticsearch_os_load5,4.36
2023/4/12 17:50,1681293047,cc-cc408-hya,data-node-02,9.9.2.154,elasticsearch_os_load5,4.39
2023/4/12 17:51,1681293107,cc-cc408-hya,data-node-02,9.9.2.154,elasticsearch_os_load5,4.48
2023/4/12 17:52,1681293167,cc-cc408-hya,data-node-02,9.9.2.154,elasticsearch_os_load5,4.66
2023/4/12 17:53,1681293227,cc-cc408-hya,data-node-02,9.9.2.154,elasticsearch_os_load5,4.41
2023/4/12 17:54,1681293287,cc-cc408-hya,data-node-02,9.9.2.154,elasticsearch_os_load5,4.6
2023/4/12 17:55,1681293347,cc-cc408-hya,data-node-02,9.9.2.154,elasticsearch_os_load5,4.47
2023/4/12 17:56,1681293407,cc-cc408-hya,data-node-02,9.9.2.154,elasticsearch_os_load5,4.41
2023/4/12 17:57,1681293467,cc-cc408-hya,data-node-02,9.9.2.154,elasticsearch_os_load5,4.42
2023/4/12 17:58,1681293527,cc-cc408-hya,data-node-02,9.9.2.154,elasticsearch_os_load5,4.56
2023/4/12 17:59,1681293587,cc-cc408-hya,data-node-02,9.9.2.154,elasticsearch_os_load5,4.73
2023/4/12 18:00,1681293647,cc-cc408-hya,data-node-02,9.9.2.154,elasticsearch_os_load5,4.49
2023/4/12 18:01,1681293707,cc-cc408-hya,data-node-02,9.9.2.154,elasticsearch_os_load5,4.41
2023/4/12 18:02,1681293767,cc-cc408-hya,data-node-02,9.9.2.154,elasticsearch_os_load5,4.67
2023/4/12 18:03,1681293827,cc-cc408-hya,data-node-02,9.9.2.154,elasticsearch_os_load5,4.49
2023/4/12 18:04,1681293887,cc-cc408-hya,data-node-02,9.9.2.154,elasticsearch_os_load5,4.46
2023/4/12 18:05,1681293947,cc-cc408-hya,data-node-02,9.9.2.154,elasticsearch_os_load5,4.41
2023/4/12 18:06,1681294007,cc-cc408-hya,data-node-02,9.9.2.154,elasticsearch_os_load5,4.42
2023/4/12 18:07,1681294067,cc-cc408-hya,data-node-02,9.9.2.154,elasticsearch_os_load5,4.57
2023/4/12 18:08,1681294127,cc-cc408-hya,data-node-02,9.9.2.154,elasticsearch_os_load5,4.53
2023/4/12 18:09,1681294187,cc-cc408-hya,data-node-02,9.9.2.154,elasticsearch_os_load5,4.52
2023/4/12 18:10,1681294247,cc-cc408-hya,data-node-02,9.9.2.154,elasticsearch_os_load5,4.42
2023/4/12 18:11,1681294307,cc-cc408-hya,data-node-02,9.9.2.154,elasticsearch_os_load5,4.22
2023/4/12 18:12,1681294367,cc-cc408-hya,data-node-02,9.9.2.154,elasticsearch_os_load5,4.07
2023/4/12 18:13,1681294427,cc-cc408-hya,data-node-02,9.9.2.154,elasticsearch_os_load5,4.25
2023/4/12 18:14,1681294487,cc-cc408-hya,data-node-02,9.9.2.154,elasticsearch_os_load5,4.54
2023/4/12 18:15,1681294547,cc-cc408-hya,data-node-02,9.9.2.154,elasticsearch_os_load5,4.43
2023/4/12 18:16,1681294607,cc-cc408-hya,data-node-02,9.9.2.154,elasticsearch_os_load5,4.78
2023/4/12 18:17,1681294667,cc-cc408-hya,data-node-02,9.9.2.154,elasticsearch_os_load5,4.95
2023/4/12 18:18,1681294727,cc-cc408-hya,data-node-02,9.9.2.154,elasticsearch_os_load5,5.1
2023/4/12 18:19,1681294787,cc-cc408-hya,data-node-02,9.9.2.154,elasticsearch_os_load5,5.62
2023/4/12 18:20,1681294847,cc-cc408-hya,data-node-02,9.9.2.154,elasticsearch_os_load5,5.61
2023/4/12 18:21,1681294907,cc-cc408-hya,data-node-02,9.9.2.154,elasticsearch_os_load5,5.46
2023/4/12 18:22,1681294967,cc-cc408-hya,data-node-02,9.9.2.154,elasticsearch_os_load5,5.5
2023/4/12 18:23,1681295027,cc-cc408-hya,data-node-02,9.9.2.154,elasticsearch_os_load5,5.22
2023/4/12 18:24,1681295087,cc-cc408-hya,data-node-02,9.9.2.154,elasticsearch_os_load5,4.86
2023/4/12 18:25,1681295147,cc-cc408-hya,data-node-02,9.9.2.154,elasticsearch_os_load5,4.7
2023/4/12 18:26,1681295207,cc-cc408-hya,data-node-02,9.9.2.154,elasticsearch_os_load5,4.5
2023/4/12 18:27,1681295267,cc-cc408-hya,data-node-02,9.9.2.154,elasticsearch_os_load5,4.28
2023/4/12 18:28,1681295327,cc-cc408-hya,data-node-02,9.9.2.154,elasticsearch_os_load5,4.63
2023/4/12 18:29,1681295387,cc-cc408-hya,data-node-02,9.9.2.154,elasticsearch_os_load5,4.78
2023/4/12 18:30,1681295447,cc-cc408-hya,data-node-02,9.9.2.154,elasticsearch_os_load5,5.4
2023/4/12 18:31,1681295507,cc-cc408-hya,data-node-02,9.9.2.154,elasticsearch_os_load5,5.43
2023/4/12 18:32,1681295567,cc-cc408-hya,data-node-02,9.9.2.154,elasticsearch_os_load5,5.38
2023/4/12 18:33,1681295627,cc-cc408-hya,data-node-02,9.9.2.154,elasticsearch_os_load5,5.21
2023/4/12 18:34,1681295687,cc-cc408-hya,data-node-02,9.9.2.154,elasticsearch_os_load5,5.04
2023/4/12 18:35,1681295747,cc-cc408-hya,data-node-02,9.9.2.154,elasticsearch_os_load5,5.15
2023/4/12 18:36,1681295807,cc-cc408-hya,data-node-02,9.9.2.154,elasticsearch_os_load5,5.01
2023/4/12 18:37,1681295867,cc-cc408-hya,data-node-02,9.9.2.154,elasticsearch_os_load5,4.88
2023/4/12 18:38,1681295927,cc-cc408-hya,data-node-02,9.9.2.154,elasticsearch_os_load5,4.55
2023/4/12 18:39,1681295987,cc-cc408-hya,data-node-02,9.9.2.154,elasticsearch_os_load5,5.13
2023/4/12 18:40,1681296047,cc-cc408-hya,data-node-02,9.9.2.154,elasticsearch_os_load5,5.06
2023/4/12 18:41,1681296107,cc-cc408-hya,data-node-02,9.9.2.154,elasticsearch_os_load5,4.93
2023/4/12 18:42,1681296167,cc-cc408-hya,data-node-02,9.9.2.154,elasticsearch_os_load5,4.94
2023/4/12 18:43,1681296227,cc-cc408-hya,data-node-02,9.9.2.154,elasticsearch_os_load5,5.72
2023/4/12 18:44,1681296287,cc-cc408-hya,data-node-02,9.9.2.154,elasticsearch_os_load5,5.5
2023/4/12 18:45,1681296347,cc-cc408-hya,data-node-02,9.9.2.154,elasticsearch_os_load5,5.29
2023/4/12 18:46,1681296407,cc-cc408-hya,data-node-02,9.9.2.154,elasticsearch_os_load5,5
2023/4/12 18:47,1681296467,cc-cc408-hya,data-node-02,9.9.2.154,elasticsearch_os_load5,4.86
2023/4/12 18:48,1681296527,cc-cc408-hya,data-node-02,9.9.2.154,elasticsearch_os_load5,5.26
2023/4/12 18:49,1681296587,cc-cc408-hya,data-node-02,9.9.2.154,elasticsearch_os_load5,5.11
2023/4/12 18:50,1681296647,cc-cc408-hya,data-node-02,9.9.2.154,elasticsearch_os_load5,5.06
2023/4/12 18:51,1681296707,cc-cc408-hya,data-node-02,9.9.2.154,elasticsearch_os_load5,5.04
2023/4/12 18:52,1681296767,cc-cc408-hya,data-node-02,9.9.2.154,elasticsearch_os_load5,4.92
2023/4/12 18:53,1681296827,cc-cc408-hya,data-node-02,9.9.2.154,elasticsearch_os_load5,4.69
2023/4/12 18:54,1681296887,cc-cc408-hya,data-node-02,9.9.2.154,elasticsearch_os_load5,4.5
2023/4/12 18:55,1681296947,cc-cc408-hya,data-node-02,9.9.2.154,elasticsearch_os_load5,4.57
2023/4/12 18:56,1681297007,cc-cc408-hya,data-node-02,9.9.2.154,elasticsearch_os_load5,4.47
2023/4/12 18:57,1681297067,cc-cc408-hya,data-node-02,9.9.2.154,elasticsearch_os_load5,4.5
2023/4/12 18:58,1681297127,cc-cc408-hya,data-node-02,9.9.2.154,elasticsearch_os_load5,4.43
2023/4/12 18:59,1681297187,cc-cc408-hya,data-node-02,9.9.2.154,elasticsearch_os_load5,4.48
2023/4/12 19:00,1681297247,cc-cc408-hya,data-node-02,9.9.2.154,elasticsearch_os_load5,4.41
2023/4/12 19:01,1681297307,cc-cc408-hya,data-node-02,9.9.2.154,elasticsearch_os_load5,4.69
2023/4/12 19:02,1681297367,cc-cc408-hya,data-node-02,9.9.2.154,elasticsearch_os_load5,4.54
2023/4/12 19:03,1681297427,cc-cc408-hya,data-node-02,9.9.2.154,elasticsearch_os_load5,4.66
2023/4/12 19:04,1681297487,cc-cc408-hya,data-node-02,9.9.2.154,elasticsearch_os_load5,4.54
2023/4/12 19:05,1681297547,cc-cc408-hya,data-node-02,9.9.2.154,elasticsearch_os_load5,4.59
2023/4/12 19:06,1681297607,cc-cc408-hya,data-node-02,9.9.2.154,elasticsearch_os_load5,4.69
2023/4/12 19:07,1681297667,cc-cc408-hya,data-node-02,9.9.2.154,elasticsearch_os_load5,5.14
2023/4/12 19:08,1681297727,cc-cc408-hya,data-node-02,9.9.2.154,elasticsearch_os_load5,4.74
2023/4/12 19:09,1681297787,cc-cc408-hya,data-node-02,9.9.2.154,elasticsearch_os_load5,4.47
2023/4/12 19:10,1681297847,cc-cc408-hya,data-node-02,9.9.2.154,elasticsearch_os_load5,4.3
2023/4/12 19:11,1681297907,cc-cc408-hya,data-node-02,9.9.2.154,elasticsearch_os_load5,4.54
2023/4/12 19:12,1681297967,cc-cc408-hya,data-node-02,9.9.2.154,elasticsearch_os_load5,4.32
2023/4/12 19:13,1681298027,cc-cc408-hya,data-node-02,9.9.2.154,elasticsearch_os_load5,4.03
2023/4/12 19:14,1681298087,cc-cc408-hya,data-node-02,9.9.2.154,elasticsearch_os_load5,4.05
2023/4/12 19:15,1681298147,cc-cc408-hya,data-node-02,9.9.2.154,elasticsearch_os_load5,4.09
2023/4/12 19:16,1681298207,cc-cc408-hya,data-node-02,9.9.2.154,elasticsearch_os_load5,3.96
2023/4/12 19:17,1681298267,cc-cc408-hya,data-node-02,9.9.2.154,elasticsearch_os_load5,3.74
2023/4/12 19:18,1681298327,cc-cc408-hya,data-node-02,9.9.2.154,elasticsearch_os_load5,3.78
2023/4/12 19:19,1681298387,cc-cc408-hya,data-node-02,9.9.2.154,elasticsearch_os_load5,3.62
2023/4/12 19:20,1681298447,cc-cc408-hya,data-node-02,9.9.2.154,elasticsearch_os_load5,3.6
2023/4/12 19:21,1681298507,cc-cc408-hya,data-node-02,9.9.2.154,elasticsearch_os_load5,3.74
2023/4/12 19:22,1681298567,cc-cc408-hya,data-node-02,9.9.2.154,elasticsearch_os_load5,3.95
2023/4/12 19:23,1681298627,cc-cc408-hya,data-node-02,9.9.2.154,elasticsearch_os_load5,3.79
2023/4/12 19:24,1681298687,cc-cc408-hya,data-node-02,9.9.2.154,elasticsearch_os_load5,3.42
2023/4/12 19:25,1681298747,cc-cc408-hya,data-node-02,9.9.2.154,elasticsearch_os_load5,3.38
2023/4/12 19:26,1681298807,cc-cc408-hya,data-node-02,9.9.2.154,elasticsearch_os_load5,3.49
2023/4/12 19:27,1681298867,cc-cc408-hya,data-node-02,9.9.2.154,elasticsearch_os_load5,3.47
2023/4/12 19:28,1681298927,cc-cc408-hya,data-node-02,9.9.2.154,elasticsearch_os_load5,3.82
2023/4/12 19:29,1681298987,cc-cc408-hya,data-node-02,9.9.2.154,elasticsearch_os_load5,3.6
2023/4/12 19:30,1681299047,cc-cc408-hya,data-node-02,9.9.2.154,elasticsearch_os_load5,3.48
2023/4/12 19:31,1681299107,cc-cc408-hya,data-node-02,9.9.2.154,elasticsearch_os_load5,3.45
2023/4/12 19:32,1681299167,cc-cc408-hya,data-node-02,9.9.2.154,elasticsearch_os_load5,3.53
2023/4/12 19:33,1681299227,cc-cc408-hya,data-node-02,9.9.2.154,elasticsearch_os_load5,3.63
2023/4/12 19:34,1681299287,cc-cc408-hya,data-node-02,9.9.2.154,elasticsearch_os_load5,3.41
2023/4/12 19:35,1681299347,cc-cc408-hya,data-node-02,9.9.2.154,elasticsearch_os_load5,3.46
2023/4/12 19:36,1681299407,cc-cc408-hya,data-node-02,9.9.2.154,elasticsearch_os_load5,3.39
2023/4/12 19:37,1681299467,cc-cc408-hya,data-node-02,9.9.2.154,elasticsearch_os_load5,3.18
2023/4/12 19:38,1681299527,cc-cc408-hya,data-node-02,9.9.2.154,elasticsearch_os_load5,3.04
2023/4/12 19:39,1681299587,cc-cc408-hya,data-node-02,9.9.2.154,elasticsearch_os_load5,2.88
2023/4/12 19:40,1681299647,cc-cc408-hya,data-node-02,9.9.2.154,elasticsearch_os_load5,2.71
2023/4/12 19:41,1681299707,cc-cc408-hya,data-node-02,9.9.2.154,elasticsearch_os_load5,2.8
2023/4/12 19:42,1681299767,cc-cc408-hya,data-node-02,9.9.2.154,elasticsearch_os_load5,2.9
2023/4/12 19:43,1681299827,cc-cc408-hya,data-node-02,9.9.2.154,elasticsearch_os_load5,3
2023/4/12 19:44,1681299887,cc-cc408-hya,data-node-02,9.9.2.154,elasticsearch_os_load5,2.99
2023/4/12 19:45,1681299947,cc-cc408-hya,data-node-02,9.9.2.154,elasticsearch_os_load5,3.13
2023/4/12 19:46,1681300007,cc-cc408-hya,data-node-02,9.9.2.154,elasticsearch_os_load5,3.65
2023/4/12 19:47,1681300067,cc-cc408-hya,data-node-02,9.9.2.154,elasticsearch_os_load5,3.45
2023/4/12 19:48,1681300127,cc-cc408-hya,data-node-02,9.9.2.154,elasticsearch_os_load5,3.39
2023/4/12 19:49,1681300187,cc-cc408-hya,data-node-02,9.9.2.154,elasticsearch_os_load5,3.04
2023/4/12 19:50,1681300247,cc-cc408-hya,data-node-02,9.9.2.154,elasticsearch_os_load5,2.99
2023/4/12 19:51,1681300307,cc-cc408-hya,data-node-02,9.9.2.154,elasticsearch_os_load5,2.92
2023/4/12 19:52,1681300367,cc-cc408-hya,data-node-02,9.9.2.154,elasticsearch_os_load5,3
2023/4/12 19:53,1681300427,cc-cc408-hya,data-node-02,9.9.2.154,elasticsearch_os_load5,3.43
2023/4/12 19:54,1681300487,cc-cc408-hya,data-node-02,9.9.2.154,elasticsearch_os_load5,3.29
2023/4/12 19:55,1681300547,cc-cc408-hya,data-node-02,9.9.2.154,elasticsearch_os_load5,3.17
2023/4/12 19:56,1681300607,cc-cc408-hya,data-node-02,9.9.2.154,elasticsearch_os_load5,3.15
2023/4/12 19:57,1681300667,cc-cc408-hya,data-node-02,9.9.2.154,elasticsearch_os_load5,3.06
2023/4/12 19:58,1681300727,cc-cc408-hya,data-node-02,9.9.2.154,elasticsearch_os_load5,3.02
2023/4/12 19:59,1681300787,cc-cc408-hya,data-node-02,9.9.2.154,elasticsearch_os_load5,2.96
2023/4/12 20:00,1681300847,cc-cc408-hya,data-node-02,9.9.2.154,elasticsearch_os_load5,2.83
2023/4/12 20:01,1681300907,cc-cc408-hya,data-node-02,9.9.2.154,elasticsearch_os_load5,2.7
2023/4/12 20:02,1681300967,cc-cc408-hya,data-node-02,9.9.2.154,elasticsearch_os_load5,2.82
2023/4/12 20:03,1681301027,cc-cc408-hya,data-node-02,9.9.2.154,elasticsearch_os_load5,2.65
2023/4/12 20:04,1681301087,cc-cc408-hya,data-node-02,9.9.2.154,elasticsearch_os_load5,2.57
2023/4/12 20:05,1681301147,cc-cc408-hya,data-node-02,9.9.2.154,elasticsearch_os_load5,2.54
2023/4/12 20:06,1681301207,cc-cc408-hya,data-node-02,9.9.2.154,elasticsearch_os_load5,2.63
2023/4/12 20:07,1681301267,cc-cc408-hya,data-node-02,9.9.2.154,elasticsearch_os_load5,2.83
2023/4/12 20:08,1681301327,cc-cc408-hya,data-node-02,9.9.2.154,elasticsearch_os_load5,2.7
2023/4/12 20:09,1681301387,cc-cc408-hya,data-node-02,9.9.2.154,elasticsearch_os_load5,2.86
2023/4/12 20:10,1681301447,cc-cc408-hya,data-node-02,9.9.2.154,elasticsearch_os_load5,2.57
2023/4/12 20:11,1681301507,cc-cc408-hya,data-node-02,9.9.2.154,elasticsearch_os_load5,2.52
2023/4/12 20:12,1681301567,cc-cc408-hya,data-node-02,9.9.2.154,elasticsearch_os_load5,2.54
2023/4/12 20:13,1681301627,cc-cc408-hya,data-node-02,9.9.2.154,elasticsearch_os_load5,2.4
2023/4/12 20:14,1681301687,cc-cc408-hya,data-node-02,9.9.2.154,elasticsearch_os_load5,2.29
2023/4/12 20:15,1681301747,cc-cc408-hya,data-node-02,9.9.2.154,elasticsearch_os_load5,2.16
2023/4/12 20:16,1681301807,cc-cc408-hya,data-node-02,9.9.2.154,elasticsearch_os_load5,2.11
2023/4/12 20:17,1681301867,cc-cc408-hya,data-node-02,9.9.2.154,elasticsearch_os_load5,2
2023/4/12 20:18,1681301927,cc-cc408-hya,data-node-02,9.9.2.154,elasticsearch_os_load5,2.1
2023/4/12 20:19,1681301987,cc-cc408-hya,data-node-02,9.9.2.154,elasticsearch_os_load5,2.08
2023/4/12 20:20,1681302047,cc-cc408-hya,data-node-02,9.9.2.154,elasticsearch_os_load5,1.91
2023/4/12 20:21,1681302107,cc-cc408-hya,data-node-02,9.9.2.154,elasticsearch_os_load5,1.79
2023/4/12 20:22,1681302167,cc-cc408-hya,data-node-02,9.9.2.154,elasticsearch_os_load5,1.66
2023/4/12 20:23,1681302227,cc-cc408-hya,data-node-02,9.9.2.154,elasticsearch_os_load5,1.69
2023/4/12 20:24,1681302287,cc-cc408-hya,data-node-02,9.9.2.154,elasticsearch_os_load5,1.85
2023/4/12 20:25,1681302347,cc-cc408-hya,data-node-02,9.9.2.154,elasticsearch_os_load5,1.87
2023/4/12 20:26,1681302407,cc-cc408-hya,data-node-02,9.9.2.154,elasticsearch_os_load5,1.76
2023/4/12 20:27,1681302467,cc-cc408-hya,data-node-02,9.9.2.154,elasticsearch_os_load5,1.93
2023/4/12 20:28,1681302527,cc-cc408-hya,data-node-02,9.9.2.154,elasticsearch_os_load5,1.79
2023/4/12 20:29,1681302587,cc-cc408-hya,data-node-02,9.9.2.154,elasticsearch_os_load5,1.89
2023/4/12 20:30,1681302647,cc-cc408-hya,data-node-02,9.9.2.154,elasticsearch_os_load5,1.85
2023/4/12 20:31,1681302707,cc-cc408-hya,data-node-02,9.9.2.154,elasticsearch_os_load5,1.73
2023/4/12 20:32,1681302767,cc-cc408-hya,data-node-02,9.9.2.154,elasticsearch_os_load5,1.6
2023/4/12 20:33,1681302827,cc-cc408-hya,data-node-02,9.9.2.154,elasticsearch_os_load5,1.66
2023/4/12 20:34,1681302887,cc-cc408-hya,data-node-02,9.9.2.154,elasticsearch_os_load5,1.59
2023/4/12 20:35,1681302947,cc-cc408-hya,data-node-02,9.9.2.154,elasticsearch_os_load5,1.6
2023/4/12 20:36,1681303007,cc-cc408-hya,data-node-02,9.9.2.154,elasticsearch_os_load5,1.67
2023/4/12 20:37,1681303067,cc-cc408-hya,data-node-02,9.9.2.154,elasticsearch_os_load5,1.71
2023/4/12 20:38,1681303127,cc-cc408-hya,data-node-02,9.9.2.154,elasticsearch_os_load5,1.69
2023/4/12 20:39,1681303187,cc-cc408-hya,data-node-02,9.9.2.154,elasticsearch_os_load5,1.65
2023/4/12 20:40,1681303247,cc-cc408-hya,data-node-02,9.9.2.154,elasticsearch_os_load5,1.6
2023/4/12 20:41,1681303307,cc-cc408-hya,data-node-02,9.9.2.154,elasticsearch_os_load5,1.77
2023/4/12 20:42,1681303367,cc-cc408-hya,data-node-02,9.9.2.154,elasticsearch_os_load5,1.68
2023/4/12 20:43,1681303427,cc-cc408-hya,data-node-02,9.9.2.154,elasticsearch_os_load5,1.79
2023/4/12 20:44,1681303487,cc-cc408-hya,data-node-02,9.9.2.154,elasticsearch_os_load5,1.66
2023/4/12 20:45,1681303547,cc-cc408-hya,data-node-02,9.9.2.154,elasticsearch_os_load5,1.56
2023/4/12 20:46,1681303607,cc-cc408-hya,data-node-02,9.9.2.154,elasticsearch_os_load5,1.68
2023/4/12 20:47,1681303667,cc-cc408-hya,data-node-02,9.9.2.154,elasticsearch_os_load5,1.56
2023/4/12 20:48,1681303727,cc-cc408-hya,data-node-02,9.9.2.154,elasticsearch_os_load5,1.54
2023/4/12 20:49,1681303787,cc-cc408-hya,data-node-02,9.9.2.154,elasticsearch_os_load5,1.44
2023/4/12 20:50,1681303847,cc-cc408-hya,data-node-02,9.9.2.154,elasticsearch_os_load5,1.28
2023/4/12 20:51,1681303907,cc-cc408-hya,data-node-02,9.9.2.154,elasticsearch_os_load5,1.2
2023/4/12 20:52,1681303967,cc-cc408-hya,data-node-02,9.9.2.154,elasticsearch_os_load5,1.26
2023/4/12 20:53,1681304027,cc-cc408-hya,data-node-02,9.9.2.154,elasticsearch_os_load5,1.17
2023/4/12 20:54,1681304087,cc-cc408-hya,data-node-02,9.9.2.154,elasticsearch_os_load5,1.11
2023/4/12 20:55,1681304147,cc-cc408-hya,data-node-02,9.9.2.154,elasticsearch_os_load5,1.03
2023/4/12 20:56,1681304207,cc-cc408-hya,data-node-02,9.9.2.154,elasticsearch_os_load5,1.01
2023/4/12 20:57,1681304267,cc-cc408-hya,data-node-02,9.9.2.154,elasticsearch_os_load5,1.02
2023/4/12 20:58,1681304327,cc-cc408-hya,data-node-02,9.9.2.154,elasticsearch_os_load5,1.03
2023/4/12 20:59,1681304387,cc-cc408-hya,data-node-02,9.9.2.154,elasticsearch_os_load5,1.02
2023/4/12 21:00,1681304447,cc-cc408-hya,data-node-02,9.9.2.154,elasticsearch_os_load5,1.03
2023/4/12 21:01,1681304507,cc-cc408-hya,data-node-02,9.9.2.154,elasticsearch_os_load5,1.02
2023/4/12 21:02,1681304567,cc-cc408-hya,data-node-02,9.9.2.154,elasticsearch_os_load5,1.03
2023/4/12 21:03,1681304627,cc-cc408-hya,data-node-02,9.9.2.154,elasticsearch_os_load5,1.05
2023/4/12 21:04,1681304687,cc-cc408-hya,data-node-02,9.9.2.154,elasticsearch_os_load5,1.02
2023/4/12 21:05,1681304747,cc-cc408-hya,data-node-02,9.9.2.154,elasticsearch_os_load5,1.13
2023/4/12 21:06,1681304807,cc-cc408-hya,data-node-02,9.9.2.154,elasticsearch_os_load5,1.24
2023/4/12 21:07,1681304867,cc-cc408-hya,data-node-02,9.9.2.154,elasticsearch_os_load5,1.43
2023/4/12 21:08,1681304927,cc-cc408-hya,data-node-02,9.9.2.154,elasticsearch_os_load5,1.48
2023/4/12 21:09,1681304987,cc-cc408-hya,data-node-02,9.9.2.154,elasticsearch_os_load5,1.49
2023/4/12 21:10,1681305047,cc-cc408-hya,data-node-02,9.9.2.154,elasticsearch_os_load5,1.36
2023/4/12 21:11,1681305107,cc-cc408-hya,data-node-02,9.9.2.154,elasticsearch_os_load5,1.35
2023/4/12 21:12,1681305167,cc-cc408-hya,data-node-02,9.9.2.154,elasticsearch_os_load5,1.41
2023/4/12 21:13,1681305227,cc-cc408-hya,data-node-02,9.9.2.154,elasticsearch_os_load5,1.4
2023/4/12 21:14,1681305287,cc-cc408-hya,data-node-02,9.9.2.154,elasticsearch_os_load5,1.37
2023/4/12 21:15,1681305347,cc-cc408-hya,data-node-02,9.9.2.154,elasticsearch_os_load5,1.37
2023/4/12 21:16,1681305407,cc-cc408-hya,data-node-02,9.9.2.154,elasticsearch_os_load5,1.38
2023/4/12 21:17,1681305467,cc-cc408-hya,data-node-02,9.9.2.154,elasticsearch_os_load5,1.25
2023/4/12 21:18,1681305527,cc-cc408-hya,data-node-02,9.9.2.154,elasticsearch_os_load5,1.25
2023/4/12 21:19,1681305587,cc-cc408-hya,data-node-02,9.9.2.154,elasticsearch_os_load5,1.22
2023/4/12 21:20,1681305647,cc-cc408-hya,data-node-02,9.9.2.154,elasticsearch_os_load5,1.13
2023/4/12 21:21,1681305707,cc-cc408-hya,data-node-02,9.9.2.154,elasticsearch_os_load5,1.07
2023/4/12 21:22,1681305767,cc-cc408-hya,data-node-02,9.9.2.154,elasticsearch_os_load5,1.11
2023/4/12 21:23,1681305827,cc-cc408-hya,data-node-02,9.9.2.154,elasticsearch_os_load5,1.01
2023/4/12 21:24,1681305887,cc-cc408-hya,data-node-02,9.9.2.154,elasticsearch_os_load5,1.04
2023/4/12 21:25,1681305947,cc-cc408-hya,data-node-02,9.9.2.154,elasticsearch_os_load5,0.99
2023/4/12 21:26,1681306007,cc-cc408-hya,data-node-02,9.9.2.154,elasticsearch_os_load5,1.04
2023/4/12 21:27,1681306067,cc-cc408-hya,data-node-02,9.9.2.154,elasticsearch_os_load5,1
2023/4/12 21:28,1681306127,cc-cc408-hya,data-node-02,9.9.2.154,elasticsearch_os_load5,0.93
2023/4/12 21:29,1681306187,cc-cc408-hya,data-node-02,9.9.2.154,elasticsearch_os_load5,0.99
2023/4/12 21:30,1681306247,cc-cc408-hya,data-node-02,9.9.2.154,elasticsearch_os_load5,1.09
2023/4/12 21:31,1681306307,cc-cc408-hya,data-node-02,9.9.2.154,elasticsearch_os_load5,0.99
2023/4/12 21:32,1681306367,cc-cc408-hya,data-node-02,9.9.2.154,elasticsearch_os_load5,0.98
2023/4/12 21:33,1681306427,cc-cc408-hya,data-node-02,9.9.2.154,elasticsearch_os_load5,0.92
2023/4/12 21:34,1681306487,cc-cc408-hya,data-node-02,9.9.2.154,elasticsearch_os_load5,0.92
2023/4/12 21:35,1681306547,cc-cc408-hya,data-node-02,9.9.2.154,elasticsearch_os_load5,0.91
2023/4/12 21:36,1681306607,cc-cc408-hya,data-node-02,9.9.2.154,elasticsearch_os_load5,0.87
2023/4/12 21:37,1681306667,cc-cc408-hya,data-node-02,9.9.2.154,elasticsearch_os_load5,0.8
2023/4/12 21:38,1681306727,cc-cc408-hya,data-node-02,9.9.2.154,elasticsearch_os_load5,0.79
2023/4/12 21:39,1681306787,cc-cc408-hya,data-node-02,9.9.2.154,elasticsearch_os_load5,0.82
2023/4/12 21:40,1681306847,cc-cc408-hya,data-node-02,9.9.2.154,elasticsearch_os_load5,0.84
2023/4/12 21:41,1681306907,cc-cc408-hya,data-node-02,9.9.2.154,elasticsearch_os_load5,0.9
2023/4/12 21:42,1681306967,cc-cc408-hya,data-node-02,9.9.2.154,elasticsearch_os_load5,0.87
2023/4/12 21:43,1681307027,cc-cc408-hya,data-node-02,9.9.2.154,elasticsearch_os_load5,1.02
2023/4/12 21:44,1681307087,cc-cc408-hya,data-node-02,9.9.2.154,elasticsearch_os_load5,0.95
2023/4/12 21:45,1681307147,cc-cc408-hya,data-node-02,9.9.2.154,elasticsearch_os_load5,1.14
2023/4/12 21:46,1681307207,cc-cc408-hya,data-node-02,9.9.2.154,elasticsearch_os_load5,1.07
2023/4/12 21:47,1681307267,cc-cc408-hya,data-node-02,9.9.2.154,elasticsearch_os_load5,1.09
2023/4/12 21:48,1681307327,cc-cc408-hya,data-node-02,9.9.2.154,elasticsearch_os_load5,1.18
2023/4/12 21:49,1681307387,cc-cc408-hya,data-node-02,9.9.2.154,elasticsearch_os_load5,1.31
2023/4/12 21:50,1681307447,cc-cc408-hya,data-node-02,9.9.2.154,elasticsearch_os_load5,1.56
2023/4/12 21:51,1681307507,cc-cc408-hya,data-node-02,9.9.2.154,elasticsearch_os_load5,1.48
2023/4/12 21:52,1681307567,cc-cc408-hya,data-node-02,9.9.2.154,elasticsearch_os_load5,1.43
2023/4/12 21:53,1681307627,cc-cc408-hya,data-node-02,9.9.2.154,elasticsearch_os_load5,1.34
2023/4/12 21:54,1681307687,cc-cc408-hya,data-node-02,9.9.2.154,elasticsearch_os_load5,1.24
2023/4/12 21:55,1681307747,cc-cc408-hya,data-node-02,9.9.2.154,elasticsearch_os_load5,1.24
2023/4/12 21:56,1681307807,cc-cc408-hya,data-node-02,9.9.2.154,elasticsearch_os_load5,1.2
2023/4/12 21:57,1681307867,cc-cc408-hya,data-node-02,9.9.2.154,elasticsearch_os_load5,1.11
2023/4/12 21:58,1681307927,cc-cc408-hya,data-node-02,9.9.2.154,elasticsearch_os_load5,1.09
2023/4/12 21:59,1681307987,cc-cc408-hya,data-node-02,9.9.2.154,elasticsearch_os_load5,1.15
2023/4/12 22:00,1681308047,cc-cc408-hya,data-node-02,9.9.2.154,elasticsearch_os_load5,1.16
2023/4/12 22:01,1681308107,cc-cc408-hya,data-node-02,9.9.2.154,elasticsearch_os_load5,1.26
2023/4/12 22:02,1681308167,cc-cc408-hya,data-node-02,9.9.2.154,elasticsearch_os_load5,1.29
2023/4/12 22:03,1681308227,cc-cc408-hya,data-node-02,9.9.2.154,elasticsearch_os_load5,1.19
2023/4/12 22:04,1681308287,cc-cc408-hya,data-node-02,9.9.2.154,elasticsearch_os_load5,1.22
2023/4/12 22:05,1681308347,cc-cc408-hya,data-node-02,9.9.2.154,elasticsearch_os_load5,1.17
2023/4/12 22:06,1681308407,cc-cc408-hya,data-node-02,9.9.2.154,elasticsearch_os_load5,1.2
2023/4/12 22:07,1681308467,cc-cc408-hya,data-node-02,9.9.2.154,elasticsearch_os_load5,1.08
2023/4/12 22:08,1681308527,cc-cc408-hya,data-node-02,9.9.2.154,elasticsearch_os_load5,1.28
2023/4/12 22:09,1681308587,cc-cc408-hya,data-node-02,9.9.2.154,elasticsearch_os_load5,1.18
2023/4/12 22:10,1681308647,cc-cc408-hya,data-node-02,9.9.2.154,elasticsearch_os_load5,1.1
2023/4/12 22:11,1681308707,cc-cc408-hya,data-node-02,9.9.2.154,elasticsearch_os_load5,1.06
2023/4/12 22:12,1681308767,cc-cc408-hya,data-node-02,9.9.2.154,elasticsearch_os_load5,1.08
2023/4/12 22:13,1681308827,cc-cc408-hya,data-node-02,9.9.2.154,elasticsearch_os_load5,1.03
2023/4/12 22:14,1681308887,cc-cc408-hya,data-node-02,9.9.2.154,elasticsearch_os_load5,1.06
2023/4/12 22:15,1681308947,cc-cc408-hya,data-node-02,9.9.2.154,elasticsearch_os_load5,1
2023/4/12 22:16,1681309007,cc-cc408-hya,data-node-02,9.9.2.154,elasticsearch_os_load5,1.06
2023/4/12 22:17,1681309067,cc-cc408-hya,data-node-02,9.9.2.154,elasticsearch_os_load5,1.08
2023/4/12 22:18,1681309127,cc-cc408-hya,data-node-02,9.9.2.154,elasticsearch_os_load5,1.04
2023/4/12 22:19,1681309187,cc-cc408-hya,data-node-02,9.9.2.154,elasticsearch_os_load5,0.95
2023/4/12 22:20,1681309247,cc-cc408-hya,data-node-02,9.9.2.154,elasticsearch_os_load5,0.9
2023/4/12 22:21,1681309307,cc-cc408-hya,data-node-02,9.9.2.154,elasticsearch_os_load5,1.01
2023/4/12 22:22,1681309367,cc-cc408-hya,data-node-02,9.9.2.154,elasticsearch_os_load5,1.01
2023/4/12 22:23,1681309427,cc-cc408-hya,data-node-02,9.9.2.154,elasticsearch_os_load5,0.96
2023/4/12 22:24,1681309487,cc-cc408-hya,data-node-02,9.9.2.154,elasticsearch_os_load5,0.97
2023/4/12 22:25,1681309547,cc-cc408-hya,data-node-02,9.9.2.154,elasticsearch_os_load5,0.96
2023/4/12 22:26,1681309607,cc-cc408-hya,data-node-02,9.9.2.154,elasticsearch_os_load5,1.09
2023/4/12 22:27,1681309667,cc-cc408-hya,data-node-02,9.9.2.154,elasticsearch_os_load5,1.11
2023/4/12 22:28,1681309727,cc-cc408-hya,data-node-02,9.9.2.154,elasticsearch_os_load5,1.02
2023/4/12 22:29,1681309787,cc-cc408-hya,data-node-02,9.9.2.154,elasticsearch_os_load5,1.05
2023/4/12 22:30,1681309847,cc-cc408-hya,data-node-02,9.9.2.154,elasticsearch_os_load5,1.36
2023/4/12 22:31,1681309907,cc-cc408-hya,data-node-02,9.9.2.154,elasticsearch_os_load5,1.38
2023/4/12 22:32,1681309967,cc-cc408-hya,data-node-02,9.9.2.154,elasticsearch_os_load5,1.74
2023/4/12 22:33,1681310027,cc-cc408-hya,data-node-02,9.9.2.154,elasticsearch_os_load5,1.55
2023/4/12 22:34,1681310087,cc-cc408-hya,data-node-02,9.9.2.154,elasticsearch_os_load5,1.57
2023/4/12 22:35,1681310147,cc-cc408-hya,data-node-02,9.9.2.154,elasticsearch_os_load5,1.71
2023/4/12 22:36,1681310207,cc-cc408-hya,data-node-02,9.9.2.154,elasticsearch_os_load5,1.69
2023/4/12 22:37,1681310267,cc-cc408-hya,data-node-02,9.9.2.154,elasticsearch_os_load5,1.58
2023/4/12 22:38,1681310327,cc-cc408-hya,data-node-02,9.9.2.154,elasticsearch_os_load5,1.52
2023/4/12 22:39,1681310387,cc-cc408-hya,data-node-02,9.9.2.154,elasticsearch_os_load5,1.39
2023/4/12 22:40,1681310447,cc-cc408-hya,data-node-02,9.9.2.154,elasticsearch_os_load5,1.35
2023/4/12 22:41,1681310507,cc-cc408-hya,data-node-02,9.9.2.154,elasticsearch_os_load5,1.36
2023/4/12 22:42,1681310567,cc-cc408-hya,data-node-02,9.9.2.154,elasticsearch_os_load5,1.45
2023/4/12 22:43,1681310627,cc-cc408-hya,data-node-02,9.9.2.154,elasticsearch_os_load5,1.48
2023/4/12 22:44,1681310687,cc-cc408-hya,data-node-02,9.9.2.154,elasticsearch_os_load5,1.36
2023/4/12 22:45,1681310747,cc-cc408-hya,data-node-02,9.9.2.154,elasticsearch_os_load5,1.3
2023/4/12 22:46,1681310807,cc-cc408-hya,data-node-02,9.9.2.154,elasticsearch_os_load5,1.44
2023/4/12 22:47,1681310867,cc-cc408-hya,data-node-02,9.9.2.154,elasticsearch_os_load5,1.44
2023/4/12 22:48,1681310927,cc-cc408-hya,data-node-02,9.9.2.154,elasticsearch_os_load5,1.45
2023/4/12 22:49,1681310987,cc-cc408-hya,data-node-02,9.9.2.154,elasticsearch_os_load5,1.26
2023/4/12 22:50,1681311047,cc-cc408-hya,data-node-02,9.9.2.154,elasticsearch_os_load5,1.65
2023/4/12 22:51,1681311107,cc-cc408-hya,data-node-02,9.9.2.154,elasticsearch_os_load5,1.62
2023/4/12 22:52,1681311167,cc-cc408-hya,data-node-02,9.9.2.154,elasticsearch_os_load5,1.55
2023/4/12 22:53,1681311227,cc-cc408-hya,data-node-02,9.9.2.154,elasticsearch_os_load5,1.47
2023/4/12 22:54,1681311287,cc-cc408-hya,data-node-02,9.9.2.154,elasticsearch_os_load5,1.7
2023/4/12 22:55,1681311347,cc-cc408-hya,data-node-02,9.9.2.154,elasticsearch_os_load5,1.53
2023/4/12 22:56,1681311407,cc-cc408-hya,data-node-02,9.9.2.154,elasticsearch_os_load5,1.42
2023/4/12 22:57,1681311467,cc-cc408-hya,data-node-02,9.9.2.154,elasticsearch_os_load5,1.46
2023/4/12 22:58,1681311527,cc-cc408-hya,data-node-02,9.9.2.154,elasticsearch_os_load5,1.32
2023/4/12 22:59,1681311587,cc-cc408-hya,data-node-02,9.9.2.154,elasticsearch_os_load5,1.15
2023/4/12 23:00,1681311647,cc-cc408-hya,data-node-02,9.9.2.154,elasticsearch_os_load5,1.08
2023/4/12 23:01,1681311707,cc-cc408-hya,data-node-02,9.9.2.154,elasticsearch_os_load5,1.06
2023/4/12 23:02,1681311767,cc-cc408-hya,data-node-02,9.9.2.154,elasticsearch_os_load5,0.98
2023/4/12 23:03,1681311827,cc-cc408-hya,data-node-02,9.9.2.154,elasticsearch_os_load5,1
2023/4/12 23:04,1681311887,cc-cc408-hya,data-node-02,9.9.2.154,elasticsearch_os_load5,0.88
2023/4/12 23:05,1681311947,cc-cc408-hya,data-node-02,9.9.2.154,elasticsearch_os_load5,0.89
2023/4/12 23:06,1681312007,cc-cc408-hya,data-node-02,9.9.2.154,elasticsearch_os_load5,0.89
2023/4/12 23:07,1681312067,cc-cc408-hya,data-node-02,9.9.2.154,elasticsearch_os_load5,0.93
2023/4/12 23:08,1681312127,cc-cc408-hya,data-node-02,9.9.2.154,elasticsearch_os_load5,0.93
2023/4/12 23:09,1681312187,cc-cc408-hya,data-node-02,9.9.2.154,elasticsearch_os_load5,0.92
2023/4/12 23:10,1681312247,cc-cc408-hya,data-node-02,9.9.2.154,elasticsearch_os_load5,1.56
2023/4/12 23:11,1681312307,cc-cc408-hya,data-node-02,9.9.2.154,elasticsearch_os_load5,1.43
2023/4/12 23:12,1681312367,cc-cc408-hya,data-node-02,9.9.2.154,elasticsearch_os_load5,1.55
2023/4/12 23:13,1681312427,cc-cc408-hya,data-node-02,9.9.2.154,elasticsearch_os_load5,1.71
2023/4/12 23:14,1681312487,cc-cc408-hya,data-node-02,9.9.2.154,elasticsearch_os_load5,1.89
2023/4/12 23:15,1681312547,cc-cc408-hya,data-node-02,9.9.2.154,elasticsearch_os_load5,2.12
2023/4/12 23:16,1681312607,cc-cc408-hya,data-node-02,9.9.2.154,elasticsearch_os_load5,2
2023/4/12 23:17,1681312667,cc-cc408-hya,data-node-02,9.9.2.154,elasticsearch_os_load5,2.45
2023/4/12 23:18,1681312727,cc-cc408-hya,data-node-02,9.9.2.154,elasticsearch_os_load5,2.26
2023/4/12 23:19,1681312787,cc-cc408-hya,data-node-02,9.9.2.154,elasticsearch_os_load5,2.11
2023/4/12 23:20,1681312847,cc-cc408-hya,data-node-02,9.9.2.154,elasticsearch_os_load5,1.83
2023/4/12 23:21,1681312907,cc-cc408-hya,data-node-02,9.9.2.154,elasticsearch_os_load5,1.62
2023/4/12 23:22,1681312967,cc-cc408-hya,data-node-02,9.9.2.154,elasticsearch_os_load5,1.55
2023/4/12 23:23,1681313027,cc-cc408-hya,data-node-02,9.9.2.154,elasticsearch_os_load5,1.57
2023/4/12 23:24,1681313087,cc-cc408-hya,data-node-02,9.9.2.154,elasticsearch_os_load5,1.54
2023/4/12 23:25,1681313147,cc-cc408-hya,data-node-02,9.9.2.154,elasticsearch_os_load5,1.68
2023/4/12 23:26,1681313207,cc-cc408-hya,data-node-02,9.9.2.154,elasticsearch_os_load5,1.53
2023/4/12 23:27,1681313267,cc-cc408-hya,data-node-02,9.9.2.154,elasticsearch_os_load5,1.36
2023/4/12 23:28,1681313327,cc-cc408-hya,data-node-02,9.9.2.154,elasticsearch_os_load5,1.36
2023/4/12 23:29,1681313387,cc-cc408-hya,data-node-02,9.9.2.154,elasticsearch_os_load5,1.26
2023/4/12 23:30,1681313447,cc-cc408-hya,data-node-02,9.9.2.154,elasticsearch_os_load5,1.14
2023/4/12 23:31,1681313507,cc-cc408-hya,data-node-02,9.9.2.154,elasticsearch_os_load5,1.23
2023/4/12 23:32,1681313567,cc-cc408-hya,data-node-02,9.9.2.154,elasticsearch_os_load5,1.17
2023/4/12 23:33,1681313627,cc-cc408-hya,data-node-02,9.9.2.154,elasticsearch_os_load5,1.1
2023/4/12 23:34,1681313687,cc-cc408-hya,data-node-02,9.9.2.154,elasticsearch_os_load5,1.06
2023/4/12 23:35,1681313747,cc-cc408-hya,data-node-02,9.9.2.154,elasticsearch_os_load5,0.99
2023/4/12 23:36,1681313807,cc-cc408-hya,data-node-02,9.9.2.154,elasticsearch_os_load5,0.99
2023/4/12 23:37,1681313867,cc-cc408-hya,data-node-02,9.9.2.154,elasticsearch_os_load5,1
2023/4/12 23:38,1681313927,cc-cc408-hya,data-node-02,9.9.2.154,elasticsearch_os_load5,0.98
2023/4/12 23:39,1681313987,cc-cc408-hya,data-node-02,9.9.2.154,elasticsearch_os_load5,0.9
2023/4/12 23:40,1681314047,cc-cc408-hya,data-node-02,9.9.2.154,elasticsearch_os_load5,0.93
2023/4/12 23:41,1681314107,cc-cc408-hya,data-node-02,9.9.2.154,elasticsearch_os_load5,0.88
2023/4/12 23:42,1681314167,cc-cc408-hya,data-node-02,9.9.2.154,elasticsearch_os_load5,0.86
2023/4/12 23:43,1681314227,cc-cc408-hya,data-node-02,9.9.2.154,elasticsearch_os_load5,0.92
2023/4/12 23:44,1681314287,cc-cc408-hya,data-node-02,9.9.2.154,elasticsearch_os_load5,1.01
2023/4/12 23:45,1681314347,cc-cc408-hya,data-node-02,9.9.2.154,elasticsearch_os_load5,1.1
2023/4/12 23:46,1681314407,cc-cc408-hya,data-node-02,9.9.2.154,elasticsearch_os_load5,1.03
2023/4/12 23:47,1681314467,cc-cc408-hya,data-node-02,9.9.2.154,elasticsearch_os_load5,0.9
2023/4/12 23:48,1681314527,cc-cc408-hya,data-node-02,9.9.2.154,elasticsearch_os_load5,0.8
2023/4/12 23:49,1681314587,cc-cc408-hya,data-node-02,9.9.2.154,elasticsearch_os_load5,0.75
2023/4/12 23:50,1681314647,cc-cc408-hya,data-node-02,9.9.2.154,elasticsearch_os_load5,0.72
2023/4/12 23:51,1681314707,cc-cc408-hya,data-node-02,9.9.2.154,elasticsearch_os_load5,0.71
2023/4/12 23:52,1681314767,cc-cc408-hya,data-node-02,9.9.2.154,elasticsearch_os_load5,0.64
2023/4/12 23:53,1681314827,cc-cc408-hya,data-node-02,9.9.2.154,elasticsearch_os_load5,0.66
2023/4/12 23:54,1681314887,cc-cc408-hya,data-node-02,9.9.2.154,elasticsearch_os_load5,0.64
2023/4/12 23:55,1681314947,cc-cc408-hya,data-node-02,9.9.2.154,elasticsearch_os_load5,0.8
2023/4/12 23:56,1681315007,cc-cc408-hya,data-node-02,9.9.2.154,elasticsearch_os_load5,0.96
2023/4/12 23:57,1681315067,cc-cc408-hya,data-node-02,9.9.2.154,elasticsearch_os_load5,1.04
2023/4/12 23:58,1681315127,cc-cc408-hya,data-node-02,9.9.2.154,elasticsearch_os_load5,0.99
2023/4/12 23:59,1681315187,cc-cc408-hya,data-node-02,9.9.2.154,elasticsearch_os_load5,0.9
2023/4/13 0:00,1681315247,cc-cc408-hya,data-node-02,9.9.2.154,elasticsearch_os_load5,0.85
2023/4/13 0:01,1681315307,cc-cc408-hya,data-node-02,9.9.2.154,elasticsearch_os_load5,0.88
2023/4/13 0:02,1681315367,cc-cc408-hya,data-node-02,9.9.2.154,elasticsearch_os_load5,0.81
2023/4/13 0:03,1681315427,cc-cc408-hya,data-node-02,9.9.2.154,elasticsearch_os_load5,0.77
2023/4/13 0:04,1681315487,cc-cc408-hya,data-node-02,9.9.2.154,elasticsearch_os_load5,0.67
2023/4/13 0:05,1681315547,cc-cc408-hya,data-node-02,9.9.2.154,elasticsearch_os_load5,0.66
2023/4/13 0:06,1681315607,cc-cc408-hya,data-node-02,9.9.2.154,elasticsearch_os_load5,0.57
2023/4/13 0:07,1681315667,cc-cc408-hya,data-node-02,9.9.2.154,elasticsearch_os_load5,0.51
2023/4/13 0:08,1681315727,cc-cc408-hya,data-node-02,9.9.2.154,elasticsearch_os_load5,0.56
2023/4/13 0:09,1681315787,cc-cc408-hya,data-node-02,9.9.2.154,elasticsearch_os_load5,0.54
2023/4/13 0:10,1681315847,cc-cc408-hya,data-node-02,9.9.2.154,elasticsearch_os_load5,0.66
2023/4/13 0:11,1681315907,cc-cc408-hya,data-node-02,9.9.2.154,elasticsearch_os_load5,0.69
2023/4/13 0:12,1681315967,cc-cc408-hya,data-node-02,9.9.2.154,elasticsearch_os_load5,0.64
2023/4/13 0:13,1681316027,cc-cc408-hya,data-node-02,9.9.2.154,elasticsearch_os_load5,0.6
2023/4/13 0:14,1681316087,cc-cc408-hya,data-node-02,9.9.2.154,elasticsearch_os_load5,0.58
2023/4/13 0:15,1681316147,cc-cc408-hya,data-node-02,9.9.2.154,elasticsearch_os_load5,0.61
2023/4/13 0:16,1681316207,cc-cc408-hya,data-node-02,9.9.2.154,elasticsearch_os_load5,0.58
2023/4/13 0:17,1681316267,cc-cc408-hya,data-node-02,9.9.2.154,elasticsearch_os_load5,0.55
2023/4/13 0:18,1681316327,cc-cc408-hya,data-node-02,9.9.2.154,elasticsearch_os_load5,0.61
2023/4/13 0:19,1681316387,cc-cc408-hya,data-node-02,9.9.2.154,elasticsearch_os_load5,0.77
2023/4/13 0:20,1681316447,cc-cc408-hya,data-node-02,9.9.2.154,elasticsearch_os_load5,1.04
2023/4/13 0:21,1681316507,cc-cc408-hya,data-node-02,9.9.2.154,elasticsearch_os_load5,1.23
2023/4/13 0:22,1681316567,cc-cc408-hya,data-node-02,9.9.2.154,elasticsearch_os_load5,1.46
2023/4/13 0:23,1681316627,cc-cc408-hya,data-node-02,9.9.2.154,elasticsearch_os_load5,1.6
2023/4/13 0:24,1681316687,cc-cc408-hya,data-node-02,9.9.2.154,elasticsearch_os_load5,1.64
2023/4/13 0:25,1681316747,cc-cc408-hya,data-node-02,9.9.2.154,elasticsearch_os_load5,1.65
2023/4/13 0:26,1681316807,cc-cc408-hya,data-node-02,9.9.2.154,elasticsearch_os_load5,1.74
2023/4/13 0:27,1681316867,cc-cc408-hya,data-node-02,9.9.2.154,elasticsearch_os_load5,1.85
2023/4/13 0:28,1681316927,cc-cc408-hya,data-node-02,9.9.2.154,elasticsearch_os_load5,1.91
2023/4/13 0:29,1681316987,cc-cc408-hya,data-node-02,9.9.2.154,elasticsearch_os_load5,2.05
2023/4/13 0:30,1681317047,cc-cc408-hya,data-node-02,9.9.2.154,elasticsearch_os_load5,2.15
2023/4/13 0:31,1681317107,cc-cc408-hya,data-node-02,9.9.2.154,elasticsearch_os_load5,2.2
2023/4/13 0:32,1681317167,cc-cc408-hya,data-node-02,9.9.2.154,elasticsearch_os_load5,2.06
2023/4/13 0:33,1681317227,cc-cc408-hya,data-node-02,9.9.2.154,elasticsearch_os_load5,2.02
2023/4/13 0:34,1681317287,cc-cc408-hya,data-node-02,9.9.2.154,elasticsearch_os_load5,2.06
2023/4/13 0:35,1681317347,cc-cc408-hya,data-node-02,9.9.2.154,elasticsearch_os_load5,2.08
2023/4/13 0:36,1681317407,cc-cc408-hya,data-node-02,9.9.2.154,elasticsearch_os_load5,2.11
2023/4/13 0:37,1681317467,cc-cc408-hya,data-node-02,9.9.2.154,elasticsearch_os_load5,2.56
2023/4/13 0:38,1681317527,cc-cc408-hya,data-node-02,9.9.2.154,elasticsearch_os_load5,2.84
2023/4/13 0:39,1681317587,cc-cc408-hya,data-node-02,9.9.2.154,elasticsearch_os_load5,3.12
2023/4/13 0:40,1681317647,cc-cc408-hya,data-node-02,9.9.2.154,elasticsearch_os_load5,3.05
2023/4/13 0:41,1681317707,cc-cc408-hya,data-node-02,9.9.2.154,elasticsearch_os_load5,3.04
2023/4/13 0:42,1681317767,cc-cc408-hya,data-node-02,9.9.2.154,elasticsearch_os_load5,2.81
2023/4/13 0:43,1681317827,cc-cc408-hya,data-node-02,9.9.2.154,elasticsearch_os_load5,2.71
2023/4/13 0:44,1681317887,cc-cc408-hya,data-node-02,9.9.2.154,elasticsearch_os_load5,2.79
2023/4/13 0:45,1681317947,cc-cc408-hya,data-node-02,9.9.2.154,elasticsearch_os_load5,2.66
2023/4/13 0:46,1681318007,cc-cc408-hya,data-node-02,9.9.2.154,elasticsearch_os_load5,2.47
2023/4/13 0:47,1681318067,cc-cc408-hya,data-node-02,9.9.2.154,elasticsearch_os_load5,2.35
2023/4/13 0:48,1681318127,cc-cc408-hya,data-node-02,9.9.2.154,elasticsearch_os_load5,2.33
2023/4/13 0:49,1681318187,cc-cc408-hya,data-node-02,9.9.2.154,elasticsearch_os_load5,2.28
2023/4/13 0:50,1681318247,cc-cc408-hya,data-node-02,9.9.2.154,elasticsearch_os_load5,2.28
2023/4/13 0:51,1681318307,cc-cc408-hya,data-node-02,9.9.2.154,elasticsearch_os_load5,2.23
2023/4/13 0:52,1681318367,cc-cc408-hya,data-node-02,9.9.2.154,elasticsearch_os_load5,2.21
2023/4/13 0:53,1681318427,cc-cc408-hya,data-node-02,9.9.2.154,elasticsearch_os_load5,2.2
2023/4/13 0:54,1681318487,cc-cc408-hya,data-node-02,9.9.2.154,elasticsearch_os_load5,2.1
2023/4/13 0:55,1681318547,cc-cc408-hya,data-node-02,9.9.2.154,elasticsearch_os_load5,2.16
2023/4/13 0:56,1681318607,cc-cc408-hya,data-node-02,9.9.2.154,elasticsearch_os_load5,2.11
2023/4/13 0:57,1681318667,cc-cc408-hya,data-node-02,9.9.2.154,elasticsearch_os_load5,2.21
2023/4/13 0:58,1681318727,cc-cc408-hya,data-node-02,9.9.2.154,elasticsearch_os_load5,2.25
2023/4/13 0:59,1681318787,cc-cc408-hya,data-node-02,9.9.2.154,elasticsearch_os_load5,2.32
2023/4/13 1:00,1681318847,cc-cc408-hya,data-node-02,9.9.2.154,elasticsearch_os_load5,2.27
2023/4/13 1:01,1681318907,cc-cc408-hya,data-node-02,9.9.2.154,elasticsearch_os_load5,2.2
2023/4/13 1:02,1681318967,cc-cc408-hya,data-node-02,9.9.2.154,elasticsearch_os_load5,2.25
2023/4/13 1:03,1681319027,cc-cc408-hya,data-node-02,9.9.2.154,elasticsearch_os_load5,2.32
2023/4/13 1:04,1681319087,cc-cc408-hya,data-node-02,9.9.2.154,elasticsearch_os_load5,2.96
2023/4/13 1:05,1681319147,cc-cc408-hya,data-node-02,9.9.2.154,elasticsearch_os_load5,2.74
2023/4/13 1:06,1681319207,cc-cc408-hya,data-node-02,9.9.2.154,elasticsearch_os_load5,2.48
2023/4/13 1:07,1681319267,cc-cc408-hya,data-node-02,9.9.2.154,elasticsearch_os_load5,2.33
2023/4/13 1:08,1681319327,cc-cc408-hya,data-node-02,9.9.2.154,elasticsearch_os_load5,2.2
2023/4/13 1:09,1681319387,cc-cc408-hya,data-node-02,9.9.2.154,elasticsearch_os_load5,2.17
2023/4/13 1:10,1681319447,cc-cc408-hya,data-node-02,9.9.2.154,elasticsearch_os_load5,2.22
2023/4/13 1:11,1681319507,cc-cc408-hya,data-node-02,9.9.2.154,elasticsearch_os_load5,2.27
2023/4/13 1:12,1681319567,cc-cc408-hya,data-node-02,9.9.2.154,elasticsearch_os_load5,2.16
2023/4/13 1:13,1681319627,cc-cc408-hya,data-node-02,9.9.2.154,elasticsearch_os_load5,2.13
2023/4/13 1:14,1681319687,cc-cc408-hya,data-node-02,9.9.2.154,elasticsearch_os_load5,1.99
2023/4/13 1:15,1681319747,cc-cc408-hya,data-node-02,9.9.2.154,elasticsearch_os_load5,1.87
2023/4/13 1:16,1681319807,cc-cc408-hya,data-node-02,9.9.2.154,elasticsearch_os_load5,1.79
2023/4/13 1:17,1681319867,cc-cc408-hya,data-node-02,9.9.2.154,elasticsearch_os_load5,1.62
2023/4/13 1:18,1681319927,cc-cc408-hya,data-node-02,9.9.2.154,elasticsearch_os_load5,1.58
2023/4/13 1:19,1681319987,cc-cc408-hya,data-node-02,9.9.2.154,elasticsearch_os_load5,1.72
2023/4/13 1:20,1681320047,cc-cc408-hya,data-node-02,9.9.2.154,elasticsearch_os_load5,1.75
2023/4/13 1:21,1681320107,cc-cc408-hya,data-node-02,9.9.2.154,elasticsearch_os_load5,1.9
2023/4/13 1:22,1681320167,cc-cc408-hya,data-node-02,9.9.2.154,elasticsearch_os_load5,2
2023/4/13 1:23,1681320227,cc-cc408-hya,data-node-02,9.9.2.154,elasticsearch_os_load5,1.92
2023/4/13 1:24,1681320287,cc-cc408-hya,data-node-02,9.9.2.154,elasticsearch_os_load5,1.59
2023/4/13 1:25,1681320347,cc-cc408-hya,data-node-02,9.9.2.154,elasticsearch_os_load5,1.31
2023/4/13 1:26,1681320407,cc-cc408-hya,data-node-02,9.9.2.154,elasticsearch_os_load5,1.09
2023/4/13 1:27,1681320467,cc-cc408-hya,data-node-02,9.9.2.154,elasticsearch_os_load5,0.9
2023/4/13 1:28,1681320527,cc-cc408-hya,data-node-02,9.9.2.154,elasticsearch_os_load5,0.77
2023/4/13 1:29,1681320587,cc-cc408-hya,data-node-02,9.9.2.154,elasticsearch_os_load5,0.7
2023/4/13 1:30,1681320647,cc-cc408-hya,data-node-02,9.9.2.154,elasticsearch_os_load5,0.61
2023/4/13 1:31,1681320707,cc-cc408-hya,data-node-02,9.9.2.154,elasticsearch_os_load5,0.57
2023/4/13 1:32,1681320767,cc-cc408-hya,data-node-02,9.9.2.154,elasticsearch_os_load5,0.51
2023/4/13 1:33,1681320827,cc-cc408-hya,data-node-02,9.9.2.154,elasticsearch_os_load5,0.48
2023/4/13 1:34,1681320887,cc-cc408-hya,data-node-02,9.9.2.154,elasticsearch_os_load5,0.45
2023/4/13 1:35,1681320947,cc-cc408-hya,data-node-02,9.9.2.154,elasticsearch_os_load5,0.43
2023/4/13 1:36,1681321007,cc-cc408-hya,data-node-02,9.9.2.154,elasticsearch_os_load5,0.4
2023/4/13 1:37,1681321067,cc-cc408-hya,data-node-02,9.9.2.154,elasticsearch_os_load5,0.4
2023/4/13 1:38,1681321127,cc-cc408-hya,data-node-02,9.9.2.154,elasticsearch_os_load5,0.34
2023/4/13 1:39,1681321187,cc-cc408-hya,data-node-02,9.9.2.154,elasticsearch_os_load5,0.32
2023/4/13 1:40,1681321247,cc-cc408-hya,data-node-02,9.9.2.154,elasticsearch_os_load5,0.34
2023/4/13 1:41,1681321307,cc-cc408-hya,data-node-02,9.9.2.154,elasticsearch_os_load5,0.28
2023/4/13 1:42,1681321367,cc-cc408-hya,data-node-02,9.9.2.154,elasticsearch_os_load5,0.27
2023/4/13 1:43,1681321427,cc-cc408-hya,data-node-02,9.9.2.154,elasticsearch_os_load5,0.28
2023/4/13 1:44,1681321487,cc-cc408-hya,data-node-02,9.9.2.154,elasticsearch_os_load5,0.31
2023/4/13 1:45,1681321547,cc-cc408-hya,data-node-02,9.9.2.154,elasticsearch_os_load5,0.33
2023/4/13 1:46,1681321607,cc-cc408-hya,data-node-02,9.9.2.154,elasticsearch_os_load5,0.3
2023/4/13 1:47,1681321667,cc-cc408-hya,data-node-02,9.9.2.154,elasticsearch_os_load5,0.27
2023/4/13 1:48,1681321727,cc-cc408-hya,data-node-02,9.9.2.154,elasticsearch_os_load5,0.24
2023/4/13 1:49,1681321787,cc-cc408-hya,data-node-02,9.9.2.154,elasticsearch_os_load5,0.33
2023/4/13 1:50,1681321847,cc-cc408-hya,data-node-02,9.9.2.154,elasticsearch_os_load5,0.33
2023/4/13 1:51,1681321907,cc-cc408-hya,data-node-02,9.9.2.154,elasticsearch_os_load5,0.28
2023/4/13 1:52,1681321967,cc-cc408-hya,data-node-02,9.9.2.154,elasticsearch_os_load5,0.23
2023/4/13 1:53,1681322027,cc-cc408-hya,data-node-02,9.9.2.154,elasticsearch_os_load5,0.26
2023/4/13 1:54,1681322087,cc-cc408-hya,data-node-02,9.9.2.154,elasticsearch_os_load5,0.24
2023/4/13 1:55,1681322147,cc-cc408-hya,data-node-02,9.9.2.154,elasticsearch_os_load5,0.21
2023/4/13 1:56,1681322207,cc-cc408-hya,data-node-02,9.9.2.154,elasticsearch_os_load5,0.17
2023/4/13 1:57,1681322267,cc-cc408-hya,data-node-02,9.9.2.154,elasticsearch_os_load5,0.17
2023/4/13 1:58,1681322327,cc-cc408-hya,data-node-02,9.9.2.154,elasticsearch_os_load5,0.16
2023/4/13 1:59,1681322387,cc-cc408-hya,data-node-02,9.9.2.154,elasticsearch_os_load5,0.14
2023/4/13 2:00,1681322447,cc-cc408-hya,data-node-02,9.9.2.154,elasticsearch_os_load5,0.13
2023/4/13 2:01,1681322507,cc-cc408-hya,data-node-02,9.9.2.154,elasticsearch_os_load5,0.25
2023/4/13 2:02,1681322567,cc-cc408-hya,data-node-02,9.9.2.154,elasticsearch_os_load5,0.38
2023/4/13 2:03,1681322627,cc-cc408-hya,data-node-02,9.9.2.154,elasticsearch_os_load5,0.59
2023/4/13 2:04,1681322687,cc-cc408-hya,data-node-02,9.9.2.154,elasticsearch_os_load5,0.75
2023/4/13 2:05,1681322747,cc-cc408-hya,data-node-02,9.9.2.154,elasticsearch_os_load5,0.7
2023/4/13 2:06,1681322807,cc-cc408-hya,data-node-02,9.9.2.154,elasticsearch_os_load5,0.6
2023/4/13 2:07,1681322867,cc-cc408-hya,data-node-02,9.9.2.154,elasticsearch_os_load5,0.5
2023/4/13 2:08,1681322927,cc-cc408-hya,data-node-02,9.9.2.154,elasticsearch_os_load5,0.43
2023/4/13 2:09,1681322987,cc-cc408-hya,data-node-02,9.9.2.154,elasticsearch_os_load5,0.36
2023/4/13 2:10,1681323047,cc-cc408-hya,data-node-02,9.9.2.154,elasticsearch_os_load5,0.32
2023/4/13 2:11,1681323107,cc-cc408-hya,data-node-02,9.9.2.154,elasticsearch_os_load5,0.35
2023/4/13 2:12,1681323167,cc-cc408-hya,data-node-02,9.9.2.154,elasticsearch_os_load5,0.38
2023/4/13 2:13,1681323227,cc-cc408-hya,data-node-02,9.9.2.154,elasticsearch_os_load5,0.34
2023/4/13 2:14,1681323287,cc-cc408-hya,data-node-02,9.9.2.154,elasticsearch_os_load5,0.35
2023/4/13 2:15,1681323347,cc-cc408-hya,data-node-02,9.9.2.154,elasticsearch_os_load5,0.3
2023/4/13 2:16,1681323407,cc-cc408-hya,data-node-02,9.9.2.154,elasticsearch_os_load5,0.35
2023/4/13 2:17,1681323467,cc-cc408-hya,data-node-02,9.9.2.154,elasticsearch_os_load5,0.42
2023/4/13 2:18,1681323527,cc-cc408-hya,data-node-02,9.9.2.154,elasticsearch_os_load5,0.37
2023/4/13 2:19,1681323587,cc-cc408-hya,data-node-02,9.9.2.154,elasticsearch_os_load5,0.39
2023/4/13 2:20,1681323647,cc-cc408-hya,data-node-02,9.9.2.154,elasticsearch_os_load5,0.33
2023/4/13 2:21,1681323707,cc-cc408-hya,data-node-02,9.9.2.154,elasticsearch_os_load5,0.32
2023/4/13 2:22,1681323767,cc-cc408-hya,data-node-02,9.9.2.154,elasticsearch_os_load5,0.26
2023/4/13 2:23,1681323827,cc-cc408-hya,data-node-02,9.9.2.154,elasticsearch_os_load5,0.24
2023/4/13 2:24,1681323887,cc-cc408-hya,data-node-02,9.9.2.154,elasticsearch_os_load5,0.23
2023/4/13 2:25,1681323947,cc-cc408-hya,data-node-02,9.9.2.154,elasticsearch_os_load5,0.21
2023/4/13 2:26,1681324007,cc-cc408-hya,data-node-02,9.9.2.154,elasticsearch_os_load5,0.17
2023/4/13 2:27,1681324067,cc-cc408-hya,data-node-02,9.9.2.154,elasticsearch_os_load5,0.17
2023/4/13 2:28,1681324127,cc-cc408-hya,data-node-02,9.9.2.154,elasticsearch_os_load5,0.19
2023/4/13 2:29,1681324187,cc-cc408-hya,data-node-02,9.9.2.154,elasticsearch_os_load5,0.16
2023/4/13 2:30,1681324247,cc-cc408-hya,data-node-02,9.9.2.154,elasticsearch_os_load5,0.18
2023/4/13 2:31,1681324307,cc-cc408-hya,data-node-02,9.9.2.154,elasticsearch_os_load5,0.2
2023/4/13 2:32,1681324367,cc-cc408-hya,data-node-02,9.9.2.154,elasticsearch_os_load5,0.26
2023/4/13 2:33,1681324427,cc-cc408-hya,data-node-02,9.9.2.154,elasticsearch_os_load5,0.22
2023/4/13 2:34,1681324487,cc-cc408-hya,data-node-02,9.9.2.154,elasticsearch_os_load5,0.2
2023/4/13 2:35,1681324547,cc-cc408-hya,data-node-02,9.9.2.154,elasticsearch_os_load5,0.22
2023/4/13 2:36,1681324607,cc-cc408-hya,data-node-02,9.9.2.154,elasticsearch_os_load5,0.19
2023/4/13 2:37,1681324667,cc-cc408-hya,data-node-02,9.9.2.154,elasticsearch_os_load5,0.17
2023/4/13 2:38,1681324727,cc-cc408-hya,data-node-02,9.9.2.154,elasticsearch_os_load5,0.15
2023/4/13 2:39,1681324787,cc-cc408-hya,data-node-02,9.9.2.154,elasticsearch_os_load5,0.14
2023/4/13 2:40,1681324847,cc-cc408-hya,data-node-02,9.9.2.154,elasticsearch_os_load5,0.14
2023/4/13 2:41,1681324907,cc-cc408-hya,data-node-02,9.9.2.154,elasticsearch_os_load5,0.16
2023/4/13 2:42,1681324967,cc-cc408-hya,data-node-02,9.9.2.154,elasticsearch_os_load5,0.14
2023/4/13 2:43,1681325027,cc-cc408-hya,data-node-02,9.9.2.154,elasticsearch_os_load5,0.13
2023/4/13 2:44,1681325087,cc-cc408-hya,data-node-02,9.9.2.154,elasticsearch_os_load5,0.22
2023/4/13 2:45,1681325147,cc-cc408-hya,data-node-02,9.9.2.154,elasticsearch_os_load5,0.47
2023/4/13 2:46,1681325207,cc-cc408-hya,data-node-02,9.9.2.154,elasticsearch_os_load5,0.73
2023/4/13 2:47,1681325267,cc-cc408-hya,data-node-02,9.9.2.154,elasticsearch_os_load5,0.72
2023/4/13 2:48,1681325327,cc-cc408-hya,data-node-02,9.9.2.154,elasticsearch_os_load5,0.63
2023/4/13 2:49,1681325387,cc-cc408-hya,data-node-02,9.9.2.154,elasticsearch_os_load5,0.53
2023/4/13 2:50,1681325447,cc-cc408-hya,data-node-02,9.9.2.154,elasticsearch_os_load5,0.46
2023/4/13 2:51,1681325507,cc-cc408-hya,data-node-02,9.9.2.154,elasticsearch_os_load5,0.41
2023/4/13 2:52,1681325567,cc-cc408-hya,data-node-02,9.9.2.154,elasticsearch_os_load5,0.41
2023/4/13 2:53,1681325627,cc-cc408-hya,data-node-02,9.9.2.154,elasticsearch_os_load5,0.46
2023/4/13 2:54,1681325687,cc-cc408-hya,data-node-02,9.9.2.154,elasticsearch_os_load5,0.48
2023/4/13 2:55,1681325747,cc-cc408-hya,data-node-02,9.9.2.154,elasticsearch_os_load5,0.48
2023/4/13 2:56,1681325807,cc-cc408-hya,data-node-02,9.9.2.154,elasticsearch_os_load5,0.42
2023/4/13 2:57,1681325867,cc-cc408-hya,data-node-02,9.9.2.154,elasticsearch_os_load5,0.37
2023/4/13 2:58,1681325927,cc-cc408-hya,data-node-02,9.9.2.154,elasticsearch_os_load5,0.35
2023/4/13 2:59,1681325987,cc-cc408-hya,data-node-02,9.9.2.154,elasticsearch_os_load5,0.31
2023/4/13 3:00,1681326047,cc-cc408-hya,data-node-02,9.9.2.154,elasticsearch_os_load5,0.31
2023/4/13 3:01,1681326107,cc-cc408-hya,data-node-02,9.9.2.154,elasticsearch_os_load5,0.37
2023/4/13 3:02,1681326167,cc-cc408-hya,data-node-02,9.9.2.154,elasticsearch_os_load5,0.31
2023/4/13 3:03,1681326227,cc-cc408-hya,data-node-02,9.9.2.154,elasticsearch_os_load5,0.27
2023/4/13 3:04,1681326287,cc-cc408-hya,data-node-02,9.9.2.154,elasticsearch_os_load5,0.28
2023/4/13 3:05,1681326347,cc-cc408-hya,data-node-02,9.9.2.154,elasticsearch_os_load5,0.29
2023/4/13 3:06,1681326407,cc-cc408-hya,data-node-02,9.9.2.154,elasticsearch_os_load5,0.31
2023/4/13 3:07,1681326467,cc-cc408-hya,data-node-02,9.9.2.154,elasticsearch_os_load5,0.31
2023/4/13 3:08,1681326527,cc-cc408-hya,data-node-02,9.9.2.154,elasticsearch_os_load5,0.27
2023/4/13 3:09,1681326587,cc-cc408-hya,data-node-02,9.9.2.154,elasticsearch_os_load5,0.25
2023/4/13 3:10,1681326647,cc-cc408-hya,data-node-02,9.9.2.154,elasticsearch_os_load5,0.23
2023/4/13 3:11,1681326707,cc-cc408-hya,data-node-02,9.9.2.154,elasticsearch_os_load5,0.19
2023/4/13 3:12,1681326767,cc-cc408-hya,data-node-02,9.9.2.154,elasticsearch_os_load5,0.17
2023/4/13 3:13,1681326827,cc-cc408-hya,data-node-02,9.9.2.154,elasticsearch_os_load5,0.17
2023/4/13 3:14,1681326887,cc-cc408-hya,data-node-02,9.9.2.154,elasticsearch_os_load5,0.22
2023/4/13 3:15,1681326947,cc-cc408-hya,data-node-02,9.9.2.154,elasticsearch_os_load5,0.25
2023/4/13 3:16,1681327007,cc-cc408-hya,data-node-02,9.9.2.154,elasticsearch_os_load5,0.23
2023/4/13 3:17,1681327067,cc-cc408-hya,data-node-02,9.9.2.154,elasticsearch_os_load5,0.22
2023/4/13 3:18,1681327127,cc-cc408-hya,data-node-02,9.9.2.154,elasticsearch_os_load5,0.19
2023/4/13 3:19,1681327187,cc-cc408-hya,data-node-02,9.9.2.154,elasticsearch_os_load5,0.19
2023/4/13 3:20,1681327247,cc-cc408-hya,data-node-02,9.9.2.154,elasticsearch_os_load5,0.2
2023/4/13 3:21,1681327307,cc-cc408-hya,data-node-02,9.9.2.154,elasticsearch_os_load5,0.18
2023/4/13 3:22,1681327367,cc-cc408-hya,data-node-02,9.9.2.154,elasticsearch_os_load5,0.17
2023/4/13 3:23,1681327427,cc-cc408-hya,data-node-02,9.9.2.154,elasticsearch_os_load5,0.17
2023/4/13 3:24,1681327487,cc-cc408-hya,data-node-02,9.9.2.154,elasticsearch_os_load5,0.34
2023/4/13 3:25,1681327547,cc-cc408-hya,data-node-02,9.9.2.154,elasticsearch_os_load5,0.35
2023/4/13 3:26,1681327607,cc-cc408-hya,data-node-02,9.9.2.154,elasticsearch_os_load5,0.36
2023/4/13 3:27,1681327667,cc-cc408-hya,data-node-02,9.9.2.154,elasticsearch_os_load5,0.58
2023/4/13 3:28,1681327727,cc-cc408-hya,data-node-02,9.9.2.154,elasticsearch_os_load5,0.72
2023/4/13 3:29,1681327787,cc-cc408-hya,data-node-02,9.9.2.154,elasticsearch_os_load5,0.79
2023/4/13 3:30,1681327847,cc-cc408-hya,data-node-02,9.9.2.154,elasticsearch_os_load5,0.74
2023/4/13 3:31,1681327907,cc-cc408-hya,data-node-02,9.9.2.154,elasticsearch_os_load5,0.75
2023/4/13 3:32,1681327967,cc-cc408-hya,data-node-02,9.9.2.154,elasticsearch_os_load5,0.63
2023/4/13 3:33,1681328027,cc-cc408-hya,data-node-02,9.9.2.154,elasticsearch_os_load5,0.54
2023/4/13 3:34,1681328087,cc-cc408-hya,data-node-02,9.9.2.154,elasticsearch_os_load5,0.45
2023/4/13 3:35,1681328147,cc-cc408-hya,data-node-02,9.9.2.154,elasticsearch_os_load5,0.4
2023/4/13 3:36,1681328207,cc-cc408-hya,data-node-02,9.9.2.154,elasticsearch_os_load5,0.32
2023/4/13 3:37,1681328267,cc-cc408-hya,data-node-02,9.9.2.154,elasticsearch_os_load5,0.34
2023/4/13 3:38,1681328327,cc-cc408-hya,data-node-02,9.9.2.154,elasticsearch_os_load5,0.31
2023/4/13 3:39,1681328387,cc-cc408-hya,data-node-02,9.9.2.154,elasticsearch_os_load5,0.26
2023/4/13 3:40,1681328447,cc-cc408-hya,data-node-02,9.9.2.154,elasticsearch_os_load5,0.27
2023/4/13 3:41,1681328507,cc-cc408-hya,data-node-02,9.9.2.154,elasticsearch_os_load5,0.32
2023/4/13 3:42,1681328567,cc-cc408-hya,data-node-02,9.9.2.154,elasticsearch_os_load5,0.28
2023/4/13 3:43,1681328627,cc-cc408-hya,data-node-02,9.9.2.154,elasticsearch_os_load5,0.9
2023/4/13 3:44,1681328687,cc-cc408-hya,data-node-02,9.9.2.154,elasticsearch_os_load5,0.82
2023/4/13 3:45,1681328747,cc-cc408-hya,data-node-02,9.9.2.154,elasticsearch_os_load5,0.68
2023/4/13 3:46,1681328807,cc-cc408-hya,data-node-02,9.9.2.154,elasticsearch_os_load5,0.57
2023/4/13 3:47,1681328867,cc-cc408-hya,data-node-02,9.9.2.154,elasticsearch_os_load5,0.55
2023/4/13 3:48,1681328927,cc-cc408-hya,data-node-02,9.9.2.154,elasticsearch_os_load5,0.61
2023/4/13 3:49,1681328987,cc-cc408-hya,data-node-02,9.9.2.154,elasticsearch_os_load5,0.54
2023/4/13 3:50,1681329047,cc-cc408-hya,data-node-02,9.9.2.154,elasticsearch_os_load5,0.49
2023/4/13 3:51,1681329107,cc-cc408-hya,data-node-02,9.9.2.154,elasticsearch_os_load5,0.44
2023/4/13 3:52,1681329167,cc-cc408-hya,data-node-02,9.9.2.154,elasticsearch_os_load5,0.38
2023/4/13 3:53,1681329227,cc-cc408-hya,data-node-02,9.9.2.154,elasticsearch_os_load5,0.36
2023/4/13 3:54,1681329287,cc-cc408-hya,data-node-02,9.9.2.154,elasticsearch_os_load5,0.35
2023/4/13 3:55,1681329347,cc-cc408-hya,data-node-02,9.9.2.154,elasticsearch_os_load5,0.33
2023/4/13 3:56,1681329407,cc-cc408-hya,data-node-02,9.9.2.154,elasticsearch_os_load5,0.28
2023/4/13 3:57,1681329467,cc-cc408-hya,data-node-02,9.9.2.154,elasticsearch_os_load5,0.24
2023/4/13 3:58,1681329527,cc-cc408-hya,data-node-02,9.9.2.154,elasticsearch_os_load5,0.23
2023/4/13 3:59,1681329587,cc-cc408-hya,data-node-02,9.9.2.154,elasticsearch_os_load5,0.32
2023/4/13 4:00,1681329647,cc-cc408-hya,data-node-02,9.9.2.154,elasticsearch_os_load5,0.31
2023/4/13 4:01,1681329707,cc-cc408-hya,data-node-02,9.9.2.154,elasticsearch_os_load5,0.25
2023/4/13 4:02,1681329767,cc-cc408-hya,data-node-02,9.9.2.154,elasticsearch_os_load5,0.24
2023/4/13 4:03,1681329827,cc-cc408-hya,data-node-02,9.9.2.154,elasticsearch_os_load5,0.2
2023/4/13 4:04,1681329887,cc-cc408-hya,data-node-02,9.9.2.154,elasticsearch_os_load5,0.2
2023/4/13 4:05,1681329947,cc-cc408-hya,data-node-02,9.9.2.154,elasticsearch_os_load5,0.19
2023/4/13 4:06,1681330007,cc-cc408-hya,data-node-02,9.9.2.154,elasticsearch_os_load5,0.34
2023/4/13 4:07,1681330067,cc-cc408-hya,data-node-02,9.9.2.154,elasticsearch_os_load5,0.36
2023/4/13 4:08,1681330127,cc-cc408-hya,data-node-02,9.9.2.154,elasticsearch_os_load5,0.35
2023/4/13 4:09,1681330187,cc-cc408-hya,data-node-02,9.9.2.154,elasticsearch_os_load5,0.45
2023/4/13 4:10,1681330247,cc-cc408-hya,data-node-02,9.9.2.154,elasticsearch_os_load5,0.7
2023/4/13 4:11,1681330307,cc-cc408-hya,data-node-02,9.9.2.154,elasticsearch_os_load5,0.77
2023/4/13 4:12,1681330367,cc-cc408-hya,data-node-02,9.9.2.154,elasticsearch_os_load5,0.64
2023/4/13 4:13,1681330427,cc-cc408-hya,data-node-02,9.9.2.154,elasticsearch_os_load5,0.55
2023/4/13 4:14,1681330487,cc-cc408-hya,data-node-02,9.9.2.154,elasticsearch_os_load5,0.45
2023/4/13 4:15,1681330547,cc-cc408-hya,data-node-02,9.9.2.154,elasticsearch_os_load5,0.4
2023/4/13 4:16,1681330607,cc-cc408-hya,data-node-02,9.9.2.154,elasticsearch_os_load5,0.43
2023/4/13 4:17,1681330667,cc-cc408-hya,data-node-02,9.9.2.154,elasticsearch_os_load5,0.35
2023/4/13 4:18,1681330727,cc-cc408-hya,data-node-02,9.9.2.154,elasticsearch_os_load5,0.32
2023/4/13 4:19,1681330787,cc-cc408-hya,data-node-02,9.9.2.154,elasticsearch_os_load5,0.35
2023/4/13 4:20,1681330847,cc-cc408-hya,data-node-02,9.9.2.154,elasticsearch_os_load5,0.3
2023/4/13 4:21,1681330907,cc-cc408-hya,data-node-02,9.9.2.154,elasticsearch_os_load5,0.32
2023/4/13 4:22,1681330967,cc-cc408-hya,data-node-02,9.9.2.154,elasticsearch_os_load5,0.29
2023/4/13 4:23,1681331027,cc-cc408-hya,data-node-02,9.9.2.154,elasticsearch_os_load5,0.24
2023/4/13 4:24,1681331087,cc-cc408-hya,data-node-02,9.9.2.154,elasticsearch_os_load5,0.28
2023/4/13 4:25,1681331147,cc-cc408-hya,data-node-02,9.9.2.154,elasticsearch_os_load5,0.23
2023/4/13 4:26,1681331207,cc-cc408-hya,data-node-02,9.9.2.154,elasticsearch_os_load5,0.22
2023/4/13 4:27,1681331267,cc-cc408-hya,data-node-02,9.9.2.154,elasticsearch_os_load5,0.24
2023/4/13 4:28,1681331327,cc-cc408-hya,data-node-02,9.9.2.154,elasticsearch_os_load5,0.25
2023/4/13 4:29,1681331387,cc-cc408-hya,data-node-02,9.9.2.154,elasticsearch_os_load5,0.21
2023/4/13 4:30,1681331447,cc-cc408-hya,data-node-02,9.9.2.154,elasticsearch_os_load5,0.25
2023/4/13 4:31,1681331507,cc-cc408-hya,data-node-02,9.9.2.154,elasticsearch_os_load5,0.32
2023/4/13 4:32,1681331567,cc-cc408-hya,data-node-02,9.9.2.154,elasticsearch_os_load5,0.33
2023/4/13 4:33,1681331627,cc-cc408-hya,data-node-02,9.9.2.154,elasticsearch_os_load5,0.3
2023/4/13 4:34,1681331687,cc-cc408-hya,data-node-02,9.9.2.154,elasticsearch_os_load5,0.28
2023/4/13 4:35,1681331747,cc-cc408-hya,data-node-02,9.9.2.154,elasticsearch_os_load5,0.22
2023/4/13 4:36,1681331807,cc-cc408-hya,data-node-02,9.9.2.154,elasticsearch_os_load5,0.22
2023/4/13 4:37,1681331867,cc-cc408-hya,data-node-02,9.9.2.154,elasticsearch_os_load5,0.21
2023/4/13 4:38,1681331927,cc-cc408-hya,data-node-02,9.9.2.154,elasticsearch_os_load5,0.21
2023/4/13 4:39,1681331987,cc-cc408-hya,data-node-02,9.9.2.154,elasticsearch_os_load5,0.22
2023/4/13 4:40,1681332047,cc-cc408-hya,data-node-02,9.9.2.154,elasticsearch_os_load5,0.19
2023/4/13 4:41,1681332107,cc-cc408-hya,data-node-02,9.9.2.154,elasticsearch_os_load5,0.17
2023/4/13 4:42,1681332167,cc-cc408-hya,data-node-02,9.9.2.154,elasticsearch_os_load5,0.14
2023/4/13 4:43,1681332227,cc-cc408-hya,data-node-02,9.9.2.154,elasticsearch_os_load5,0.12
2023/4/13 4:44,1681332287,cc-cc408-hya,data-node-02,9.9.2.154,elasticsearch_os_load5,0.11
2023/4/13 4:45,1681332347,cc-cc408-hya,data-node-02,9.9.2.154,elasticsearch_os_load5,0.14
2023/4/13 4:46,1681332407,cc-cc408-hya,data-node-02,9.9.2.154,elasticsearch_os_load5,0.16
2023/4/13 4:47,1681332467,cc-cc408-hya,data-node-02,9.9.2.154,elasticsearch_os_load5,0.14
2023/4/13 4:48,1681332527,cc-cc408-hya,data-node-02,9.9.2.154,elasticsearch_os_load5,0.23
2023/4/13 4:49,1681332587,cc-cc408-hya,data-node-02,9.9.2.154,elasticsearch_os_load5,0.22
2023/4/13 4:50,1681332647,cc-cc408-hya,data-node-02,9.9.2.154,elasticsearch_os_load5,0.29
2023/4/13 4:51,1681332707,cc-cc408-hya,data-node-02,9.9.2.154,elasticsearch_os_load5,0.44
2023/4/13 4:52,1681332767,cc-cc408-hya,data-node-02,9.9.2.154,elasticsearch_os_load5,0.53
2023/4/13 4:53,1681332827,cc-cc408-hya,data-node-02,9.9.2.154,elasticsearch_os_load5,0.67
2023/4/13 4:54,1681332887,cc-cc408-hya,data-node-02,9.9.2.154,elasticsearch_os_load5,0.63
2023/4/13 4:55,1681332947,cc-cc408-hya,data-node-02,9.9.2.154,elasticsearch_os_load5,0.54
2023/4/13 4:56,1681333007,cc-cc408-hya,data-node-02,9.9.2.154,elasticsearch_os_load5,0.46
2023/4/13 4:57,1681333067,cc-cc408-hya,data-node-02,9.9.2.154,elasticsearch_os_load5,0.37
2023/4/13 4:58,1681333127,cc-cc408-hya,data-node-02,9.9.2.154,elasticsearch_os_load5,0.33
2023/4/13 4:59,1681333187,cc-cc408-hya,data-node-02,9.9.2.154,elasticsearch_os_load5,0.57
2023/4/13 5:00,1681333247,cc-cc408-hya,data-node-02,9.9.2.154,elasticsearch_os_load5,0.85
2023/4/13 5:01,1681333307,cc-cc408-hya,data-node-02,9.9.2.154,elasticsearch_os_load5,0.88
2023/4/13 5:02,1681333367,cc-cc408-hya,data-node-02,9.9.2.154,elasticsearch_os_load5,0.72
2023/4/13 5:03,1681333427,cc-cc408-hya,data-node-02,9.9.2.154,elasticsearch_os_load5,0.64
2023/4/13 5:04,1681333487,cc-cc408-hya,data-node-02,9.9.2.154,elasticsearch_os_load5,0.57
2023/4/13 5:05,1681333547,cc-cc408-hya,data-node-02,9.9.2.154,elasticsearch_os_load5,0.52
2023/4/13 5:06,1681333607,cc-cc408-hya,data-node-02,9.9.2.154,elasticsearch_os_load5,0.43
2023/4/13 5:07,1681333667,cc-cc408-hya,data-node-02,9.9.2.154,elasticsearch_os_load5,0.38
2023/4/13 5:08,1681333727,cc-cc408-hya,data-node-02,9.9.2.154,elasticsearch_os_load5,0.32
2023/4/13 5:09,1681333787,cc-cc408-hya,data-node-02,9.9.2.154,elasticsearch_os_load5,0.28
2023/4/13 5:10,1681333847,cc-cc408-hya,data-node-02,9.9.2.154,elasticsearch_os_load5,0.24
2023/4/13 5:11,1681333907,cc-cc408-hya,data-node-02,9.9.2.154,elasticsearch_os_load5,0.24
2023/4/13 5:12,1681333967,cc-cc408-hya,data-node-02,9.9.2.154,elasticsearch_os_load5,0.21
2023/4/13 5:13,1681334027,cc-cc408-hya,data-node-02,9.9.2.154,elasticsearch_os_load5,0.26
2023/4/13 5:14,1681334087,cc-cc408-hya,data-node-02,9.9.2.154,elasticsearch_os_load5,0.26
2023/4/13 5:15,1681334147,cc-cc408-hya,data-node-02,9.9.2.154,elasticsearch_os_load5,0.25
2023/4/13 5:16,1681334207,cc-cc408-hya,data-node-02,9.9.2.154,elasticsearch_os_load5,0.24
2023/4/13 5:17,1681334267,cc-cc408-hya,data-node-02,9.9.2.154,elasticsearch_os_load5,0.19
2023/4/13 5:18,1681334327,cc-cc408-hya,data-node-02,9.9.2.154,elasticsearch_os_load5,0.21
2023/4/13 5:19,1681334387,cc-cc408-hya,data-node-02,9.9.2.154,elasticsearch_os_load5,0.2
2023/4/13 5:20,1681334447,cc-cc408-hya,data-node-02,9.9.2.154,elasticsearch_os_load5,0.21
2023/4/13 5:21,1681334507,cc-cc408-hya,data-node-02,9.9.2.154,elasticsearch_os_load5,0.2
2023/4/13 5:22,1681334567,cc-cc408-hya,data-node-02,9.9.2.154,elasticsearch_os_load5,0.29
2023/4/13 5:23,1681334627,cc-cc408-hya,data-node-02,9.9.2.154,elasticsearch_os_load5,0.26
2023/4/13 5:24,1681334687,cc-cc408-hya,data-node-02,9.9.2.154,elasticsearch_os_load5,0.24
2023/4/13 5:25,1681334747,cc-cc408-hya,data-node-02,9.9.2.154,elasticsearch_os_load5,0.26
2023/4/13 5:26,1681334807,cc-cc408-hya,data-node-02,9.9.2.154,elasticsearch_os_load5,0.32
2023/4/13 5:27,1681334867,cc-cc408-hya,data-node-02,9.9.2.154,elasticsearch_os_load5,0.3
2023/4/13 5:28,1681334927,cc-cc408-hya,data-node-02,9.9.2.154,elasticsearch_os_load5,0.25
2023/4/13 5:29,1681334987,cc-cc408-hya,data-node-02,9.9.2.154,elasticsearch_os_load5,0.21
2023/4/13 5:30,1681335047,cc-cc408-hya,data-node-02,9.9.2.154,elasticsearch_os_load5,0.41
2023/4/13 5:31,1681335107,cc-cc408-hya,data-node-02,9.9.2.154,elasticsearch_os_load5,0.39
2023/4/13 5:32,1681335167,cc-cc408-hya,data-node-02,9.9.2.154,elasticsearch_os_load5,0.49
2023/4/13 5:33,1681335227,cc-cc408-hya,data-node-02,9.9.2.154,elasticsearch_os_load5,0.55
2023/4/13 5:34,1681335287,cc-cc408-hya,data-node-02,9.9.2.154,elasticsearch_os_load5,0.84
2023/4/13 5:35,1681335347,cc-cc408-hya,data-node-02,9.9.2.154,elasticsearch_os_load5,1
2023/4/13 5:36,1681335407,cc-cc408-hya,data-node-02,9.9.2.154,elasticsearch_os_load5,0.95
2023/4/13 5:37,1681335467,cc-cc408-hya,data-node-02,9.9.2.154,elasticsearch_os_load5,0.89
2023/4/13 5:38,1681335527,cc-cc408-hya,data-node-02,9.9.2.154,elasticsearch_os_load5,0.73
2023/4/13 5:39,1681335587,cc-cc408-hya,data-node-02,9.9.2.154,elasticsearch_os_load5,0.67
2023/4/13 5:40,1681335647,cc-cc408-hya,data-node-02,9.9.2.154,elasticsearch_os_load5,0.6
2023/4/13 5:41,1681335707,cc-cc408-hya,data-node-02,9.9.2.154,elasticsearch_os_load5,0.56
2023/4/13 5:42,1681335767,cc-cc408-hya,data-node-02,9.9.2.154,elasticsearch_os_load5,0.5
2023/4/13 5:43,1681335827,cc-cc408-hya,data-node-02,9.9.2.154,elasticsearch_os_load5,0.45
2023/4/13 5:44,1681335887,cc-cc408-hya,data-node-02,9.9.2.154,elasticsearch_os_load5,0.43
2023/4/13 5:45,1681335947,cc-cc408-hya,data-node-02,9.9.2.154,elasticsearch_os_load5,0.41
2023/4/13 5:46,1681336007,cc-cc408-hya,data-node-02,9.9.2.154,elasticsearch_os_load5,0.4
2023/4/13 5:47,1681336067,cc-cc408-hya,data-node-02,9.9.2.154,elasticsearch_os_load5,0.39
2023/4/13 5:48,1681336127,cc-cc408-hya,data-node-02,9.9.2.154,elasticsearch_os_load5,0.35
2023/4/13 5:49,1681336187,cc-cc408-hya,data-node-02,9.9.2.154,elasticsearch_os_load5,0.36
2023/4/13 5:50,1681336247,cc-cc408-hya,data-node-02,9.9.2.154,elasticsearch_os_load5,0.33
2023/4/13 5:51,1681336307,cc-cc408-hya,data-node-02,9.9.2.154,elasticsearch_os_load5,0.34
2023/4/13 5:52,1681336367,cc-cc408-hya,data-node-02,9.9.2.154,elasticsearch_os_load5,0.32
2023/4/13 5:53,1681336427,cc-cc408-hya,data-node-02,9.9.2.154,elasticsearch_os_load5,1
2023/4/13 5:54,1681336487,cc-cc408-hya,data-node-02,9.9.2.154,elasticsearch_os_load5,0.87
2023/4/13 5:55,1681336547,cc-cc408-hya,data-node-02,9.9.2.154,elasticsearch_os_load5,0.79
2023/4/13 5:56,1681336607,cc-cc408-hya,data-node-02,9.9.2.154,elasticsearch_os_load5,0.79
2023/4/13 5:57,1681336667,cc-cc408-hya,data-node-02,9.9.2.154,elasticsearch_os_load5,0.64
2023/4/13 5:58,1681336727,cc-cc408-hya,data-node-02,9.9.2.154,elasticsearch_os_load5,0.57
2023/4/13 5:59,1681336787,cc-cc408-hya,data-node-02,9.9.2.154,elasticsearch_os_load5,0.46
2023/4/13 6:00,1681336847,cc-cc408-hya,data-node-02,9.9.2.154,elasticsearch_os_load5,0.42
2023/4/13 6:01,1681336907,cc-cc408-hya,data-node-02,9.9.2.154,elasticsearch_os_load5,0.41
2023/4/13 6:02,1681336967,cc-cc408-hya,data-node-02,9.9.2.154,elasticsearch_os_load5,0.43
2023/4/13 6:03,1681337027,cc-cc408-hya,data-node-02,9.9.2.154,elasticsearch_os_load5,0.4
2023/4/13 6:04,1681337087,cc-cc408-hya,data-node-02,9.9.2.154,elasticsearch_os_load5,0.32
2023/4/13 6:05,1681337147,cc-cc408-hya,data-node-02,9.9.2.154,elasticsearch_os_load5,0.28
2023/4/13 6:06,1681337207,cc-cc408-hya,data-node-02,9.9.2.154,elasticsearch_os_load5,0.27
2023/4/13 6:07,1681337267,cc-cc408-hya,data-node-02,9.9.2.154,elasticsearch_os_load5,0.35
2023/4/13 6:08,1681337327,cc-cc408-hya,data-node-02,9.9.2.154,elasticsearch_os_load5,0.35
2023/4/13 6:09,1681337387,cc-cc408-hya,data-node-02,9.9.2.154,elasticsearch_os_load5,0.34
2023/4/13 6:10,1681337447,cc-cc408-hya,data-node-02,9.9.2.154,elasticsearch_os_load5,0.32
2023/4/13 6:11,1681337507,cc-cc408-hya,data-node-02,9.9.2.154,elasticsearch_os_load5,0.46
2023/4/13 6:12,1681337567,cc-cc408-hya,data-node-02,9.9.2.154,elasticsearch_os_load5,0.43
2023/4/13 6:13,1681337627,cc-cc408-hya,data-node-02,9.9.2.154,elasticsearch_os_load5,0.42
2023/4/13 6:14,1681337687,cc-cc408-hya,data-node-02,9.9.2.154,elasticsearch_os_load5,0.48
2023/4/13 6:15,1681337747,cc-cc408-hya,data-node-02,9.9.2.154,elasticsearch_os_load5,0.45
2023/4/13 6:16,1681337807,cc-cc408-hya,data-node-02,9.9.2.154,elasticsearch_os_load5,0.63
2023/4/13 6:17,1681337867,cc-cc408-hya,data-node-02,9.9.2.154,elasticsearch_os_load5,0.78
2023/4/13 6:18,1681337927,cc-cc408-hya,data-node-02,9.9.2.154,elasticsearch_os_load5,0.81
2023/4/13 6:19,1681337987,cc-cc408-hya,data-node-02,9.9.2.154,elasticsearch_os_load5,0.75
2023/4/13 6:20,1681338047,cc-cc408-hya,data-node-02,9.9.2.154,elasticsearch_os_load5,0.64
2023/4/13 6:21,1681338107,cc-cc408-hya,data-node-02,9.9.2.154,elasticsearch_os_load5,0.54
2023/4/13 6:22,1681338167,cc-cc408-hya,data-node-02,9.9.2.154,elasticsearch_os_load5,0.55
2023/4/13 6:23,1681338227,cc-cc408-hya,data-node-02,9.9.2.154,elasticsearch_os_load5,0.5
2023/4/13 6:24,1681338287,cc-cc408-hya,data-node-02,9.9.2.154,elasticsearch_os_load5,0.48
2023/4/13 6:25,1681338347,cc-cc408-hya,data-node-02,9.9.2.154,elasticsearch_os_load5,0.45
2023/4/13 6:26,1681338407,cc-cc408-hya,data-node-02,9.9.2.154,elasticsearch_os_load5,0.52
2023/4/13 6:27,1681338467,cc-cc408-hya,data-node-02,9.9.2.154,elasticsearch_os_load5,0.47
2023/4/13 6:28,1681338527,cc-cc408-hya,data-node-02,9.9.2.154,elasticsearch_os_load5,0.48
2023/4/13 6:29,1681338587,cc-cc408-hya,data-node-02,9.9.2.154,elasticsearch_os_load5,0.54
2023/4/13 6:30,1681338647,cc-cc408-hya,data-node-02,9.9.2.154,elasticsearch_os_load5,0.47
2023/4/13 6:31,1681338707,cc-cc408-hya,data-node-02,9.9.2.154,elasticsearch_os_load5,0.43
2023/4/13 6:32,1681338767,cc-cc408-hya,data-node-02,9.9.2.154,elasticsearch_os_load5,0.44
2023/4/13 6:33,1681338827,cc-cc408-hya,data-node-02,9.9.2.154,elasticsearch_os_load5,0.42
2023/4/13 6:34,1681338887,cc-cc408-hya,data-node-02,9.9.2.154,elasticsearch_os_load5,0.38
2023/4/13 6:35,1681338947,cc-cc408-hya,data-node-02,9.9.2.154,elasticsearch_os_load5,0.34
2023/4/13 6:36,1681339007,cc-cc408-hya,data-node-02,9.9.2.154,elasticsearch_os_load5,0.41
2023/4/13 6:37,1681339067,cc-cc408-hya,data-node-02,9.9.2.154,elasticsearch_os_load5,0.44
2023/4/13 6:38,1681339127,cc-cc408-hya,data-node-02,9.9.2.154,elasticsearch_os_load5,0.4
2023/4/13 6:39,1681339187,cc-cc408-hya,data-node-02,9.9.2.154,elasticsearch_os_load5,0.33
2023/4/13 6:40,1681339247,cc-cc408-hya,data-node-02,9.9.2.154,elasticsearch_os_load5,0.42
2023/4/13 6:41,1681339307,cc-cc408-hya,data-node-02,9.9.2.154,elasticsearch_os_load5,0.5
2023/4/13 6:42,1681339367,cc-cc408-hya,data-node-02,9.9.2.154,elasticsearch_os_load5,0.54
2023/4/13 6:43,1681339427,cc-cc408-hya,data-node-02,9.9.2.154,elasticsearch_os_load5,0.5
2023/4/13 6:44,1681339487,cc-cc408-hya,data-node-02,9.9.2.154,elasticsearch_os_load5,0.48
2023/4/13 6:45,1681339547,cc-cc408-hya,data-node-02,9.9.2.154,elasticsearch_os_load5,0.51
2023/4/13 6:46,1681339607,cc-cc408-hya,data-node-02,9.9.2.154,elasticsearch_os_load5,0.44
2023/4/13 6:47,1681339667,cc-cc408-hya,data-node-02,9.9.2.154,elasticsearch_os_load5,0.43
2023/4/13 6:48,1681339727,cc-cc408-hya,data-node-02,9.9.2.154,elasticsearch_os_load5,0.41
2023/4/13 6:49,1681339787,cc-cc408-hya,data-node-02,9.9.2.154,elasticsearch_os_load5,0.48
2023/4/13 6:50,1681339847,cc-cc408-hya,data-node-02,9.9.2.154,elasticsearch_os_load5,0.55
2023/4/13 6:51,1681339907,cc-cc408-hya,data-node-02,9.9.2.154,elasticsearch_os_load5,0.62
2023/4/13 6:52,1681339967,cc-cc408-hya,data-node-02,9.9.2.154,elasticsearch_os_load5,0.61
2023/4/13 6:53,1681340027,cc-cc408-hya,data-node-02,9.9.2.154,elasticsearch_os_load5,0.69
2023/4/13 6:54,1681340087,cc-cc408-hya,data-node-02,9.9.2.154,elasticsearch_os_load5,0.62
2023/4/13 6:55,1681340147,cc-cc408-hya,data-node-02,9.9.2.154,elasticsearch_os_load5,0.58
2023/4/13 6:56,1681340207,cc-cc408-hya,data-node-02,9.9.2.154,elasticsearch_os_load5,0.56
2023/4/13 6:57,1681340267,cc-cc408-hya,data-node-02,9.9.2.154,elasticsearch_os_load5,0.56
2023/4/13 6:58,1681340327,cc-cc408-hya,data-node-02,9.9.2.154,elasticsearch_os_load5,0.71
2023/4/13 6:59,1681340387,cc-cc408-hya,data-node-02,9.9.2.154,elasticsearch_os_load5,0.77
2023/4/13 7:00,1681340447,cc-cc408-hya,data-node-02,9.9.2.154,elasticsearch_os_load5,0.9
2023/4/13 7:01,1681340507,cc-cc408-hya,data-node-02,9.9.2.154,elasticsearch_os_load5,0.91
2023/4/13 7:02,1681340567,cc-cc408-hya,data-node-02,9.9.2.154,elasticsearch_os_load5,0.79
2023/4/13 7:03,1681340627,cc-cc408-hya,data-node-02,9.9.2.154,elasticsearch_os_load5,0.77
2023/4/13 7:04,1681340687,cc-cc408-hya,data-node-02,9.9.2.154,elasticsearch_os_load5,0.69
2023/4/13 7:05,1681340747,cc-cc408-hya,data-node-02,9.9.2.154,elasticsearch_os_load5,0.62
2023/4/13 7:06,1681340807,cc-cc408-hya,data-node-02,9.9.2.154,elasticsearch_os_load5,0.65
2023/4/13 7:07,1681340867,cc-cc408-hya,data-node-02,9.9.2.154,elasticsearch_os_load5,0.71
2023/4/13 7:08,1681340927,cc-cc408-hya,data-node-02,9.9.2.154,elasticsearch_os_load5,0.67
2023/4/13 7:09,1681340987,cc-cc408-hya,data-node-02,9.9.2.154,elasticsearch_os_load5,0.64
2023/4/13 7:10,1681341047,cc-cc408-hya,data-node-02,9.9.2.154,elasticsearch_os_load5,0.7
2023/4/13 7:11,1681341107,cc-cc408-hya,data-node-02,9.9.2.154,elasticsearch_os_load5,0.66
2023/4/13 7:12,1681341167,cc-cc408-hya,data-node-02,9.9.2.154,elasticsearch_os_load5,0.6
2023/4/13 7:13,1681341227,cc-cc408-hya,data-node-02,9.9.2.154,elasticsearch_os_load5,0.57
2023/4/13 7:14,1681341287,cc-cc408-hya,data-node-02,9.9.2.154,elasticsearch_os_load5,0.57
2023/4/13 7:15,1681341347,cc-cc408-hya,data-node-02,9.9.2.154,elasticsearch_os_load5,0.53
2023/4/13 7:16,1681341407,cc-cc408-hya,data-node-02,9.9.2.154,elasticsearch_os_load5,0.5
2023/4/13 7:17,1681341467,cc-cc408-hya,data-node-02,9.9.2.154,elasticsearch_os_load5,0.48
2023/4/13 7:18,1681341527,cc-cc408-hya,data-node-02,9.9.2.154,elasticsearch_os_load5,0.43
2023/4/13 7:19,1681341587,cc-cc408-hya,data-node-02,9.9.2.154,elasticsearch_os_load5,0.41
2023/4/13 7:20,1681341647,cc-cc408-hya,data-node-02,9.9.2.154,elasticsearch_os_load5,0.4
2023/4/13 7:21,1681341707,cc-cc408-hya,data-node-02,9.9.2.154,elasticsearch_os_load5,0.39
2023/4/13 7:22,1681341767,cc-cc408-hya,data-node-02,9.9.2.154,elasticsearch_os_load5,0.36
2023/4/13 7:23,1681341827,cc-cc408-hya,data-node-02,9.9.2.154,elasticsearch_os_load5,0.35
2023/4/13 7:24,1681341887,cc-cc408-hya,data-node-02,9.9.2.154,elasticsearch_os_load5,0.37
2023/4/13 7:25,1681341947,cc-cc408-hya,data-node-02,9.9.2.154,elasticsearch_os_load5,0.34
2023/4/13 7:26,1681342007,cc-cc408-hya,data-node-02,9.9.2.154,elasticsearch_os_load5,0.41
2023/4/13 7:27,1681342067,cc-cc408-hya,data-node-02,9.9.2.154,elasticsearch_os_load5,0.42
2023/4/13 7:28,1681342127,cc-cc408-hya,data-node-02,9.9.2.154,elasticsearch_os_load5,0.42
2023/4/13 7:29,1681342187,cc-cc408-hya,data-node-02,9.9.2.154,elasticsearch_os_load5,0.39
2023/4/13 7:30,1681342247,cc-cc408-hya,data-node-02,9.9.2.154,elasticsearch_os_load5,0.39
2023/4/13 7:31,1681342307,cc-cc408-hya,data-node-02,9.9.2.154,elasticsearch_os_load5,0.38
2023/4/13 7:32,1681342367,cc-cc408-hya,data-node-02,9.9.2.154,elasticsearch_os_load5,0.38
2023/4/13 7:33,1681342427,cc-cc408-hya,data-node-02,9.9.2.154,elasticsearch_os_load5,0.36
2023/4/13 7:34,1681342487,cc-cc408-hya,data-node-02,9.9.2.154,elasticsearch_os_load5,0.39
2023/4/13 7:35,1681342547,cc-cc408-hya,data-node-02,9.9.2.154,elasticsearch_os_load5,0.48
2023/4/13 7:36,1681342607,cc-cc408-hya,data-node-02,9.9.2.154,elasticsearch_os_load5,0.51
2023/4/13 7:37,1681342667,cc-cc408-hya,data-node-02,9.9.2.154,elasticsearch_os_load5,0.55
2023/4/13 7:38,1681342727,cc-cc408-hya,data-node-02,9.9.2.154,elasticsearch_os_load5,0.58
2023/4/13 7:39,1681342787,cc-cc408-hya,data-node-02,9.9.2.154,elasticsearch_os_load5,0.55
2023/4/13 7:40,1681342847,cc-cc408-hya,data-node-02,9.9.2.154,elasticsearch_os_load5,0.77
2023/4/13 7:41,1681342907,cc-cc408-hya,data-node-02,9.9.2.154,elasticsearch_os_load5,1.01
2023/4/13 7:42,1681342967,cc-cc408-hya,data-node-02,9.9.2.154,elasticsearch_os_load5,1.01
2023/4/13 7:43,1681343027,cc-cc408-hya,data-node-02,9.9.2.154,elasticsearch_os_load5,0.85
2023/4/13 7:44,1681343087,cc-cc408-hya,data-node-02,9.9.2.154,elasticsearch_os_load5,0.76
2023/4/13 7:45,1681343147,cc-cc408-hya,data-node-02,9.9.2.154,elasticsearch_os_load5,0.77
2023/4/13 7:46,1681343207,cc-cc408-hya,data-node-02,9.9.2.154,elasticsearch_os_load5,0.72
2023/4/13 7:47,1681343267,cc-cc408-hya,data-node-02,9.9.2.154,elasticsearch_os_load5,0.72
2023/4/13 7:48,1681343327,cc-cc408-hya,data-node-02,9.9.2.154,elasticsearch_os_load5,0.67
2023/4/13 7:49,1681343387,cc-cc408-hya,data-node-02,9.9.2.154,elasticsearch_os_load5,0.65
2023/4/13 7:50,1681343447,cc-cc408-hya,data-node-02,9.9.2.154,elasticsearch_os_load5,0.63
2023/4/13 7:51,1681343507,cc-cc408-hya,data-node-02,9.9.2.154,elasticsearch_os_load5,0.62
2023/4/13 7:52,1681343567,cc-cc408-hya,data-node-02,9.9.2.154,elasticsearch_os_load5,0.76
2023/4/13 7:53,1681343627,cc-cc408-hya,data-node-02,9.9.2.154,elasticsearch_os_load5,0.91
2023/4/13 7:54,1681343687,cc-cc408-hya,data-node-02,9.9.2.154,elasticsearch_os_load5,0.82
2023/4/13 7:55,1681343747,cc-cc408-hya,data-node-02,9.9.2.154,elasticsearch_os_load5,0.71
2023/4/13 7:56,1681343807,cc-cc408-hya,data-node-02,9.9.2.154,elasticsearch_os_load5,0.73
2023/4/13 7:57,1681343867,cc-cc408-hya,data-node-02,9.9.2.154,elasticsearch_os_load5,0.82
2023/4/13 7:58,1681343927,cc-cc408-hya,data-node-02,9.9.2.154,elasticsearch_os_load5,0.7
2023/4/13 7:59,1681343987,cc-cc408-hya,data-node-02,9.9.2.154,elasticsearch_os_load5,0.74
2023/4/13 8:00,1681344047,cc-cc408-hya,data-node-02,9.9.2.154,elasticsearch_os_load5,1.1
2023/4/13 8:01,1681344107,cc-cc408-hya,data-node-02,9.9.2.154,elasticsearch_os_load5,1.08
2023/4/13 8:02,1681344167,cc-cc408-hya,data-node-02,9.9.2.154,elasticsearch_os_load5,1.21
2023/4/13 8:03,1681344227,cc-cc408-hya,data-node-02,9.9.2.154,elasticsearch_os_load5,1.27
2023/4/13 8:04,1681344287,cc-cc408-hya,data-node-02,9.9.2.154,elasticsearch_os_load5,1.39
2023/4/13 8:05,1681344347,cc-cc408-hya,data-node-02,9.9.2.154,elasticsearch_os_load5,1.38
2023/4/13 8:06,1681344407,cc-cc408-hya,data-node-02,9.9.2.154,elasticsearch_os_load5,1.37
2023/4/13 8:07,1681344467,cc-cc408-hya,data-node-02,9.9.2.154,elasticsearch_os_load5,1.94
2023/4/13 8:08,1681344527,cc-cc408-hya,data-node-02,9.9.2.154,elasticsearch_os_load5,2.45
2023/4/13 8:09,1681344587,cc-cc408-hya,data-node-02,9.9.2.154,elasticsearch_os_load5,2.47
2023/4/13 8:10,1681344647,cc-cc408-hya,data-node-02,9.9.2.154,elasticsearch_os_load5,2.11
2023/4/13 8:11,1681344707,cc-cc408-hya,data-node-02,9.9.2.154,elasticsearch_os_load5,1.85
2023/4/13 8:12,1681344767,cc-cc408-hya,data-node-02,9.9.2.154,elasticsearch_os_load5,1.69
2023/4/13 8:13,1681344827,cc-cc408-hya,data-node-02,9.9.2.154,elasticsearch_os_load5,1.58
2023/4/13 8:14,1681344887,cc-cc408-hya,data-node-02,9.9.2.154,elasticsearch_os_load5,1.49
2023/4/13 8:15,1681344947,cc-cc408-hya,data-node-02,9.9.2.154,elasticsearch_os_load5,1.41
2023/4/13 8:16,1681345007,cc-cc408-hya,data-node-02,9.9.2.154,elasticsearch_os_load5,1.36
2023/4/13 8:17,1681345067,cc-cc408-hya,data-node-02,9.9.2.154,elasticsearch_os_load5,1.46
2023/4/13 8:18,1681345127,cc-cc408-hya,data-node-02,9.9.2.154,elasticsearch_os_load5,1.44
2023/4/13 8:19,1681345187,cc-cc408-hya,data-node-02,9.9.2.154,elasticsearch_os_load5,1.49
2023/4/13 8:20,1681345247,cc-cc408-hya,data-node-02,9.9.2.154,elasticsearch_os_load5,1.38
2023/4/13 8:21,1681345307,cc-cc408-hya,data-node-02,9.9.2.154,elasticsearch_os_load5,1.39
2023/4/13 8:22,1681345367,cc-cc408-hya,data-node-02,9.9.2.154,elasticsearch_os_load5,1.39
2023/4/13 8:23,1681345427,cc-cc408-hya,data-node-02,9.9.2.154,elasticsearch_os_load5,1.58
2023/4/13 8:24,1681345487,cc-cc408-hya,data-node-02,9.9.2.154,elasticsearch_os_load5,1.55
2023/4/13 8:25,1681345547,cc-cc408-hya,data-node-02,9.9.2.154,elasticsearch_os_load5,1.71
2023/4/13 8:26,1681345607,cc-cc408-hya,data-node-02,9.9.2.154,elasticsearch_os_load5,1.71
2023/4/13 8:27,1681345667,cc-cc408-hya,data-node-02,9.9.2.154,elasticsearch_os_load5,1.64
2023/4/13 8:28,1681345727,cc-cc408-hya,data-node-02,9.9.2.154,elasticsearch_os_load5,1.62
2023/4/13 8:29,1681345787,cc-cc408-hya,data-node-02,9.9.2.154,elasticsearch_os_load5,1.49
2023/4/13 8:30,1681345847,cc-cc408-hya,data-node-02,9.9.2.154,elasticsearch_os_load5,1.56
2023/4/13 8:31,1681345907,cc-cc408-hya,data-node-02,9.9.2.154,elasticsearch_os_load5,1.5
2023/4/13 8:32,1681345967,cc-cc408-hya,data-node-02,9.9.2.154,elasticsearch_os_load5,1.54
2023/4/13 8:33,1681346027,cc-cc408-hya,data-node-02,9.9.2.154,elasticsearch_os_load5,1.59
2023/4/13 8:34,1681346087,cc-cc408-hya,data-node-02,9.9.2.154,elasticsearch_os_load5,1.66
2023/4/13 8:35,1681346147,cc-cc408-hya,data-node-02,9.9.2.154,elasticsearch_os_load5,1.55
2023/4/13 8:36,1681346207,cc-cc408-hya,data-node-02,9.9.2.154,elasticsearch_os_load5,1.59
2023/4/13 8:37,1681346267,cc-cc408-hya,data-node-02,9.9.2.154,elasticsearch_os_load5,1.5
2023/4/13 8:38,1681346327,cc-cc408-hya,data-node-02,9.9.2.154,elasticsearch_os_load5,1.59
2023/4/13 8:39,1681346387,cc-cc408-hya,data-node-02,9.9.2.154,elasticsearch_os_load5,1.68
2023/4/13 8:40,1681346447,cc-cc408-hya,data-node-02,9.9.2.154,elasticsearch_os_load5,1.6
2023/4/13 8:41,1681346507,cc-cc408-hya,data-node-02,9.9.2.154,elasticsearch_os_load5,1.6
2023/4/13 8:42,1681346567,cc-cc408-hya,data-node-02,9.9.2.154,elasticsearch_os_load5,1.68
2023/4/13 8:43,1681346627,cc-cc408-hya,data-node-02,9.9.2.154,elasticsearch_os_load5,1.76
2023/4/13 8:44,1681346687,cc-cc408-hya,data-node-02,9.9.2.154,elasticsearch_os_load5,1.72
2023/4/13 8:45,1681346747,cc-cc408-hya,data-node-02,9.9.2.154,elasticsearch_os_load5,1.69
2023/4/13 8:46,1681346807,cc-cc408-hya,data-node-02,9.9.2.154,elasticsearch_os_load5,1.65
2023/4/13 8:47,1681346867,cc-cc408-hya,data-node-02,9.9.2.154,elasticsearch_os_load5,1.64
2023/4/13 8:48,1681346927,cc-cc408-hya,data-node-02,9.9.2.154,elasticsearch_os_load5,1.66
2023/4/13 8:49,1681346987,cc-cc408-hya,data-node-02,9.9.2.154,elasticsearch_os_load5,1.66
2023/4/13 8:50,1681347047,cc-cc408-hya,data-node-02,9.9.2.154,elasticsearch_os_load5,1.6
2023/4/13 8:51,1681347107,cc-cc408-hya,data-node-02,9.9.2.154,elasticsearch_os_load5,1.73
2023/4/13 8:52,1681347167,cc-cc408-hya,data-node-02,9.9.2.154,elasticsearch_os_load5,1.69
2023/4/13 8:53,1681347227,cc-cc408-hya,data-node-02,9.9.2.154,elasticsearch_os_load5,1.75
2023/4/13 8:54,1681347287,cc-cc408-hya,data-node-02,9.9.2.154,elasticsearch_os_load5,1.84
2023/4/13 8:55,1681347347,cc-cc408-hya,data-node-02,9.9.2.154,elasticsearch_os_load5,1.89
2023/4/13 8:56,1681347407,cc-cc408-hya,data-node-02,9.9.2.154,elasticsearch_os_load5,2.1
2023/4/13 8:57,1681347467,cc-cc408-hya,data-node-02,9.9.2.154,elasticsearch_os_load5,2.13
2023/4/13 8:58,1681347527,cc-cc408-hya,data-node-02,9.9.2.154,elasticsearch_os_load5,2.22
2023/4/13 8:59,1681347587,cc-cc408-hya,data-node-02,9.9.2.154,elasticsearch_os_load5,2.15
2023/4/13 9:00,1681347647,cc-cc408-hya,data-node-02,9.9.2.154,elasticsearch_os_load5,2.12
2023/4/13 9:01,1681347707,cc-cc408-hya,data-node-02,9.9.2.154,elasticsearch_os_load5,2.17
2023/4/13 9:02,1681347767,cc-cc408-hya,data-node-02,9.9.2.154,elasticsearch_os_load5,2.38
2023/4/13 9:03,1681347827,cc-cc408-hya,data-node-02,9.9.2.154,elasticsearch_os_load5,2.52
2023/4/13 9:04,1681347887,cc-cc408-hya,data-node-02,9.9.2.154,elasticsearch_os_load5,2.63
2023/4/13 9:05,1681347947,cc-cc408-hya,data-node-02,9.9.2.154,elasticsearch_os_load5,2.84
2023/4/13 9:06,1681348007,cc-cc408-hya,data-node-02,9.9.2.154,elasticsearch_os_load5,2.93
2023/4/13 9:07,1681348067,cc-cc408-hya,data-node-02,9.9.2.154,elasticsearch_os_load5,2.97
2023/4/13 9:08,1681348127,cc-cc408-hya,data-node-02,9.9.2.154,elasticsearch_os_load5,2.86
2023/4/13 9:09,1681348187,cc-cc408-hya,data-node-02,9.9.2.154,elasticsearch_os_load5,3.04
2023/4/13 9:10,1681348247,cc-cc408-hya,data-node-02,9.9.2.154,elasticsearch_os_load5,3.19
2023/4/13 9:11,1681348307,cc-cc408-hya,data-node-02,9.9.2.154,elasticsearch_os_load5,3.16
2023/4/13 9:12,1681348367,cc-cc408-hya,data-node-02,9.9.2.154,elasticsearch_os_load5,3.4
2023/4/13 9:13,1681348427,cc-cc408-hya,data-node-02,9.9.2.154,elasticsearch_os_load5,3.58
2023/4/13 9:14,1681348487,cc-cc408-hya,data-node-02,9.9.2.154,elasticsearch_os_load5,3.57
2023/4/13 9:15,1681348547,cc-cc408-hya,data-node-02,9.9.2.154,elasticsearch_os_load5,3.63
2023/4/13 9:16,1681348607,cc-cc408-hya,data-node-02,9.9.2.154,elasticsearch_os_load5,3.58
2023/4/13 9:17,1681348667,cc-cc408-hya,data-node-02,9.9.2.154,elasticsearch_os_load5,3.47
2023/4/13 9:18,1681348727,cc-cc408-hya,data-node-02,9.9.2.154,elasticsearch_os_load5,3.41
2023/4/13 9:19,1681348787,cc-cc408-hya,data-node-02,9.9.2.154,elasticsearch_os_load5,3.3
2023/4/13 9:20,1681348847,cc-cc408-hya,data-node-02,9.9.2.154,elasticsearch_os_load5,3.51
2023/4/13 9:21,1681348907,cc-cc408-hya,data-node-02,9.9.2.154,elasticsearch_os_load5,3.54
2023/4/13 9:22,1681348967,cc-cc408-hya,data-node-02,9.9.2.154,elasticsearch_os_load5,3.57
2023/4/13 9:23,1681349027,cc-cc408-hya,data-node-02,9.9.2.154,elasticsearch_os_load5,3.62
2023/4/13 9:24,1681349087,cc-cc408-hya,data-node-02,9.9.2.154,elasticsearch_os_load5,3.6
2023/4/13 9:25,1681349147,cc-cc408-hya,data-node-02,9.9.2.154,elasticsearch_os_load5,3.57
2023/4/13 9:26,1681349207,cc-cc408-hya,data-node-02,9.9.2.154,elasticsearch_os_load5,3.72
2023/4/13 9:27,1681349267,cc-cc408-hya,data-node-02,9.9.2.154,elasticsearch_os_load5,3.64
2023/4/13 9:28,1681349327,cc-cc408-hya,data-node-02,9.9.2.154,elasticsearch_os_load5,3.54
2023/4/13 9:29,1681349387,cc-cc408-hya,data-node-02,9.9.2.154,elasticsearch_os_load5,3.83
2023/4/13 9:30,1681349447,cc-cc408-hya,data-node-02,9.9.2.154,elasticsearch_os_load5,4.17
2023/4/13 9:31,1681349507,cc-cc408-hya,data-node-02,9.9.2.154,elasticsearch_os_load5,3.94
2023/4/13 9:32,1681349567,cc-cc408-hya,data-node-02,9.9.2.154,elasticsearch_os_load5,3.85
2023/4/13 9:33,1681349627,cc-cc408-hya,data-node-02,9.9.2.154,elasticsearch_os_load5,3.84
2023/4/13 9:34,1681349687,cc-cc408-hya,data-node-02,9.9.2.154,elasticsearch_os_load5,3.81
2023/4/13 9:35,1681349747,cc-cc408-hya,data-node-02,9.9.2.154,elasticsearch_os_load5,3.66
2023/4/13 9:36,1681349807,cc-cc408-hya,data-node-02,9.9.2.154,elasticsearch_os_load5,3.41
2023/4/13 9:37,1681349867,cc-cc408-hya,data-node-02,9.9.2.154,elasticsearch_os_load5,3.59
2023/4/13 9:38,1681349927,cc-cc408-hya,data-node-02,9.9.2.154,elasticsearch_os_load5,3.55
2023/4/13 9:39,1681349987,cc-cc408-hya,data-node-02,9.9.2.154,elasticsearch_os_load5,3.44
2023/4/13 9:40,1681350047,cc-cc408-hya,data-node-02,9.9.2.154,elasticsearch_os_load5,3.7
2023/4/13 9:41,1681350107,cc-cc408-hya,data-node-02,9.9.2.154,elasticsearch_os_load5,3.71
2023/4/13 9:42,1681350167,cc-cc408-hya,data-node-02,9.9.2.154,elasticsearch_os_load5,3.86
2023/4/13 9:43,1681350227,cc-cc408-hya,data-node-02,9.9.2.154,elasticsearch_os_load5,4.01
2023/4/13 9:44,1681350287,cc-cc408-hya,data-node-02,9.9.2.154,elasticsearch_os_load5,3.91
2023/4/13 9:45,1681350347,cc-cc408-hya,data-node-02,9.9.2.154,elasticsearch_os_load5,3.77
2023/4/13 9:46,1681350407,cc-cc408-hya,data-node-02,9.9.2.154,elasticsearch_os_load5,3.74
2023/4/13 9:47,1681350467,cc-cc408-hya,data-node-02,9.9.2.154,elasticsearch_os_load5,3.87
2023/4/13 9:48,1681350527,cc-cc408-hya,data-node-02,9.9.2.154,elasticsearch_os_load5,3.91
2023/4/13 9:49,1681350587,cc-cc408-hya,data-node-02,9.9.2.154,elasticsearch_os_load5,4.61
2023/4/13 9:50,1681350647,cc-cc408-hya,data-node-02,9.9.2.154,elasticsearch_os_load5,4.42
2023/4/13 9:51,1681350707,cc-cc408-hya,data-node-02,9.9.2.154,elasticsearch_os_load5,4.39
2023/4/13 9:52,1681350767,cc-cc408-hya,data-node-02,9.9.2.154,elasticsearch_os_load5,4.26
2023/4/13 9:53,1681350827,cc-cc408-hya,data-node-02,9.9.2.154,elasticsearch_os_load5,4.37
2023/4/13 9:54,1681350887,cc-cc408-hya,data-node-02,9.9.2.154,elasticsearch_os_load5,4.28
2023/4/13 9:55,1681350947,cc-cc408-hya,data-node-02,9.9.2.154,elasticsearch_os_load5,4.44
2023/4/13 9:56,1681351007,cc-cc408-hya,data-node-02,9.9.2.154,elasticsearch_os_load5,4.81
2023/4/13 9:57,1681351067,cc-cc408-hya,data-node-02,9.9.2.154,elasticsearch_os_load5,5.08
2023/4/13 9:58,1681351127,cc-cc408-hya,data-node-02,9.9.2.154,elasticsearch_os_load5,5.16
2023/4/13 9:59,1681351187,cc-cc408-hya,data-node-02,9.9.2.154,elasticsearch_os_load5,5.25
2023/4/13 10:00,1681351247,cc-cc408-hya,data-node-02,9.9.2.154,elasticsearch_os_load5,5.08
2023/4/13 10:01,1681351307,cc-cc408-hya,data-node-02,9.9.2.154,elasticsearch_os_load5,4.62
2023/4/13 10:02,1681351367,cc-cc408-hya,data-node-02,9.9.2.154,elasticsearch_os_load5,4.26
2023/4/13 10:03,1681351427,cc-cc408-hya,data-node-02,9.9.2.154,elasticsearch_os_load5,4.09
2023/4/13 10:04,1681351487,cc-cc408-hya,data-node-02,9.9.2.154,elasticsearch_os_load5,4.07
2023/4/13 10:05,1681351547,cc-cc408-hya,data-node-02,9.9.2.154,elasticsearch_os_load5,4.01
2023/4/13 10:06,1681351607,cc-cc408-hya,data-node-02,9.9.2.154,elasticsearch_os_load5,3.85
2023/4/13 10:07,1681351667,cc-cc408-hya,data-node-02,9.9.2.154,elasticsearch_os_load5,3.79
2023/4/13 10:08,1681351727,cc-cc408-hya,data-node-02,9.9.2.154,elasticsearch_os_load5,3.66
2023/4/13 10:09,1681351787,cc-cc408-hya,data-node-02,9.9.2.154,elasticsearch_os_load5,4.1
2023/4/13 10:10,1681351847,cc-cc408-hya,data-node-02,9.9.2.154,elasticsearch_os_load5,4.01
2023/4/13 10:11,1681351907,cc-cc408-hya,data-node-02,9.9.2.154,elasticsearch_os_load5,3.98
2023/4/13 10:12,1681351967,cc-cc408-hya,data-node-02,9.9.2.154,elasticsearch_os_load5,3.94
2023/4/13 10:13,1681352027,cc-cc408-hya,data-node-02,9.9.2.154,elasticsearch_os_load5,3.94
2023/4/13 10:14,1681352087,cc-cc408-hya,data-node-02,9.9.2.154,elasticsearch_os_load5,3.9
2023/4/13 10:15,1681352147,cc-cc408-hya,data-node-02,9.9.2.154,elasticsearch_os_load5,3.86
2023/4/13 10:16,1681352207,cc-cc408-hya,data-node-02,9.9.2.154,elasticsearch_os_load5,3.65
2023/4/13 10:17,1681352267,cc-cc408-hya,data-node-02,9.9.2.154,elasticsearch_os_load5,3.5
2023/4/13 10:18,1681352327,cc-cc408-hya,data-node-02,9.9.2.154,elasticsearch_os_load5,3.11
2023/4/13 10:19,1681352387,cc-cc408-hya,data-node-02,9.9.2.154,elasticsearch_os_load5,3.24
2023/4/13 10:20,1681352447,cc-cc408-hya,data-node-02,9.9.2.154,elasticsearch_os_load5,3.35
2023/4/13 10:21,1681352507,cc-cc408-hya,data-node-02,9.9.2.154,elasticsearch_os_load5,3.38
2023/4/13 10:22,1681352567,cc-cc408-hya,data-node-02,9.9.2.154,elasticsearch_os_load5,3.51
2023/4/13 10:23,1681352627,cc-cc408-hya,data-node-02,9.9.2.154,elasticsearch_os_load5,3.59
2023/4/13 10:24,1681352687,cc-cc408-hya,data-node-02,9.9.2.154,elasticsearch_os_load5,3.61
2023/4/13 10:25,1681352747,cc-cc408-hya,data-node-02,9.9.2.154,elasticsearch_os_load5,3.69
2023/4/13 10:26,1681352807,cc-cc408-hya,data-node-02,9.9.2.154,elasticsearch_os_load5,3.74
2023/4/13 10:27,1681352867,cc-cc408-hya,data-node-02,9.9.2.154,elasticsearch_os_load5,3.74
2023/4/13 10:28,1681352927,cc-cc408-hya,data-node-02,9.9.2.154,elasticsearch_os_load5,3.89
2023/4/13 10:29,1681352987,cc-cc408-hya,data-node-02,9.9.2.154,elasticsearch_os_load5,3.81
2023/4/13 10:30,1681353047,cc-cc408-hya,data-node-02,9.9.2.154,elasticsearch_os_load5,3.82
2023/4/13 10:31,1681353107,cc-cc408-hya,data-node-02,9.9.2.154,elasticsearch_os_load5,4.16
2023/4/13 10:32,1681353167,cc-cc408-hya,data-node-02,9.9.2.154,elasticsearch_os_load5,4.48
2023/4/13 10:33,1681353227,cc-cc408-hya,data-node-02,9.9.2.154,elasticsearch_os_load5,4.32
2023/4/13 10:34,1681353287,cc-cc408-hya,data-node-02,9.9.2.154,elasticsearch_os_load5,4.94
2023/4/13 10:35,1681353347,cc-cc408-hya,data-node-02,9.9.2.154,elasticsearch_os_load5,4.59
2023/4/13 10:36,1681353407,cc-cc408-hya,data-node-02,9.9.2.154,elasticsearch_os_load5,4.55
2023/4/13 10:37,1681353467,cc-cc408-hya,data-node-02,9.9.2.154,elasticsearch_os_load5,4.47
2023/4/13 10:38,1681353527,cc-cc408-hya,data-node-02,9.9.2.154,elasticsearch_os_load5,4.12
2023/4/13 10:39,1681353587,cc-cc408-hya,data-node-02,9.9.2.154,elasticsearch_os_load5,4.04
2023/4/13 10:40,1681353647,cc-cc408-hya,data-node-02,9.9.2.154,elasticsearch_os_load5,4.16
2023/4/13 10:41,1681353707,cc-cc408-hya,data-node-02,9.9.2.154,elasticsearch_os_load5,4.41
2023/4/13 10:42,1681353767,cc-cc408-hya,data-node-02,9.9.2.154,elasticsearch_os_load5,4.08
2023/4/13 10:43,1681353827,cc-cc408-hya,data-node-02,9.9.2.154,elasticsearch_os_load5,3.88
2023/4/13 10:44,1681353887,cc-cc408-hya,data-node-02,9.9.2.154,elasticsearch_os_load5,4.01
2023/4/13 10:45,1681353947,cc-cc408-hya,data-node-02,9.9.2.154,elasticsearch_os_load5,4.16
2023/4/13 10:46,1681354007,cc-cc408-hya,data-node-02,9.9.2.154,elasticsearch_os_load5,4.49
2023/4/13 10:47,1681354067,cc-cc408-hya,data-node-02,9.9.2.154,elasticsearch_os_load5,4.48
2023/4/13 10:48,1681354127,cc-cc408-hya,data-node-02,9.9.2.154,elasticsearch_os_load5,4.87
2023/4/13 10:49,1681354187,cc-cc408-hya,data-node-02,9.9.2.154,elasticsearch_os_load5,4.8
2023/4/13 10:50,1681354247,cc-cc408-hya,data-node-02,9.9.2.154,elasticsearch_os_load5,4.61
2023/4/13 10:51,1681354307,cc-cc408-hya,data-node-02,9.9.2.154,elasticsearch_os_load5,4.43
2023/4/13 10:52,1681354367,cc-cc408-hya,data-node-02,9.9.2.154,elasticsearch_os_load5,4.43
2023/4/13 10:53,1681354427,cc-cc408-hya,data-node-02,9.9.2.154,elasticsearch_os_load5,4.45
2023/4/13 10:54,1681354487,cc-cc408-hya,data-node-02,9.9.2.154,elasticsearch_os_load5,4.45
2023/4/13 10:55,1681354547,cc-cc408-hya,data-node-02,9.9.2.154,elasticsearch_os_load5,4.23
2023/4/13 10:56,1681354607,cc-cc408-hya,data-node-02,9.9.2.154,elasticsearch_os_load5,4.18
2023/4/13 10:57,1681354667,cc-cc408-hya,data-node-02,9.9.2.154,elasticsearch_os_load5,4.16
2023/4/13 10:58,1681354727,cc-cc408-hya,data-node-02,9.9.2.154,elasticsearch_os_load5,3.88
2023/4/13 10:59,1681354787,cc-cc408-hya,data-node-02,9.9.2.154,elasticsearch_os_load5,4.12
2023/4/13 11:00,1681354847,cc-cc408-hya,data-node-02,9.9.2.154,elasticsearch_os_load5,4.14
2023/4/13 11:01,1681354907,cc-cc408-hya,data-node-02,9.9.2.154,elasticsearch_os_load5,4.45
2023/4/13 11:02,1681354967,cc-cc408-hya,data-node-02,9.9.2.154,elasticsearch_os_load5,4.27
2023/4/13 11:03,1681355027,cc-cc408-hya,data-node-02,9.9.2.154,elasticsearch_os_load5,4.1
2023/4/13 11:04,1681355087,cc-cc408-hya,data-node-02,9.9.2.154,elasticsearch_os_load5,3.98
2023/4/13 11:05,1681355147,cc-cc408-hya,data-node-02,9.9.2.154,elasticsearch_os_load5,3.96
2023/4/13 11:06,1681355207,cc-cc408-hya,data-node-02,9.9.2.154,elasticsearch_os_load5,4.22
2023/4/13 11:07,1681355267,cc-cc408-hya,data-node-02,9.9.2.154,elasticsearch_os_load5,4.43
2023/4/13 11:08,1681355327,cc-cc408-hya,data-node-02,9.9.2.154,elasticsearch_os_load5,4.5
2023/4/13 11:09,1681355387,cc-cc408-hya,data-node-02,9.9.2.154,elasticsearch_os_load5,4.31
2023/4/13 11:10,1681355447,cc-cc408-hya,data-node-02,9.9.2.154,elasticsearch_os_load5,4.15
2023/4/13 11:11,1681355507,cc-cc408-hya,data-node-02,9.9.2.154,elasticsearch_os_load5,4.03
2023/4/13 11:12,1681355567,cc-cc408-hya,data-node-02,9.9.2.154,elasticsearch_os_load5,4.95
2023/4/13 11:13,1681355627,cc-cc408-hya,data-node-02,9.9.2.154,elasticsearch_os_load5,4.96
2023/4/13 11:14,1681355687,cc-cc408-hya,data-node-02,9.9.2.154,elasticsearch_os_load5,5.32
2023/4/13 11:15,1681355747,cc-cc408-hya,data-node-02,9.9.2.154,elasticsearch_os_load5,5.2
2023/4/13 11:16,1681355807,cc-cc408-hya,data-node-02,9.9.2.154,elasticsearch_os_load5,5.13
2023/4/13 11:17,1681355867,cc-cc408-hya,data-node-02,9.9.2.154,elasticsearch_os_load5,5.34
2023/4/13 11:18,1681355927,cc-cc408-hya,data-node-02,9.9.2.154,elasticsearch_os_load5,5.06
2023/4/13 11:19,1681355987,cc-cc408-hya,data-node-02,9.9.2.154,elasticsearch_os_load5,5.52
2023/4/13 11:20,1681356047,cc-cc408-hya,data-node-02,9.9.2.154,elasticsearch_os_load5,5.36
2023/4/13 11:21,1681356107,cc-cc408-hya,data-node-02,9.9.2.154,elasticsearch_os_load5,5.29
2023/4/13 11:22,1681356167,cc-cc408-hya,data-node-02,9.9.2.154,elasticsearch_os_load5,4.97
2023/4/13 11:23,1681356227,cc-cc408-hya,data-node-02,9.9.2.154,elasticsearch_os_load5,4.84
2023/4/13 11:24,1681356287,cc-cc408-hya,data-node-02,9.9.2.154,elasticsearch_os_load5,4.85
2023/4/13 11:25,1681356347,cc-cc408-hya,data-node-02,9.9.2.154,elasticsearch_os_load5,4.52
2023/4/13 11:26,1681356407,cc-cc408-hya,data-node-02,9.9.2.154,elasticsearch_os_load5,4.49
2023/4/13 11:27,1681356467,cc-cc408-hya,data-node-02,9.9.2.154,elasticsearch_os_load5,4.54
2023/4/13 11:28,1681356527,cc-cc408-hya,data-node-02,9.9.2.154,elasticsearch_os_load5,4.68
2023/4/13 11:29,1681356587,cc-cc408-hya,data-node-02,9.9.2.154,elasticsearch_os_load5,4.62
2023/4/13 11:30,1681356647,cc-cc408-hya,data-node-02,9.9.2.154,elasticsearch_os_load5,4.63
2023/4/13 11:31,1681356707,cc-cc408-hya,data-node-02,9.9.2.154,elasticsearch_os_load5,4.61
2023/4/13 11:32,1681356767,cc-cc408-hya,data-node-02,9.9.2.154,elasticsearch_os_load5,4.51
2023/4/13 11:33,1681356827,cc-cc408-hya,data-node-02,9.9.2.154,elasticsearch_os_load5,4.29
2023/4/13 11:34,1681356887,cc-cc408-hya,data-node-02,9.9.2.154,elasticsearch_os_load5,4.2
2023/4/13 11:35,1681356947,cc-cc408-hya,data-node-02,9.9.2.154,elasticsearch_os_load5,4.09
2023/4/13 11:36,1681357007,cc-cc408-hya,data-node-02,9.9.2.154,elasticsearch_os_load5,4.34
2023/4/13 11:37,1681357067,cc-cc408-hya,data-node-02,9.9.2.154,elasticsearch_os_load5,4.08
2023/4/13 11:38,1681357127,cc-cc408-hya,data-node-02,9.9.2.154,elasticsearch_os_load5,4.07
2023/4/13 11:39,1681357187,cc-cc408-hya,data-node-02,9.9.2.154,elasticsearch_os_load5,3.85
2023/4/13 11:40,1681357247,cc-cc408-hya,data-node-02,9.9.2.154,elasticsearch_os_load5,3.95
2023/4/13 11:41,1681357307,cc-cc408-hya,data-node-02,9.9.2.154,elasticsearch_os_load5,3.92
2023/4/13 11:42,1681357367,cc-cc408-hya,data-node-02,9.9.2.154,elasticsearch_os_load5,4.39
2023/4/13 11:43,1681357427,cc-cc408-hya,data-node-02,9.9.2.154,elasticsearch_os_load5,4.29
2023/4/13 11:44,1681357487,cc-cc408-hya,data-node-02,9.9.2.154,elasticsearch_os_load5,4.18
2023/4/13 11:45,1681357547,cc-cc408-hya,data-node-02,9.9.2.154,elasticsearch_os_load5,4.65
2023/4/13 11:46,1681357607,cc-cc408-hya,data-node-02,9.9.2.154,elasticsearch_os_load5,4.62
2023/4/13 11:47,1681357667,cc-cc408-hya,data-node-02,9.9.2.154,elasticsearch_os_load5,4.6
2023/4/13 11:48,1681357727,cc-cc408-hya,data-node-02,9.9.2.154,elasticsearch_os_load5,4.55
2023/4/13 11:49,1681357787,cc-cc408-hya,data-node-02,9.9.2.154,elasticsearch_os_load5,4.33
2023/4/13 11:50,1681357847,cc-cc408-hya,data-node-02,9.9.2.154,elasticsearch_os_load5,4.46
2023/4/13 11:51,1681357907,cc-cc408-hya,data-node-02,9.9.2.154,elasticsearch_os_load5,4.4
2023/4/13 11:52,1681357967,cc-cc408-hya,data-node-02,9.9.2.154,elasticsearch_os_load5,4.46
2023/4/13 11:53,1681358027,cc-cc408-hya,data-node-02,9.9.2.154,elasticsearch_os_load5,4.33
2023/4/13 11:54,1681358087,cc-cc408-hya,data-node-02,9.9.2.154,elasticsearch_os_load5,3.96
2023/4/13 11:55,1681358147,cc-cc408-hya,data-node-02,9.9.2.154,elasticsearch_os_load5,4.15
2023/4/13 11:56,1681358207,cc-cc408-hya,data-node-02,9.9.2.154,elasticsearch_os_load5,4.41
2023/4/13 11:57,1681358267,cc-cc408-hya,data-node-02,9.9.2.154,elasticsearch_os_load5,4.26
2023/4/13 11:58,1681358327,cc-cc408-hya,data-node-02,9.9.2.154,elasticsearch_os_load5,4.41
2023/4/13 11:59,1681358387,cc-cc408-hya,data-node-02,9.9.2.154,elasticsearch_os_load5,4.49
2023/4/13 12:00,1681358447,cc-cc408-hya,data-node-02,9.9.2.154,elasticsearch_os_load5,4.54
2023/4/13 12:01,1681358507,cc-cc408-hya,data-node-02,9.9.2.154,elasticsearch_os_load5,4.3
2023/4/13 12:02,1681358567,cc-cc408-hya,data-node-02,9.9.2.154,elasticsearch_os_load5,4.04
2023/4/13 12:03,1681358627,cc-cc408-hya,data-node-02,9.9.2.154,elasticsearch_os_load5,3.95
2023/4/13 12:04,1681358687,cc-cc408-hya,data-node-02,9.9.2.154,elasticsearch_os_load5,3.9
2023/4/13 12:05,1681358747,cc-cc408-hya,data-node-02,9.9.2.154,elasticsearch_os_load5,3.77
2023/4/13 12:06,1681358807,cc-cc408-hya,data-node-02,9.9.2.154,elasticsearch_os_load5,3.57
2023/4/13 12:07,1681358867,cc-cc408-hya,data-node-02,9.9.2.154,elasticsearch_os_load5,3.66
2023/4/13 12:08,1681358927,cc-cc408-hya,data-node-02,9.9.2.154,elasticsearch_os_load5,3.59
2023/4/13 12:09,1681358987,cc-cc408-hya,data-node-02,9.9.2.154,elasticsearch_os_load5,3.42
2023/4/13 12:10,1681359047,cc-cc408-hya,data-node-02,9.9.2.154,elasticsearch_os_load5,3.41
2023/4/13 12:11,1681359107,cc-cc408-hya,data-node-02,9.9.2.154,elasticsearch_os_load5,3.35
2023/4/13 12:12,1681359167,cc-cc408-hya,data-node-02,9.9.2.154,elasticsearch_os_load5,3.45
2023/4/13 12:13,1681359227,cc-cc408-hya,data-node-02,9.9.2.154,elasticsearch_os_load5,3.53
2023/4/13 12:14,1681359287,cc-cc408-hya,data-node-02,9.9.2.154,elasticsearch_os_load5,3.44
2023/4/13 12:15,1681359347,cc-cc408-hya,data-node-02,9.9.2.154,elasticsearch_os_load5,3.37
2023/4/13 12:16,1681359407,cc-cc408-hya,data-node-02,9.9.2.154,elasticsearch_os_load5,3.21
2023/4/13 12:17,1681359467,cc-cc408-hya,data-node-02,9.9.2.154,elasticsearch_os_load5,3.07
2023/4/13 12:18,1681359527,cc-cc408-hya,data-node-02,9.9.2.154,elasticsearch_os_load5,3.11
2023/4/13 12:19,1681359587,cc-cc408-hya,data-node-02,9.9.2.154,elasticsearch_os_load5,3.15
2023/4/13 12:20,1681359647,cc-cc408-hya,data-node-02,9.9.2.154,elasticsearch_os_load5,3.05
2023/4/13 12:21,1681359707,cc-cc408-hya,data-node-02,9.9.2.154,elasticsearch_os_load5,3.14
2023/4/13 12:22,1681359767,cc-cc408-hya,data-node-02,9.9.2.154,elasticsearch_os_load5,3.06
2023/4/13 12:23,1681359827,cc-cc408-hya,data-node-02,9.9.2.154,elasticsearch_os_load5,3.47
2023/4/13 12:24,1681359887,cc-cc408-hya,data-node-02,9.9.2.154,elasticsearch_os_load5,3.37
2023/4/13 12:25,1681359947,cc-cc408-hya,data-node-02,9.9.2.154,elasticsearch_os_load5,3.32
2023/4/13 12:26,1681360007,cc-cc408-hya,data-node-02,9.9.2.154,elasticsearch_os_load5,3.29
2023/4/13 12:27,1681360067,cc-cc408-hya,data-node-02,9.9.2.154,elasticsearch_os_load5,3.64
2023/4/13 12:28,1681360127,cc-cc408-hya,data-node-02,9.9.2.154,elasticsearch_os_load5,3.52
2023/4/13 12:29,1681360187,cc-cc408-hya,data-node-02,9.9.2.154,elasticsearch_os_load5,3.47
2023/4/13 12:30,1681360247,cc-cc408-hya,data-node-02,9.9.2.154,elasticsearch_os_load5,3.28
2023/4/13 12:31,1681360307,cc-cc408-hya,data-node-02,9.9.2.154,elasticsearch_os_load5,3.1
2023/4/13 12:32,1681360367,cc-cc408-hya,data-node-02,9.9.2.154,elasticsearch_os_load5,3.04
2023/4/13 12:33,1681360427,cc-cc408-hya,data-node-02,9.9.2.154,elasticsearch_os_load5,2.74
2023/4/13 12:34,1681360487,cc-cc408-hya,data-node-02,9.9.2.154,elasticsearch_os_load5,2.89
2023/4/13 12:35,1681360547,cc-cc408-hya,data-node-02,9.9.2.154,elasticsearch_os_load5,2.84
2023/4/13 12:36,1681360607,cc-cc408-hya,data-node-02,9.9.2.154,elasticsearch_os_load5,2.74
2023/4/13 12:37,1681360667,cc-cc408-hya,data-node-02,9.9.2.154,elasticsearch_os_load5,3.14
2023/4/13 12:38,1681360727,cc-cc408-hya,data-node-02,9.9.2.154,elasticsearch_os_load5,3.2
2023/4/13 12:39,1681360787,cc-cc408-hya,data-node-02,9.9.2.154,elasticsearch_os_load5,3.5
2023/4/13 12:40,1681360847,cc-cc408-hya,data-node-02,9.9.2.154,elasticsearch_os_load5,3.52
2023/4/13 12:41,1681360907,cc-cc408-hya,data-node-02,9.9.2.154,elasticsearch_os_load5,3.51
2023/4/13 12:42,1681360967,cc-cc408-hya,data-node-02,9.9.2.154,elasticsearch_os_load5,3.61
2023/4/13 12:43,1681361027,cc-cc408-hya,data-node-02,9.9.2.154,elasticsearch_os_load5,3.67
2023/4/13 12:44,1681361087,cc-cc408-hya,data-node-02,9.9.2.154,elasticsearch_os_load5,3.63
2023/4/13 12:45,1681361147,cc-cc408-hya,data-node-02,9.9.2.154,elasticsearch_os_load5,3.66
2023/4/13 12:46,1681361207,cc-cc408-hya,data-node-02,9.9.2.154,elasticsearch_os_load5,3.41
2023/4/13 12:47,1681361267,cc-cc408-hya,data-node-02,9.9.2.154,elasticsearch_os_load5,3.41
2023/4/13 12:48,1681361327,cc-cc408-hya,data-node-02,9.9.2.154,elasticsearch_os_load5,3.44
2023/4/13 12:49,1681361387,cc-cc408-hya,data-node-02,9.9.2.154,elasticsearch_os_load5,4.01
2023/4/13 12:50,1681361447,cc-cc408-hya,data-node-02,9.9.2.154,elasticsearch_os_load5,3.72
2023/4/13 12:51,1681361507,cc-cc408-hya,data-node-02,9.9.2.154,elasticsearch_os_load5,3.65
2023/4/13 12:52,1681361567,cc-cc408-hya,data-node-02,9.9.2.154,elasticsearch_os_load5,3.71
2023/4/13 12:53,1681361627,cc-cc408-hya,data-node-02,9.9.2.154,elasticsearch_os_load5,3.53
2023/4/13 12:54,1681361687,cc-cc408-hya,data-node-02,9.9.2.154,elasticsearch_os_load5,3.43
2023/4/13 12:55,1681361747,cc-cc408-hya,data-node-02,9.9.2.154,elasticsearch_os_load5,3.58
2023/4/13 12:56,1681361807,cc-cc408-hya,data-node-02,9.9.2.154,elasticsearch_os_load5,3.36
2023/4/13 12:57,1681361867,cc-cc408-hya,data-node-02,9.9.2.154,elasticsearch_os_load5,3.47
2023/4/13 12:58,1681361927,cc-cc408-hya,data-node-02,9.9.2.154,elasticsearch_os_load5,3.36
2023/4/13 12:59,1681361987,cc-cc408-hya,data-node-02,9.9.2.154,elasticsearch_os_load5,3.03
2023/4/13 13:00,1681362047,cc-cc408-hya,data-node-02,9.9.2.154,elasticsearch_os_load5,2.84
2023/4/13 13:01,1681362107,cc-cc408-hya,data-node-02,9.9.2.154,elasticsearch_os_load5,2.64
2023/4/13 13:02,1681362167,cc-cc408-hya,data-node-02,9.9.2.154,elasticsearch_os_load5,2.52
2023/4/13 13:03,1681362227,cc-cc408-hya,data-node-02,9.9.2.154,elasticsearch_os_load5,2.59
2023/4/13 13:04,1681362287,cc-cc408-hya,data-node-02,9.9.2.154,elasticsearch_os_load5,2.83
2023/4/13 13:05,1681362347,cc-cc408-hya,data-node-02,9.9.2.154,elasticsearch_os_load5,2.85
2023/4/13 13:06,1681362407,cc-cc408-hya,data-node-02,9.9.2.154,elasticsearch_os_load5,2.82
2023/4/13 13:07,1681362467,cc-cc408-hya,data-node-02,9.9.2.154,elasticsearch_os_load5,2.88
2023/4/13 13:08,1681362527,cc-cc408-hya,data-node-02,9.9.2.154,elasticsearch_os_load5,2.71
2023/4/13 13:09,1681362587,cc-cc408-hya,data-node-02,9.9.2.154,elasticsearch_os_load5,2.54
2023/4/13 13:10,1681362647,cc-cc408-hya,data-node-02,9.9.2.154,elasticsearch_os_load5,2.62
2023/4/13 13:11,1681362707,cc-cc408-hya,data-node-02,9.9.2.154,elasticsearch_os_load5,2.57
2023/4/13 13:12,1681362767,cc-cc408-hya,data-node-02,9.9.2.154,elasticsearch_os_load5,2.68
2023/4/13 13:13,1681362827,cc-cc408-hya,data-node-02,9.9.2.154,elasticsearch_os_load5,2.74
2023/4/13 13:14,1681362887,cc-cc408-hya,data-node-02,9.9.2.154,elasticsearch_os_load5,2.86
2023/4/13 13:15,1681362947,cc-cc408-hya,data-node-02,9.9.2.154,elasticsearch_os_load5,2.62
2023/4/13 13:16,1681363007,cc-cc408-hya,data-node-02,9.9.2.154,elasticsearch_os_load5,2.67
2023/4/13 13:17,1681363067,cc-cc408-hya,data-node-02,9.9.2.154,elasticsearch_os_load5,2.75
2023/4/13 13:18,1681363127,cc-cc408-hya,data-node-02,9.9.2.154,elasticsearch_os_load5,2.74
2023/4/13 13:19,1681363187,cc-cc408-hya,data-node-02,9.9.2.154,elasticsearch_os_load5,3
2023/4/13 13:20,1681363247,cc-cc408-hya,data-node-02,9.9.2.154,elasticsearch_os_load5,3.1
2023/4/13 13:21,1681363307,cc-cc408-hya,data-node-02,9.9.2.154,elasticsearch_os_load5,3.23
2023/4/13 13:22,1681363367,cc-cc408-hya,data-node-02,9.9.2.154,elasticsearch_os_load5,3.18
2023/4/13 13:23,1681363427,cc-cc408-hya,data-node-02,9.9.2.154,elasticsearch_os_load5,2.9
2023/4/13 13:24,1681363487,cc-cc408-hya,data-node-02,9.9.2.154,elasticsearch_os_load5,2.92
2023/4/13 13:25,1681363547,cc-cc408-hya,data-node-02,9.9.2.154,elasticsearch_os_load5,2.75
2023/4/13 13:26,1681363607,cc-cc408-hya,data-node-02,9.9.2.154,elasticsearch_os_load5,2.69
2023/4/13 13:27,1681363667,cc-cc408-hya,data-node-02,9.9.2.154,elasticsearch_os_load5,2.63
2023/4/13 13:28,1681363727,cc-cc408-hya,data-node-02,9.9.2.154,elasticsearch_os_load5,3.4
2023/4/13 13:29,1681363787,cc-cc408-hya,data-node-02,9.9.2.154,elasticsearch_os_load5,3.36
2023/4/13 13:30,1681363847,cc-cc408-hya,data-node-02,9.9.2.154,elasticsearch_os_load5,3.19
2023/4/13 13:31,1681363907,cc-cc408-hya,data-node-02,9.9.2.154,elasticsearch_os_load5,3.12
2023/4/13 13:32,1681363967,cc-cc408-hya,data-node-02,9.9.2.154,elasticsearch_os_load5,3.09
2023/4/13 13:33,1681364027,cc-cc408-hya,data-node-02,9.9.2.154,elasticsearch_os_load5,2.9
2023/4/13 13:34,1681364087,cc-cc408-hya,data-node-02,9.9.2.154,elasticsearch_os_load5,2.96
2023/4/13 13:35,1681364147,cc-cc408-hya,data-node-02,9.9.2.154,elasticsearch_os_load5,3.01
2023/4/13 13:36,1681364207,cc-cc408-hya,data-node-02,9.9.2.154,elasticsearch_os_load5,3.12
2023/4/13 13:37,1681364267,cc-cc408-hya,data-node-02,9.9.2.154,elasticsearch_os_load5,3.2
2023/4/13 13:38,1681364327,cc-cc408-hya,data-node-02,9.9.2.154,elasticsearch_os_load5,3.24
2023/4/13 13:39,1681364387,cc-cc408-hya,data-node-02,9.9.2.154,elasticsearch_os_load5,3.14
2023/4/13 13:40,1681364447,cc-cc408-hya,data-node-02,9.9.2.154,elasticsearch_os_load5,3.06
2023/4/13 13:41,1681364507,cc-cc408-hya,data-node-02,9.9.2.154,elasticsearch_os_load5,3.01
2023/4/13 13:42,1681364567,cc-cc408-hya,data-node-02,9.9.2.154,elasticsearch_os_load5,3.03
2023/4/13 13:43,1681364627,cc-cc408-hya,data-node-02,9.9.2.154,elasticsearch_os_load5,3.15
2023/4/13 13:44,1681364687,cc-cc408-hya,data-node-02,9.9.2.154,elasticsearch_os_load5,3
2023/4/13 13:45,1681364747,cc-cc408-hya,data-node-02,9.9.2.154,elasticsearch_os_load5,3.06
2023/4/13 13:46,1681364807,cc-cc408-hya,data-node-02,9.9.2.154,elasticsearch_os_load5,3.04
2023/4/13 13:47,1681364867,cc-cc408-hya,data-node-02,9.9.2.154,elasticsearch_os_load5,3.1
2023/4/13 13:48,1681364927,cc-cc408-hya,data-node-02,9.9.2.154,elasticsearch_os_load5,3.12
2023/4/13 13:49,1681364987,cc-cc408-hya,data-node-02,9.9.2.154,elasticsearch_os_load5,3.27
2023/4/13 13:50,1681365047,cc-cc408-hya,data-node-02,9.9.2.154,elasticsearch_os_load5,3.14
2023/4/13 13:51,1681365107,cc-cc408-hya,data-node-02,9.9.2.154,elasticsearch_os_load5,3.25
2023/4/13 13:52,1681365167,cc-cc408-hya,data-node-02,9.9.2.154,elasticsearch_os_load5,3.05
2023/4/13 13:53,1681365227,cc-cc408-hya,data-node-02,9.9.2.154,elasticsearch_os_load5,3.23
2023/4/13 13:54,1681365287,cc-cc408-hya,data-node-02,9.9.2.154,elasticsearch_os_load5,3.34
2023/4/13 13:55,1681365347,cc-cc408-hya,data-node-02,9.9.2.154,elasticsearch_os_load5,3.51
2023/4/13 13:56,1681365407,cc-cc408-hya,data-node-02,9.9.2.154,elasticsearch_os_load5,3.91
2023/4/13 13:57,1681365467,cc-cc408-hya,data-node-02,9.9.2.154,elasticsearch_os_load5,3.73
2023/4/13 13:58,1681365527,cc-cc408-hya,data-node-02,9.9.2.154,elasticsearch_os_load5,3.73
2023/4/13 13:59,1681365587,cc-cc408-hya,data-node-02,9.9.2.154,elasticsearch_os_load5,4.1
2023/4/13 14:00,1681365647,cc-cc408-hya,data-node-02,9.9.2.154,elasticsearch_os_load5,4.28
2023/4/13 14:01,1681365707,cc-cc408-hya,data-node-02,9.9.2.154,elasticsearch_os_load5,4.12
2023/4/13 14:02,1681365767,cc-cc408-hya,data-node-02,9.9.2.154,elasticsearch_os_load5,4.2
2023/4/13 14:03,1681365827,cc-cc408-hya,data-node-02,9.9.2.154,elasticsearch_os_load5,4.14
2023/4/13 14:04,1681365887,cc-cc408-hya,data-node-02,9.9.2.154,elasticsearch_os_load5,3.96
2023/4/13 14:05,1681365947,cc-cc408-hya,data-node-02,9.9.2.154,elasticsearch_os_load5,4
2023/4/13 14:06,1681366007,cc-cc408-hya,data-node-02,9.9.2.154,elasticsearch_os_load5,3.95
2023/4/13 14:07,1681366067,cc-cc408-hya,data-node-02,9.9.2.154,elasticsearch_os_load5,3.99
2023/4/13 14:08,1681366127,cc-cc408-hya,data-node-02,9.9.2.154,elasticsearch_os_load5,4.06
2023/4/13 14:09,1681366187,cc-cc408-hya,data-node-02,9.9.2.154,elasticsearch_os_load5,3.85
2023/4/13 14:10,1681366247,cc-cc408-hya,data-node-02,9.9.2.154,elasticsearch_os_load5,3.97
2023/4/13 14:11,1681366307,cc-cc408-hya,data-node-02,9.9.2.154,elasticsearch_os_load5,4.02
2023/4/13 14:12,1681366367,cc-cc408-hya,data-node-02,9.9.2.154,elasticsearch_os_load5,3.92
2023/4/13 14:13,1681366427,cc-cc408-hya,data-node-02,9.9.2.154,elasticsearch_os_load5,4.08
2023/4/13 14:14,1681366487,cc-cc408-hya,data-node-02,9.9.2.154,elasticsearch_os_load5,3.94
2023/4/13 14:15,1681366547,cc-cc408-hya,data-node-02,9.9.2.154,elasticsearch_os_load5,3.99
2023/4/13 14:16,1681366607,cc-cc408-hya,data-node-02,9.9.2.154,elasticsearch_os_load5,3.99
2023/4/13 14:17,1681366667,cc-cc408-hya,data-node-02,9.9.2.154,elasticsearch_os_load5,3.75
2023/4/13 14:18,1681366727,cc-cc408-hya,data-node-02,9.9.2.154,elasticsearch_os_load5,3.88
2023/4/13 14:19,1681366787,cc-cc408-hya,data-node-02,9.9.2.154,elasticsearch_os_load5,3.96
2023/4/13 14:20,1681366847,cc-cc408-hya,data-node-02,9.9.2.154,elasticsearch_os_load5,4.7
2023/4/13 14:21,1681366907,cc-cc408-hya,data-node-02,9.9.2.154,elasticsearch_os_load5,4.67
2023/4/13 14:22,1681366967,cc-cc408-hya,data-node-02,9.9.2.154,elasticsearch_os_load5,4.41
2023/4/13 14:23,1681367027,cc-cc408-hya,data-node-02,9.9.2.154,elasticsearch_os_load5,4.33
2023/4/13 14:24,1681367087,cc-cc408-hya,data-node-02,9.9.2.154,elasticsearch_os_load5,4.3
2023/4/13 14:25,1681367147,cc-cc408-hya,data-node-02,9.9.2.154,elasticsearch_os_load5,4.22
2023/4/13 14:26,1681367207,cc-cc408-hya,data-node-02,9.9.2.154,elasticsearch_os_load5,4.15
2023/4/13 14:27,1681367267,cc-cc408-hya,data-node-02,9.9.2.154,elasticsearch_os_load5,4.12
2023/4/13 14:28,1681367327,cc-cc408-hya,data-node-02,9.9.2.154,elasticsearch_os_load5,4.14
2023/4/13 14:29,1681367387,cc-cc408-hya,data-node-02,9.9.2.154,elasticsearch_os_load5,4.23
2023/4/13 14:30,1681367447,cc-cc408-hya,data-node-02,9.9.2.154,elasticsearch_os_load5,4.26
2023/4/13 14:31,1681367507,cc-cc408-hya,data-node-02,9.9.2.154,elasticsearch_os_load5,4.11
2023/4/13 14:32,1681367567,cc-cc408-hya,data-node-02,9.9.2.154,elasticsearch_os_load5,4.18
2023/4/13 14:33,1681367627,cc-cc408-hya,data-node-02,9.9.2.154,elasticsearch_os_load5,4.09
2023/4/13 14:34,1681367687,cc-cc408-hya,data-node-02,9.9.2.154,elasticsearch_os_load5,4.21
2023/4/13 14:35,1681367747,cc-cc408-hya,data-node-02,9.9.2.154,elasticsearch_os_load5,4.13
2023/4/13 14:36,1681367807,cc-cc408-hya,data-node-02,9.9.2.154,elasticsearch_os_load5,4.27
2023/4/13 14:37,1681367867,cc-cc408-hya,data-node-02,9.9.2.154,elasticsearch_os_load5,4.27
2023/4/13 14:38,1681367927,cc-cc408-hya,data-node-02,9.9.2.154,elasticsearch_os_load5,4.28
2023/4/13 14:39,1681367987,cc-cc408-hya,data-node-02,9.9.2.154,elasticsearch_os_load5,4.12
2023/4/13 14:40,1681368047,cc-cc408-hya,data-node-02,9.9.2.154,elasticsearch_os_load5,3.91
2023/4/13 14:41,1681368107,cc-cc408-hya,data-node-02,9.9.2.154,elasticsearch_os_load5,4.19
2023/4/13 14:42,1681368167,cc-cc408-hya,data-node-02,9.9.2.154,elasticsearch_os_load5,4.01
2023/4/13 14:43,1681368227,cc-cc408-hya,data-node-02,9.9.2.154,elasticsearch_os_load5,4
2023/4/13 14:44,1681368287,cc-cc408-hya,data-node-02,9.9.2.154,elasticsearch_os_load5,3.95
2023/4/13 14:45,1681368347,cc-cc408-hya,data-node-02,9.9.2.154,elasticsearch_os_load5,4.17
2023/4/13 14:46,1681368407,cc-cc408-hya,data-node-02,9.9.2.154,elasticsearch_os_load5,4.33
2023/4/13 14:47,1681368467,cc-cc408-hya,data-node-02,9.9.2.154,elasticsearch_os_load5,4.63
2023/4/13 14:48,1681368527,cc-cc408-hya,data-node-02,9.9.2.154,elasticsearch_os_load5,4.48
2023/4/13 14:49,1681368587,cc-cc408-hya,data-node-02,9.9.2.154,elasticsearch_os_load5,4.32
2023/4/13 14:50,1681368647,cc-cc408-hya,data-node-02,9.9.2.154,elasticsearch_os_load5,5.22
2023/4/13 14:51,1681368707,cc-cc408-hya,data-node-02,9.9.2.154,elasticsearch_os_load5,4.96
2023/4/13 14:52,1681368767,cc-cc408-hya,data-node-02,9.9.2.154,elasticsearch_os_load5,5.54
2023/4/13 14:53,1681368827,cc-cc408-hya,data-node-02,9.9.2.154,elasticsearch_os_load5,5.25
2023/4/13 14:54,1681368887,cc-cc408-hya,data-node-02,9.9.2.154,elasticsearch_os_load5,5.58
2023/4/13 14:55,1681368947,cc-cc408-hya,data-node-02,9.9.2.154,elasticsearch_os_load5,5.26
2023/4/13 14:56,1681369007,cc-cc408-hya,data-node-02,9.9.2.154,elasticsearch_os_load5,5.72
2023/4/13 14:57,1681369067,cc-cc408-hya,data-node-02,9.9.2.154,elasticsearch_os_load5,5.41
2023/4/13 14:58,1681369127,cc-cc408-hya,data-node-02,9.9.2.154,elasticsearch_os_load5,4.79
2023/4/13 14:59,1681369187,cc-cc408-hya,data-node-02,9.9.2.154,elasticsearch_os_load5,4.69
2023/4/13 15:00,1681369247,cc-cc408-hya,data-node-02,9.9.2.154,elasticsearch_os_load5,4.51
2023/4/13 15:01,1681369307,cc-cc408-hya,data-node-02,9.9.2.154,elasticsearch_os_load5,4.52
2023/4/13 15:02,1681369367,cc-cc408-hya,data-node-02,9.9.2.154,elasticsearch_os_load5,4.59
2023/4/13 15:03,1681369427,cc-cc408-hya,data-node-02,9.9.2.154,elasticsearch_os_load5,4.96
2023/4/13 15:04,1681369487,cc-cc408-hya,data-node-02,9.9.2.154,elasticsearch_os_load5,5.01
2023/4/13 15:05,1681369547,cc-cc408-hya,data-node-02,9.9.2.154,elasticsearch_os_load5,5.37
2023/4/13 15:06,1681369607,cc-cc408-hya,data-node-02,9.9.2.154,elasticsearch_os_load5,5.04
2023/4/13 15:07,1681369667,cc-cc408-hya,data-node-02,9.9.2.154,elasticsearch_os_load5,5.05
2023/4/13 15:08,1681369727,cc-cc408-hya,data-node-02,9.9.2.154,elasticsearch_os_load5,4.99
2023/4/13 15:09,1681369787,cc-cc408-hya,data-node-02,9.9.2.154,elasticsearch_os_load5,4.94
2023/4/13 15:10,1681369847,cc-cc408-hya,data-node-02,9.9.2.154,elasticsearch_os_load5,4.71
2023/4/13 15:11,1681369907,cc-cc408-hya,data-node-02,9.9.2.154,elasticsearch_os_load5,4.65
2023/4/13 15:12,1681369967,cc-cc408-hya,data-node-02,9.9.2.154,elasticsearch_os_load5,4.47
2023/4/13 15:13,1681370027,cc-cc408-hya,data-node-02,9.9.2.154,elasticsearch_os_load5,4.54
2023/4/13 15:14,1681370087,cc-cc408-hya,data-node-02,9.9.2.154,elasticsearch_os_load5,4.9
2023/4/13 15:15,1681370147,cc-cc408-hya,data-node-02,9.9.2.154,elasticsearch_os_load5,4.56
2023/4/13 15:16,1681370207,cc-cc408-hya,data-node-02,9.9.2.154,elasticsearch_os_load5,4.34
2023/4/13 15:17,1681370267,cc-cc408-hya,data-node-02,9.9.2.154,elasticsearch_os_load5,4.36
2023/4/13 15:18,1681370327,cc-cc408-hya,data-node-02,9.9.2.154,elasticsearch_os_load5,4.1
2023/4/13 15:19,1681370387,cc-cc408-hya,data-node-02,9.9.2.154,elasticsearch_os_load5,3.86
2023/4/13 15:20,1681370447,cc-cc408-hya,data-node-02,9.9.2.154,elasticsearch_os_load5,4.14
2023/4/13 15:21,1681370507,cc-cc408-hya,data-node-02,9.9.2.154,elasticsearch_os_load5,4.16
2023/4/13 15:22,1681370567,cc-cc408-hya,data-node-02,9.9.2.154,elasticsearch_os_load5,4.18
2023/4/13 15:23,1681370627,cc-cc408-hya,data-node-02,9.9.2.154,elasticsearch_os_load5,4.79
2023/4/13 15:24,1681370687,cc-cc408-hya,data-node-02,9.9.2.154,elasticsearch_os_load5,4.58
2023/4/13 15:25,1681370747,cc-cc408-hya,data-node-02,9.9.2.154,elasticsearch_os_load5,4.57
2023/4/13 15:26,1681370807,cc-cc408-hya,data-node-02,9.9.2.154,elasticsearch_os_load5,4.59
2023/4/13 15:27,1681370867,cc-cc408-hya,data-node-02,9.9.2.154,elasticsearch_os_load5,4.52
2023/4/13 15:28,1681370927,cc-cc408-hya,data-node-02,9.9.2.154,elasticsearch_os_load5,4.83
2023/4/13 15:29,1681370987,cc-cc408-hya,data-node-02,9.9.2.154,elasticsearch_os_load5,4.88
2023/4/13 15:30,1681371047,cc-cc408-hya,data-node-02,9.9.2.154,elasticsearch_os_load5,4.86
2023/4/13 15:31,1681371107,cc-cc408-hya,data-node-02,9.9.2.154,elasticsearch_os_load5,4.85
2023/4/13 15:32,1681371167,cc-cc408-hya,data-node-02,9.9.2.154,elasticsearch_os_load5,4.95
2023/4/13 15:33,1681371227,cc-cc408-hya,data-node-02,9.9.2.154,elasticsearch_os_load5,4.88
2023/4/13 15:34,1681371287,cc-cc408-hya,data-node-02,9.9.2.154,elasticsearch_os_load5,4.67
2023/4/13 15:35,1681371347,cc-cc408-hya,data-node-02,9.9.2.154,elasticsearch_os_load5,4.59
2023/4/13 15:36,1681371407,cc-cc408-hya,data-node-02,9.9.2.154,elasticsearch_os_load5,4.65
2023/4/13 15:37,1681371467,cc-cc408-hya,data-node-02,9.9.2.154,elasticsearch_os_load5,4.56
2023/4/13 15:38,1681371527,cc-cc408-hya,data-node-02,9.9.2.154,elasticsearch_os_load5,4.45
2023/4/13 15:39,1681371587,cc-cc408-hya,data-node-02,9.9.2.154,elasticsearch_os_load5,4.65
2023/4/13 15:40,1681371647,cc-cc408-hya,data-node-02,9.9.2.154,elasticsearch_os_load5,4.86
2023/4/13 15:41,1681371707,cc-cc408-hya,data-node-02,9.9.2.154,elasticsearch_os_load5,4.6
2023/4/13 15:42,1681371767,cc-cc408-hya,data-node-02,9.9.2.154,elasticsearch_os_load5,4.8
2023/4/13 15:43,1681371827,cc-cc408-hya,data-node-02,9.9.2.154,elasticsearch_os_load5,4.91
2023/4/13 15:44,1681371887,cc-cc408-hya,data-node-02,9.9.2.154,elasticsearch_os_load5,4.98
2023/4/13 15:45,1681371947,cc-cc408-hya,data-node-02,9.9.2.154,elasticsearch_os_load5,4.96
2023/4/13 15:46,1681372007,cc-cc408-hya,data-node-02,9.9.2.154,elasticsearch_os_load5,4.97
2023/4/13 15:47,1681372067,cc-cc408-hya,data-node-02,9.9.2.154,elasticsearch_os_load5,4.86
2023/4/13 15:48,1681372127,cc-cc408-hya,data-node-02,9.9.2.154,elasticsearch_os_load5,4.74
2023/4/13 15:49,1681372187,cc-cc408-hya,data-node-02,9.9.2.154,elasticsearch_os_load5,4.62
2023/4/13 15:50,1681372247,cc-cc408-hya,data-node-02,9.9.2.154,elasticsearch_os_load5,4.32
2023/4/13 15:51,1681372307,cc-cc408-hya,data-node-02,9.9.2.154,elasticsearch_os_load5,4.4
2023/4/13 15:52,1681372367,cc-cc408-hya,data-node-02,9.9.2.154,elasticsearch_os_load5,4.27
2023/4/13 15:53,1681372427,cc-cc408-hya,data-node-02,9.9.2.154,elasticsearch_os_load5,4.22
2023/4/13 15:54,1681372487,cc-cc408-hya,data-node-02,9.9.2.154,elasticsearch_os_load5,4.19
2023/4/13 15:55,1681372547,cc-cc408-hya,data-node-02,9.9.2.154,elasticsearch_os_load5,4.21
2023/4/13 15:56,1681372607,cc-cc408-hya,data-node-02,9.9.2.154,elasticsearch_os_load5,4.61
2023/4/13 15:57,1681372667,cc-cc408-hya,data-node-02,9.9.2.154,elasticsearch_os_load5,4.49
2023/4/13 15:58,1681372727,cc-cc408-hya,data-node-02,9.9.2.154,elasticsearch_os_load5,4.75
2023/4/13 15:59,1681372787,cc-cc408-hya,data-node-02,9.9.2.154,elasticsearch_os_load5,5.12
2023/4/13 16:00,1681372847,cc-cc408-hya,data-node-02,9.9.2.154,elasticsearch_os_load5,5.1
2023/4/13 16:01,1681372907,cc-cc408-hya,data-node-02,9.9.2.154,elasticsearch_os_load5,4.97
2023/4/13 16:02,1681372967,cc-cc408-hya,data-node-02,9.9.2.154,elasticsearch_os_load5,4.81
2023/4/13 16:03,1681373027,cc-cc408-hya,data-node-02,9.9.2.154,elasticsearch_os_load5,4.68
2023/4/13 16:04,1681373087,cc-cc408-hya,data-node-02,9.9.2.154,elasticsearch_os_load5,4.9
2023/4/13 16:05,1681373147,cc-cc408-hya,data-node-02,9.9.2.154,elasticsearch_os_load5,4.81
2023/4/13 16:06,1681373207,cc-cc408-hya,data-node-02,9.9.2.154,elasticsearch_os_load5,4.77
2023/4/13 16:07,1681373267,cc-cc408-hya,data-node-02,9.9.2.154,elasticsearch_os_load5,4.88
2023/4/13 16:08,1681373327,cc-cc408-hya,data-node-02,9.9.2.154,elasticsearch_os_load5,4.95
2023/4/13 16:09,1681373387,cc-cc408-hya,data-node-02,9.9.2.154,elasticsearch_os_load5,4.78
2023/4/13 16:10,1681373447,cc-cc408-hya,data-node-02,9.9.2.154,elasticsearch_os_load5,4.97
2023/4/13 16:11,1681373507,cc-cc408-hya,data-node-02,9.9.2.154,elasticsearch_os_load5,5.35
2023/4/13 16:12,1681373567,cc-cc408-hya,data-node-02,9.9.2.154,elasticsearch_os_load5,5.5
2023/4/13 16:13,1681373627,cc-cc408-hya,data-node-02,9.9.2.154,elasticsearch_os_load5,5.51
2023/4/13 16:14,1681373687,cc-cc408-hya,data-node-02,9.9.2.154,elasticsearch_os_load5,5.25
2023/4/13 16:15,1681373747,cc-cc408-hya,data-node-02,9.9.2.154,elasticsearch_os_load5,5.1
2023/4/13 16:16,1681373807,cc-cc408-hya,data-node-02,9.9.2.154,elasticsearch_os_load5,5.32
2023/4/13 16:17,1681373867,cc-cc408-hya,data-node-02,9.9.2.154,elasticsearch_os_load5,5.27
2023/4/13 16:18,1681373927,cc-cc408-hya,data-node-02,9.9.2.154,elasticsearch_os_load5,5.04
2023/4/13 16:19,1681373987,cc-cc408-hya,data-node-02,9.9.2.154,elasticsearch_os_load5,5.08
2023/4/13 16:20,1681374047,cc-cc408-hya,data-node-02,9.9.2.154,elasticsearch_os_load5,4.93
2023/4/13 16:21,1681374107,cc-cc408-hya,data-node-02,9.9.2.154,elasticsearch_os_load5,5.03
2023/4/13 16:22,1681374167,cc-cc408-hya,data-node-02,9.9.2.154,elasticsearch_os_load5,4.91
2023/4/13 16:23,1681374227,cc-cc408-hya,data-node-02,9.9.2.154,elasticsearch_os_load5,4.86
2023/4/13 16:24,1681374287,cc-cc408-hya,data-node-02,9.9.2.154,elasticsearch_os_load5,4.77
2023/4/13 16:25,1681374347,cc-cc408-hya,data-node-02,9.9.2.154,elasticsearch_os_load5,4.83
2023/4/13 16:26,1681374407,cc-cc408-hya,data-node-02,9.9.2.154,elasticsearch_os_load5,4.85
2023/4/13 16:27,1681374467,cc-cc408-hya,data-node-02,9.9.2.154,elasticsearch_os_load5,4.81
2023/4/13 16:28,1681374527,cc-cc408-hya,data-node-02,9.9.2.154,elasticsearch_os_load5,5.38
2023/4/13 16:29,1681374587,cc-cc408-hya,data-node-02,9.9.2.154,elasticsearch_os_load5,5.31
2023/4/13 16:30,1681374647,cc-cc408-hya,data-node-02,9.9.2.154,elasticsearch_os_load5,5.43
2023/4/13 16:31,1681374707,cc-cc408-hya,data-node-02,9.9.2.154,elasticsearch_os_load5,5.17
2023/4/13 16:32,1681374767,cc-cc408-hya,data-node-02,9.9.2.154,elasticsearch_os_load5,5.03
2023/4/13 16:33,1681374827,cc-cc408-hya,data-node-02,9.9.2.154,elasticsearch_os_load5,4.81
2023/4/13 16:34,1681374887,cc-cc408-hya,data-node-02,9.9.2.154,elasticsearch_os_load5,5.49
2023/4/13 16:35,1681374947,cc-cc408-hya,data-node-02,9.9.2.154,elasticsearch_os_load5,5.1
2023/4/13 16:36,1681375007,cc-cc408-hya,data-node-02,9.9.2.154,elasticsearch_os_load5,4.87
2023/4/13 16:37,1681375067,cc-cc408-hya,data-node-02,9.9.2.154,elasticsearch_os_load5,4.84
2023/4/13 16:38,1681375127,cc-cc408-hya,data-node-02,9.9.2.154,elasticsearch_os_load5,5.27
2023/4/13 16:39,1681375187,cc-cc408-hya,data-node-02,9.9.2.154,elasticsearch_os_load5,5.1
2023/4/13 16:40,1681375247,cc-cc408-hya,data-node-02,9.9.2.154,elasticsearch_os_load5,5.24
2023/4/13 16:41,1681375307,cc-cc408-hya,data-node-02,9.9.2.154,elasticsearch_os_load5,5.35
2023/4/13 16:42,1681375367,cc-cc408-hya,data-node-02,9.9.2.154,elasticsearch_os_load5,5.24
2023/4/13 16:43,1681375427,cc-cc408-hya,data-node-02,9.9.2.154,elasticsearch_os_load5,5.41
2023/4/13 16:44,1681375487,cc-cc408-hya,data-node-02,9.9.2.154,elasticsearch_os_load5,5.56
2023/4/13 16:45,1681375547,cc-cc408-hya,data-node-02,9.9.2.154,elasticsearch_os_load5,5.31
2023/4/13 16:46,1681375607,cc-cc408-hya,data-node-02,9.9.2.154,elasticsearch_os_load5,5.11
2023/4/13 16:47,1681375667,cc-cc408-hya,data-node-02,9.9.2.154,elasticsearch_os_load5,4.82
2023/4/13 16:48,1681375727,cc-cc408-hya,data-node-02,9.9.2.154,elasticsearch_os_load5,4.63
2023/4/13 16:49,1681375787,cc-cc408-hya,data-node-02,9.9.2.154,elasticsearch_os_load5,4.83
2023/4/13 16:50,1681375847,cc-cc408-hya,data-node-02,9.9.2.154,elasticsearch_os_load5,4.8
2023/4/13 16:51,1681375907,cc-cc408-hya,data-node-02,9.9.2.154,elasticsearch_os_load5,4.79
2023/4/13 16:52,1681375967,cc-cc408-hya,data-node-02,9.9.2.154,elasticsearch_os_load5,5.3
2023/4/13 16:53,1681376027,cc-cc408-hya,data-node-02,9.9.2.154,elasticsearch_os_load5,5.59
2023/4/13 16:54,1681376087,cc-cc408-hya,data-node-02,9.9.2.154,elasticsearch_os_load5,5.67
2023/4/13 16:55,1681376147,cc-cc408-hya,data-node-02,9.9.2.154,elasticsearch_os_load5,6
2023/4/13 16:56,1681376207,cc-cc408-hya,data-node-02,9.9.2.154,elasticsearch_os_load5,5.84
2023/4/13 16:57,1681376267,cc-cc408-hya,data-node-02,9.9.2.154,elasticsearch_os_load5,6.02
2023/4/13 16:58,1681376327,cc-cc408-hya,data-node-02,9.9.2.154,elasticsearch_os_load5,5.8
2023/4/13 16:59,1681376387,cc-cc408-hya,data-node-02,9.9.2.154,elasticsearch_os_load5,5.58
2023/4/13 17:00,1681376447,cc-cc408-hya,data-node-02,9.9.2.154,elasticsearch_os_load5,5.26
2023/4/13 17:01,1681376507,cc-cc408-hya,data-node-02,9.9.2.154,elasticsearch_os_load5,5.22
2023/4/13 17:02,1681376567,cc-cc408-hya,data-node-02,9.9.2.154,elasticsearch_os_load5,5.44
2023/4/13 17:03,1681376627,cc-cc408-hya,data-node-02,9.9.2.154,elasticsearch_os_load5,5.52
2023/4/13 17:04,1681376687,cc-cc408-hya,data-node-02,9.9.2.154,elasticsearch_os_load5,5.79
2023/4/13 17:05,1681376747,cc-cc408-hya,data-node-02,9.9.2.154,elasticsearch_os_load5,5.43
2023/4/13 17:06,1681376807,cc-cc408-hya,data-node-02,9.9.2.154,elasticsearch_os_load5,5.15
2023/4/13 17:07,1681376867,cc-cc408-hya,data-node-02,9.9.2.154,elasticsearch_os_load5,5.41
2023/4/13 17:08,1681376927,cc-cc408-hya,data-node-02,9.9.2.154,elasticsearch_os_load5,5.25
2023/4/13 17:09,1681376987,cc-cc408-hya,data-node-02,9.9.2.154,elasticsearch_os_load5,5.22
2023/4/13 17:10,1681377047,cc-cc408-hya,data-node-02,9.9.2.154,elasticsearch_os_load5,5.42
2023/4/13 17:11,1681377107,cc-cc408-hya,data-node-02,9.9.2.154,elasticsearch_os_load5,5.54
2023/4/13 17:12,1681377167,cc-cc408-hya,data-node-02,9.9.2.154,elasticsearch_os_load5,5.25
2023/4/13 17:13,1681377227,cc-cc408-hya,data-node-02,9.9.2.154,elasticsearch_os_load5,5.3
2023/4/13 17:14,1681377287,cc-cc408-hya,data-node-02,9.9.2.154,elasticsearch_os_load5,5.09
2023/4/13 17:15,1681377347,cc-cc408-hya,data-node-02,9.9.2.154,elasticsearch_os_load5,4.95
2023/4/13 17:16,1681377407,cc-cc408-hya,data-node-02,9.9.2.154,elasticsearch_os_load5,4.82
2023/4/13 17:17,1681377467,cc-cc408-hya,data-node-02,9.9.2.154,elasticsearch_os_load5,4.72
2023/4/13 17:18,1681377527,cc-cc408-hya,data-node-02,9.9.2.154,elasticsearch_os_load5,4.84
2023/4/13 17:19,1681377587,cc-cc408-hya,data-node-02,9.9.2.154,elasticsearch_os_load5,4.94
2023/4/13 17:20,1681377647,cc-cc408-hya,data-node-02,9.9.2.154,elasticsearch_os_load5,5.08
2023/4/13 17:21,1681377707,cc-cc408-hya,data-node-02,9.9.2.154,elasticsearch_os_load5,5.49
2023/4/13 17:22,1681377767,cc-cc408-hya,data-node-02,9.9.2.154,elasticsearch_os_load5,5.22
2023/4/13 17:23,1681377827,cc-cc408-hya,data-node-02,9.9.2.154,elasticsearch_os_load5,5.29
2023/4/13 17:24,1681377887,cc-cc408-hya,data-node-02,9.9.2.154,elasticsearch_os_load5,5.23
2023/4/13 17:25,1681377947,cc-cc408-hya,data-node-02,9.9.2.154,elasticsearch_os_load5,5.25
2023/4/13 17:26,1681378007,cc-cc408-hya,data-node-02,9.9.2.154,elasticsearch_os_load5,5.4
2023/4/13 17:27,1681378067,cc-cc408-hya,data-node-02,9.9.2.154,elasticsearch_os_load5,6.03
2023/4/13 17:28,1681378127,cc-cc408-hya,data-node-02,9.9.2.154,elasticsearch_os_load5,5.52
2023/4/13 17:29,1681378187,cc-cc408-hya,data-node-02,9.9.2.154,elasticsearch_os_load5,6.24
2023/4/13 17:30,1681378247,cc-cc408-hya,data-node-02,9.9.2.154,elasticsearch_os_load5,6.23
2023/4/12 17:30,1681291847,cc-cc408-hya,data-node-07,9.9.2.154,elasticsearch_os_load5,4.23
2023/4/12 17:31,1681291907,cc-cc408-hya,data-node-07,9.9.2.154,elasticsearch_os_load5,4.1
2023/4/12 17:32,1681291967,cc-cc408-hya,data-node-07,9.9.2.154,elasticsearch_os_load5,3.91
2023/4/12 17:33,1681292027,cc-cc408-hya,data-node-07,9.9.2.154,elasticsearch_os_load5,4.37
2023/4/12 17:34,1681292087,cc-cc408-hya,data-node-07,9.9.2.154,elasticsearch_os_load5,4.93
2023/4/12 17:35,1681292147,cc-cc408-hya,data-node-07,9.9.2.154,elasticsearch_os_load5,5.16
2023/4/12 17:36,1681292207,cc-cc408-hya,data-node-07,9.9.2.154,elasticsearch_os_load5,5.16
2023/4/12 17:37,1681292267,cc-cc408-hya,data-node-07,9.9.2.154,elasticsearch_os_load5,5.03
2023/4/12 17:38,1681292327,cc-cc408-hya,data-node-07,9.9.2.154,elasticsearch_os_load5,4.68
2023/4/12 17:39,1681292387,cc-cc408-hya,data-node-07,9.9.2.154,elasticsearch_os_load5,4.7
2023/4/12 17:40,1681292447,cc-cc408-hya,data-node-07,9.9.2.154,elasticsearch_os_load5,5
2023/4/12 17:41,1681292507,cc-cc408-hya,data-node-07,9.9.2.154,elasticsearch_os_load5,5.53
2023/4/12 17:42,1681292567,cc-cc408-hya,data-node-07,9.9.2.154,elasticsearch_os_load5,5.49
2023/4/12 17:43,1681292627,cc-cc408-hya,data-node-07,9.9.2.154,elasticsearch_os_load5,5.31
2023/4/12 17:44,1681292687,cc-cc408-hya,data-node-07,9.9.2.154,elasticsearch_os_load5,4.92
2023/4/12 17:45,1681292747,cc-cc408-hya,data-node-07,9.9.2.154,elasticsearch_os_load5,4.82
2023/4/12 17:46,1681292807,cc-cc408-hya,data-node-07,9.9.2.154,elasticsearch_os_load5,4.77
2023/4/12 17:47,1681292867,cc-cc408-hya,data-node-07,9.9.2.154,elasticsearch_os_load5,4.62
2023/4/12 17:48,1681292927,cc-cc408-hya,data-node-07,9.9.2.154,elasticsearch_os_load5,4.56
2023/4/12 17:49,1681292987,cc-cc408-hya,data-node-07,9.9.2.154,elasticsearch_os_load5,4.36
2023/4/12 17:50,1681293047,cc-cc408-hya,data-node-07,9.9.2.154,elasticsearch_os_load5,4.39
2023/4/12 17:51,1681293107,cc-cc408-hya,data-node-07,9.9.2.154,elasticsearch_os_load5,4.48
2023/4/12 17:52,1681293167,cc-cc408-hya,data-node-07,9.9.2.154,elasticsearch_os_load5,4.66
2023/4/12 17:53,1681293227,cc-cc408-hya,data-node-07,9.9.2.154,elasticsearch_os_load5,4.41
2023/4/12 17:54,1681293287,cc-cc408-hya,data-node-07,9.9.2.154,elasticsearch_os_load5,4.6
2023/4/12 17:55,1681293347,cc-cc408-hya,data-node-07,9.9.2.154,elasticsearch_os_load5,4.47
2023/4/12 17:56,1681293407,cc-cc408-hya,data-node-07,9.9.2.154,elasticsearch_os_load5,4.41
2023/4/12 17:57,1681293467,cc-cc408-hya,data-node-07,9.9.2.154,elasticsearch_os_load5,4.42
2023/4/12 17:58,1681293527,cc-cc408-hya,data-node-07,9.9.2.154,elasticsearch_os_load5,4.56
2023/4/12 17:59,1681293587,cc-cc408-hya,data-node-07,9.9.2.154,elasticsearch_os_load5,4.73
2023/4/12 18:00,1681293647,cc-cc408-hya,data-node-07,9.9.2.154,elasticsearch_os_load5,4.49
2023/4/12 18:01,1681293707,cc-cc408-hya,data-node-07,9.9.2.154,elasticsearch_os_load5,4.41
2023/4/12 18:02,1681293767,cc-cc408-hya,data-node-07,9.9.2.154,elasticsearch_os_load5,4.67
2023/4/12 18:03,1681293827,cc-cc408-hya,data-node-07,9.9.2.154,elasticsearch_os_load5,4.49
2023/4/12 18:04,1681293887,cc-cc408-hya,data-node-07,9.9.2.154,elasticsearch_os_load5,4.46
2023/4/12 18:05,1681293947,cc-cc408-hya,data-node-07,9.9.2.154,elasticsearch_os_load5,4.41
2023/4/12 18:06,1681294007,cc-cc408-hya,data-node-07,9.9.2.154,elasticsearch_os_load5,4.42
2023/4/12 18:07,1681294067,cc-cc408-hya,data-node-07,9.9.2.154,elasticsearch_os_load5,4.57
2023/4/12 18:08,1681294127,cc-cc408-hya,data-node-07,9.9.2.154,elasticsearch_os_load5,4.53
2023/4/12 18:09,1681294187,cc-cc408-hya,data-node-07,9.9.2.154,elasticsearch_os_load5,4.52
2023/4/12 18:10,1681294247,cc-cc408-hya,data-node-07,9.9.2.154,elasticsearch_os_load5,4.42
2023/4/12 18:11,1681294307,cc-cc408-hya,data-node-07,9.9.2.154,elasticsearch_os_load5,4.22
2023/4/12 18:12,1681294367,cc-cc408-hya,data-node-07,9.9.2.154,elasticsearch_os_load5,4.07
2023/4/12 18:13,1681294427,cc-cc408-hya,data-node-07,9.9.2.154,elasticsearch_os_load5,4.25
2023/4/12 18:14,1681294487,cc-cc408-hya,data-node-07,9.9.2.154,elasticsearch_os_load5,4.54
2023/4/12 18:15,1681294547,cc-cc408-hya,data-node-07,9.9.2.154,elasticsearch_os_load5,4.43
2023/4/12 18:16,1681294607,cc-cc408-hya,data-node-07,9.9.2.154,elasticsearch_os_load5,4.78
2023/4/12 18:17,1681294667,cc-cc408-hya,data-node-07,9.9.2.154,elasticsearch_os_load5,4.95
2023/4/12 18:18,1681294727,cc-cc408-hya,data-node-07,9.9.2.154,elasticsearch_os_load5,5.1
2023/4/12 18:19,1681294787,cc-cc408-hya,data-node-07,9.9.2.154,elasticsearch_os_load5,5.62
2023/4/12 18:20,1681294847,cc-cc408-hya,data-node-07,9.9.2.154,elasticsearch_os_load5,5.61
2023/4/12 18:21,1681294907,cc-cc408-hya,data-node-07,9.9.2.154,elasticsearch_os_load5,5.46
2023/4/12 18:22,1681294967,cc-cc408-hya,data-node-07,9.9.2.154,elasticsearch_os_load5,5.5
2023/4/12 18:23,1681295027,cc-cc408-hya,data-node-07,9.9.2.154,elasticsearch_os_load5,5.22
2023/4/12 18:24,1681295087,cc-cc408-hya,data-node-07,9.9.2.154,elasticsearch_os_load5,4.86
2023/4/12 18:25,1681295147,cc-cc408-hya,data-node-07,9.9.2.154,elasticsearch_os_load5,4.7
2023/4/12 18:26,1681295207,cc-cc408-hya,data-node-07,9.9.2.154,elasticsearch_os_load5,4.5
2023/4/12 18:27,1681295267,cc-cc408-hya,data-node-07,9.9.2.154,elasticsearch_os_load5,4.28
2023/4/12 18:28,1681295327,cc-cc408-hya,data-node-07,9.9.2.154,elasticsearch_os_load5,4.63
2023/4/12 18:29,1681295387,cc-cc408-hya,data-node-07,9.9.2.154,elasticsearch_os_load5,4.78
2023/4/12 18:30,1681295447,cc-cc408-hya,data-node-07,9.9.2.154,elasticsearch_os_load5,5.4
2023/4/12 18:31,1681295507,cc-cc408-hya,data-node-07,9.9.2.154,elasticsearch_os_load5,5.43
2023/4/12 18:32,1681295567,cc-cc408-hya,data-node-07,9.9.2.154,elasticsearch_os_load5,5.38
2023/4/12 18:33,1681295627,cc-cc408-hya,data-node-07,9.9.2.154,elasticsearch_os_load5,5.21
2023/4/12 18:34,1681295687,cc-cc408-hya,data-node-07,9.9.2.154,elasticsearch_os_load5,5.04
2023/4/12 18:35,1681295747,cc-cc408-hya,data-node-07,9.9.2.154,elasticsearch_os_load5,5.15
2023/4/12 18:36,1681295807,cc-cc408-hya,data-node-07,9.9.2.154,elasticsearch_os_load5,5.01
2023/4/12 18:37,1681295867,cc-cc408-hya,data-node-07,9.9.2.154,elasticsearch_os_load5,4.88
2023/4/12 18:38,1681295927,cc-cc408-hya,data-node-07,9.9.2.154,elasticsearch_os_load5,4.55
2023/4/12 18:39,1681295987,cc-cc408-hya,data-node-07,9.9.2.154,elasticsearch_os_load5,5.13
2023/4/12 18:40,1681296047,cc-cc408-hya,data-node-07,9.9.2.154,elasticsearch_os_load5,5.06
2023/4/12 18:41,1681296107,cc-cc408-hya,data-node-07,9.9.2.154,elasticsearch_os_load5,4.93
2023/4/12 18:42,1681296167,cc-cc408-hya,data-node-07,9.9.2.154,elasticsearch_os_load5,4.94
2023/4/12 18:43,1681296227,cc-cc408-hya,data-node-07,9.9.2.154,elasticsearch_os_load5,5.72
2023/4/12 18:44,1681296287,cc-cc408-hya,data-node-07,9.9.2.154,elasticsearch_os_load5,5.5
2023/4/12 18:45,1681296347,cc-cc408-hya,data-node-07,9.9.2.154,elasticsearch_os_load5,5.29
2023/4/12 18:46,1681296407,cc-cc408-hya,data-node-07,9.9.2.154,elasticsearch_os_load5,5
2023/4/12 18:47,1681296467,cc-cc408-hya,data-node-07,9.9.2.154,elasticsearch_os_load5,4.86
2023/4/12 18:48,1681296527,cc-cc408-hya,data-node-07,9.9.2.154,elasticsearch_os_load5,5.26
2023/4/12 18:49,1681296587,cc-cc408-hya,data-node-07,9.9.2.154,elasticsearch_os_load5,5.11
2023/4/12 18:50,1681296647,cc-cc408-hya,data-node-07,9.9.2.154,elasticsearch_os_load5,5.06
2023/4/12 18:51,1681296707,cc-cc408-hya,data-node-07,9.9.2.154,elasticsearch_os_load5,5.04
2023/4/12 18:52,1681296767,cc-cc408-hya,data-node-07,9.9.2.154,elasticsearch_os_load5,4.92
2023/4/12 18:53,1681296827,cc-cc408-hya,data-node-07,9.9.2.154,elasticsearch_os_load5,4.69
2023/4/12 18:54,1681296887,cc-cc408-hya,data-node-07,9.9.2.154,elasticsearch_os_load5,4.5
2023/4/12 18:55,1681296947,cc-cc408-hya,data-node-07,9.9.2.154,elasticsearch_os_load5,4.57
2023/4/12 18:56,1681297007,cc-cc408-hya,data-node-07,9.9.2.154,elasticsearch_os_load5,4.47
2023/4/12 18:57,1681297067,cc-cc408-hya,data-node-07,9.9.2.154,elasticsearch_os_load5,4.5
2023/4/12 18:58,1681297127,cc-cc408-hya,data-node-07,9.9.2.154,elasticsearch_os_load5,4.43
2023/4/12 18:59,1681297187,cc-cc408-hya,data-node-07,9.9.2.154,elasticsearch_os_load5,4.48
2023/4/12 19:00,1681297247,cc-cc408-hya,data-node-07,9.9.2.154,elasticsearch_os_load5,4.41
2023/4/12 19:01,1681297307,cc-cc408-hya,data-node-07,9.9.2.154,elasticsearch_os_load5,4.69
2023/4/12 19:02,1681297367,cc-cc408-hya,data-node-07,9.9.2.154,elasticsearch_os_load5,4.54
2023/4/12 19:03,1681297427,cc-cc408-hya,data-node-07,9.9.2.154,elasticsearch_os_load5,4.66
2023/4/12 19:04,1681297487,cc-cc408-hya,data-node-07,9.9.2.154,elasticsearch_os_load5,4.56
2023/4/12 19:05,1681297547,cc-cc408-hya,data-node-07,9.9.2.154,elasticsearch_os_load5,4.68
2023/4/12 19:06,1681297607,cc-cc408-hya,data-node-07,9.9.2.154,elasticsearch_os_load5,4.69
2023/4/12 19:07,1681297667,cc-cc408-hya,data-node-07,9.9.2.154,elasticsearch_os_load5,5.14
2023/4/12 19:08,1681297727,cc-cc408-hya,data-node-07,9.9.2.154,elasticsearch_os_load5,4.74
2023/4/12 19:09,1681297787,cc-cc408-hya,data-node-07,9.9.2.154,elasticsearch_os_load5,4.47
2023/4/12 19:10,1681297847,cc-cc408-hya,data-node-07,9.9.2.154,elasticsearch_os_load5,4.3
2023/4/12 19:11,1681297907,cc-cc408-hya,data-node-07,9.9.2.154,elasticsearch_os_load5,4.54
2023/4/12 19:12,1681297967,cc-cc408-hya,data-node-07,9.9.2.154,elasticsearch_os_load5,4.32
2023/4/12 19:13,1681298027,cc-cc408-hya,data-node-07,9.9.2.154,elasticsearch_os_load5,4.03
2023/4/12 19:14,1681298087,cc-cc408-hya,data-node-07,9.9.2.154,elasticsearch_os_load5,4.05
2023/4/12 19:15,1681298147,cc-cc408-hya,data-node-07,9.9.2.154,elasticsearch_os_load5,4.09
2023/4/12 19:16,1681298207,cc-cc408-hya,data-node-07,9.9.2.154,elasticsearch_os_load5,3.96
2023/4/12 19:17,1681298267,cc-cc408-hya,data-node-07,9.9.2.154,elasticsearch_os_load5,3.74
2023/4/12 19:18,1681298327,cc-cc408-hya,data-node-07,9.9.2.154,elasticsearch_os_load5,3.78
2023/4/12 19:19,1681298387,cc-cc408-hya,data-node-07,9.9.2.154,elasticsearch_os_load5,3.62
2023/4/12 19:20,1681298447,cc-cc408-hya,data-node-07,9.9.2.154,elasticsearch_os_load5,3.6
2023/4/12 19:21,1681298507,cc-cc408-hya,data-node-07,9.9.2.154,elasticsearch_os_load5,3.74
2023/4/12 19:22,1681298567,cc-cc408-hya,data-node-07,9.9.2.154,elasticsearch_os_load5,3.95
2023/4/12 19:23,1681298627,cc-cc408-hya,data-node-07,9.9.2.154,elasticsearch_os_load5,3.79
2023/4/12 19:24,1681298687,cc-cc408-hya,data-node-07,9.9.2.154,elasticsearch_os_load5,3.42
2023/4/12 19:25,1681298747,cc-cc408-hya,data-node-07,9.9.2.154,elasticsearch_os_load5,3.38
2023/4/12 19:26,1681298807,cc-cc408-hya,data-node-07,9.9.2.154,elasticsearch_os_load5,3.49
2023/4/12 19:27,1681298867,cc-cc408-hya,data-node-07,9.9.2.154,elasticsearch_os_load5,3.47
2023/4/12 19:28,1681298927,cc-cc408-hya,data-node-07,9.9.2.154,elasticsearch_os_load5,3.82
2023/4/12 19:29,1681298987,cc-cc408-hya,data-node-07,9.9.2.154,elasticsearch_os_load5,3.6
2023/4/12 19:30,1681299047,cc-cc408-hya,data-node-07,9.9.2.154,elasticsearch_os_load5,3.48
2023/4/12 19:31,1681299107,cc-cc408-hya,data-node-07,9.9.2.154,elasticsearch_os_load5,3.45
2023/4/12 19:32,1681299167,cc-cc408-hya,data-node-07,9.9.2.154,elasticsearch_os_load5,3.53
2023/4/12 19:33,1681299227,cc-cc408-hya,data-node-07,9.9.2.154,elasticsearch_os_load5,3.63
2023/4/12 19:34,1681299287,cc-cc408-hya,data-node-07,9.9.2.154,elasticsearch_os_load5,3.41
2023/4/12 19:35,1681299347,cc-cc408-hya,data-node-07,9.9.2.154,elasticsearch_os_load5,3.46
2023/4/12 19:36,1681299407,cc-cc408-hya,data-node-07,9.9.2.154,elasticsearch_os_load5,3.39
2023/4/12 19:37,1681299467,cc-cc408-hya,data-node-07,9.9.2.154,elasticsearch_os_load5,3.18
2023/4/12 19:38,1681299527,cc-cc408-hya,data-node-07,9.9.2.154,elasticsearch_os_load5,3.04
2023/4/12 19:39,1681299587,cc-cc408-hya,data-node-07,9.9.2.154,elasticsearch_os_load5,2.88
2023/4/12 19:40,1681299647,cc-cc408-hya,data-node-07,9.9.2.154,elasticsearch_os_load5,2.71
2023/4/12 19:41,1681299707,cc-cc408-hya,data-node-07,9.9.2.154,elasticsearch_os_load5,2.8
2023/4/12 19:42,1681299767,cc-cc408-hya,data-node-07,9.9.2.154,elasticsearch_os_load5,2.9
2023/4/12 19:43,1681299827,cc-cc408-hya,data-node-07,9.9.2.154,elasticsearch_os_load5,3
2023/4/12 19:44,1681299887,cc-cc408-hya,data-node-07,9.9.2.154,elasticsearch_os_load5,2.99
2023/4/12 19:45,1681299947,cc-cc408-hya,data-node-07,9.9.2.154,elasticsearch_os_load5,3.13
2023/4/12 19:46,1681300007,cc-cc408-hya,data-node-07,9.9.2.154,elasticsearch_os_load5,3.66
2023/4/12 19:47,1681300067,cc-cc408-hya,data-node-07,9.9.2.154,elasticsearch_os_load5,3.49
2023/4/12 19:48,1681300127,cc-cc408-hya,data-node-07,9.9.2.154,elasticsearch_os_load5,3.39
2023/4/12 19:49,1681300187,cc-cc408-hya,data-node-07,9.9.2.154,elasticsearch_os_load5,3.04
2023/4/12 19:50,1681300247,cc-cc408-hya,data-node-07,9.9.2.154,elasticsearch_os_load5,2.99
2023/4/12 19:51,1681300307,cc-cc408-hya,data-node-07,9.9.2.154,elasticsearch_os_load5,2.92
2023/4/12 19:52,1681300367,cc-cc408-hya,data-node-07,9.9.2.154,elasticsearch_os_load5,3
2023/4/12 19:53,1681300427,cc-cc408-hya,data-node-07,9.9.2.154,elasticsearch_os_load5,3.43
2023/4/12 19:54,1681300487,cc-cc408-hya,data-node-07,9.9.2.154,elasticsearch_os_load5,3.29
2023/4/12 19:55,1681300547,cc-cc408-hya,data-node-07,9.9.2.154,elasticsearch_os_load5,3.17
2023/4/12 19:56,1681300607,cc-cc408-hya,data-node-07,9.9.2.154,elasticsearch_os_load5,3.15
2023/4/12 19:57,1681300667,cc-cc408-hya,data-node-07,9.9.2.154,elasticsearch_os_load5,3.06
2023/4/12 19:58,1681300727,cc-cc408-hya,data-node-07,9.9.2.154,elasticsearch_os_load5,3.02
2023/4/12 19:59,1681300787,cc-cc408-hya,data-node-07,9.9.2.154,elasticsearch_os_load5,2.96
2023/4/12 20:00,1681300847,cc-cc408-hya,data-node-07,9.9.2.154,elasticsearch_os_load5,2.83
2023/4/12 20:01,1681300907,cc-cc408-hya,data-node-07,9.9.2.154,elasticsearch_os_load5,2.7
2023/4/12 20:02,1681300967,cc-cc408-hya,data-node-07,9.9.2.154,elasticsearch_os_load5,2.82
2023/4/12 20:03,1681301027,cc-cc408-hya,data-node-07,9.9.2.154,elasticsearch_os_load5,2.65
2023/4/12 20:04,1681301087,cc-cc408-hya,data-node-07,9.9.2.154,elasticsearch_os_load5,2.57
2023/4/12 20:05,1681301147,cc-cc408-hya,data-node-07,9.9.2.154,elasticsearch_os_load5,2.54
2023/4/12 20:06,1681301207,cc-cc408-hya,data-node-07,9.9.2.154,elasticsearch_os_load5,2.63
2023/4/12 20:07,1681301267,cc-cc408-hya,data-node-07,9.9.2.154,elasticsearch_os_load5,2.83
2023/4/12 20:08,1681301327,cc-cc408-hya,data-node-07,9.9.2.154,elasticsearch_os_load5,2.7
2023/4/12 20:09,1681301387,cc-cc408-hya,data-node-07,9.9.2.154,elasticsearch_os_load5,2.86
2023/4/12 20:10,1681301447,cc-cc408-hya,data-node-07,9.9.2.154,elasticsearch_os_load5,2.57
2023/4/12 20:11,1681301507,cc-cc408-hya,data-node-07,9.9.2.154,elasticsearch_os_load5,2.52
2023/4/12 20:12,1681301567,cc-cc408-hya,data-node-07,9.9.2.154,elasticsearch_os_load5,2.54
2023/4/12 20:13,1681301627,cc-cc408-hya,data-node-07,9.9.2.154,elasticsearch_os_load5,2.4
2023/4/12 20:14,1681301687,cc-cc408-hya,data-node-07,9.9.2.154,elasticsearch_os_load5,2.29
2023/4/12 20:15,1681301747,cc-cc408-hya,data-node-07,9.9.2.154,elasticsearch_os_load5,2.16
2023/4/12 20:16,1681301807,cc-cc408-hya,data-node-07,9.9.2.154,elasticsearch_os_load5,2.11
2023/4/12 20:17,1681301867,cc-cc408-hya,data-node-07,9.9.2.154,elasticsearch_os_load5,2
2023/4/12 20:18,1681301927,cc-cc408-hya,data-node-07,9.9.2.154,elasticsearch_os_load5,2.1
2023/4/12 20:19,1681301987,cc-cc408-hya,data-node-07,9.9.2.154,elasticsearch_os_load5,2.08
2023/4/12 20:20,1681302047,cc-cc408-hya,data-node-07,9.9.2.154,elasticsearch_os_load5,1.91
2023/4/12 20:21,1681302107,cc-cc408-hya,data-node-07,9.9.2.154,elasticsearch_os_load5,1.79
2023/4/12 20:22,1681302167,cc-cc408-hya,data-node-07,9.9.2.154,elasticsearch_os_load5,1.66
2023/4/12 20:23,1681302227,cc-cc408-hya,data-node-07,9.9.2.154,elasticsearch_os_load5,1.69
2023/4/12 20:24,1681302287,cc-cc408-hya,data-node-07,9.9.2.154,elasticsearch_os_load5,1.85
2023/4/12 20:25,1681302347,cc-cc408-hya,data-node-07,9.9.2.154,elasticsearch_os_load5,1.87
2023/4/12 20:26,1681302407,cc-cc408-hya,data-node-07,9.9.2.154,elasticsearch_os_load5,1.76
2023/4/12 20:27,1681302467,cc-cc408-hya,data-node-07,9.9.2.154,elasticsearch_os_load5,1.93
2023/4/12 20:28,1681302527,cc-cc408-hya,data-node-07,9.9.2.154,elasticsearch_os_load5,1.82
2023/4/12 20:29,1681302587,cc-cc408-hya,data-node-07,9.9.2.154,elasticsearch_os_load5,1.89
2023/4/12 20:30,1681302647,cc-cc408-hya,data-node-07,9.9.2.154,elasticsearch_os_load5,1.85
2023/4/12 20:31,1681302707,cc-cc408-hya,data-node-07,9.9.2.154,elasticsearch_os_load5,1.73
2023/4/12 20:32,1681302767,cc-cc408-hya,data-node-07,9.9.2.154,elasticsearch_os_load5,1.6
2023/4/12 20:33,1681302827,cc-cc408-hya,data-node-07,9.9.2.154,elasticsearch_os_load5,1.66
2023/4/12 20:34,1681302887,cc-cc408-hya,data-node-07,9.9.2.154,elasticsearch_os_load5,1.59
2023/4/12 20:35,1681302947,cc-cc408-hya,data-node-07,9.9.2.154,elasticsearch_os_load5,1.6
2023/4/12 20:36,1681303007,cc-cc408-hya,data-node-07,9.9.2.154,elasticsearch_os_load5,1.67
2023/4/12 20:37,1681303067,cc-cc408-hya,data-node-07,9.9.2.154,elasticsearch_os_load5,1.71
2023/4/12 20:38,1681303127,cc-cc408-hya,data-node-07,9.9.2.154,elasticsearch_os_load5,1.69
2023/4/12 20:39,1681303187,cc-cc408-hya,data-node-07,9.9.2.154,elasticsearch_os_load5,1.65
2023/4/12 20:40,1681303247,cc-cc408-hya,data-node-07,9.9.2.154,elasticsearch_os_load5,1.6
2023/4/12 20:41,1681303307,cc-cc408-hya,data-node-07,9.9.2.154,elasticsearch_os_load5,1.77
2023/4/12 20:42,1681303367,cc-cc408-hya,data-node-07,9.9.2.154,elasticsearch_os_load5,1.68
2023/4/12 20:43,1681303427,cc-cc408-hya,data-node-07,9.9.2.154,elasticsearch_os_load5,1.79
2023/4/12 20:44,1681303487,cc-cc408-hya,data-node-07,9.9.2.154,elasticsearch_os_load5,1.66
2023/4/12 20:45,1681303547,cc-cc408-hya,data-node-07,9.9.2.154,elasticsearch_os_load5,1.56
2023/4/12 20:46,1681303607,cc-cc408-hya,data-node-07,9.9.2.154,elasticsearch_os_load5,1.68
2023/4/12 20:47,1681303667,cc-cc408-hya,data-node-07,9.9.2.154,elasticsearch_os_load5,1.56
2023/4/12 20:48,1681303727,cc-cc408-hya,data-node-07,9.9.2.154,elasticsearch_os_load5,1.54
2023/4/12 20:49,1681303787,cc-cc408-hya,data-node-07,9.9.2.154,elasticsearch_os_load5,1.44
2023/4/12 20:50,1681303847,cc-cc408-hya,data-node-07,9.9.2.154,elasticsearch_os_load5,1.28
2023/4/12 20:51,1681303907,cc-cc408-hya,data-node-07,9.9.2.154,elasticsearch_os_load5,1.2
2023/4/12 20:52,1681303967,cc-cc408-hya,data-node-07,9.9.2.154,elasticsearch_os_load5,1.26
2023/4/12 20:53,1681304027,cc-cc408-hya,data-node-07,9.9.2.154,elasticsearch_os_load5,1.17
2023/4/12 20:54,1681304087,cc-cc408-hya,data-node-07,9.9.2.154,elasticsearch_os_load5,1.11
2023/4/12 20:55,1681304147,cc-cc408-hya,data-node-07,9.9.2.154,elasticsearch_os_load5,1.03
2023/4/12 20:56,1681304207,cc-cc408-hya,data-node-07,9.9.2.154,elasticsearch_os_load5,1.01
2023/4/12 20:57,1681304267,cc-cc408-hya,data-node-07,9.9.2.154,elasticsearch_os_load5,1.02
2023/4/12 20:58,1681304327,cc-cc408-hya,data-node-07,9.9.2.154,elasticsearch_os_load5,1.03
2023/4/12 20:59,1681304387,cc-cc408-hya,data-node-07,9.9.2.154,elasticsearch_os_load5,1.02
2023/4/12 21:00,1681304447,cc-cc408-hya,data-node-07,9.9.2.154,elasticsearch_os_load5,1.03
2023/4/12 21:01,1681304507,cc-cc408-hya,data-node-07,9.9.2.154,elasticsearch_os_load5,1.02
2023/4/12 21:02,1681304567,cc-cc408-hya,data-node-07,9.9.2.154,elasticsearch_os_load5,1.03
2023/4/12 21:03,1681304627,cc-cc408-hya,data-node-07,9.9.2.154,elasticsearch_os_load5,1.05
2023/4/12 21:04,1681304687,cc-cc408-hya,data-node-07,9.9.2.154,elasticsearch_os_load5,1.02
2023/4/12 21:05,1681304747,cc-cc408-hya,data-node-07,9.9.2.154,elasticsearch_os_load5,1.13
2023/4/12 21:06,1681304807,cc-cc408-hya,data-node-07,9.9.2.154,elasticsearch_os_load5,1.24
2023/4/12 21:07,1681304867,cc-cc408-hya,data-node-07,9.9.2.154,elasticsearch_os_load5,1.43
2023/4/12 21:08,1681304927,cc-cc408-hya,data-node-07,9.9.2.154,elasticsearch_os_load5,1.48
2023/4/12 21:09,1681304987,cc-cc408-hya,data-node-07,9.9.2.154,elasticsearch_os_load5,1.49
2023/4/12 21:10,1681305047,cc-cc408-hya,data-node-07,9.9.2.154,elasticsearch_os_load5,1.42
2023/4/12 21:11,1681305107,cc-cc408-hya,data-node-07,9.9.2.154,elasticsearch_os_load5,1.35
2023/4/12 21:12,1681305167,cc-cc408-hya,data-node-07,9.9.2.154,elasticsearch_os_load5,1.41
2023/4/12 21:13,1681305227,cc-cc408-hya,data-node-07,9.9.2.154,elasticsearch_os_load5,1.4
2023/4/12 21:14,1681305287,cc-cc408-hya,data-node-07,9.9.2.154,elasticsearch_os_load5,1.37
2023/4/12 21:15,1681305347,cc-cc408-hya,data-node-07,9.9.2.154,elasticsearch_os_load5,1.37
2023/4/12 21:16,1681305407,cc-cc408-hya,data-node-07,9.9.2.154,elasticsearch_os_load5,1.38
2023/4/12 21:17,1681305467,cc-cc408-hya,data-node-07,9.9.2.154,elasticsearch_os_load5,1.25
2023/4/12 21:18,1681305527,cc-cc408-hya,data-node-07,9.9.2.154,elasticsearch_os_load5,1.25
2023/4/12 21:19,1681305587,cc-cc408-hya,data-node-07,9.9.2.154,elasticsearch_os_load5,1.22
2023/4/12 21:20,1681305647,cc-cc408-hya,data-node-07,9.9.2.154,elasticsearch_os_load5,1.13
2023/4/12 21:21,1681305707,cc-cc408-hya,data-node-07,9.9.2.154,elasticsearch_os_load5,1.07
2023/4/12 21:22,1681305767,cc-cc408-hya,data-node-07,9.9.2.154,elasticsearch_os_load5,1.11
2023/4/12 21:23,1681305827,cc-cc408-hya,data-node-07,9.9.2.154,elasticsearch_os_load5,1.01
2023/4/12 21:24,1681305887,cc-cc408-hya,data-node-07,9.9.2.154,elasticsearch_os_load5,1.04
2023/4/12 21:25,1681305947,cc-cc408-hya,data-node-07,9.9.2.154,elasticsearch_os_load5,0.99
2023/4/12 21:26,1681306007,cc-cc408-hya,data-node-07,9.9.2.154,elasticsearch_os_load5,1.04
2023/4/12 21:27,1681306067,cc-cc408-hya,data-node-07,9.9.2.154,elasticsearch_os_load5,1
2023/4/12 21:28,1681306127,cc-cc408-hya,data-node-07,9.9.2.154,elasticsearch_os_load5,0.93
2023/4/12 21:29,1681306187,cc-cc408-hya,data-node-07,9.9.2.154,elasticsearch_os_load5,0.99
2023/4/12 21:30,1681306247,cc-cc408-hya,data-node-07,9.9.2.154,elasticsearch_os_load5,1.09
2023/4/12 21:31,1681306307,cc-cc408-hya,data-node-07,9.9.2.154,elasticsearch_os_load5,0.99
2023/4/12 21:32,1681306367,cc-cc408-hya,data-node-07,9.9.2.154,elasticsearch_os_load5,0.98
2023/4/12 21:33,1681306427,cc-cc408-hya,data-node-07,9.9.2.154,elasticsearch_os_load5,0.92
2023/4/12 21:34,1681306487,cc-cc408-hya,data-node-07,9.9.2.154,elasticsearch_os_load5,0.92
2023/4/12 21:35,1681306547,cc-cc408-hya,data-node-07,9.9.2.154,elasticsearch_os_load5,0.91
2023/4/12 21:36,1681306607,cc-cc408-hya,data-node-07,9.9.2.154,elasticsearch_os_load5,0.87
2023/4/12 21:37,1681306667,cc-cc408-hya,data-node-07,9.9.2.154,elasticsearch_os_load5,0.8
2023/4/12 21:38,1681306727,cc-cc408-hya,data-node-07,9.9.2.154,elasticsearch_os_load5,0.79
2023/4/12 21:39,1681306787,cc-cc408-hya,data-node-07,9.9.2.154,elasticsearch_os_load5,0.82
2023/4/12 21:40,1681306847,cc-cc408-hya,data-node-07,9.9.2.154,elasticsearch_os_load5,0.84
2023/4/12 21:41,1681306907,cc-cc408-hya,data-node-07,9.9.2.154,elasticsearch_os_load5,0.9
2023/4/12 21:42,1681306967,cc-cc408-hya,data-node-07,9.9.2.154,elasticsearch_os_load5,0.87
2023/4/12 21:43,1681307027,cc-cc408-hya,data-node-07,9.9.2.154,elasticsearch_os_load5,1.02
2023/4/12 21:44,1681307087,cc-cc408-hya,data-node-07,9.9.2.154,elasticsearch_os_load5,0.95
2023/4/12 21:45,1681307147,cc-cc408-hya,data-node-07,9.9.2.154,elasticsearch_os_load5,1.14
2023/4/12 21:46,1681307207,cc-cc408-hya,data-node-07,9.9.2.154,elasticsearch_os_load5,1.07
2023/4/12 21:47,1681307267,cc-cc408-hya,data-node-07,9.9.2.154,elasticsearch_os_load5,1.09
2023/4/12 21:48,1681307327,cc-cc408-hya,data-node-07,9.9.2.154,elasticsearch_os_load5,1.18
2023/4/12 21:49,1681307387,cc-cc408-hya,data-node-07,9.9.2.154,elasticsearch_os_load5,1.31
2023/4/12 21:50,1681307447,cc-cc408-hya,data-node-07,9.9.2.154,elasticsearch_os_load5,1.56
2023/4/12 21:51,1681307507,cc-cc408-hya,data-node-07,9.9.2.154,elasticsearch_os_load5,1.53
2023/4/12 21:52,1681307567,cc-cc408-hya,data-node-07,9.9.2.154,elasticsearch_os_load5,1.46
2023/4/12 21:53,1681307627,cc-cc408-hya,data-node-07,9.9.2.154,elasticsearch_os_load5,1.34
2023/4/12 21:54,1681307687,cc-cc408-hya,data-node-07,9.9.2.154,elasticsearch_os_load5,1.24
2023/4/12 21:55,1681307747,cc-cc408-hya,data-node-07,9.9.2.154,elasticsearch_os_load5,1.24
2023/4/12 21:56,1681307807,cc-cc408-hya,data-node-07,9.9.2.154,elasticsearch_os_load5,1.2
2023/4/12 21:57,1681307867,cc-cc408-hya,data-node-07,9.9.2.154,elasticsearch_os_load5,1.11
2023/4/12 21:58,1681307927,cc-cc408-hya,data-node-07,9.9.2.154,elasticsearch_os_load5,1.09
2023/4/12 21:59,1681307987,cc-cc408-hya,data-node-07,9.9.2.154,elasticsearch_os_load5,1.15
2023/4/12 22:00,1681308047,cc-cc408-hya,data-node-07,9.9.2.154,elasticsearch_os_load5,1.16
2023/4/12 22:01,1681308107,cc-cc408-hya,data-node-07,9.9.2.154,elasticsearch_os_load5,1.26
2023/4/12 22:02,1681308167,cc-cc408-hya,data-node-07,9.9.2.154,elasticsearch_os_load5,1.29
2023/4/12 22:03,1681308227,cc-cc408-hya,data-node-07,9.9.2.154,elasticsearch_os_load5,1.19
2023/4/12 22:04,1681308287,cc-cc408-hya,data-node-07,9.9.2.154,elasticsearch_os_load5,1.22
2023/4/12 22:05,1681308347,cc-cc408-hya,data-node-07,9.9.2.154,elasticsearch_os_load5,1.17
2023/4/12 22:06,1681308407,cc-cc408-hya,data-node-07,9.9.2.154,elasticsearch_os_load5,1.2
2023/4/12 22:07,1681308467,cc-cc408-hya,data-node-07,9.9.2.154,elasticsearch_os_load5,1.08
2023/4/12 22:08,1681308527,cc-cc408-hya,data-node-07,9.9.2.154,elasticsearch_os_load5,1.28
2023/4/12 22:09,1681308587,cc-cc408-hya,data-node-07,9.9.2.154,elasticsearch_os_load5,1.18
2023/4/12 22:10,1681308647,cc-cc408-hya,data-node-07,9.9.2.154,elasticsearch_os_load5,1.1
2023/4/12 22:11,1681308707,cc-cc408-hya,data-node-07,9.9.2.154,elasticsearch_os_load5,1.06
2023/4/12 22:12,1681308767,cc-cc408-hya,data-node-07,9.9.2.154,elasticsearch_os_load5,1.08
2023/4/12 22:13,1681308827,cc-cc408-hya,data-node-07,9.9.2.154,elasticsearch_os_load5,1.03
2023/4/12 22:14,1681308887,cc-cc408-hya,data-node-07,9.9.2.154,elasticsearch_os_load5,1.06
2023/4/12 22:15,1681308947,cc-cc408-hya,data-node-07,9.9.2.154,elasticsearch_os_load5,1
2023/4/12 22:16,1681309007,cc-cc408-hya,data-node-07,9.9.2.154,elasticsearch_os_load5,1.06
2023/4/12 22:17,1681309067,cc-cc408-hya,data-node-07,9.9.2.154,elasticsearch_os_load5,1.08
2023/4/12 22:18,1681309127,cc-cc408-hya,data-node-07,9.9.2.154,elasticsearch_os_load5,1.04
2023/4/12 22:19,1681309187,cc-cc408-hya,data-node-07,9.9.2.154,elasticsearch_os_load5,0.95
2023/4/12 22:20,1681309247,cc-cc408-hya,data-node-07,9.9.2.154,elasticsearch_os_load5,0.9
2023/4/12 22:21,1681309307,cc-cc408-hya,data-node-07,9.9.2.154,elasticsearch_os_load5,1.01
2023/4/12 22:22,1681309367,cc-cc408-hya,data-node-07,9.9.2.154,elasticsearch_os_load5,1.01
2023/4/12 22:23,1681309427,cc-cc408-hya,data-node-07,9.9.2.154,elasticsearch_os_load5,0.96
2023/4/12 22:24,1681309487,cc-cc408-hya,data-node-07,9.9.2.154,elasticsearch_os_load5,0.97
2023/4/12 22:25,1681309547,cc-cc408-hya,data-node-07,9.9.2.154,elasticsearch_os_load5,0.96
2023/4/12 22:26,1681309607,cc-cc408-hya,data-node-07,9.9.2.154,elasticsearch_os_load5,1.09
2023/4/12 22:27,1681309667,cc-cc408-hya,data-node-07,9.9.2.154,elasticsearch_os_load5,1.11
2023/4/12 22:28,1681309727,cc-cc408-hya,data-node-07,9.9.2.154,elasticsearch_os_load5,1.02
2023/4/12 22:29,1681309787,cc-cc408-hya,data-node-07,9.9.2.154,elasticsearch_os_load5,1.05
2023/4/12 22:30,1681309847,cc-cc408-hya,data-node-07,9.9.2.154,elasticsearch_os_load5,1.36
2023/4/12 22:31,1681309907,cc-cc408-hya,data-node-07,9.9.2.154,elasticsearch_os_load5,1.38
2023/4/12 22:32,1681309967,cc-cc408-hya,data-node-07,9.9.2.154,elasticsearch_os_load5,1.74
2023/4/12 22:33,1681310027,cc-cc408-hya,data-node-07,9.9.2.154,elasticsearch_os_load5,1.63
2023/4/12 22:34,1681310087,cc-cc408-hya,data-node-07,9.9.2.154,elasticsearch_os_load5,1.57
2023/4/12 22:35,1681310147,cc-cc408-hya,data-node-07,9.9.2.154,elasticsearch_os_load5,1.71
2023/4/12 22:36,1681310207,cc-cc408-hya,data-node-07,9.9.2.154,elasticsearch_os_load5,1.69
2023/4/12 22:37,1681310267,cc-cc408-hya,data-node-07,9.9.2.154,elasticsearch_os_load5,1.58
2023/4/12 22:38,1681310327,cc-cc408-hya,data-node-07,9.9.2.154,elasticsearch_os_load5,1.52
2023/4/12 22:39,1681310387,cc-cc408-hya,data-node-07,9.9.2.154,elasticsearch_os_load5,1.39
2023/4/12 22:40,1681310447,cc-cc408-hya,data-node-07,9.9.2.154,elasticsearch_os_load5,1.35
2023/4/12 22:41,1681310507,cc-cc408-hya,data-node-07,9.9.2.154,elasticsearch_os_load5,1.36
2023/4/12 22:42,1681310567,cc-cc408-hya,data-node-07,9.9.2.154,elasticsearch_os_load5,1.45
2023/4/12 22:43,1681310627,cc-cc408-hya,data-node-07,9.9.2.154,elasticsearch_os_load5,1.48
2023/4/12 22:44,1681310687,cc-cc408-hya,data-node-07,9.9.2.154,elasticsearch_os_load5,1.36
2023/4/12 22:45,1681310747,cc-cc408-hya,data-node-07,9.9.2.154,elasticsearch_os_load5,1.3
2023/4/12 22:46,1681310807,cc-cc408-hya,data-node-07,9.9.2.154,elasticsearch_os_load5,1.44
2023/4/12 22:47,1681310867,cc-cc408-hya,data-node-07,9.9.2.154,elasticsearch_os_load5,1.44
2023/4/12 22:48,1681310927,cc-cc408-hya,data-node-07,9.9.2.154,elasticsearch_os_load5,1.45
2023/4/12 22:49,1681310987,cc-cc408-hya,data-node-07,9.9.2.154,elasticsearch_os_load5,1.26
2023/4/12 22:50,1681311047,cc-cc408-hya,data-node-07,9.9.2.154,elasticsearch_os_load5,1.65
2023/4/12 22:51,1681311107,cc-cc408-hya,data-node-07,9.9.2.154,elasticsearch_os_load5,1.62
2023/4/12 22:52,1681311167,cc-cc408-hya,data-node-07,9.9.2.154,elasticsearch_os_load5,1.55
2023/4/12 22:53,1681311227,cc-cc408-hya,data-node-07,9.9.2.154,elasticsearch_os_load5,1.47
2023/4/12 22:54,1681311287,cc-cc408-hya,data-node-07,9.9.2.154,elasticsearch_os_load5,1.7
2023/4/12 22:55,1681311347,cc-cc408-hya,data-node-07,9.9.2.154,elasticsearch_os_load5,1.53
2023/4/12 22:56,1681311407,cc-cc408-hya,data-node-07,9.9.2.154,elasticsearch_os_load5,1.42
2023/4/12 22:57,1681311467,cc-cc408-hya,data-node-07,9.9.2.154,elasticsearch_os_load5,1.46
2023/4/12 22:58,1681311527,cc-cc408-hya,data-node-07,9.9.2.154,elasticsearch_os_load5,1.32
2023/4/12 22:59,1681311587,cc-cc408-hya,data-node-07,9.9.2.154,elasticsearch_os_load5,1.15
2023/4/12 23:00,1681311647,cc-cc408-hya,data-node-07,9.9.2.154,elasticsearch_os_load5,1.08
2023/4/12 23:01,1681311707,cc-cc408-hya,data-node-07,9.9.2.154,elasticsearch_os_load5,1.06
2023/4/12 23:02,1681311767,cc-cc408-hya,data-node-07,9.9.2.154,elasticsearch_os_load5,0.98
2023/4/12 23:03,1681311827,cc-cc408-hya,data-node-07,9.9.2.154,elasticsearch_os_load5,1
2023/4/12 23:04,1681311887,cc-cc408-hya,data-node-07,9.9.2.154,elasticsearch_os_load5,0.88
2023/4/12 23:05,1681311947,cc-cc408-hya,data-node-07,9.9.2.154,elasticsearch_os_load5,0.89
2023/4/12 23:06,1681312007,cc-cc408-hya,data-node-07,9.9.2.154,elasticsearch_os_load5,0.89
2023/4/12 23:07,1681312067,cc-cc408-hya,data-node-07,9.9.2.154,elasticsearch_os_load5,0.93
2023/4/12 23:08,1681312127,cc-cc408-hya,data-node-07,9.9.2.154,elasticsearch_os_load5,0.93
2023/4/12 23:09,1681312187,cc-cc408-hya,data-node-07,9.9.2.154,elasticsearch_os_load5,0.92
2023/4/12 23:10,1681312247,cc-cc408-hya,data-node-07,9.9.2.154,elasticsearch_os_load5,1.56
2023/4/12 23:11,1681312307,cc-cc408-hya,data-node-07,9.9.2.154,elasticsearch_os_load5,1.43
2023/4/12 23:12,1681312367,cc-cc408-hya,data-node-07,9.9.2.154,elasticsearch_os_load5,1.55
2023/4/12 23:13,1681312427,cc-cc408-hya,data-node-07,9.9.2.154,elasticsearch_os_load5,1.71
2023/4/12 23:14,1681312487,cc-cc408-hya,data-node-07,9.9.2.154,elasticsearch_os_load5,1.89
2023/4/12 23:15,1681312547,cc-cc408-hya,data-node-07,9.9.2.154,elasticsearch_os_load5,2.14
2023/4/12 23:16,1681312607,cc-cc408-hya,data-node-07,9.9.2.154,elasticsearch_os_load5,2
2023/4/12 23:17,1681312667,cc-cc408-hya,data-node-07,9.9.2.154,elasticsearch_os_load5,2.45
2023/4/12 23:18,1681312727,cc-cc408-hya,data-node-07,9.9.2.154,elasticsearch_os_load5,2.26
2023/4/12 23:19,1681312787,cc-cc408-hya,data-node-07,9.9.2.154,elasticsearch_os_load5,2.11
2023/4/12 23:20,1681312847,cc-cc408-hya,data-node-07,9.9.2.154,elasticsearch_os_load5,1.83
2023/4/12 23:21,1681312907,cc-cc408-hya,data-node-07,9.9.2.154,elasticsearch_os_load5,1.62
2023/4/12 23:22,1681312967,cc-cc408-hya,data-node-07,9.9.2.154,elasticsearch_os_load5,1.55
2023/4/12 23:23,1681313027,cc-cc408-hya,data-node-07,9.9.2.154,elasticsearch_os_load5,1.57
2023/4/12 23:24,1681313087,cc-cc408-hya,data-node-07,9.9.2.154,elasticsearch_os_load5,1.54
2023/4/12 23:25,1681313147,cc-cc408-hya,data-node-07,9.9.2.154,elasticsearch_os_load5,1.68
2023/4/12 23:26,1681313207,cc-cc408-hya,data-node-07,9.9.2.154,elasticsearch_os_load5,1.53
2023/4/12 23:27,1681313267,cc-cc408-hya,data-node-07,9.9.2.154,elasticsearch_os_load5,1.36
2023/4/12 23:28,1681313327,cc-cc408-hya,data-node-07,9.9.2.154,elasticsearch_os_load5,1.36
2023/4/12 23:29,1681313387,cc-cc408-hya,data-node-07,9.9.2.154,elasticsearch_os_load5,1.26
2023/4/12 23:30,1681313447,cc-cc408-hya,data-node-07,9.9.2.154,elasticsearch_os_load5,1.14
2023/4/12 23:31,1681313507,cc-cc408-hya,data-node-07,9.9.2.154,elasticsearch_os_load5,1.23
2023/4/12 23:32,1681313567,cc-cc408-hya,data-node-07,9.9.2.154,elasticsearch_os_load5,1.17
2023/4/12 23:33,1681313627,cc-cc408-hya,data-node-07,9.9.2.154,elasticsearch_os_load5,1.1
2023/4/12 23:34,1681313687,cc-cc408-hya,data-node-07,9.9.2.154,elasticsearch_os_load5,1.06
2023/4/12 23:35,1681313747,cc-cc408-hya,data-node-07,9.9.2.154,elasticsearch_os_load5,0.99
2023/4/12 23:36,1681313807,cc-cc408-hya,data-node-07,9.9.2.154,elasticsearch_os_load5,0.99
2023/4/12 23:37,1681313867,cc-cc408-hya,data-node-07,9.9.2.154,elasticsearch_os_load5,1
2023/4/12 23:38,1681313927,cc-cc408-hya,data-node-07,9.9.2.154,elasticsearch_os_load5,0.98
2023/4/12 23:39,1681313987,cc-cc408-hya,data-node-07,9.9.2.154,elasticsearch_os_load5,0.9
2023/4/12 23:40,1681314047,cc-cc408-hya,data-node-07,9.9.2.154,elasticsearch_os_load5,0.93
2023/4/12 23:41,1681314107,cc-cc408-hya,data-node-07,9.9.2.154,elasticsearch_os_load5,0.88
2023/4/12 23:42,1681314167,cc-cc408-hya,data-node-07,9.9.2.154,elasticsearch_os_load5,0.86
2023/4/12 23:43,1681314227,cc-cc408-hya,data-node-07,9.9.2.154,elasticsearch_os_load5,0.92
2023/4/12 23:44,1681314287,cc-cc408-hya,data-node-07,9.9.2.154,elasticsearch_os_load5,1.01
2023/4/12 23:45,1681314347,cc-cc408-hya,data-node-07,9.9.2.154,elasticsearch_os_load5,1.1
2023/4/12 23:46,1681314407,cc-cc408-hya,data-node-07,9.9.2.154,elasticsearch_os_load5,1.03
2023/4/12 23:47,1681314467,cc-cc408-hya,data-node-07,9.9.2.154,elasticsearch_os_load5,0.9
2023/4/12 23:48,1681314527,cc-cc408-hya,data-node-07,9.9.2.154,elasticsearch_os_load5,0.8
2023/4/12 23:49,1681314587,cc-cc408-hya,data-node-07,9.9.2.154,elasticsearch_os_load5,0.75
2023/4/12 23:50,1681314647,cc-cc408-hya,data-node-07,9.9.2.154,elasticsearch_os_load5,0.72
2023/4/12 23:51,1681314707,cc-cc408-hya,data-node-07,9.9.2.154,elasticsearch_os_load5,0.71
2023/4/12 23:52,1681314767,cc-cc408-hya,data-node-07,9.9.2.154,elasticsearch_os_load5,0.64
2023/4/12 23:53,1681314827,cc-cc408-hya,data-node-07,9.9.2.154,elasticsearch_os_load5,0.66
2023/4/12 23:54,1681314887,cc-cc408-hya,data-node-07,9.9.2.154,elasticsearch_os_load5,0.64
2023/4/12 23:55,1681314947,cc-cc408-hya,data-node-07,9.9.2.154,elasticsearch_os_load5,0.8
2023/4/12 23:56,1681315007,cc-cc408-hya,data-node-07,9.9.2.154,elasticsearch_os_load5,0.96
2023/4/12 23:57,1681315067,cc-cc408-hya,data-node-07,9.9.2.154,elasticsearch_os_load5,1.08
2023/4/12 23:58,1681315127,cc-cc408-hya,data-node-07,9.9.2.154,elasticsearch_os_load5,0.99
2023/4/12 23:59,1681315187,cc-cc408-hya,data-node-07,9.9.2.154,elasticsearch_os_load5,0.9
2023/4/13 0:00,1681315247,cc-cc408-hya,data-node-07,9.9.2.154,elasticsearch_os_load5,0.85
2023/4/13 0:01,1681315307,cc-cc408-hya,data-node-07,9.9.2.154,elasticsearch_os_load5,0.88
2023/4/13 0:02,1681315367,cc-cc408-hya,data-node-07,9.9.2.154,elasticsearch_os_load5,0.81
2023/4/13 0:03,1681315427,cc-cc408-hya,data-node-07,9.9.2.154,elasticsearch_os_load5,0.77
2023/4/13 0:04,1681315487,cc-cc408-hya,data-node-07,9.9.2.154,elasticsearch_os_load5,0.67
2023/4/13 0:05,1681315547,cc-cc408-hya,data-node-07,9.9.2.154,elasticsearch_os_load5,0.66
2023/4/13 0:06,1681315607,cc-cc408-hya,data-node-07,9.9.2.154,elasticsearch_os_load5,0.57
2023/4/13 0:07,1681315667,cc-cc408-hya,data-node-07,9.9.2.154,elasticsearch_os_load5,0.51
2023/4/13 0:08,1681315727,cc-cc408-hya,data-node-07,9.9.2.154,elasticsearch_os_load5,0.56
2023/4/13 0:09,1681315787,cc-cc408-hya,data-node-07,9.9.2.154,elasticsearch_os_load5,0.54
2023/4/13 0:10,1681315847,cc-cc408-hya,data-node-07,9.9.2.154,elasticsearch_os_load5,0.66
2023/4/13 0:11,1681315907,cc-cc408-hya,data-node-07,9.9.2.154,elasticsearch_os_load5,0.69
2023/4/13 0:12,1681315967,cc-cc408-hya,data-node-07,9.9.2.154,elasticsearch_os_load5,0.64
2023/4/13 0:13,1681316027,cc-cc408-hya,data-node-07,9.9.2.154,elasticsearch_os_load5,0.6
2023/4/13 0:14,1681316087,cc-cc408-hya,data-node-07,9.9.2.154,elasticsearch_os_load5,0.58
2023/4/13 0:15,1681316147,cc-cc408-hya,data-node-07,9.9.2.154,elasticsearch_os_load5,0.61
2023/4/13 0:16,1681316207,cc-cc408-hya,data-node-07,9.9.2.154,elasticsearch_os_load5,0.58
2023/4/13 0:17,1681316267,cc-cc408-hya,data-node-07,9.9.2.154,elasticsearch_os_load5,0.55
2023/4/13 0:18,1681316327,cc-cc408-hya,data-node-07,9.9.2.154,elasticsearch_os_load5,0.61
2023/4/13 0:19,1681316387,cc-cc408-hya,data-node-07,9.9.2.154,elasticsearch_os_load5,0.77
2023/4/13 0:20,1681316447,cc-cc408-hya,data-node-07,9.9.2.154,elasticsearch_os_load5,1.04
2023/4/13 0:21,1681316507,cc-cc408-hya,data-node-07,9.9.2.154,elasticsearch_os_load5,1.23
2023/4/13 0:22,1681316567,cc-cc408-hya,data-node-07,9.9.2.154,elasticsearch_os_load5,1.46
2023/4/13 0:23,1681316627,cc-cc408-hya,data-node-07,9.9.2.154,elasticsearch_os_load5,1.6
2023/4/13 0:24,1681316687,cc-cc408-hya,data-node-07,9.9.2.154,elasticsearch_os_load5,1.64
2023/4/13 0:25,1681316747,cc-cc408-hya,data-node-07,9.9.2.154,elasticsearch_os_load5,1.65
2023/4/13 0:26,1681316807,cc-cc408-hya,data-node-07,9.9.2.154,elasticsearch_os_load5,1.74
2023/4/13 0:27,1681316867,cc-cc408-hya,data-node-07,9.9.2.154,elasticsearch_os_load5,1.85
2023/4/13 0:28,1681316927,cc-cc408-hya,data-node-07,9.9.2.154,elasticsearch_os_load5,1.91
2023/4/13 0:29,1681316987,cc-cc408-hya,data-node-07,9.9.2.154,elasticsearch_os_load5,2.05
2023/4/13 0:30,1681317047,cc-cc408-hya,data-node-07,9.9.2.154,elasticsearch_os_load5,2.15
2023/4/13 0:31,1681317107,cc-cc408-hya,data-node-07,9.9.2.154,elasticsearch_os_load5,2.2
2023/4/13 0:32,1681317167,cc-cc408-hya,data-node-07,9.9.2.154,elasticsearch_os_load5,2.06
2023/4/13 0:33,1681317227,cc-cc408-hya,data-node-07,9.9.2.154,elasticsearch_os_load5,2.02
2023/4/13 0:34,1681317287,cc-cc408-hya,data-node-07,9.9.2.154,elasticsearch_os_load5,2.06
2023/4/13 0:35,1681317347,cc-cc408-hya,data-node-07,9.9.2.154,elasticsearch_os_load5,2.08
2023/4/13 0:36,1681317407,cc-cc408-hya,data-node-07,9.9.2.154,elasticsearch_os_load5,2.11
2023/4/13 0:37,1681317467,cc-cc408-hya,data-node-07,9.9.2.154,elasticsearch_os_load5,2.56
2023/4/13 0:38,1681317527,cc-cc408-hya,data-node-07,9.9.2.154,elasticsearch_os_load5,2.92
2023/4/13 0:39,1681317587,cc-cc408-hya,data-node-07,9.9.2.154,elasticsearch_os_load5,3.22
2023/4/13 0:40,1681317647,cc-cc408-hya,data-node-07,9.9.2.154,elasticsearch_os_load5,3.05
2023/4/13 0:41,1681317707,cc-cc408-hya,data-node-07,9.9.2.154,elasticsearch_os_load5,3.04
2023/4/13 0:42,1681317767,cc-cc408-hya,data-node-07,9.9.2.154,elasticsearch_os_load5,2.81
2023/4/13 0:43,1681317827,cc-cc408-hya,data-node-07,9.9.2.154,elasticsearch_os_load5,2.71
2023/4/13 0:44,1681317887,cc-cc408-hya,data-node-07,9.9.2.154,elasticsearch_os_load5,2.79
2023/4/13 0:45,1681317947,cc-cc408-hya,data-node-07,9.9.2.154,elasticsearch_os_load5,2.66
2023/4/13 0:46,1681318007,cc-cc408-hya,data-node-07,9.9.2.154,elasticsearch_os_load5,2.47
2023/4/13 0:47,1681318067,cc-cc408-hya,data-node-07,9.9.2.154,elasticsearch_os_load5,2.35
2023/4/13 0:48,1681318127,cc-cc408-hya,data-node-07,9.9.2.154,elasticsearch_os_load5,2.33
2023/4/13 0:49,1681318187,cc-cc408-hya,data-node-07,9.9.2.154,elasticsearch_os_load5,2.28
2023/4/13 0:50,1681318247,cc-cc408-hya,data-node-07,9.9.2.154,elasticsearch_os_load5,2.28
2023/4/13 0:51,1681318307,cc-cc408-hya,data-node-07,9.9.2.154,elasticsearch_os_load5,2.23
2023/4/13 0:52,1681318367,cc-cc408-hya,data-node-07,9.9.2.154,elasticsearch_os_load5,2.21
2023/4/13 0:53,1681318427,cc-cc408-hya,data-node-07,9.9.2.154,elasticsearch_os_load5,2.2
2023/4/13 0:54,1681318487,cc-cc408-hya,data-node-07,9.9.2.154,elasticsearch_os_load5,2.1
2023/4/13 0:55,1681318547,cc-cc408-hya,data-node-07,9.9.2.154,elasticsearch_os_load5,2.16
2023/4/13 0:56,1681318607,cc-cc408-hya,data-node-07,9.9.2.154,elasticsearch_os_load5,2.11
2023/4/13 0:57,1681318667,cc-cc408-hya,data-node-07,9.9.2.154,elasticsearch_os_load5,2.21
2023/4/13 0:58,1681318727,cc-cc408-hya,data-node-07,9.9.2.154,elasticsearch_os_load5,2.25
2023/4/13 0:59,1681318787,cc-cc408-hya,data-node-07,9.9.2.154,elasticsearch_os_load5,2.32
2023/4/13 1:00,1681318847,cc-cc408-hya,data-node-07,9.9.2.154,elasticsearch_os_load5,2.27
2023/4/13 1:01,1681318907,cc-cc408-hya,data-node-07,9.9.2.154,elasticsearch_os_load5,2.2
2023/4/13 1:02,1681318967,cc-cc408-hya,data-node-07,9.9.2.154,elasticsearch_os_load5,2.25
2023/4/13 1:03,1681319027,cc-cc408-hya,data-node-07,9.9.2.154,elasticsearch_os_load5,2.32
2023/4/13 1:04,1681319087,cc-cc408-hya,data-node-07,9.9.2.154,elasticsearch_os_load5,2.96
2023/4/13 1:05,1681319147,cc-cc408-hya,data-node-07,9.9.2.154,elasticsearch_os_load5,2.74
2023/4/13 1:06,1681319207,cc-cc408-hya,data-node-07,9.9.2.154,elasticsearch_os_load5,2.48
2023/4/13 1:07,1681319267,cc-cc408-hya,data-node-07,9.9.2.154,elasticsearch_os_load5,2.33
2023/4/13 1:08,1681319327,cc-cc408-hya,data-node-07,9.9.2.154,elasticsearch_os_load5,2.2
2023/4/13 1:09,1681319387,cc-cc408-hya,data-node-07,9.9.2.154,elasticsearch_os_load5,2.17
2023/4/13 1:10,1681319447,cc-cc408-hya,data-node-07,9.9.2.154,elasticsearch_os_load5,2.22
2023/4/13 1:11,1681319507,cc-cc408-hya,data-node-07,9.9.2.154,elasticsearch_os_load5,2.27
2023/4/13 1:12,1681319567,cc-cc408-hya,data-node-07,9.9.2.154,elasticsearch_os_load5,2.16
2023/4/13 1:13,1681319627,cc-cc408-hya,data-node-07,9.9.2.154,elasticsearch_os_load5,2.13
2023/4/13 1:14,1681319687,cc-cc408-hya,data-node-07,9.9.2.154,elasticsearch_os_load5,1.99
2023/4/13 1:15,1681319747,cc-cc408-hya,data-node-07,9.9.2.154,elasticsearch_os_load5,1.87
2023/4/13 1:16,1681319807,cc-cc408-hya,data-node-07,9.9.2.154,elasticsearch_os_load5,1.79
2023/4/13 1:17,1681319867,cc-cc408-hya,data-node-07,9.9.2.154,elasticsearch_os_load5,1.62
2023/4/13 1:18,1681319927,cc-cc408-hya,data-node-07,9.9.2.154,elasticsearch_os_load5,1.58
2023/4/13 1:19,1681319987,cc-cc408-hya,data-node-07,9.9.2.154,elasticsearch_os_load5,1.72
2023/4/13 1:20,1681320047,cc-cc408-hya,data-node-07,9.9.2.154,elasticsearch_os_load5,1.77
2023/4/13 1:21,1681320107,cc-cc408-hya,data-node-07,9.9.2.154,elasticsearch_os_load5,1.9
2023/4/13 1:22,1681320167,cc-cc408-hya,data-node-07,9.9.2.154,elasticsearch_os_load5,2
2023/4/13 1:23,1681320227,cc-cc408-hya,data-node-07,9.9.2.154,elasticsearch_os_load5,1.92
2023/4/13 1:24,1681320287,cc-cc408-hya,data-node-07,9.9.2.154,elasticsearch_os_load5,1.59
2023/4/13 1:25,1681320347,cc-cc408-hya,data-node-07,9.9.2.154,elasticsearch_os_load5,1.31
2023/4/13 1:26,1681320407,cc-cc408-hya,data-node-07,9.9.2.154,elasticsearch_os_load5,1.09
2023/4/13 1:27,1681320467,cc-cc408-hya,data-node-07,9.9.2.154,elasticsearch_os_load5,0.9
2023/4/13 1:28,1681320527,cc-cc408-hya,data-node-07,9.9.2.154,elasticsearch_os_load5,0.77
2023/4/13 1:29,1681320587,cc-cc408-hya,data-node-07,9.9.2.154,elasticsearch_os_load5,0.7
2023/4/13 1:30,1681320647,cc-cc408-hya,data-node-07,9.9.2.154,elasticsearch_os_load5,0.61
2023/4/13 1:31,1681320707,cc-cc408-hya,data-node-07,9.9.2.154,elasticsearch_os_load5,0.57
2023/4/13 1:32,1681320767,cc-cc408-hya,data-node-07,9.9.2.154,elasticsearch_os_load5,0.51
2023/4/13 1:33,1681320827,cc-cc408-hya,data-node-07,9.9.2.154,elasticsearch_os_load5,0.48
2023/4/13 1:34,1681320887,cc-cc408-hya,data-node-07,9.9.2.154,elasticsearch_os_load5,0.45
2023/4/13 1:35,1681320947,cc-cc408-hya,data-node-07,9.9.2.154,elasticsearch_os_load5,0.43
2023/4/13 1:36,1681321007,cc-cc408-hya,data-node-07,9.9.2.154,elasticsearch_os_load5,0.4
2023/4/13 1:37,1681321067,cc-cc408-hya,data-node-07,9.9.2.154,elasticsearch_os_load5,0.4
2023/4/13 1:38,1681321127,cc-cc408-hya,data-node-07,9.9.2.154,elasticsearch_os_load5,0.34
2023/4/13 1:39,1681321187,cc-cc408-hya,data-node-07,9.9.2.154,elasticsearch_os_load5,0.32
2023/4/13 1:40,1681321247,cc-cc408-hya,data-node-07,9.9.2.154,elasticsearch_os_load5,0.34
2023/4/13 1:41,1681321307,cc-cc408-hya,data-node-07,9.9.2.154,elasticsearch_os_load5,0.28
2023/4/13 1:42,1681321367,cc-cc408-hya,data-node-07,9.9.2.154,elasticsearch_os_load5,0.27
2023/4/13 1:43,1681321427,cc-cc408-hya,data-node-07,9.9.2.154,elasticsearch_os_load5,0.28
2023/4/13 1:44,1681321487,cc-cc408-hya,data-node-07,9.9.2.154,elasticsearch_os_load5,0.31
2023/4/13 1:45,1681321547,cc-cc408-hya,data-node-07,9.9.2.154,elasticsearch_os_load5,0.33
2023/4/13 1:46,1681321607,cc-cc408-hya,data-node-07,9.9.2.154,elasticsearch_os_load5,0.3
2023/4/13 1:47,1681321667,cc-cc408-hya,data-node-07,9.9.2.154,elasticsearch_os_load5,0.27
2023/4/13 1:48,1681321727,cc-cc408-hya,data-node-07,9.9.2.154,elasticsearch_os_load5,0.24
2023/4/13 1:49,1681321787,cc-cc408-hya,data-node-07,9.9.2.154,elasticsearch_os_load5,0.33
2023/4/13 1:50,1681321847,cc-cc408-hya,data-node-07,9.9.2.154,elasticsearch_os_load5,0.33
2023/4/13 1:51,1681321907,cc-cc408-hya,data-node-07,9.9.2.154,elasticsearch_os_load5,0.28
2023/4/13 1:52,1681321967,cc-cc408-hya,data-node-07,9.9.2.154,elasticsearch_os_load5,0.23
2023/4/13 1:53,1681322027,cc-cc408-hya,data-node-07,9.9.2.154,elasticsearch_os_load5,0.26
2023/4/13 1:54,1681322087,cc-cc408-hya,data-node-07,9.9.2.154,elasticsearch_os_load5,0.24
2023/4/13 1:55,1681322147,cc-cc408-hya,data-node-07,9.9.2.154,elasticsearch_os_load5,0.21
2023/4/13 1:56,1681322207,cc-cc408-hya,data-node-07,9.9.2.154,elasticsearch_os_load5,0.17
2023/4/13 1:57,1681322267,cc-cc408-hya,data-node-07,9.9.2.154,elasticsearch_os_load5,0.17
2023/4/13 1:58,1681322327,cc-cc408-hya,data-node-07,9.9.2.154,elasticsearch_os_load5,0.16
2023/4/13 1:59,1681322387,cc-cc408-hya,data-node-07,9.9.2.154,elasticsearch_os_load5,0.14
2023/4/13 2:00,1681322447,cc-cc408-hya,data-node-07,9.9.2.154,elasticsearch_os_load5,0.13
2023/4/13 2:01,1681322507,cc-cc408-hya,data-node-07,9.9.2.154,elasticsearch_os_load5,0.25
2023/4/13 2:02,1681322567,cc-cc408-hya,data-node-07,9.9.2.154,elasticsearch_os_load5,0.41
2023/4/13 2:03,1681322627,cc-cc408-hya,data-node-07,9.9.2.154,elasticsearch_os_load5,0.59
2023/4/13 2:04,1681322687,cc-cc408-hya,data-node-07,9.9.2.154,elasticsearch_os_load5,0.75
2023/4/13 2:05,1681322747,cc-cc408-hya,data-node-07,9.9.2.154,elasticsearch_os_load5,0.7
2023/4/13 2:06,1681322807,cc-cc408-hya,data-node-07,9.9.2.154,elasticsearch_os_load5,0.6
2023/4/13 2:07,1681322867,cc-cc408-hya,data-node-07,9.9.2.154,elasticsearch_os_load5,0.5
2023/4/13 2:08,1681322927,cc-cc408-hya,data-node-07,9.9.2.154,elasticsearch_os_load5,0.43
2023/4/13 2:09,1681322987,cc-cc408-hya,data-node-07,9.9.2.154,elasticsearch_os_load5,0.36
2023/4/13 2:10,1681323047,cc-cc408-hya,data-node-07,9.9.2.154,elasticsearch_os_load5,0.32
2023/4/13 2:11,1681323107,cc-cc408-hya,data-node-07,9.9.2.154,elasticsearch_os_load5,0.35
2023/4/13 2:12,1681323167,cc-cc408-hya,data-node-07,9.9.2.154,elasticsearch_os_load5,0.38
2023/4/13 2:13,1681323227,cc-cc408-hya,data-node-07,9.9.2.154,elasticsearch_os_load5,0.34
2023/4/13 2:14,1681323287,cc-cc408-hya,data-node-07,9.9.2.154,elasticsearch_os_load5,0.35
2023/4/13 2:15,1681323347,cc-cc408-hya,data-node-07,9.9.2.154,elasticsearch_os_load5,0.3
2023/4/13 2:16,1681323407,cc-cc408-hya,data-node-07,9.9.2.154,elasticsearch_os_load5,0.35
2023/4/13 2:17,1681323467,cc-cc408-hya,data-node-07,9.9.2.154,elasticsearch_os_load5,0.42
2023/4/13 2:18,1681323527,cc-cc408-hya,data-node-07,9.9.2.154,elasticsearch_os_load5,0.37
2023/4/13 2:19,1681323587,cc-cc408-hya,data-node-07,9.9.2.154,elasticsearch_os_load5,0.39
2023/4/13 2:20,1681323647,cc-cc408-hya,data-node-07,9.9.2.154,elasticsearch_os_load5,0.33
2023/4/13 2:21,1681323707,cc-cc408-hya,data-node-07,9.9.2.154,elasticsearch_os_load5,0.32
2023/4/13 2:22,1681323767,cc-cc408-hya,data-node-07,9.9.2.154,elasticsearch_os_load5,0.26
2023/4/13 2:23,1681323827,cc-cc408-hya,data-node-07,9.9.2.154,elasticsearch_os_load5,0.24
2023/4/13 2:24,1681323887,cc-cc408-hya,data-node-07,9.9.2.154,elasticsearch_os_load5,0.23
2023/4/13 2:25,1681323947,cc-cc408-hya,data-node-07,9.9.2.154,elasticsearch_os_load5,0.21
2023/4/13 2:26,1681324007,cc-cc408-hya,data-node-07,9.9.2.154,elasticsearch_os_load5,0.17
2023/4/13 2:27,1681324067,cc-cc408-hya,data-node-07,9.9.2.154,elasticsearch_os_load5,0.17
2023/4/13 2:28,1681324127,cc-cc408-hya,data-node-07,9.9.2.154,elasticsearch_os_load5,0.19
2023/4/13 2:29,1681324187,cc-cc408-hya,data-node-07,9.9.2.154,elasticsearch_os_load5,0.16
2023/4/13 2:30,1681324247,cc-cc408-hya,data-node-07,9.9.2.154,elasticsearch_os_load5,0.18
2023/4/13 2:31,1681324307,cc-cc408-hya,data-node-07,9.9.2.154,elasticsearch_os_load5,0.2
2023/4/13 2:32,1681324367,cc-cc408-hya,data-node-07,9.9.2.154,elasticsearch_os_load5,0.26
2023/4/13 2:33,1681324427,cc-cc408-hya,data-node-07,9.9.2.154,elasticsearch_os_load5,0.22
2023/4/13 2:34,1681324487,cc-cc408-hya,data-node-07,9.9.2.154,elasticsearch_os_load5,0.2
2023/4/13 2:35,1681324547,cc-cc408-hya,data-node-07,9.9.2.154,elasticsearch_os_load5,0.22
2023/4/13 2:36,1681324607,cc-cc408-hya,data-node-07,9.9.2.154,elasticsearch_os_load5,0.19
2023/4/13 2:37,1681324667,cc-cc408-hya,data-node-07,9.9.2.154,elasticsearch_os_load5,0.17
2023/4/13 2:38,1681324727,cc-cc408-hya,data-node-07,9.9.2.154,elasticsearch_os_load5,0.15
2023/4/13 2:39,1681324787,cc-cc408-hya,data-node-07,9.9.2.154,elasticsearch_os_load5,0.14
2023/4/13 2:40,1681324847,cc-cc408-hya,data-node-07,9.9.2.154,elasticsearch_os_load5,0.14
2023/4/13 2:41,1681324907,cc-cc408-hya,data-node-07,9.9.2.154,elasticsearch_os_load5,0.16
2023/4/13 2:42,1681324967,cc-cc408-hya,data-node-07,9.9.2.154,elasticsearch_os_load5,0.14
2023/4/13 2:43,1681325027,cc-cc408-hya,data-node-07,9.9.2.154,elasticsearch_os_load5,0.25
2023/4/13 2:44,1681325087,cc-cc408-hya,data-node-07,9.9.2.154,elasticsearch_os_load5,0.25
2023/4/13 2:45,1681325147,cc-cc408-hya,data-node-07,9.9.2.154,elasticsearch_os_load5,0.47
2023/4/13 2:46,1681325207,cc-cc408-hya,data-node-07,9.9.2.154,elasticsearch_os_load5,0.73
2023/4/13 2:47,1681325267,cc-cc408-hya,data-node-07,9.9.2.154,elasticsearch_os_load5,0.72
2023/4/13 2:48,1681325327,cc-cc408-hya,data-node-07,9.9.2.154,elasticsearch_os_load5,0.63
2023/4/13 2:49,1681325387,cc-cc408-hya,data-node-07,9.9.2.154,elasticsearch_os_load5,0.53
2023/4/13 2:50,1681325447,cc-cc408-hya,data-node-07,9.9.2.154,elasticsearch_os_load5,0.46
2023/4/13 2:51,1681325507,cc-cc408-hya,data-node-07,9.9.2.154,elasticsearch_os_load5,0.41
2023/4/13 2:52,1681325567,cc-cc408-hya,data-node-07,9.9.2.154,elasticsearch_os_load5,0.41
2023/4/13 2:53,1681325627,cc-cc408-hya,data-node-07,9.9.2.154,elasticsearch_os_load5,0.46
2023/4/13 2:54,1681325687,cc-cc408-hya,data-node-07,9.9.2.154,elasticsearch_os_load5,0.48
2023/4/13 2:55,1681325747,cc-cc408-hya,data-node-07,9.9.2.154,elasticsearch_os_load5,0.48
2023/4/13 2:56,1681325807,cc-cc408-hya,data-node-07,9.9.2.154,elasticsearch_os_load5,0.42
2023/4/13 2:57,1681325867,cc-cc408-hya,data-node-07,9.9.2.154,elasticsearch_os_load5,0.37
2023/4/13 2:58,1681325927,cc-cc408-hya,data-node-07,9.9.2.154,elasticsearch_os_load5,0.35
2023/4/13 2:59,1681325987,cc-cc408-hya,data-node-07,9.9.2.154,elasticsearch_os_load5,0.31
2023/4/13 3:00,1681326047,cc-cc408-hya,data-node-07,9.9.2.154,elasticsearch_os_load5,0.31
2023/4/13 3:01,1681326107,cc-cc408-hya,data-node-07,9.9.2.154,elasticsearch_os_load5,0.37
2023/4/13 3:02,1681326167,cc-cc408-hya,data-node-07,9.9.2.154,elasticsearch_os_load5,0.31
2023/4/13 3:03,1681326227,cc-cc408-hya,data-node-07,9.9.2.154,elasticsearch_os_load5,0.27
2023/4/13 3:04,1681326287,cc-cc408-hya,data-node-07,9.9.2.154,elasticsearch_os_load5,0.28
2023/4/13 3:05,1681326347,cc-cc408-hya,data-node-07,9.9.2.154,elasticsearch_os_load5,0.29
2023/4/13 3:06,1681326407,cc-cc408-hya,data-node-07,9.9.2.154,elasticsearch_os_load5,0.31
2023/4/13 3:07,1681326467,cc-cc408-hya,data-node-07,9.9.2.154,elasticsearch_os_load5,0.31
2023/4/13 3:08,1681326527,cc-cc408-hya,data-node-07,9.9.2.154,elasticsearch_os_load5,0.27
2023/4/13 3:09,1681326587,cc-cc408-hya,data-node-07,9.9.2.154,elasticsearch_os_load5,0.25
2023/4/13 3:10,1681326647,cc-cc408-hya,data-node-07,9.9.2.154,elasticsearch_os_load5,0.23
2023/4/13 3:11,1681326707,cc-cc408-hya,data-node-07,9.9.2.154,elasticsearch_os_load5,0.19
2023/4/13 3:12,1681326767,cc-cc408-hya,data-node-07,9.9.2.154,elasticsearch_os_load5,0.17
2023/4/13 3:13,1681326827,cc-cc408-hya,data-node-07,9.9.2.154,elasticsearch_os_load5,0.17
2023/4/13 3:14,1681326887,cc-cc408-hya,data-node-07,9.9.2.154,elasticsearch_os_load5,0.22
2023/4/13 3:15,1681326947,cc-cc408-hya,data-node-07,9.9.2.154,elasticsearch_os_load5,0.25
2023/4/13 3:16,1681327007,cc-cc408-hya,data-node-07,9.9.2.154,elasticsearch_os_load5,0.23
2023/4/13 3:17,1681327067,cc-cc408-hya,data-node-07,9.9.2.154,elasticsearch_os_load5,0.22
2023/4/13 3:18,1681327127,cc-cc408-hya,data-node-07,9.9.2.154,elasticsearch_os_load5,0.19
2023/4/13 3:19,1681327187,cc-cc408-hya,data-node-07,9.9.2.154,elasticsearch_os_load5,0.19
2023/4/13 3:20,1681327247,cc-cc408-hya,data-node-07,9.9.2.154,elasticsearch_os_load5,0.2
2023/4/13 3:21,1681327307,cc-cc408-hya,data-node-07,9.9.2.154,elasticsearch_os_load5,0.18
2023/4/13 3:22,1681327367,cc-cc408-hya,data-node-07,9.9.2.154,elasticsearch_os_load5,0.17
2023/4/13 3:23,1681327427,cc-cc408-hya,data-node-07,9.9.2.154,elasticsearch_os_load5,0.17
2023/4/13 3:24,1681327487,cc-cc408-hya,data-node-07,9.9.2.154,elasticsearch_os_load5,0.34
2023/4/13 3:25,1681327547,cc-cc408-hya,data-node-07,9.9.2.154,elasticsearch_os_load5,0.4
2023/4/13 3:26,1681327607,cc-cc408-hya,data-node-07,9.9.2.154,elasticsearch_os_load5,0.4
2023/4/13 3:27,1681327667,cc-cc408-hya,data-node-07,9.9.2.154,elasticsearch_os_load5,0.58
2023/4/13 3:28,1681327727,cc-cc408-hya,data-node-07,9.9.2.154,elasticsearch_os_load5,0.72
2023/4/13 3:29,1681327787,cc-cc408-hya,data-node-07,9.9.2.154,elasticsearch_os_load5,0.79
2023/4/13 3:30,1681327847,cc-cc408-hya,data-node-07,9.9.2.154,elasticsearch_os_load5,0.74
2023/4/13 3:31,1681327907,cc-cc408-hya,data-node-07,9.9.2.154,elasticsearch_os_load5,0.75
2023/4/13 3:32,1681327967,cc-cc408-hya,data-node-07,9.9.2.154,elasticsearch_os_load5,0.63
2023/4/13 3:33,1681328027,cc-cc408-hya,data-node-07,9.9.2.154,elasticsearch_os_load5,0.54
2023/4/13 3:34,1681328087,cc-cc408-hya,data-node-07,9.9.2.154,elasticsearch_os_load5,0.45
2023/4/13 3:35,1681328147,cc-cc408-hya,data-node-07,9.9.2.154,elasticsearch_os_load5,0.4
2023/4/13 3:36,1681328207,cc-cc408-hya,data-node-07,9.9.2.154,elasticsearch_os_load5,0.32
2023/4/13 3:37,1681328267,cc-cc408-hya,data-node-07,9.9.2.154,elasticsearch_os_load5,0.34
2023/4/13 3:38,1681328327,cc-cc408-hya,data-node-07,9.9.2.154,elasticsearch_os_load5,0.31
2023/4/13 3:39,1681328387,cc-cc408-hya,data-node-07,9.9.2.154,elasticsearch_os_load5,0.26
2023/4/13 3:40,1681328447,cc-cc408-hya,data-node-07,9.9.2.154,elasticsearch_os_load5,0.27
2023/4/13 3:41,1681328507,cc-cc408-hya,data-node-07,9.9.2.154,elasticsearch_os_load5,0.32
2023/4/13 3:42,1681328567,cc-cc408-hya,data-node-07,9.9.2.154,elasticsearch_os_load5,0.28
2023/4/13 3:43,1681328627,cc-cc408-hya,data-node-07,9.9.2.154,elasticsearch_os_load5,0.9
2023/4/13 3:44,1681328687,cc-cc408-hya,data-node-07,9.9.2.154,elasticsearch_os_load5,0.82
2023/4/13 3:45,1681328747,cc-cc408-hya,data-node-07,9.9.2.154,elasticsearch_os_load5,0.68
2023/4/13 3:46,1681328807,cc-cc408-hya,data-node-07,9.9.2.154,elasticsearch_os_load5,0.57
2023/4/13 3:47,1681328867,cc-cc408-hya,data-node-07,9.9.2.154,elasticsearch_os_load5,0.55
2023/4/13 3:48,1681328927,cc-cc408-hya,data-node-07,9.9.2.154,elasticsearch_os_load5,0.61
2023/4/13 3:49,1681328987,cc-cc408-hya,data-node-07,9.9.2.154,elasticsearch_os_load5,0.54
2023/4/13 3:50,1681329047,cc-cc408-hya,data-node-07,9.9.2.154,elasticsearch_os_load5,0.49
2023/4/13 3:51,1681329107,cc-cc408-hya,data-node-07,9.9.2.154,elasticsearch_os_load5,0.44
2023/4/13 3:52,1681329167,cc-cc408-hya,data-node-07,9.9.2.154,elasticsearch_os_load5,0.38
2023/4/13 3:53,1681329227,cc-cc408-hya,data-node-07,9.9.2.154,elasticsearch_os_load5,0.36
2023/4/13 3:54,1681329287,cc-cc408-hya,data-node-07,9.9.2.154,elasticsearch_os_load5,0.35
2023/4/13 3:55,1681329347,cc-cc408-hya,data-node-07,9.9.2.154,elasticsearch_os_load5,0.33
2023/4/13 3:56,1681329407,cc-cc408-hya,data-node-07,9.9.2.154,elasticsearch_os_load5,0.28
2023/4/13 3:57,1681329467,cc-cc408-hya,data-node-07,9.9.2.154,elasticsearch_os_load5,0.24
2023/4/13 3:58,1681329527,cc-cc408-hya,data-node-07,9.9.2.154,elasticsearch_os_load5,0.23
2023/4/13 3:59,1681329587,cc-cc408-hya,data-node-07,9.9.2.154,elasticsearch_os_load5,0.32
2023/4/13 4:00,1681329647,cc-cc408-hya,data-node-07,9.9.2.154,elasticsearch_os_load5,0.31
2023/4/13 4:01,1681329707,cc-cc408-hya,data-node-07,9.9.2.154,elasticsearch_os_load5,0.25
2023/4/13 4:02,1681329767,cc-cc408-hya,data-node-07,9.9.2.154,elasticsearch_os_load5,0.24
2023/4/13 4:03,1681329827,cc-cc408-hya,data-node-07,9.9.2.154,elasticsearch_os_load5,0.2
2023/4/13 4:04,1681329887,cc-cc408-hya,data-node-07,9.9.2.154,elasticsearch_os_load5,0.2
2023/4/13 4:05,1681329947,cc-cc408-hya,data-node-07,9.9.2.154,elasticsearch_os_load5,0.19
2023/4/13 4:06,1681330007,cc-cc408-hya,data-node-07,9.9.2.154,elasticsearch_os_load5,0.34
2023/4/13 4:07,1681330067,cc-cc408-hya,data-node-07,9.9.2.154,elasticsearch_os_load5,0.41
2023/4/13 4:08,1681330127,cc-cc408-hya,data-node-07,9.9.2.154,elasticsearch_os_load5,0.35
2023/4/13 4:09,1681330187,cc-cc408-hya,data-node-07,9.9.2.154,elasticsearch_os_load5,0.45
2023/4/13 4:10,1681330247,cc-cc408-hya,data-node-07,9.9.2.154,elasticsearch_os_load5,0.7
2023/4/13 4:11,1681330307,cc-cc408-hya,data-node-07,9.9.2.154,elasticsearch_os_load5,0.77
2023/4/13 4:12,1681330367,cc-cc408-hya,data-node-07,9.9.2.154,elasticsearch_os_load5,0.64
2023/4/13 4:13,1681330427,cc-cc408-hya,data-node-07,9.9.2.154,elasticsearch_os_load5,0.55
2023/4/13 4:14,1681330487,cc-cc408-hya,data-node-07,9.9.2.154,elasticsearch_os_load5,0.45
2023/4/13 4:15,1681330547,cc-cc408-hya,data-node-07,9.9.2.154,elasticsearch_os_load5,0.4
2023/4/13 4:16,1681330607,cc-cc408-hya,data-node-07,9.9.2.154,elasticsearch_os_load5,0.43
2023/4/13 4:17,1681330667,cc-cc408-hya,data-node-07,9.9.2.154,elasticsearch_os_load5,0.35
2023/4/13 4:18,1681330727,cc-cc408-hya,data-node-07,9.9.2.154,elasticsearch_os_load5,0.32
2023/4/13 4:19,1681330787,cc-cc408-hya,data-node-07,9.9.2.154,elasticsearch_os_load5,0.35
2023/4/13 4:20,1681330847,cc-cc408-hya,data-node-07,9.9.2.154,elasticsearch_os_load5,0.3
2023/4/13 4:21,1681330907,cc-cc408-hya,data-node-07,9.9.2.154,elasticsearch_os_load5,0.32
2023/4/13 4:22,1681330967,cc-cc408-hya,data-node-07,9.9.2.154,elasticsearch_os_load5,0.29
2023/4/13 4:23,1681331027,cc-cc408-hya,data-node-07,9.9.2.154,elasticsearch_os_load5,0.24
2023/4/13 4:24,1681331087,cc-cc408-hya,data-node-07,9.9.2.154,elasticsearch_os_load5,0.28
2023/4/13 4:25,1681331147,cc-cc408-hya,data-node-07,9.9.2.154,elasticsearch_os_load5,0.23
2023/4/13 4:26,1681331207,cc-cc408-hya,data-node-07,9.9.2.154,elasticsearch_os_load5,0.22
2023/4/13 4:27,1681331267,cc-cc408-hya,data-node-07,9.9.2.154,elasticsearch_os_load5,0.24
2023/4/13 4:28,1681331327,cc-cc408-hya,data-node-07,9.9.2.154,elasticsearch_os_load5,0.25
2023/4/13 4:29,1681331387,cc-cc408-hya,data-node-07,9.9.2.154,elasticsearch_os_load5,0.21
2023/4/13 4:30,1681331447,cc-cc408-hya,data-node-07,9.9.2.154,elasticsearch_os_load5,0.25
2023/4/13 4:31,1681331507,cc-cc408-hya,data-node-07,9.9.2.154,elasticsearch_os_load5,0.32
2023/4/13 4:32,1681331567,cc-cc408-hya,data-node-07,9.9.2.154,elasticsearch_os_load5,0.33
2023/4/13 4:33,1681331627,cc-cc408-hya,data-node-07,9.9.2.154,elasticsearch_os_load5,0.3
2023/4/13 4:34,1681331687,cc-cc408-hya,data-node-07,9.9.2.154,elasticsearch_os_load5,0.28
2023/4/13 4:35,1681331747,cc-cc408-hya,data-node-07,9.9.2.154,elasticsearch_os_load5,0.22
2023/4/13 4:36,1681331807,cc-cc408-hya,data-node-07,9.9.2.154,elasticsearch_os_load5,0.22
2023/4/13 4:37,1681331867,cc-cc408-hya,data-node-07,9.9.2.154,elasticsearch_os_load5,0.21
2023/4/13 4:38,1681331927,cc-cc408-hya,data-node-07,9.9.2.154,elasticsearch_os_load5,0.21
2023/4/13 4:39,1681331987,cc-cc408-hya,data-node-07,9.9.2.154,elasticsearch_os_load5,0.22
2023/4/13 4:40,1681332047,cc-cc408-hya,data-node-07,9.9.2.154,elasticsearch_os_load5,0.19
2023/4/13 4:41,1681332107,cc-cc408-hya,data-node-07,9.9.2.154,elasticsearch_os_load5,0.17
2023/4/13 4:42,1681332167,cc-cc408-hya,data-node-07,9.9.2.154,elasticsearch_os_load5,0.14
2023/4/13 4:43,1681332227,cc-cc408-hya,data-node-07,9.9.2.154,elasticsearch_os_load5,0.12
2023/4/13 4:44,1681332287,cc-cc408-hya,data-node-07,9.9.2.154,elasticsearch_os_load5,0.11
2023/4/13 4:45,1681332347,cc-cc408-hya,data-node-07,9.9.2.154,elasticsearch_os_load5,0.14
2023/4/13 4:46,1681332407,cc-cc408-hya,data-node-07,9.9.2.154,elasticsearch_os_load5,0.16
2023/4/13 4:47,1681332467,cc-cc408-hya,data-node-07,9.9.2.154,elasticsearch_os_load5,0.14
2023/4/13 4:48,1681332527,cc-cc408-hya,data-node-07,9.9.2.154,elasticsearch_os_load5,0.23
2023/4/13 4:49,1681332587,cc-cc408-hya,data-node-07,9.9.2.154,elasticsearch_os_load5,0.32
2023/4/13 4:50,1681332647,cc-cc408-hya,data-node-07,9.9.2.154,elasticsearch_os_load5,0.29
2023/4/13 4:51,1681332707,cc-cc408-hya,data-node-07,9.9.2.154,elasticsearch_os_load5,0.44
2023/4/13 4:52,1681332767,cc-cc408-hya,data-node-07,9.9.2.154,elasticsearch_os_load5,0.53
2023/4/13 4:53,1681332827,cc-cc408-hya,data-node-07,9.9.2.154,elasticsearch_os_load5,0.67
2023/4/13 4:54,1681332887,cc-cc408-hya,data-node-07,9.9.2.154,elasticsearch_os_load5,0.63
2023/4/13 4:55,1681332947,cc-cc408-hya,data-node-07,9.9.2.154,elasticsearch_os_load5,0.54
2023/4/13 4:56,1681333007,cc-cc408-hya,data-node-07,9.9.2.154,elasticsearch_os_load5,0.46
2023/4/13 4:57,1681333067,cc-cc408-hya,data-node-07,9.9.2.154,elasticsearch_os_load5,0.37
2023/4/13 4:58,1681333127,cc-cc408-hya,data-node-07,9.9.2.154,elasticsearch_os_load5,0.33
2023/4/13 4:59,1681333187,cc-cc408-hya,data-node-07,9.9.2.154,elasticsearch_os_load5,0.57
2023/4/13 5:00,1681333247,cc-cc408-hya,data-node-07,9.9.2.154,elasticsearch_os_load5,0.85
2023/4/13 5:01,1681333307,cc-cc408-hya,data-node-07,9.9.2.154,elasticsearch_os_load5,0.88
2023/4/13 5:02,1681333367,cc-cc408-hya,data-node-07,9.9.2.154,elasticsearch_os_load5,0.72
2023/4/13 5:03,1681333427,cc-cc408-hya,data-node-07,9.9.2.154,elasticsearch_os_load5,0.64
2023/4/13 5:04,1681333487,cc-cc408-hya,data-node-07,9.9.2.154,elasticsearch_os_load5,0.57
2023/4/13 5:05,1681333547,cc-cc408-hya,data-node-07,9.9.2.154,elasticsearch_os_load5,0.52
2023/4/13 5:06,1681333607,cc-cc408-hya,data-node-07,9.9.2.154,elasticsearch_os_load5,0.43
2023/4/13 5:07,1681333667,cc-cc408-hya,data-node-07,9.9.2.154,elasticsearch_os_load5,0.38
2023/4/13 5:08,1681333727,cc-cc408-hya,data-node-07,9.9.2.154,elasticsearch_os_load5,0.32
2023/4/13 5:09,1681333787,cc-cc408-hya,data-node-07,9.9.2.154,elasticsearch_os_load5,0.28
2023/4/13 5:10,1681333847,cc-cc408-hya,data-node-07,9.9.2.154,elasticsearch_os_load5,0.24
2023/4/13 5:11,1681333907,cc-cc408-hya,data-node-07,9.9.2.154,elasticsearch_os_load5,0.24
2023/4/13 5:12,1681333967,cc-cc408-hya,data-node-07,9.9.2.154,elasticsearch_os_load5,0.21
2023/4/13 5:13,1681334027,cc-cc408-hya,data-node-07,9.9.2.154,elasticsearch_os_load5,0.26
2023/4/13 5:14,1681334087,cc-cc408-hya,data-node-07,9.9.2.154,elasticsearch_os_load5,0.26
2023/4/13 5:15,1681334147,cc-cc408-hya,data-node-07,9.9.2.154,elasticsearch_os_load5,0.25
2023/4/13 5:16,1681334207,cc-cc408-hya,data-node-07,9.9.2.154,elasticsearch_os_load5,0.24
2023/4/13 5:17,1681334267,cc-cc408-hya,data-node-07,9.9.2.154,elasticsearch_os_load5,0.19
2023/4/13 5:18,1681334327,cc-cc408-hya,data-node-07,9.9.2.154,elasticsearch_os_load5,0.21
2023/4/13 5:19,1681334387,cc-cc408-hya,data-node-07,9.9.2.154,elasticsearch_os_load5,0.2
2023/4/13 5:20,1681334447,cc-cc408-hya,data-node-07,9.9.2.154,elasticsearch_os_load5,0.21
2023/4/13 5:21,1681334507,cc-cc408-hya,data-node-07,9.9.2.154,elasticsearch_os_load5,0.2
2023/4/13 5:22,1681334567,cc-cc408-hya,data-node-07,9.9.2.154,elasticsearch_os_load5,0.29
2023/4/13 5:23,1681334627,cc-cc408-hya,data-node-07,9.9.2.154,elasticsearch_os_load5,0.26
2023/4/13 5:24,1681334687,cc-cc408-hya,data-node-07,9.9.2.154,elasticsearch_os_load5,0.24
2023/4/13 5:25,1681334747,cc-cc408-hya,data-node-07,9.9.2.154,elasticsearch_os_load5,0.26
2023/4/13 5:26,1681334807,cc-cc408-hya,data-node-07,9.9.2.154,elasticsearch_os_load5,0.32
2023/4/13 5:27,1681334867,cc-cc408-hya,data-node-07,9.9.2.154,elasticsearch_os_load5,0.3
2023/4/13 5:28,1681334927,cc-cc408-hya,data-node-07,9.9.2.154,elasticsearch_os_load5,0.25
2023/4/13 5:29,1681334987,cc-cc408-hya,data-node-07,9.9.2.154,elasticsearch_os_load5,0.21
2023/4/13 5:30,1681335047,cc-cc408-hya,data-node-07,9.9.2.154,elasticsearch_os_load5,0.41
2023/4/13 5:31,1681335107,cc-cc408-hya,data-node-07,9.9.2.154,elasticsearch_os_load5,0.48
2023/4/13 5:32,1681335167,cc-cc408-hya,data-node-07,9.9.2.154,elasticsearch_os_load5,0.49
2023/4/13 5:33,1681335227,cc-cc408-hya,data-node-07,9.9.2.154,elasticsearch_os_load5,0.55
2023/4/13 5:34,1681335287,cc-cc408-hya,data-node-07,9.9.2.154,elasticsearch_os_load5,0.84
2023/4/13 5:35,1681335347,cc-cc408-hya,data-node-07,9.9.2.154,elasticsearch_os_load5,1
2023/4/13 5:36,1681335407,cc-cc408-hya,data-node-07,9.9.2.154,elasticsearch_os_load5,0.95
2023/4/13 5:37,1681335467,cc-cc408-hya,data-node-07,9.9.2.154,elasticsearch_os_load5,0.89
2023/4/13 5:38,1681335527,cc-cc408-hya,data-node-07,9.9.2.154,elasticsearch_os_load5,0.73
2023/4/13 5:39,1681335587,cc-cc408-hya,data-node-07,9.9.2.154,elasticsearch_os_load5,0.67
2023/4/13 5:40,1681335647,cc-cc408-hya,data-node-07,9.9.2.154,elasticsearch_os_load5,0.6
2023/4/13 5:41,1681335707,cc-cc408-hya,data-node-07,9.9.2.154,elasticsearch_os_load5,0.56
2023/4/13 5:42,1681335767,cc-cc408-hya,data-node-07,9.9.2.154,elasticsearch_os_load5,0.5
2023/4/13 5:43,1681335827,cc-cc408-hya,data-node-07,9.9.2.154,elasticsearch_os_load5,0.45
2023/4/13 5:44,1681335887,cc-cc408-hya,data-node-07,9.9.2.154,elasticsearch_os_load5,0.43
2023/4/13 5:45,1681335947,cc-cc408-hya,data-node-07,9.9.2.154,elasticsearch_os_load5,0.41
2023/4/13 5:46,1681336007,cc-cc408-hya,data-node-07,9.9.2.154,elasticsearch_os_load5,0.4
2023/4/13 5:47,1681336067,cc-cc408-hya,data-node-07,9.9.2.154,elasticsearch_os_load5,0.39
2023/4/13 5:48,1681336127,cc-cc408-hya,data-node-07,9.9.2.154,elasticsearch_os_load5,0.35
2023/4/13 5:49,1681336187,cc-cc408-hya,data-node-07,9.9.2.154,elasticsearch_os_load5,0.36
2023/4/13 5:50,1681336247,cc-cc408-hya,data-node-07,9.9.2.154,elasticsearch_os_load5,0.33
2023/4/13 5:51,1681336307,cc-cc408-hya,data-node-07,9.9.2.154,elasticsearch_os_load5,0.34
2023/4/13 5:52,1681336367,cc-cc408-hya,data-node-07,9.9.2.154,elasticsearch_os_load5,0.32
2023/4/13 5:53,1681336427,cc-cc408-hya,data-node-07,9.9.2.154,elasticsearch_os_load5,1
2023/4/13 5:54,1681336487,cc-cc408-hya,data-node-07,9.9.2.154,elasticsearch_os_load5,0.87
2023/4/13 5:55,1681336547,cc-cc408-hya,data-node-07,9.9.2.154,elasticsearch_os_load5,0.79
2023/4/13 5:56,1681336607,cc-cc408-hya,data-node-07,9.9.2.154,elasticsearch_os_load5,0.79
2023/4/13 5:57,1681336667,cc-cc408-hya,data-node-07,9.9.2.154,elasticsearch_os_load5,0.64
2023/4/13 5:58,1681336727,cc-cc408-hya,data-node-07,9.9.2.154,elasticsearch_os_load5,0.57
2023/4/13 5:59,1681336787,cc-cc408-hya,data-node-07,9.9.2.154,elasticsearch_os_load5,0.46
2023/4/13 6:00,1681336847,cc-cc408-hya,data-node-07,9.9.2.154,elasticsearch_os_load5,0.42
2023/4/13 6:01,1681336907,cc-cc408-hya,data-node-07,9.9.2.154,elasticsearch_os_load5,0.41
2023/4/13 6:02,1681336967,cc-cc408-hya,data-node-07,9.9.2.154,elasticsearch_os_load5,0.43
2023/4/13 6:03,1681337027,cc-cc408-hya,data-node-07,9.9.2.154,elasticsearch_os_load5,0.4
2023/4/13 6:04,1681337087,cc-cc408-hya,data-node-07,9.9.2.154,elasticsearch_os_load5,0.32
2023/4/13 6:05,1681337147,cc-cc408-hya,data-node-07,9.9.2.154,elasticsearch_os_load5,0.28
2023/4/13 6:06,1681337207,cc-cc408-hya,data-node-07,9.9.2.154,elasticsearch_os_load5,0.27
2023/4/13 6:07,1681337267,cc-cc408-hya,data-node-07,9.9.2.154,elasticsearch_os_load5,0.35
2023/4/13 6:08,1681337327,cc-cc408-hya,data-node-07,9.9.2.154,elasticsearch_os_load5,0.35
2023/4/13 6:09,1681337387,cc-cc408-hya,data-node-07,9.9.2.154,elasticsearch_os_load5,0.34
2023/4/13 6:10,1681337447,cc-cc408-hya,data-node-07,9.9.2.154,elasticsearch_os_load5,0.32
2023/4/13 6:11,1681337507,cc-cc408-hya,data-node-07,9.9.2.154,elasticsearch_os_load5,0.46
2023/4/13 6:12,1681337567,cc-cc408-hya,data-node-07,9.9.2.154,elasticsearch_os_load5,0.47
2023/4/13 6:13,1681337627,cc-cc408-hya,data-node-07,9.9.2.154,elasticsearch_os_load5,0.42
2023/4/13 6:14,1681337687,cc-cc408-hya,data-node-07,9.9.2.154,elasticsearch_os_load5,0.48
2023/4/13 6:15,1681337747,cc-cc408-hya,data-node-07,9.9.2.154,elasticsearch_os_load5,0.45
2023/4/13 6:16,1681337807,cc-cc408-hya,data-node-07,9.9.2.154,elasticsearch_os_load5,0.63
2023/4/13 6:17,1681337867,cc-cc408-hya,data-node-07,9.9.2.154,elasticsearch_os_load5,0.78
2023/4/13 6:18,1681337927,cc-cc408-hya,data-node-07,9.9.2.154,elasticsearch_os_load5,0.81
2023/4/13 6:19,1681337987,cc-cc408-hya,data-node-07,9.9.2.154,elasticsearch_os_load5,0.75
2023/4/13 6:20,1681338047,cc-cc408-hya,data-node-07,9.9.2.154,elasticsearch_os_load5,0.64
2023/4/13 6:21,1681338107,cc-cc408-hya,data-node-07,9.9.2.154,elasticsearch_os_load5,0.54
2023/4/13 6:22,1681338167,cc-cc408-hya,data-node-07,9.9.2.154,elasticsearch_os_load5,0.55
2023/4/13 6:23,1681338227,cc-cc408-hya,data-node-07,9.9.2.154,elasticsearch_os_load5,0.5
2023/4/13 6:24,1681338287,cc-cc408-hya,data-node-07,9.9.2.154,elasticsearch_os_load5,0.48
2023/4/13 6:25,1681338347,cc-cc408-hya,data-node-07,9.9.2.154,elasticsearch_os_load5,0.45
2023/4/13 6:26,1681338407,cc-cc408-hya,data-node-07,9.9.2.154,elasticsearch_os_load5,0.52
2023/4/13 6:27,1681338467,cc-cc408-hya,data-node-07,9.9.2.154,elasticsearch_os_load5,0.47
2023/4/13 6:28,1681338527,cc-cc408-hya,data-node-07,9.9.2.154,elasticsearch_os_load5,0.48
2023/4/13 6:29,1681338587,cc-cc408-hya,data-node-07,9.9.2.154,elasticsearch_os_load5,0.54
2023/4/13 6:30,1681338647,cc-cc408-hya,data-node-07,9.9.2.154,elasticsearch_os_load5,0.47
2023/4/13 6:31,1681338707,cc-cc408-hya,data-node-07,9.9.2.154,elasticsearch_os_load5,0.43
2023/4/13 6:32,1681338767,cc-cc408-hya,data-node-07,9.9.2.154,elasticsearch_os_load5,0.44
2023/4/13 6:33,1681338827,cc-cc408-hya,data-node-07,9.9.2.154,elasticsearch_os_load5,0.42
2023/4/13 6:34,1681338887,cc-cc408-hya,data-node-07,9.9.2.154,elasticsearch_os_load5,0.38
2023/4/13 6:35,1681338947,cc-cc408-hya,data-node-07,9.9.2.154,elasticsearch_os_load5,0.34
2023/4/13 6:36,1681339007,cc-cc408-hya,data-node-07,9.9.2.154,elasticsearch_os_load5,0.41
2023/4/13 6:37,1681339067,cc-cc408-hya,data-node-07,9.9.2.154,elasticsearch_os_load5,0.44
2023/4/13 6:38,1681339127,cc-cc408-hya,data-node-07,9.9.2.154,elasticsearch_os_load5,0.4
2023/4/13 6:39,1681339187,cc-cc408-hya,data-node-07,9.9.2.154,elasticsearch_os_load5,0.33
2023/4/13 6:40,1681339247,cc-cc408-hya,data-node-07,9.9.2.154,elasticsearch_os_load5,0.42
2023/4/13 6:41,1681339307,cc-cc408-hya,data-node-07,9.9.2.154,elasticsearch_os_load5,0.5
2023/4/13 6:42,1681339367,cc-cc408-hya,data-node-07,9.9.2.154,elasticsearch_os_load5,0.54
2023/4/13 6:43,1681339427,cc-cc408-hya,data-node-07,9.9.2.154,elasticsearch_os_load5,0.5
2023/4/13 6:44,1681339487,cc-cc408-hya,data-node-07,9.9.2.154,elasticsearch_os_load5,0.48
2023/4/13 6:45,1681339547,cc-cc408-hya,data-node-07,9.9.2.154,elasticsearch_os_load5,0.51
2023/4/13 6:46,1681339607,cc-cc408-hya,data-node-07,9.9.2.154,elasticsearch_os_load5,0.44
2023/4/13 6:47,1681339667,cc-cc408-hya,data-node-07,9.9.2.154,elasticsearch_os_load5,0.43
2023/4/13 6:48,1681339727,cc-cc408-hya,data-node-07,9.9.2.154,elasticsearch_os_load5,0.41
2023/4/13 6:49,1681339787,cc-cc408-hya,data-node-07,9.9.2.154,elasticsearch_os_load5,0.48
2023/4/13 6:50,1681339847,cc-cc408-hya,data-node-07,9.9.2.154,elasticsearch_os_load5,0.55
2023/4/13 6:51,1681339907,cc-cc408-hya,data-node-07,9.9.2.154,elasticsearch_os_load5,0.62
2023/4/13 6:52,1681339967,cc-cc408-hya,data-node-07,9.9.2.154,elasticsearch_os_load5,0.61
2023/4/13 6:53,1681340027,cc-cc408-hya,data-node-07,9.9.2.154,elasticsearch_os_load5,0.69
2023/4/13 6:54,1681340087,cc-cc408-hya,data-node-07,9.9.2.154,elasticsearch_os_load5,0.68
2023/4/13 6:55,1681340147,cc-cc408-hya,data-node-07,9.9.2.154,elasticsearch_os_load5,0.58
2023/4/13 6:56,1681340207,cc-cc408-hya,data-node-07,9.9.2.154,elasticsearch_os_load5,0.56
2023/4/13 6:57,1681340267,cc-cc408-hya,data-node-07,9.9.2.154,elasticsearch_os_load5,0.56
2023/4/13 6:58,1681340327,cc-cc408-hya,data-node-07,9.9.2.154,elasticsearch_os_load5,0.71
2023/4/13 6:59,1681340387,cc-cc408-hya,data-node-07,9.9.2.154,elasticsearch_os_load5,0.77
2023/4/13 7:00,1681340447,cc-cc408-hya,data-node-07,9.9.2.154,elasticsearch_os_load5,0.9
2023/4/13 7:01,1681340507,cc-cc408-hya,data-node-07,9.9.2.154,elasticsearch_os_load5,0.91
2023/4/13 7:02,1681340567,cc-cc408-hya,data-node-07,9.9.2.154,elasticsearch_os_load5,0.79
2023/4/13 7:03,1681340627,cc-cc408-hya,data-node-07,9.9.2.154,elasticsearch_os_load5,0.77
2023/4/13 7:04,1681340687,cc-cc408-hya,data-node-07,9.9.2.154,elasticsearch_os_load5,0.69
2023/4/13 7:05,1681340747,cc-cc408-hya,data-node-07,9.9.2.154,elasticsearch_os_load5,0.62
2023/4/13 7:06,1681340807,cc-cc408-hya,data-node-07,9.9.2.154,elasticsearch_os_load5,0.65
2023/4/13 7:07,1681340867,cc-cc408-hya,data-node-07,9.9.2.154,elasticsearch_os_load5,0.71
2023/4/13 7:08,1681340927,cc-cc408-hya,data-node-07,9.9.2.154,elasticsearch_os_load5,0.67
2023/4/13 7:09,1681340987,cc-cc408-hya,data-node-07,9.9.2.154,elasticsearch_os_load5,0.64
2023/4/13 7:10,1681341047,cc-cc408-hya,data-node-07,9.9.2.154,elasticsearch_os_load5,0.7
2023/4/13 7:11,1681341107,cc-cc408-hya,data-node-07,9.9.2.154,elasticsearch_os_load5,0.66
2023/4/13 7:12,1681341167,cc-cc408-hya,data-node-07,9.9.2.154,elasticsearch_os_load5,0.6
2023/4/13 7:13,1681341227,cc-cc408-hya,data-node-07,9.9.2.154,elasticsearch_os_load5,0.57
2023/4/13 7:14,1681341287,cc-cc408-hya,data-node-07,9.9.2.154,elasticsearch_os_load5,0.57
2023/4/13 7:15,1681341347,cc-cc408-hya,data-node-07,9.9.2.154,elasticsearch_os_load5,0.53
2023/4/13 7:16,1681341407,cc-cc408-hya,data-node-07,9.9.2.154,elasticsearch_os_load5,0.5
2023/4/13 7:17,1681341467,cc-cc408-hya,data-node-07,9.9.2.154,elasticsearch_os_load5,0.48
2023/4/13 7:18,1681341527,cc-cc408-hya,data-node-07,9.9.2.154,elasticsearch_os_load5,0.43
2023/4/13 7:19,1681341587,cc-cc408-hya,data-node-07,9.9.2.154,elasticsearch_os_load5,0.41
2023/4/13 7:20,1681341647,cc-cc408-hya,data-node-07,9.9.2.154,elasticsearch_os_load5,0.4
2023/4/13 7:21,1681341707,cc-cc408-hya,data-node-07,9.9.2.154,elasticsearch_os_load5,0.39
2023/4/13 7:22,1681341767,cc-cc408-hya,data-node-07,9.9.2.154,elasticsearch_os_load5,0.36
2023/4/13 7:23,1681341827,cc-cc408-hya,data-node-07,9.9.2.154,elasticsearch_os_load5,0.35
2023/4/13 7:24,1681341887,cc-cc408-hya,data-node-07,9.9.2.154,elasticsearch_os_load5,0.37
2023/4/13 7:25,1681341947,cc-cc408-hya,data-node-07,9.9.2.154,elasticsearch_os_load5,0.34
2023/4/13 7:26,1681342007,cc-cc408-hya,data-node-07,9.9.2.154,elasticsearch_os_load5,0.41
2023/4/13 7:27,1681342067,cc-cc408-hya,data-node-07,9.9.2.154,elasticsearch_os_load5,0.42
2023/4/13 7:28,1681342127,cc-cc408-hya,data-node-07,9.9.2.154,elasticsearch_os_load5,0.42
2023/4/13 7:29,1681342187,cc-cc408-hya,data-node-07,9.9.2.154,elasticsearch_os_load5,0.39
2023/4/13 7:30,1681342247,cc-cc408-hya,data-node-07,9.9.2.154,elasticsearch_os_load5,0.39
2023/4/13 7:31,1681342307,cc-cc408-hya,data-node-07,9.9.2.154,elasticsearch_os_load5,0.38
2023/4/13 7:32,1681342367,cc-cc408-hya,data-node-07,9.9.2.154,elasticsearch_os_load5,0.38
2023/4/13 7:33,1681342427,cc-cc408-hya,data-node-07,9.9.2.154,elasticsearch_os_load5,0.36
2023/4/13 7:34,1681342487,cc-cc408-hya,data-node-07,9.9.2.154,elasticsearch_os_load5,0.39
2023/4/13 7:35,1681342547,cc-cc408-hya,data-node-07,9.9.2.154,elasticsearch_os_load5,0.48
2023/4/13 7:36,1681342607,cc-cc408-hya,data-node-07,9.9.2.154,elasticsearch_os_load5,0.57
2023/4/13 7:37,1681342667,cc-cc408-hya,data-node-07,9.9.2.154,elasticsearch_os_load5,0.55
2023/4/13 7:38,1681342727,cc-cc408-hya,data-node-07,9.9.2.154,elasticsearch_os_load5,0.58
2023/4/13 7:39,1681342787,cc-cc408-hya,data-node-07,9.9.2.154,elasticsearch_os_load5,0.55
2023/4/13 7:40,1681342847,cc-cc408-hya,data-node-07,9.9.2.154,elasticsearch_os_load5,0.77
2023/4/13 7:41,1681342907,cc-cc408-hya,data-node-07,9.9.2.154,elasticsearch_os_load5,1.01
2023/4/13 7:42,1681342967,cc-cc408-hya,data-node-07,9.9.2.154,elasticsearch_os_load5,1.01
2023/4/13 7:43,1681343027,cc-cc408-hya,data-node-07,9.9.2.154,elasticsearch_os_load5,0.85
2023/4/13 7:44,1681343087,cc-cc408-hya,data-node-07,9.9.2.154,elasticsearch_os_load5,0.76
2023/4/13 7:45,1681343147,cc-cc408-hya,data-node-07,9.9.2.154,elasticsearch_os_load5,0.77
2023/4/13 7:46,1681343207,cc-cc408-hya,data-node-07,9.9.2.154,elasticsearch_os_load5,0.72
2023/4/13 7:47,1681343267,cc-cc408-hya,data-node-07,9.9.2.154,elasticsearch_os_load5,0.72
2023/4/13 7:48,1681343327,cc-cc408-hya,data-node-07,9.9.2.154,elasticsearch_os_load5,0.67
2023/4/13 7:49,1681343387,cc-cc408-hya,data-node-07,9.9.2.154,elasticsearch_os_load5,0.65
2023/4/13 7:50,1681343447,cc-cc408-hya,data-node-07,9.9.2.154,elasticsearch_os_load5,0.63
2023/4/13 7:51,1681343507,cc-cc408-hya,data-node-07,9.9.2.154,elasticsearch_os_load5,0.62
2023/4/13 7:52,1681343567,cc-cc408-hya,data-node-07,9.9.2.154,elasticsearch_os_load5,0.76
2023/4/13 7:53,1681343627,cc-cc408-hya,data-node-07,9.9.2.154,elasticsearch_os_load5,0.91
2023/4/13 7:54,1681343687,cc-cc408-hya,data-node-07,9.9.2.154,elasticsearch_os_load5,0.82
2023/4/13 7:55,1681343747,cc-cc408-hya,data-node-07,9.9.2.154,elasticsearch_os_load5,0.71
2023/4/13 7:56,1681343807,cc-cc408-hya,data-node-07,9.9.2.154,elasticsearch_os_load5,0.73
2023/4/13 7:57,1681343867,cc-cc408-hya,data-node-07,9.9.2.154,elasticsearch_os_load5,0.82
2023/4/13 7:58,1681343927,cc-cc408-hya,data-node-07,9.9.2.154,elasticsearch_os_load5,0.7
2023/4/13 7:59,1681343987,cc-cc408-hya,data-node-07,9.9.2.154,elasticsearch_os_load5,0.74
2023/4/13 8:00,1681344047,cc-cc408-hya,data-node-07,9.9.2.154,elasticsearch_os_load5,1.1
2023/4/13 8:01,1681344107,cc-cc408-hya,data-node-07,9.9.2.154,elasticsearch_os_load5,1.08
2023/4/13 8:02,1681344167,cc-cc408-hya,data-node-07,9.9.2.154,elasticsearch_os_load5,1.21
2023/4/13 8:03,1681344227,cc-cc408-hya,data-node-07,9.9.2.154,elasticsearch_os_load5,1.27
2023/4/13 8:04,1681344287,cc-cc408-hya,data-node-07,9.9.2.154,elasticsearch_os_load5,1.39
2023/4/13 8:05,1681344347,cc-cc408-hya,data-node-07,9.9.2.154,elasticsearch_os_load5,1.38
2023/4/13 8:06,1681344407,cc-cc408-hya,data-node-07,9.9.2.154,elasticsearch_os_load5,1.37
2023/4/13 8:07,1681344467,cc-cc408-hya,data-node-07,9.9.2.154,elasticsearch_os_load5,1.94
2023/4/13 8:08,1681344527,cc-cc408-hya,data-node-07,9.9.2.154,elasticsearch_os_load5,2.45
2023/4/13 8:09,1681344587,cc-cc408-hya,data-node-07,9.9.2.154,elasticsearch_os_load5,2.47
2023/4/13 8:10,1681344647,cc-cc408-hya,data-node-07,9.9.2.154,elasticsearch_os_load5,2.11
2023/4/13 8:11,1681344707,cc-cc408-hya,data-node-07,9.9.2.154,elasticsearch_os_load5,1.85
2023/4/13 8:12,1681344767,cc-cc408-hya,data-node-07,9.9.2.154,elasticsearch_os_load5,1.69
2023/4/13 8:13,1681344827,cc-cc408-hya,data-node-07,9.9.2.154,elasticsearch_os_load5,1.58
2023/4/13 8:14,1681344887,cc-cc408-hya,data-node-07,9.9.2.154,elasticsearch_os_load5,1.49
2023/4/13 8:15,1681344947,cc-cc408-hya,data-node-07,9.9.2.154,elasticsearch_os_load5,1.41
2023/4/13 8:16,1681345007,cc-cc408-hya,data-node-07,9.9.2.154,elasticsearch_os_load5,1.36
2023/4/13 8:17,1681345067,cc-cc408-hya,data-node-07,9.9.2.154,elasticsearch_os_load5,1.46
2023/4/13 8:18,1681345127,cc-cc408-hya,data-node-07,9.9.2.154,elasticsearch_os_load5,1.54
2023/4/13 8:19,1681345187,cc-cc408-hya,data-node-07,9.9.2.154,elasticsearch_os_load5,1.49
2023/4/13 8:20,1681345247,cc-cc408-hya,data-node-07,9.9.2.154,elasticsearch_os_load5,1.38
2023/4/13 8:21,1681345307,cc-cc408-hya,data-node-07,9.9.2.154,elasticsearch_os_load5,1.39
2023/4/13 8:22,1681345367,cc-cc408-hya,data-node-07,9.9.2.154,elasticsearch_os_load5,1.39
2023/4/13 8:23,1681345427,cc-cc408-hya,data-node-07,9.9.2.154,elasticsearch_os_load5,1.58
2023/4/13 8:24,1681345487,cc-cc408-hya,data-node-07,9.9.2.154,elasticsearch_os_load5,1.55
2023/4/13 8:25,1681345547,cc-cc408-hya,data-node-07,9.9.2.154,elasticsearch_os_load5,1.71
2023/4/13 8:26,1681345607,cc-cc408-hya,data-node-07,9.9.2.154,elasticsearch_os_load5,1.71
2023/4/13 8:27,1681345667,cc-cc408-hya,data-node-07,9.9.2.154,elasticsearch_os_load5,1.64
2023/4/13 8:28,1681345727,cc-cc408-hya,data-node-07,9.9.2.154,elasticsearch_os_load5,1.62
2023/4/13 8:29,1681345787,cc-cc408-hya,data-node-07,9.9.2.154,elasticsearch_os_load5,1.49
2023/4/13 8:30,1681345847,cc-cc408-hya,data-node-07,9.9.2.154,elasticsearch_os_load5,1.56
2023/4/13 8:31,1681345907,cc-cc408-hya,data-node-07,9.9.2.154,elasticsearch_os_load5,1.5
2023/4/13 8:32,1681345967,cc-cc408-hya,data-node-07,9.9.2.154,elasticsearch_os_load5,1.54
2023/4/13 8:33,1681346027,cc-cc408-hya,data-node-07,9.9.2.154,elasticsearch_os_load5,1.59
2023/4/13 8:34,1681346087,cc-cc408-hya,data-node-07,9.9.2.154,elasticsearch_os_load5,1.66
2023/4/13 8:35,1681346147,cc-cc408-hya,data-node-07,9.9.2.154,elasticsearch_os_load5,1.55
2023/4/13 8:36,1681346207,cc-cc408-hya,data-node-07,9.9.2.154,elasticsearch_os_load5,1.59
2023/4/13 8:37,1681346267,cc-cc408-hya,data-node-07,9.9.2.154,elasticsearch_os_load5,1.5
2023/4/13 8:38,1681346327,cc-cc408-hya,data-node-07,9.9.2.154,elasticsearch_os_load5,1.59
2023/4/13 8:39,1681346387,cc-cc408-hya,data-node-07,9.9.2.154,elasticsearch_os_load5,1.68
2023/4/13 8:40,1681346447,cc-cc408-hya,data-node-07,9.9.2.154,elasticsearch_os_load5,1.6
2023/4/13 8:41,1681346507,cc-cc408-hya,data-node-07,9.9.2.154,elasticsearch_os_load5,1.6
2023/4/13 8:42,1681346567,cc-cc408-hya,data-node-07,9.9.2.154,elasticsearch_os_load5,1.68
2023/4/13 8:43,1681346627,cc-cc408-hya,data-node-07,9.9.2.154,elasticsearch_os_load5,1.76
2023/4/13 8:44,1681346687,cc-cc408-hya,data-node-07,9.9.2.154,elasticsearch_os_load5,1.72
2023/4/13 8:45,1681346747,cc-cc408-hya,data-node-07,9.9.2.154,elasticsearch_os_load5,1.69
2023/4/13 8:46,1681346807,cc-cc408-hya,data-node-07,9.9.2.154,elasticsearch_os_load5,1.65
2023/4/13 8:47,1681346867,cc-cc408-hya,data-node-07,9.9.2.154,elasticsearch_os_load5,1.64
2023/4/13 8:48,1681346927,cc-cc408-hya,data-node-07,9.9.2.154,elasticsearch_os_load5,1.66
2023/4/13 8:49,1681346987,cc-cc408-hya,data-node-07,9.9.2.154,elasticsearch_os_load5,1.66
2023/4/13 8:50,1681347047,cc-cc408-hya,data-node-07,9.9.2.154,elasticsearch_os_load5,1.6
2023/4/13 8:51,1681347107,cc-cc408-hya,data-node-07,9.9.2.154,elasticsearch_os_load5,1.73
2023/4/13 8:52,1681347167,cc-cc408-hya,data-node-07,9.9.2.154,elasticsearch_os_load5,1.69
2023/4/13 8:53,1681347227,cc-cc408-hya,data-node-07,9.9.2.154,elasticsearch_os_load5,1.75
2023/4/13 8:54,1681347287,cc-cc408-hya,data-node-07,9.9.2.154,elasticsearch_os_load5,1.84
2023/4/13 8:55,1681347347,cc-cc408-hya,data-node-07,9.9.2.154,elasticsearch_os_load5,1.89
2023/4/13 8:56,1681347407,cc-cc408-hya,data-node-07,9.9.2.154,elasticsearch_os_load5,2.1
2023/4/13 8:57,1681347467,cc-cc408-hya,data-node-07,9.9.2.154,elasticsearch_os_load5,2.13
2023/4/13 8:58,1681347527,cc-cc408-hya,data-node-07,9.9.2.154,elasticsearch_os_load5,2.22
2023/4/13 8:59,1681347587,cc-cc408-hya,data-node-07,9.9.2.154,elasticsearch_os_load5,2.2
2023/4/13 9:00,1681347647,cc-cc408-hya,data-node-07,9.9.2.154,elasticsearch_os_load5,2.17
2023/4/13 9:01,1681347707,cc-cc408-hya,data-node-07,9.9.2.154,elasticsearch_os_load5,2.17
2023/4/13 9:02,1681347767,cc-cc408-hya,data-node-07,9.9.2.154,elasticsearch_os_load5,2.38
2023/4/13 9:03,1681347827,cc-cc408-hya,data-node-07,9.9.2.154,elasticsearch_os_load5,2.52
2023/4/13 9:04,1681347887,cc-cc408-hya,data-node-07,9.9.2.154,elasticsearch_os_load5,2.63
2023/4/13 9:05,1681347947,cc-cc408-hya,data-node-07,9.9.2.154,elasticsearch_os_load5,2.84
2023/4/13 9:06,1681348007,cc-cc408-hya,data-node-07,9.9.2.154,elasticsearch_os_load5,2.93
2023/4/13 9:07,1681348067,cc-cc408-hya,data-node-07,9.9.2.154,elasticsearch_os_load5,2.97
2023/4/13 9:08,1681348127,cc-cc408-hya,data-node-07,9.9.2.154,elasticsearch_os_load5,2.86
2023/4/13 9:09,1681348187,cc-cc408-hya,data-node-07,9.9.2.154,elasticsearch_os_load5,3.04
2023/4/13 9:10,1681348247,cc-cc408-hya,data-node-07,9.9.2.154,elasticsearch_os_load5,3.19
2023/4/13 9:11,1681348307,cc-cc408-hya,data-node-07,9.9.2.154,elasticsearch_os_load5,3.16
2023/4/13 9:12,1681348367,cc-cc408-hya,data-node-07,9.9.2.154,elasticsearch_os_load5,3.4
2023/4/13 9:13,1681348427,cc-cc408-hya,data-node-07,9.9.2.154,elasticsearch_os_load5,3.58
2023/4/13 9:14,1681348487,cc-cc408-hya,data-node-07,9.9.2.154,elasticsearch_os_load5,3.57
2023/4/13 9:15,1681348547,cc-cc408-hya,data-node-07,9.9.2.154,elasticsearch_os_load5,3.63
2023/4/13 9:16,1681348607,cc-cc408-hya,data-node-07,9.9.2.154,elasticsearch_os_load5,3.58
2023/4/13 9:17,1681348667,cc-cc408-hya,data-node-07,9.9.2.154,elasticsearch_os_load5,3.47
2023/4/13 9:18,1681348727,cc-cc408-hya,data-node-07,9.9.2.154,elasticsearch_os_load5,3.41
2023/4/13 9:19,1681348787,cc-cc408-hya,data-node-07,9.9.2.154,elasticsearch_os_load5,3.3
2023/4/13 9:20,1681348847,cc-cc408-hya,data-node-07,9.9.2.154,elasticsearch_os_load5,3.51
2023/4/13 9:21,1681348907,cc-cc408-hya,data-node-07,9.9.2.154,elasticsearch_os_load5,3.54
2023/4/13 9:22,1681348967,cc-cc408-hya,data-node-07,9.9.2.154,elasticsearch_os_load5,3.57
2023/4/13 9:23,1681349027,cc-cc408-hya,data-node-07,9.9.2.154,elasticsearch_os_load5,3.62
2023/4/13 9:24,1681349087,cc-cc408-hya,data-node-07,9.9.2.154,elasticsearch_os_load5,3.6
2023/4/13 9:25,1681349147,cc-cc408-hya,data-node-07,9.9.2.154,elasticsearch_os_load5,3.57
2023/4/13 9:26,1681349207,cc-cc408-hya,data-node-07,9.9.2.154,elasticsearch_os_load5,3.72
2023/4/13 9:27,1681349267,cc-cc408-hya,data-node-07,9.9.2.154,elasticsearch_os_load5,3.64
2023/4/13 9:28,1681349327,cc-cc408-hya,data-node-07,9.9.2.154,elasticsearch_os_load5,3.54
2023/4/13 9:29,1681349387,cc-cc408-hya,data-node-07,9.9.2.154,elasticsearch_os_load5,3.83
2023/4/13 9:30,1681349447,cc-cc408-hya,data-node-07,9.9.2.154,elasticsearch_os_load5,4.17
2023/4/13 9:31,1681349507,cc-cc408-hya,data-node-07,9.9.2.154,elasticsearch_os_load5,3.94
2023/4/13 9:32,1681349567,cc-cc408-hya,data-node-07,9.9.2.154,elasticsearch_os_load5,3.85
2023/4/13 9:33,1681349627,cc-cc408-hya,data-node-07,9.9.2.154,elasticsearch_os_load5,3.84
2023/4/13 9:34,1681349687,cc-cc408-hya,data-node-07,9.9.2.154,elasticsearch_os_load5,3.81
2023/4/13 9:35,1681349747,cc-cc408-hya,data-node-07,9.9.2.154,elasticsearch_os_load5,3.66
2023/4/13 9:36,1681349807,cc-cc408-hya,data-node-07,9.9.2.154,elasticsearch_os_load5,3.41
2023/4/13 9:37,1681349867,cc-cc408-hya,data-node-07,9.9.2.154,elasticsearch_os_load5,3.59
2023/4/13 9:38,1681349927,cc-cc408-hya,data-node-07,9.9.2.154,elasticsearch_os_load5,3.55
2023/4/13 9:39,1681349987,cc-cc408-hya,data-node-07,9.9.2.154,elasticsearch_os_load5,3.44
2023/4/13 9:40,1681350047,cc-cc408-hya,data-node-07,9.9.2.154,elasticsearch_os_load5,3.7
2023/4/13 9:41,1681350107,cc-cc408-hya,data-node-07,9.9.2.154,elasticsearch_os_load5,3.73
2023/4/13 9:42,1681350167,cc-cc408-hya,data-node-07,9.9.2.154,elasticsearch_os_load5,3.91
2023/4/13 9:43,1681350227,cc-cc408-hya,data-node-07,9.9.2.154,elasticsearch_os_load5,4.01
2023/4/13 9:44,1681350287,cc-cc408-hya,data-node-07,9.9.2.154,elasticsearch_os_load5,3.91
2023/4/13 9:45,1681350347,cc-cc408-hya,data-node-07,9.9.2.154,elasticsearch_os_load5,3.77
2023/4/13 9:46,1681350407,cc-cc408-hya,data-node-07,9.9.2.154,elasticsearch_os_load5,3.74
2023/4/13 9:47,1681350467,cc-cc408-hya,data-node-07,9.9.2.154,elasticsearch_os_load5,3.87
2023/4/13 9:48,1681350527,cc-cc408-hya,data-node-07,9.9.2.154,elasticsearch_os_load5,3.91
2023/4/13 9:49,1681350587,cc-cc408-hya,data-node-07,9.9.2.154,elasticsearch_os_load5,4.61
2023/4/13 9:50,1681350647,cc-cc408-hya,data-node-07,9.9.2.154,elasticsearch_os_load5,4.42
2023/4/13 9:51,1681350707,cc-cc408-hya,data-node-07,9.9.2.154,elasticsearch_os_load5,4.39
2023/4/13 9:52,1681350767,cc-cc408-hya,data-node-07,9.9.2.154,elasticsearch_os_load5,4.26
2023/4/13 9:53,1681350827,cc-cc408-hya,data-node-07,9.9.2.154,elasticsearch_os_load5,4.37
2023/4/13 9:54,1681350887,cc-cc408-hya,data-node-07,9.9.2.154,elasticsearch_os_load5,4.28
2023/4/13 9:55,1681350947,cc-cc408-hya,data-node-07,9.9.2.154,elasticsearch_os_load5,4.44
2023/4/13 9:56,1681351007,cc-cc408-hya,data-node-07,9.9.2.154,elasticsearch_os_load5,4.81
2023/4/13 9:57,1681351067,cc-cc408-hya,data-node-07,9.9.2.154,elasticsearch_os_load5,5.08
2023/4/13 9:58,1681351127,cc-cc408-hya,data-node-07,9.9.2.154,elasticsearch_os_load5,5.16
2023/4/13 9:59,1681351187,cc-cc408-hya,data-node-07,9.9.2.154,elasticsearch_os_load5,5.25
2023/4/13 10:00,1681351247,cc-cc408-hya,data-node-07,9.9.2.154,elasticsearch_os_load5,5.08
2023/4/13 10:01,1681351307,cc-cc408-hya,data-node-07,9.9.2.154,elasticsearch_os_load5,4.62
2023/4/13 10:02,1681351367,cc-cc408-hya,data-node-07,9.9.2.154,elasticsearch_os_load5,4.26
2023/4/13 10:03,1681351427,cc-cc408-hya,data-node-07,9.9.2.154,elasticsearch_os_load5,4.09
2023/4/13 10:04,1681351487,cc-cc408-hya,data-node-07,9.9.2.154,elasticsearch_os_load5,4.07
2023/4/13 10:05,1681351547,cc-cc408-hya,data-node-07,9.9.2.154,elasticsearch_os_load5,4.01
2023/4/13 10:06,1681351607,cc-cc408-hya,data-node-07,9.9.2.154,elasticsearch_os_load5,3.85
2023/4/13 10:07,1681351667,cc-cc408-hya,data-node-07,9.9.2.154,elasticsearch_os_load5,3.79
2023/4/13 10:08,1681351727,cc-cc408-hya,data-node-07,9.9.2.154,elasticsearch_os_load5,3.66
2023/4/13 10:09,1681351787,cc-cc408-hya,data-node-07,9.9.2.154,elasticsearch_os_load5,4.1
2023/4/13 10:10,1681351847,cc-cc408-hya,data-node-07,9.9.2.154,elasticsearch_os_load5,4.01
2023/4/13 10:11,1681351907,cc-cc408-hya,data-node-07,9.9.2.154,elasticsearch_os_load5,3.98
2023/4/13 10:12,1681351967,cc-cc408-hya,data-node-07,9.9.2.154,elasticsearch_os_load5,3.94
2023/4/13 10:13,1681352027,cc-cc408-hya,data-node-07,9.9.2.154,elasticsearch_os_load5,3.94
2023/4/13 10:14,1681352087,cc-cc408-hya,data-node-07,9.9.2.154,elasticsearch_os_load5,3.9
2023/4/13 10:15,1681352147,cc-cc408-hya,data-node-07,9.9.2.154,elasticsearch_os_load5,3.86
2023/4/13 10:16,1681352207,cc-cc408-hya,data-node-07,9.9.2.154,elasticsearch_os_load5,3.65
2023/4/13 10:17,1681352267,cc-cc408-hya,data-node-07,9.9.2.154,elasticsearch_os_load5,3.5
2023/4/13 10:18,1681352327,cc-cc408-hya,data-node-07,9.9.2.154,elasticsearch_os_load5,3.11
2023/4/13 10:19,1681352387,cc-cc408-hya,data-node-07,9.9.2.154,elasticsearch_os_load5,3.24
2023/4/13 10:20,1681352447,cc-cc408-hya,data-node-07,9.9.2.154,elasticsearch_os_load5,3.35
2023/4/13 10:21,1681352507,cc-cc408-hya,data-node-07,9.9.2.154,elasticsearch_os_load5,3.38
2023/4/13 10:22,1681352567,cc-cc408-hya,data-node-07,9.9.2.154,elasticsearch_os_load5,3.51
2023/4/13 10:23,1681352627,cc-cc408-hya,data-node-07,9.9.2.154,elasticsearch_os_load5,3.63
2023/4/13 10:24,1681352687,cc-cc408-hya,data-node-07,9.9.2.154,elasticsearch_os_load5,3.61
2023/4/13 10:25,1681352747,cc-cc408-hya,data-node-07,9.9.2.154,elasticsearch_os_load5,3.69
2023/4/13 10:26,1681352807,cc-cc408-hya,data-node-07,9.9.2.154,elasticsearch_os_load5,3.74
2023/4/13 10:27,1681352867,cc-cc408-hya,data-node-07,9.9.2.154,elasticsearch_os_load5,3.74
2023/4/13 10:28,1681352927,cc-cc408-hya,data-node-07,9.9.2.154,elasticsearch_os_load5,3.89
2023/4/13 10:29,1681352987,cc-cc408-hya,data-node-07,9.9.2.154,elasticsearch_os_load5,3.81
2023/4/13 10:30,1681353047,cc-cc408-hya,data-node-07,9.9.2.154,elasticsearch_os_load5,3.82
2023/4/13 10:31,1681353107,cc-cc408-hya,data-node-07,9.9.2.154,elasticsearch_os_load5,4.16
2023/4/13 10:32,1681353167,cc-cc408-hya,data-node-07,9.9.2.154,elasticsearch_os_load5,4.48
2023/4/13 10:33,1681353227,cc-cc408-hya,data-node-07,9.9.2.154,elasticsearch_os_load5,4.32
2023/4/13 10:34,1681353287,cc-cc408-hya,data-node-07,9.9.2.154,elasticsearch_os_load5,4.94
2023/4/13 10:35,1681353347,cc-cc408-hya,data-node-07,9.9.2.154,elasticsearch_os_load5,4.59
2023/4/13 10:36,1681353407,cc-cc408-hya,data-node-07,9.9.2.154,elasticsearch_os_load5,4.55
2023/4/13 10:37,1681353467,cc-cc408-hya,data-node-07,9.9.2.154,elasticsearch_os_load5,4.47
2023/4/13 10:38,1681353527,cc-cc408-hya,data-node-07,9.9.2.154,elasticsearch_os_load5,4.12
2023/4/13 10:39,1681353587,cc-cc408-hya,data-node-07,9.9.2.154,elasticsearch_os_load5,4.04
2023/4/13 10:40,1681353647,cc-cc408-hya,data-node-07,9.9.2.154,elasticsearch_os_load5,4.16
2023/4/13 10:41,1681353707,cc-cc408-hya,data-node-07,9.9.2.154,elasticsearch_os_load5,4.41
2023/4/13 10:42,1681353767,cc-cc408-hya,data-node-07,9.9.2.154,elasticsearch_os_load5,4.08
2023/4/13 10:43,1681353827,cc-cc408-hya,data-node-07,9.9.2.154,elasticsearch_os_load5,3.88
2023/4/13 10:44,1681353887,cc-cc408-hya,data-node-07,9.9.2.154,elasticsearch_os_load5,4.01
2023/4/13 10:45,1681353947,cc-cc408-hya,data-node-07,9.9.2.154,elasticsearch_os_load5,4.16
2023/4/13 10:46,1681354007,cc-cc408-hya,data-node-07,9.9.2.154,elasticsearch_os_load5,4.49
2023/4/13 10:47,1681354067,cc-cc408-hya,data-node-07,9.9.2.154,elasticsearch_os_load5,4.48
2023/4/13 10:48,1681354127,cc-cc408-hya,data-node-07,9.9.2.154,elasticsearch_os_load5,4.87
2023/4/13 10:49,1681354187,cc-cc408-hya,data-node-07,9.9.2.154,elasticsearch_os_load5,4.8
2023/4/13 10:50,1681354247,cc-cc408-hya,data-node-07,9.9.2.154,elasticsearch_os_load5,4.61
2023/4/13 10:51,1681354307,cc-cc408-hya,data-node-07,9.9.2.154,elasticsearch_os_load5,4.43
2023/4/13 10:52,1681354367,cc-cc408-hya,data-node-07,9.9.2.154,elasticsearch_os_load5,4.43
2023/4/13 10:53,1681354427,cc-cc408-hya,data-node-07,9.9.2.154,elasticsearch_os_load5,4.45
2023/4/13 10:54,1681354487,cc-cc408-hya,data-node-07,9.9.2.154,elasticsearch_os_load5,4.45
2023/4/13 10:55,1681354547,cc-cc408-hya,data-node-07,9.9.2.154,elasticsearch_os_load5,4.23
2023/4/13 10:56,1681354607,cc-cc408-hya,data-node-07,9.9.2.154,elasticsearch_os_load5,4.18
2023/4/13 10:57,1681354667,cc-cc408-hya,data-node-07,9.9.2.154,elasticsearch_os_load5,4.16
2023/4/13 10:58,1681354727,cc-cc408-hya,data-node-07,9.9.2.154,elasticsearch_os_load5,3.88
2023/4/13 10:59,1681354787,cc-cc408-hya,data-node-07,9.9.2.154,elasticsearch_os_load5,4.12
2023/4/13 11:00,1681354847,cc-cc408-hya,data-node-07,9.9.2.154,elasticsearch_os_load5,4.14
2023/4/13 11:01,1681354907,cc-cc408-hya,data-node-07,9.9.2.154,elasticsearch_os_load5,4.45
2023/4/13 11:02,1681354967,cc-cc408-hya,data-node-07,9.9.2.154,elasticsearch_os_load5,4.27
2023/4/13 11:03,1681355027,cc-cc408-hya,data-node-07,9.9.2.154,elasticsearch_os_load5,4.1
2023/4/13 11:04,1681355087,cc-cc408-hya,data-node-07,9.9.2.154,elasticsearch_os_load5,3.98
2023/4/13 11:05,1681355147,cc-cc408-hya,data-node-07,9.9.2.154,elasticsearch_os_load5,4.01
2023/4/13 11:06,1681355207,cc-cc408-hya,data-node-07,9.9.2.154,elasticsearch_os_load5,4.22
2023/4/13 11:07,1681355267,cc-cc408-hya,data-node-07,9.9.2.154,elasticsearch_os_load5,4.46
2023/4/13 11:08,1681355327,cc-cc408-hya,data-node-07,9.9.2.154,elasticsearch_os_load5,4.5
2023/4/13 11:09,1681355387,cc-cc408-hya,data-node-07,9.9.2.154,elasticsearch_os_load5,4.31
2023/4/13 11:10,1681355447,cc-cc408-hya,data-node-07,9.9.2.154,elasticsearch_os_load5,4.15
2023/4/13 11:11,1681355507,cc-cc408-hya,data-node-07,9.9.2.154,elasticsearch_os_load5,4.03
2023/4/13 11:12,1681355567,cc-cc408-hya,data-node-07,9.9.2.154,elasticsearch_os_load5,4.95
2023/4/13 11:13,1681355627,cc-cc408-hya,data-node-07,9.9.2.154,elasticsearch_os_load5,4.96
2023/4/13 11:14,1681355687,cc-cc408-hya,data-node-07,9.9.2.154,elasticsearch_os_load5,5.32
2023/4/13 11:15,1681355747,cc-cc408-hya,data-node-07,9.9.2.154,elasticsearch_os_load5,5.2
2023/4/13 11:16,1681355807,cc-cc408-hya,data-node-07,9.9.2.154,elasticsearch_os_load5,5.13
2023/4/13 11:17,1681355867,cc-cc408-hya,data-node-07,9.9.2.154,elasticsearch_os_load5,5.34
2023/4/13 11:18,1681355927,cc-cc408-hya,data-node-07,9.9.2.154,elasticsearch_os_load5,5.06
2023/4/13 11:19,1681355987,cc-cc408-hya,data-node-07,9.9.2.154,elasticsearch_os_load5,5.52
2023/4/13 11:20,1681356047,cc-cc408-hya,data-node-07,9.9.2.154,elasticsearch_os_load5,5.36
2023/4/13 11:21,1681356107,cc-cc408-hya,data-node-07,9.9.2.154,elasticsearch_os_load5,5.29
2023/4/13 11:22,1681356167,cc-cc408-hya,data-node-07,9.9.2.154,elasticsearch_os_load5,4.97
2023/4/13 11:23,1681356227,cc-cc408-hya,data-node-07,9.9.2.154,elasticsearch_os_load5,4.84
2023/4/13 11:24,1681356287,cc-cc408-hya,data-node-07,9.9.2.154,elasticsearch_os_load5,4.85
2023/4/13 11:25,1681356347,cc-cc408-hya,data-node-07,9.9.2.154,elasticsearch_os_load5,4.52
2023/4/13 11:26,1681356407,cc-cc408-hya,data-node-07,9.9.2.154,elasticsearch_os_load5,4.49
2023/4/13 11:27,1681356467,cc-cc408-hya,data-node-07,9.9.2.154,elasticsearch_os_load5,4.54
2023/4/13 11:28,1681356527,cc-cc408-hya,data-node-07,9.9.2.154,elasticsearch_os_load5,4.68
2023/4/13 11:29,1681356587,cc-cc408-hya,data-node-07,9.9.2.154,elasticsearch_os_load5,4.62
2023/4/13 11:30,1681356647,cc-cc408-hya,data-node-07,9.9.2.154,elasticsearch_os_load5,4.63
2023/4/13 11:31,1681356707,cc-cc408-hya,data-node-07,9.9.2.154,elasticsearch_os_load5,4.61
2023/4/13 11:32,1681356767,cc-cc408-hya,data-node-07,9.9.2.154,elasticsearch_os_load5,4.51
2023/4/13 11:33,1681356827,cc-cc408-hya,data-node-07,9.9.2.154,elasticsearch_os_load5,4.29
2023/4/13 11:34,1681356887,cc-cc408-hya,data-node-07,9.9.2.154,elasticsearch_os_load5,4.2
2023/4/13 11:35,1681356947,cc-cc408-hya,data-node-07,9.9.2.154,elasticsearch_os_load5,4.09
2023/4/13 11:36,1681357007,cc-cc408-hya,data-node-07,9.9.2.154,elasticsearch_os_load5,4.34
2023/4/13 11:37,1681357067,cc-cc408-hya,data-node-07,9.9.2.154,elasticsearch_os_load5,4.08
2023/4/13 11:38,1681357127,cc-cc408-hya,data-node-07,9.9.2.154,elasticsearch_os_load5,4.07
2023/4/13 11:39,1681357187,cc-cc408-hya,data-node-07,9.9.2.154,elasticsearch_os_load5,3.85
2023/4/13 11:40,1681357247,cc-cc408-hya,data-node-07,9.9.2.154,elasticsearch_os_load5,3.95
2023/4/13 11:41,1681357307,cc-cc408-hya,data-node-07,9.9.2.154,elasticsearch_os_load5,3.92
2023/4/13 11:42,1681357367,cc-cc408-hya,data-node-07,9.9.2.154,elasticsearch_os_load5,4.39
2023/4/13 11:43,1681357427,cc-cc408-hya,data-node-07,9.9.2.154,elasticsearch_os_load5,4.29
2023/4/13 11:44,1681357487,cc-cc408-hya,data-node-07,9.9.2.154,elasticsearch_os_load5,4.18
2023/4/13 11:45,1681357547,cc-cc408-hya,data-node-07,9.9.2.154,elasticsearch_os_load5,4.65
2023/4/13 11:46,1681357607,cc-cc408-hya,data-node-07,9.9.2.154,elasticsearch_os_load5,4.71
2023/4/13 11:47,1681357667,cc-cc408-hya,data-node-07,9.9.2.154,elasticsearch_os_load5,4.6
2023/4/13 11:48,1681357727,cc-cc408-hya,data-node-07,9.9.2.154,elasticsearch_os_load5,4.55
2023/4/13 11:49,1681357787,cc-cc408-hya,data-node-07,9.9.2.154,elasticsearch_os_load5,4.33
2023/4/13 11:50,1681357847,cc-cc408-hya,data-node-07,9.9.2.154,elasticsearch_os_load5,4.46
2023/4/13 11:51,1681357907,cc-cc408-hya,data-node-07,9.9.2.154,elasticsearch_os_load5,4.4
2023/4/13 11:52,1681357967,cc-cc408-hya,data-node-07,9.9.2.154,elasticsearch_os_load5,4.46
2023/4/13 11:53,1681358027,cc-cc408-hya,data-node-07,9.9.2.154,elasticsearch_os_load5,4.33
2023/4/13 11:54,1681358087,cc-cc408-hya,data-node-07,9.9.2.154,elasticsearch_os_load5,3.96
2023/4/13 11:55,1681358147,cc-cc408-hya,data-node-07,9.9.2.154,elasticsearch_os_load5,4.15
2023/4/13 11:56,1681358207,cc-cc408-hya,data-node-07,9.9.2.154,elasticsearch_os_load5,4.41
2023/4/13 11:57,1681358267,cc-cc408-hya,data-node-07,9.9.2.154,elasticsearch_os_load5,4.26
2023/4/13 11:58,1681358327,cc-cc408-hya,data-node-07,9.9.2.154,elasticsearch_os_load5,4.41
2023/4/13 11:59,1681358387,cc-cc408-hya,data-node-07,9.9.2.154,elasticsearch_os_load5,4.49
2023/4/13 12:00,1681358447,cc-cc408-hya,data-node-07,9.9.2.154,elasticsearch_os_load5,4.54
2023/4/13 12:01,1681358507,cc-cc408-hya,data-node-07,9.9.2.154,elasticsearch_os_load5,4.3
2023/4/13 12:02,1681358567,cc-cc408-hya,data-node-07,9.9.2.154,elasticsearch_os_load5,4.04
2023/4/13 12:03,1681358627,cc-cc408-hya,data-node-07,9.9.2.154,elasticsearch_os_load5,3.95
2023/4/13 12:04,1681358687,cc-cc408-hya,data-node-07,9.9.2.154,elasticsearch_os_load5,3.9
2023/4/13 12:05,1681358747,cc-cc408-hya,data-node-07,9.9.2.154,elasticsearch_os_load5,3.77
2023/4/13 12:06,1681358807,cc-cc408-hya,data-node-07,9.9.2.154,elasticsearch_os_load5,3.57
2023/4/13 12:07,1681358867,cc-cc408-hya,data-node-07,9.9.2.154,elasticsearch_os_load5,3.66
2023/4/13 12:08,1681358927,cc-cc408-hya,data-node-07,9.9.2.154,elasticsearch_os_load5,3.59
2023/4/13 12:09,1681358987,cc-cc408-hya,data-node-07,9.9.2.154,elasticsearch_os_load5,3.42
2023/4/13 12:10,1681359047,cc-cc408-hya,data-node-07,9.9.2.154,elasticsearch_os_load5,3.41
2023/4/13 12:11,1681359107,cc-cc408-hya,data-node-07,9.9.2.154,elasticsearch_os_load5,3.35
2023/4/13 12:12,1681359167,cc-cc408-hya,data-node-07,9.9.2.154,elasticsearch_os_load5,3.45
2023/4/13 12:13,1681359227,cc-cc408-hya,data-node-07,9.9.2.154,elasticsearch_os_load5,3.53
2023/4/13 12:14,1681359287,cc-cc408-hya,data-node-07,9.9.2.154,elasticsearch_os_load5,3.44
2023/4/13 12:15,1681359347,cc-cc408-hya,data-node-07,9.9.2.154,elasticsearch_os_load5,3.37
2023/4/13 12:16,1681359407,cc-cc408-hya,data-node-07,9.9.2.154,elasticsearch_os_load5,3.21
2023/4/13 12:17,1681359467,cc-cc408-hya,data-node-07,9.9.2.154,elasticsearch_os_load5,3.07
2023/4/13 12:18,1681359527,cc-cc408-hya,data-node-07,9.9.2.154,elasticsearch_os_load5,3.11
2023/4/13 12:19,1681359587,cc-cc408-hya,data-node-07,9.9.2.154,elasticsearch_os_load5,3.15
2023/4/13 12:20,1681359647,cc-cc408-hya,data-node-07,9.9.2.154,elasticsearch_os_load5,3.05
2023/4/13 12:21,1681359707,cc-cc408-hya,data-node-07,9.9.2.154,elasticsearch_os_load5,3.14
2023/4/13 12:22,1681359767,cc-cc408-hya,data-node-07,9.9.2.154,elasticsearch_os_load5,3.06
2023/4/13 12:23,1681359827,cc-cc408-hya,data-node-07,9.9.2.154,elasticsearch_os_load5,3.47
2023/4/13 12:24,1681359887,cc-cc408-hya,data-node-07,9.9.2.154,elasticsearch_os_load5,3.37
2023/4/13 12:25,1681359947,cc-cc408-hya,data-node-07,9.9.2.154,elasticsearch_os_load5,3.32
2023/4/13 12:26,1681360007,cc-cc408-hya,data-node-07,9.9.2.154,elasticsearch_os_load5,3.29
2023/4/13 12:27,1681360067,cc-cc408-hya,data-node-07,9.9.2.154,elasticsearch_os_load5,3.64
2023/4/13 12:28,1681360127,cc-cc408-hya,data-node-07,9.9.2.154,elasticsearch_os_load5,3.52
2023/4/13 12:29,1681360187,cc-cc408-hya,data-node-07,9.9.2.154,elasticsearch_os_load5,3.48
2023/4/13 12:30,1681360247,cc-cc408-hya,data-node-07,9.9.2.154,elasticsearch_os_load5,3.28
2023/4/13 12:31,1681360307,cc-cc408-hya,data-node-07,9.9.2.154,elasticsearch_os_load5,3.1
2023/4/13 12:32,1681360367,cc-cc408-hya,data-node-07,9.9.2.154,elasticsearch_os_load5,3.04
2023/4/13 12:33,1681360427,cc-cc408-hya,data-node-07,9.9.2.154,elasticsearch_os_load5,2.74
2023/4/13 12:34,1681360487,cc-cc408-hya,data-node-07,9.9.2.154,elasticsearch_os_load5,2.89
2023/4/13 12:35,1681360547,cc-cc408-hya,data-node-07,9.9.2.154,elasticsearch_os_load5,2.84
2023/4/13 12:36,1681360607,cc-cc408-hya,data-node-07,9.9.2.154,elasticsearch_os_load5,2.74
2023/4/13 12:37,1681360667,cc-cc408-hya,data-node-07,9.9.2.154,elasticsearch_os_load5,3.14
2023/4/13 12:38,1681360727,cc-cc408-hya,data-node-07,9.9.2.154,elasticsearch_os_load5,3.2
2023/4/13 12:39,1681360787,cc-cc408-hya,data-node-07,9.9.2.154,elasticsearch_os_load5,3.5
2023/4/13 12:40,1681360847,cc-cc408-hya,data-node-07,9.9.2.154,elasticsearch_os_load5,3.52
2023/4/13 12:41,1681360907,cc-cc408-hya,data-node-07,9.9.2.154,elasticsearch_os_load5,3.51
2023/4/13 12:42,1681360967,cc-cc408-hya,data-node-07,9.9.2.154,elasticsearch_os_load5,3.61
2023/4/13 12:43,1681361027,cc-cc408-hya,data-node-07,9.9.2.154,elasticsearch_os_load5,3.67
2023/4/13 12:44,1681361087,cc-cc408-hya,data-node-07,9.9.2.154,elasticsearch_os_load5,3.63
2023/4/13 12:45,1681361147,cc-cc408-hya,data-node-07,9.9.2.154,elasticsearch_os_load5,3.66
2023/4/13 12:46,1681361207,cc-cc408-hya,data-node-07,9.9.2.154,elasticsearch_os_load5,3.41
2023/4/13 12:47,1681361267,cc-cc408-hya,data-node-07,9.9.2.154,elasticsearch_os_load5,3.41
2023/4/13 12:48,1681361327,cc-cc408-hya,data-node-07,9.9.2.154,elasticsearch_os_load5,3.44
2023/4/13 12:49,1681361387,cc-cc408-hya,data-node-07,9.9.2.154,elasticsearch_os_load5,4.01
2023/4/13 12:50,1681361447,cc-cc408-hya,data-node-07,9.9.2.154,elasticsearch_os_load5,3.72
2023/4/13 12:51,1681361507,cc-cc408-hya,data-node-07,9.9.2.154,elasticsearch_os_load5,3.65
2023/4/13 12:52,1681361567,cc-cc408-hya,data-node-07,9.9.2.154,elasticsearch_os_load5,3.71
2023/4/13 12:53,1681361627,cc-cc408-hya,data-node-07,9.9.2.154,elasticsearch_os_load5,3.53
2023/4/13 12:54,1681361687,cc-cc408-hya,data-node-07,9.9.2.154,elasticsearch_os_load5,3.43
2023/4/13 12:55,1681361747,cc-cc408-hya,data-node-07,9.9.2.154,elasticsearch_os_load5,3.58
2023/4/13 12:56,1681361807,cc-cc408-hya,data-node-07,9.9.2.154,elasticsearch_os_load5,3.36
2023/4/13 12:57,1681361867,cc-cc408-hya,data-node-07,9.9.2.154,elasticsearch_os_load5,3.47
2023/4/13 12:58,1681361927,cc-cc408-hya,data-node-07,9.9.2.154,elasticsearch_os_load5,3.36
2023/4/13 12:59,1681361987,cc-cc408-hya,data-node-07,9.9.2.154,elasticsearch_os_load5,3.03
2023/4/13 13:00,1681362047,cc-cc408-hya,data-node-07,9.9.2.154,elasticsearch_os_load5,2.84
2023/4/13 13:01,1681362107,cc-cc408-hya,data-node-07,9.9.2.154,elasticsearch_os_load5,2.64
2023/4/13 13:02,1681362167,cc-cc408-hya,data-node-07,9.9.2.154,elasticsearch_os_load5,2.52
2023/4/13 13:03,1681362227,cc-cc408-hya,data-node-07,9.9.2.154,elasticsearch_os_load5,2.59
2023/4/13 13:04,1681362287,cc-cc408-hya,data-node-07,9.9.2.154,elasticsearch_os_load5,2.83
2023/4/13 13:05,1681362347,cc-cc408-hya,data-node-07,9.9.2.154,elasticsearch_os_load5,2.85
2023/4/13 13:06,1681362407,cc-cc408-hya,data-node-07,9.9.2.154,elasticsearch_os_load5,2.82
2023/4/13 13:07,1681362467,cc-cc408-hya,data-node-07,9.9.2.154,elasticsearch_os_load5,2.88
2023/4/13 13:08,1681362527,cc-cc408-hya,data-node-07,9.9.2.154,elasticsearch_os_load5,2.71
2023/4/13 13:09,1681362587,cc-cc408-hya,data-node-07,9.9.2.154,elasticsearch_os_load5,2.54
2023/4/13 13:10,1681362647,cc-cc408-hya,data-node-07,9.9.2.154,elasticsearch_os_load5,2.69
2023/4/13 13:11,1681362707,cc-cc408-hya,data-node-07,9.9.2.154,elasticsearch_os_load5,2.68
2023/4/13 13:12,1681362767,cc-cc408-hya,data-node-07,9.9.2.154,elasticsearch_os_load5,2.68
2023/4/13 13:13,1681362827,cc-cc408-hya,data-node-07,9.9.2.154,elasticsearch_os_load5,2.74
2023/4/13 13:14,1681362887,cc-cc408-hya,data-node-07,9.9.2.154,elasticsearch_os_load5,2.86
2023/4/13 13:15,1681362947,cc-cc408-hya,data-node-07,9.9.2.154,elasticsearch_os_load5,2.62
2023/4/13 13:16,1681363007,cc-cc408-hya,data-node-07,9.9.2.154,elasticsearch_os_load5,2.67
2023/4/13 13:17,1681363067,cc-cc408-hya,data-node-07,9.9.2.154,elasticsearch_os_load5,2.75
2023/4/13 13:18,1681363127,cc-cc408-hya,data-node-07,9.9.2.154,elasticsearch_os_load5,2.74
2023/4/13 13:19,1681363187,cc-cc408-hya,data-node-07,9.9.2.154,elasticsearch_os_load5,3
2023/4/13 13:20,1681363247,cc-cc408-hya,data-node-07,9.9.2.154,elasticsearch_os_load5,3.1
2023/4/13 13:21,1681363307,cc-cc408-hya,data-node-07,9.9.2.154,elasticsearch_os_load5,3.23
2023/4/13 13:22,1681363367,cc-cc408-hya,data-node-07,9.9.2.154,elasticsearch_os_load5,3.18
2023/4/13 13:23,1681363427,cc-cc408-hya,data-node-07,9.9.2.154,elasticsearch_os_load5,2.9
2023/4/13 13:24,1681363487,cc-cc408-hya,data-node-07,9.9.2.154,elasticsearch_os_load5,2.92
2023/4/13 13:25,1681363547,cc-cc408-hya,data-node-07,9.9.2.154,elasticsearch_os_load5,2.75
2023/4/13 13:26,1681363607,cc-cc408-hya,data-node-07,9.9.2.154,elasticsearch_os_load5,2.69
2023/4/13 13:27,1681363667,cc-cc408-hya,data-node-07,9.9.2.154,elasticsearch_os_load5,2.63
2023/4/13 13:28,1681363727,cc-cc408-hya,data-node-07,9.9.2.154,elasticsearch_os_load5,3.4
2023/4/13 13:29,1681363787,cc-cc408-hya,data-node-07,9.9.2.154,elasticsearch_os_load5,3.36
2023/4/13 13:30,1681363847,cc-cc408-hya,data-node-07,9.9.2.154,elasticsearch_os_load5,3.19
2023/4/13 13:31,1681363907,cc-cc408-hya,data-node-07,9.9.2.154,elasticsearch_os_load5,3.12
2023/4/13 13:32,1681363967,cc-cc408-hya,data-node-07,9.9.2.154,elasticsearch_os_load5,3.09
2023/4/13 13:33,1681364027,cc-cc408-hya,data-node-07,9.9.2.154,elasticsearch_os_load5,2.9
2023/4/13 13:34,1681364087,cc-cc408-hya,data-node-07,9.9.2.154,elasticsearch_os_load5,2.96
2023/4/13 13:35,1681364147,cc-cc408-hya,data-node-07,9.9.2.154,elasticsearch_os_load5,3.01
2023/4/13 13:36,1681364207,cc-cc408-hya,data-node-07,9.9.2.154,elasticsearch_os_load5,3.12
2023/4/13 13:37,1681364267,cc-cc408-hya,data-node-07,9.9.2.154,elasticsearch_os_load5,3.2
2023/4/13 13:38,1681364327,cc-cc408-hya,data-node-07,9.9.2.154,elasticsearch_os_load5,3.24
2023/4/13 13:39,1681364387,cc-cc408-hya,data-node-07,9.9.2.154,elasticsearch_os_load5,3.14
2023/4/13 13:40,1681364447,cc-cc408-hya,data-node-07,9.9.2.154,elasticsearch_os_load5,3.06
2023/4/13 13:41,1681364507,cc-cc408-hya,data-node-07,9.9.2.154,elasticsearch_os_load5,3.01
2023/4/13 13:42,1681364567,cc-cc408-hya,data-node-07,9.9.2.154,elasticsearch_os_load5,3.03
2023/4/13 13:43,1681364627,cc-cc408-hya,data-node-07,9.9.2.154,elasticsearch_os_load5,3.15
2023/4/13 13:44,1681364687,cc-cc408-hya,data-node-07,9.9.2.154,elasticsearch_os_load5,3
2023/4/13 13:45,1681364747,cc-cc408-hya,data-node-07,9.9.2.154,elasticsearch_os_load5,3.06
2023/4/13 13:46,1681364807,cc-cc408-hya,data-node-07,9.9.2.154,elasticsearch_os_load5,3.04
2023/4/13 13:47,1681364867,cc-cc408-hya,data-node-07,9.9.2.154,elasticsearch_os_load5,3.1
2023/4/13 13:48,1681364927,cc-cc408-hya,data-node-07,9.9.2.154,elasticsearch_os_load5,3.12
2023/4/13 13:49,1681364987,cc-cc408-hya,data-node-07,9.9.2.154,elasticsearch_os_load5,3.27
2023/4/13 13:50,1681365047,cc-cc408-hya,data-node-07,9.9.2.154,elasticsearch_os_load5,3.14
2023/4/13 13:51,1681365107,cc-cc408-hya,data-node-07,9.9.2.154,elasticsearch_os_load5,3.25
2023/4/13 13:52,1681365167,cc-cc408-hya,data-node-07,9.9.2.154,elasticsearch_os_load5,3.1
2023/4/13 13:53,1681365227,cc-cc408-hya,data-node-07,9.9.2.154,elasticsearch_os_load5,3.23
2023/4/13 13:54,1681365287,cc-cc408-hya,data-node-07,9.9.2.154,elasticsearch_os_load5,3.34
2023/4/13 13:55,1681365347,cc-cc408-hya,data-node-07,9.9.2.154,elasticsearch_os_load5,3.51
2023/4/13 13:56,1681365407,cc-cc408-hya,data-node-07,9.9.2.154,elasticsearch_os_load5,3.91
2023/4/13 13:57,1681365467,cc-cc408-hya,data-node-07,9.9.2.154,elasticsearch_os_load5,3.73
2023/4/13 13:58,1681365527,cc-cc408-hya,data-node-07,9.9.2.154,elasticsearch_os_load5,3.73
2023/4/13 13:59,1681365587,cc-cc408-hya,data-node-07,9.9.2.154,elasticsearch_os_load5,4.1
2023/4/13 14:00,1681365647,cc-cc408-hya,data-node-07,9.9.2.154,elasticsearch_os_load5,4.28
2023/4/13 14:01,1681365707,cc-cc408-hya,data-node-07,9.9.2.154,elasticsearch_os_load5,4.12
2023/4/13 14:02,1681365767,cc-cc408-hya,data-node-07,9.9.2.154,elasticsearch_os_load5,4.2
2023/4/13 14:03,1681365827,cc-cc408-hya,data-node-07,9.9.2.154,elasticsearch_os_load5,4.14
2023/4/13 14:04,1681365887,cc-cc408-hya,data-node-07,9.9.2.154,elasticsearch_os_load5,3.96
2023/4/13 14:05,1681365947,cc-cc408-hya,data-node-07,9.9.2.154,elasticsearch_os_load5,4
2023/4/13 14:06,1681366007,cc-cc408-hya,data-node-07,9.9.2.154,elasticsearch_os_load5,3.95
2023/4/13 14:07,1681366067,cc-cc408-hya,data-node-07,9.9.2.154,elasticsearch_os_load5,3.99
2023/4/13 14:08,1681366127,cc-cc408-hya,data-node-07,9.9.2.154,elasticsearch_os_load5,4.06
2023/4/13 14:09,1681366187,cc-cc408-hya,data-node-07,9.9.2.154,elasticsearch_os_load5,3.85
2023/4/13 14:10,1681366247,cc-cc408-hya,data-node-07,9.9.2.154,elasticsearch_os_load5,3.97
2023/4/13 14:11,1681366307,cc-cc408-hya,data-node-07,9.9.2.154,elasticsearch_os_load5,4.02
2023/4/13 14:12,1681366367,cc-cc408-hya,data-node-07,9.9.2.154,elasticsearch_os_load5,3.92
2023/4/13 14:13,1681366427,cc-cc408-hya,data-node-07,9.9.2.154,elasticsearch_os_load5,4.08
2023/4/13 14:14,1681366487,cc-cc408-hya,data-node-07,9.9.2.154,elasticsearch_os_load5,3.94
2023/4/13 14:15,1681366547,cc-cc408-hya,data-node-07,9.9.2.154,elasticsearch_os_load5,3.99
2023/4/13 14:16,1681366607,cc-cc408-hya,data-node-07,9.9.2.154,elasticsearch_os_load5,3.99
2023/4/13 14:17,1681366667,cc-cc408-hya,data-node-07,9.9.2.154,elasticsearch_os_load5,3.75
2023/4/13 14:18,1681366727,cc-cc408-hya,data-node-07,9.9.2.154,elasticsearch_os_load5,3.88
2023/4/13 14:19,1681366787,cc-cc408-hya,data-node-07,9.9.2.154,elasticsearch_os_load5,3.96
2023/4/13 14:20,1681366847,cc-cc408-hya,data-node-07,9.9.2.154,elasticsearch_os_load5,4.7
2023/4/13 14:21,1681366907,cc-cc408-hya,data-node-07,9.9.2.154,elasticsearch_os_load5,4.67
2023/4/13 14:22,1681366967,cc-cc408-hya,data-node-07,9.9.2.154,elasticsearch_os_load5,4.41
2023/4/13 14:23,1681367027,cc-cc408-hya,data-node-07,9.9.2.154,elasticsearch_os_load5,4.33
2023/4/13 14:24,1681367087,cc-cc408-hya,data-node-07,9.9.2.154,elasticsearch_os_load5,4.3
2023/4/13 14:25,1681367147,cc-cc408-hya,data-node-07,9.9.2.154,elasticsearch_os_load5,4.22
2023/4/13 14:26,1681367207,cc-cc408-hya,data-node-07,9.9.2.154,elasticsearch_os_load5,4.15
2023/4/13 14:27,1681367267,cc-cc408-hya,data-node-07,9.9.2.154,elasticsearch_os_load5,4.12
2023/4/13 14:28,1681367327,cc-cc408-hya,data-node-07,9.9.2.154,elasticsearch_os_load5,4.14
2023/4/13 14:29,1681367387,cc-cc408-hya,data-node-07,9.9.2.154,elasticsearch_os_load5,4.23
2023/4/13 14:30,1681367447,cc-cc408-hya,data-node-07,9.9.2.154,elasticsearch_os_load5,4.26
2023/4/13 14:31,1681367507,cc-cc408-hya,data-node-07,9.9.2.154,elasticsearch_os_load5,4.11
2023/4/13 14:32,1681367567,cc-cc408-hya,data-node-07,9.9.2.154,elasticsearch_os_load5,4.18
2023/4/13 14:33,1681367627,cc-cc408-hya,data-node-07,9.9.2.154,elasticsearch_os_load5,4.2
2023/4/13 14:34,1681367687,cc-cc408-hya,data-node-07,9.9.2.154,elasticsearch_os_load5,4.26
2023/4/13 14:35,1681367747,cc-cc408-hya,data-node-07,9.9.2.154,elasticsearch_os_load5,4.13
2023/4/13 14:36,1681367807,cc-cc408-hya,data-node-07,9.9.2.154,elasticsearch_os_load5,4.27
2023/4/13 14:37,1681367867,cc-cc408-hya,data-node-07,9.9.2.154,elasticsearch_os_load5,4.27
2023/4/13 14:38,1681367927,cc-cc408-hya,data-node-07,9.9.2.154,elasticsearch_os_load5,4.28
2023/4/13 14:39,1681367987,cc-cc408-hya,data-node-07,9.9.2.154,elasticsearch_os_load5,4.12
2023/4/13 14:40,1681368047,cc-cc408-hya,data-node-07,9.9.2.154,elasticsearch_os_load5,3.91
2023/4/13 14:41,1681368107,cc-cc408-hya,data-node-07,9.9.2.154,elasticsearch_os_load5,4.19
2023/4/13 14:42,1681368167,cc-cc408-hya,data-node-07,9.9.2.154,elasticsearch_os_load5,4.01
2023/4/13 14:43,1681368227,cc-cc408-hya,data-node-07,9.9.2.154,elasticsearch_os_load5,4
2023/4/13 14:44,1681368287,cc-cc408-hya,data-node-07,9.9.2.154,elasticsearch_os_load5,3.95
2023/4/13 14:45,1681368347,cc-cc408-hya,data-node-07,9.9.2.154,elasticsearch_os_load5,4.17
2023/4/13 14:46,1681368407,cc-cc408-hya,data-node-07,9.9.2.154,elasticsearch_os_load5,4.33
2023/4/13 14:47,1681368467,cc-cc408-hya,data-node-07,9.9.2.154,elasticsearch_os_load5,4.63
2023/4/13 14:48,1681368527,cc-cc408-hya,data-node-07,9.9.2.154,elasticsearch_os_load5,4.48
2023/4/13 14:49,1681368587,cc-cc408-hya,data-node-07,9.9.2.154,elasticsearch_os_load5,4.32
2023/4/13 14:50,1681368647,cc-cc408-hya,data-node-07,9.9.2.154,elasticsearch_os_load5,5.22
2023/4/13 14:51,1681368707,cc-cc408-hya,data-node-07,9.9.2.154,elasticsearch_os_load5,4.96
2023/4/13 14:52,1681368767,cc-cc408-hya,data-node-07,9.9.2.154,elasticsearch_os_load5,5.54
2023/4/13 14:53,1681368827,cc-cc408-hya,data-node-07,9.9.2.154,elasticsearch_os_load5,5.25
2023/4/13 14:54,1681368887,cc-cc408-hya,data-node-07,9.9.2.154,elasticsearch_os_load5,5.58
2023/4/13 14:55,1681368947,cc-cc408-hya,data-node-07,9.9.2.154,elasticsearch_os_load5,5.26
2023/4/13 14:56,1681369007,cc-cc408-hya,data-node-07,9.9.2.154,elasticsearch_os_load5,5.72
2023/4/13 14:57,1681369067,cc-cc408-hya,data-node-07,9.9.2.154,elasticsearch_os_load5,5.41
2023/4/13 14:58,1681369127,cc-cc408-hya,data-node-07,9.9.2.154,elasticsearch_os_load5,4.79
2023/4/13 14:59,1681369187,cc-cc408-hya,data-node-07,9.9.2.154,elasticsearch_os_load5,4.69
2023/4/13 15:00,1681369247,cc-cc408-hya,data-node-07,9.9.2.154,elasticsearch_os_load5,4.51
2023/4/13 15:01,1681369307,cc-cc408-hya,data-node-07,9.9.2.154,elasticsearch_os_load5,4.52
2023/4/13 15:02,1681369367,cc-cc408-hya,data-node-07,9.9.2.154,elasticsearch_os_load5,4.59
2023/4/13 15:03,1681369427,cc-cc408-hya,data-node-07,9.9.2.154,elasticsearch_os_load5,4.96
2023/4/13 15:04,1681369487,cc-cc408-hya,data-node-07,9.9.2.154,elasticsearch_os_load5,5.01
2023/4/13 15:05,1681369547,cc-cc408-hya,data-node-07,9.9.2.154,elasticsearch_os_load5,5.37
2023/4/13 15:06,1681369607,cc-cc408-hya,data-node-07,9.9.2.154,elasticsearch_os_load5,5.04
2023/4/13 15:07,1681369667,cc-cc408-hya,data-node-07,9.9.2.154,elasticsearch_os_load5,5.05
2023/4/13 15:08,1681369727,cc-cc408-hya,data-node-07,9.9.2.154,elasticsearch_os_load5,4.99
2023/4/13 15:09,1681369787,cc-cc408-hya,data-node-07,9.9.2.154,elasticsearch_os_load5,4.94
2023/4/13 15:10,1681369847,cc-cc408-hya,data-node-07,9.9.2.154,elasticsearch_os_load5,4.71
2023/4/13 15:11,1681369907,cc-cc408-hya,data-node-07,9.9.2.154,elasticsearch_os_load5,4.65
2023/4/13 15:12,1681369967,cc-cc408-hya,data-node-07,9.9.2.154,elasticsearch_os_load5,4.47
2023/4/13 15:13,1681370027,cc-cc408-hya,data-node-07,9.9.2.154,elasticsearch_os_load5,4.54
2023/4/13 15:14,1681370087,cc-cc408-hya,data-node-07,9.9.2.154,elasticsearch_os_load5,4.9
2023/4/13 15:15,1681370147,cc-cc408-hya,data-node-07,9.9.2.154,elasticsearch_os_load5,4.55
2023/4/13 15:16,1681370207,cc-cc408-hya,data-node-07,9.9.2.154,elasticsearch_os_load5,4.42
2023/4/13 15:17,1681370267,cc-cc408-hya,data-node-07,9.9.2.154,elasticsearch_os_load5,4.36
2023/4/13 15:18,1681370327,cc-cc408-hya,data-node-07,9.9.2.154,elasticsearch_os_load5,4.1
2023/4/13 15:19,1681370387,cc-cc408-hya,data-node-07,9.9.2.154,elasticsearch_os_load5,3.86
2023/4/13 15:20,1681370447,cc-cc408-hya,data-node-07,9.9.2.154,elasticsearch_os_load5,4.14
2023/4/13 15:21,1681370507,cc-cc408-hya,data-node-07,9.9.2.154,elasticsearch_os_load5,4.16
2023/4/13 15:22,1681370567,cc-cc408-hya,data-node-07,9.9.2.154,elasticsearch_os_load5,4.18
2023/4/13 15:23,1681370627,cc-cc408-hya,data-node-07,9.9.2.154,elasticsearch_os_load5,4.79
2023/4/13 15:24,1681370687,cc-cc408-hya,data-node-07,9.9.2.154,elasticsearch_os_load5,4.58
2023/4/13 15:25,1681370747,cc-cc408-hya,data-node-07,9.9.2.154,elasticsearch_os_load5,4.57
2023/4/13 15:26,1681370807,cc-cc408-hya,data-node-07,9.9.2.154,elasticsearch_os_load5,4.59
2023/4/13 15:27,1681370867,cc-cc408-hya,data-node-07,9.9.2.154,elasticsearch_os_load5,4.52
2023/4/13 15:28,1681370927,cc-cc408-hya,data-node-07,9.9.2.154,elasticsearch_os_load5,4.83
2023/4/13 15:29,1681370987,cc-cc408-hya,data-node-07,9.9.2.154,elasticsearch_os_load5,4.88
2023/4/13 15:30,1681371047,cc-cc408-hya,data-node-07,9.9.2.154,elasticsearch_os_load5,4.86
2023/4/13 15:31,1681371107,cc-cc408-hya,data-node-07,9.9.2.154,elasticsearch_os_load5,4.85
2023/4/13 15:32,1681371167,cc-cc408-hya,data-node-07,9.9.2.154,elasticsearch_os_load5,4.95
2023/4/13 15:33,1681371227,cc-cc408-hya,data-node-07,9.9.2.154,elasticsearch_os_load5,4.88
2023/4/13 15:34,1681371287,cc-cc408-hya,data-node-07,9.9.2.154,elasticsearch_os_load5,4.67
2023/4/13 15:35,1681371347,cc-cc408-hya,data-node-07,9.9.2.154,elasticsearch_os_load5,4.59
2023/4/13 15:36,1681371407,cc-cc408-hya,data-node-07,9.9.2.154,elasticsearch_os_load5,4.65
2023/4/13 15:37,1681371467,cc-cc408-hya,data-node-07,9.9.2.154,elasticsearch_os_load5,4.56
2023/4/13 15:38,1681371527,cc-cc408-hya,data-node-07,9.9.2.154,elasticsearch_os_load5,4.45
2023/4/13 15:39,1681371587,cc-cc408-hya,data-node-07,9.9.2.154,elasticsearch_os_load5,4.65
2023/4/13 15:40,1681371647,cc-cc408-hya,data-node-07,9.9.2.154,elasticsearch_os_load5,4.86
2023/4/13 15:41,1681371707,cc-cc408-hya,data-node-07,9.9.2.154,elasticsearch_os_load5,4.6
2023/4/13 15:42,1681371767,cc-cc408-hya,data-node-07,9.9.2.154,elasticsearch_os_load5,4.8
2023/4/13 15:43,1681371827,cc-cc408-hya,data-node-07,9.9.2.154,elasticsearch_os_load5,4.91
2023/4/13 15:44,1681371887,cc-cc408-hya,data-node-07,9.9.2.154,elasticsearch_os_load5,4.98
2023/4/13 15:45,1681371947,cc-cc408-hya,data-node-07,9.9.2.154,elasticsearch_os_load5,4.96
2023/4/13 15:46,1681372007,cc-cc408-hya,data-node-07,9.9.2.154,elasticsearch_os_load5,4.97
2023/4/13 15:47,1681372067,cc-cc408-hya,data-node-07,9.9.2.154,elasticsearch_os_load5,4.86
2023/4/13 15:48,1681372127,cc-cc408-hya,data-node-07,9.9.2.154,elasticsearch_os_load5,4.74
2023/4/13 15:49,1681372187,cc-cc408-hya,data-node-07,9.9.2.154,elasticsearch_os_load5,4.62
2023/4/13 15:50,1681372247,cc-cc408-hya,data-node-07,9.9.2.154,elasticsearch_os_load5,4.32
2023/4/13 15:51,1681372307,cc-cc408-hya,data-node-07,9.9.2.154,elasticsearch_os_load5,4.4
2023/4/13 15:52,1681372367,cc-cc408-hya,data-node-07,9.9.2.154,elasticsearch_os_load5,4.27
2023/4/13 15:53,1681372427,cc-cc408-hya,data-node-07,9.9.2.154,elasticsearch_os_load5,4.22
2023/4/13 15:54,1681372487,cc-cc408-hya,data-node-07,9.9.2.154,elasticsearch_os_load5,4.19
2023/4/13 15:55,1681372547,cc-cc408-hya,data-node-07,9.9.2.154,elasticsearch_os_load5,4.21
2023/4/13 15:56,1681372607,cc-cc408-hya,data-node-07,9.9.2.154,elasticsearch_os_load5,4.61
2023/4/13 15:57,1681372667,cc-cc408-hya,data-node-07,9.9.2.154,elasticsearch_os_load5,4.53
2023/4/13 15:58,1681372727,cc-cc408-hya,data-node-07,9.9.2.154,elasticsearch_os_load5,4.75
2023/4/13 15:59,1681372787,cc-cc408-hya,data-node-07,9.9.2.154,elasticsearch_os_load5,5.12
2023/4/13 16:00,1681372847,cc-cc408-hya,data-node-07,9.9.2.154,elasticsearch_os_load5,5.1
2023/4/13 16:01,1681372907,cc-cc408-hya,data-node-07,9.9.2.154,elasticsearch_os_load5,4.97
2023/4/13 16:02,1681372967,cc-cc408-hya,data-node-07,9.9.2.154,elasticsearch_os_load5,4.81
2023/4/13 16:03,1681373027,cc-cc408-hya,data-node-07,9.9.2.154,elasticsearch_os_load5,4.68
2023/4/13 16:04,1681373087,cc-cc408-hya,data-node-07,9.9.2.154,elasticsearch_os_load5,4.9
2023/4/13 16:05,1681373147,cc-cc408-hya,data-node-07,9.9.2.154,elasticsearch_os_load5,4.81
2023/4/13 16:06,1681373207,cc-cc408-hya,data-node-07,9.9.2.154,elasticsearch_os_load5,4.77
2023/4/13 16:07,1681373267,cc-cc408-hya,data-node-07,9.9.2.154,elasticsearch_os_load5,4.88
2023/4/13 16:08,1681373327,cc-cc408-hya,data-node-07,9.9.2.154,elasticsearch_os_load5,4.95
2023/4/13 16:09,1681373387,cc-cc408-hya,data-node-07,9.9.2.154,elasticsearch_os_load5,4.78
2023/4/13 16:10,1681373447,cc-cc408-hya,data-node-07,9.9.2.154,elasticsearch_os_load5,4.97
2023/4/13 16:11,1681373507,cc-cc408-hya,data-node-07,9.9.2.154,elasticsearch_os_load5,5.35
2023/4/13 16:12,1681373567,cc-cc408-hya,data-node-07,9.9.2.154,elasticsearch_os_load5,5.5
2023/4/13 16:13,1681373627,cc-cc408-hya,data-node-07,9.9.2.154,elasticsearch_os_load5,5.51
2023/4/13 16:14,1681373687,cc-cc408-hya,data-node-07,9.9.2.154,elasticsearch_os_load5,5.25
2023/4/13 16:15,1681373747,cc-cc408-hya,data-node-07,9.9.2.154,elasticsearch_os_load5,5.1
2023/4/13 16:16,1681373807,cc-cc408-hya,data-node-07,9.9.2.154,elasticsearch_os_load5,5.32
2023/4/13 16:17,1681373867,cc-cc408-hya,data-node-07,9.9.2.154,elasticsearch_os_load5,5.27
2023/4/13 16:18,1681373927,cc-cc408-hya,data-node-07,9.9.2.154,elasticsearch_os_load5,5.04
2023/4/13 16:19,1681373987,cc-cc408-hya,data-node-07,9.9.2.154,elasticsearch_os_load5,5.08
2023/4/13 16:20,1681374047,cc-cc408-hya,data-node-07,9.9.2.154,elasticsearch_os_load5,4.93
2023/4/13 16:21,1681374107,cc-cc408-hya,data-node-07,9.9.2.154,elasticsearch_os_load5,5.03
2023/4/13 16:22,1681374167,cc-cc408-hya,data-node-07,9.9.2.154,elasticsearch_os_load5,4.91
2023/4/13 16:23,1681374227,cc-cc408-hya,data-node-07,9.9.2.154,elasticsearch_os_load5,4.86
2023/4/13 16:24,1681374287,cc-cc408-hya,data-node-07,9.9.2.154,elasticsearch_os_load5,4.77
2023/4/13 16:25,1681374347,cc-cc408-hya,data-node-07,9.9.2.154,elasticsearch_os_load5,4.83
2023/4/13 16:26,1681374407,cc-cc408-hya,data-node-07,9.9.2.154,elasticsearch_os_load5,4.85
2023/4/13 16:27,1681374467,cc-cc408-hya,data-node-07,9.9.2.154,elasticsearch_os_load5,4.81
2023/4/13 16:28,1681374527,cc-cc408-hya,data-node-07,9.9.2.154,elasticsearch_os_load5,5.38
2023/4/13 16:29,1681374587,cc-cc408-hya,data-node-07,9.9.2.154,elasticsearch_os_load5,5.31
2023/4/13 16:30,1681374647,cc-cc408-hya,data-node-07,9.9.2.154,elasticsearch_os_load5,5.43
2023/4/13 16:31,1681374707,cc-cc408-hya,data-node-07,9.9.2.154,elasticsearch_os_load5,5.17
2023/4/13 16:32,1681374767,cc-cc408-hya,data-node-07,9.9.2.154,elasticsearch_os_load5,5.03
2023/4/13 16:33,1681374827,cc-cc408-hya,data-node-07,9.9.2.154,elasticsearch_os_load5,4.81
2023/4/13 16:34,1681374887,cc-cc408-hya,data-node-07,9.9.2.154,elasticsearch_os_load5,5.49
2023/4/13 16:35,1681374947,cc-cc408-hya,data-node-07,9.9.2.154,elasticsearch_os_load5,5.1
2023/4/13 16:36,1681375007,cc-cc408-hya,data-node-07,9.9.2.154,elasticsearch_os_load5,4.87
2023/4/13 16:37,1681375067,cc-cc408-hya,data-node-07,9.9.2.154,elasticsearch_os_load5,4.84
2023/4/13 16:38,1681375127,cc-cc408-hya,data-node-07,9.9.2.154,elasticsearch_os_load5,5.27
2023/4/13 16:39,1681375187,cc-cc408-hya,data-node-07,9.9.2.154,elasticsearch_os_load5,5.18
2023/4/13 16:40,1681375247,cc-cc408-hya,data-node-07,9.9.2.154,elasticsearch_os_load5,5.25
2023/4/13 16:41,1681375307,cc-cc408-hya,data-node-07,9.9.2.154,elasticsearch_os_load5,5.35
2023/4/13 16:42,1681375367,cc-cc408-hya,data-node-07,9.9.2.154,elasticsearch_os_load5,5.24
2023/4/13 16:43,1681375427,cc-cc408-hya,data-node-07,9.9.2.154,elasticsearch_os_load5,5.41
2023/4/13 16:44,1681375487,cc-cc408-hya,data-node-07,9.9.2.154,elasticsearch_os_load5,5.56
2023/4/13 16:45,1681375547,cc-cc408-hya,data-node-07,9.9.2.154,elasticsearch_os_load5,5.31
2023/4/13 16:46,1681375607,cc-cc408-hya,data-node-07,9.9.2.154,elasticsearch_os_load5,5.11
2023/4/13 16:47,1681375667,cc-cc408-hya,data-node-07,9.9.2.154,elasticsearch_os_load5,4.82
2023/4/13 16:48,1681375727,cc-cc408-hya,data-node-07,9.9.2.154,elasticsearch_os_load5,4.63
2023/4/13 16:49,1681375787,cc-cc408-hya,data-node-07,9.9.2.154,elasticsearch_os_load5,4.83
2023/4/13 16:50,1681375847,cc-cc408-hya,data-node-07,9.9.2.154,elasticsearch_os_load5,4.8
2023/4/13 16:51,1681375907,cc-cc408-hya,data-node-07,9.9.2.154,elasticsearch_os_load5,4.79
2023/4/13 16:52,1681375967,cc-cc408-hya,data-node-07,9.9.2.154,elasticsearch_os_load5,5.3
2023/4/13 16:53,1681376027,cc-cc408-hya,data-node-07,9.9.2.154,elasticsearch_os_load5,5.59
2023/4/13 16:54,1681376087,cc-cc408-hya,data-node-07,9.9.2.154,elasticsearch_os_load5,5.67
2023/4/13 16:55,1681376147,cc-cc408-hya,data-node-07,9.9.2.154,elasticsearch_os_load5,6
2023/4/13 16:56,1681376207,cc-cc408-hya,data-node-07,9.9.2.154,elasticsearch_os_load5,5.84
2023/4/13 16:57,1681376267,cc-cc408-hya,data-node-07,9.9.2.154,elasticsearch_os_load5,6.02
2023/4/13 16:58,1681376327,cc-cc408-hya,data-node-07,9.9.2.154,elasticsearch_os_load5,5.8
2023/4/13 16:59,1681376387,cc-cc408-hya,data-node-07,9.9.2.154,elasticsearch_os_load5,5.58
2023/4/13 17:00,1681376447,cc-cc408-hya,data-node-07,9.9.2.154,elasticsearch_os_load5,5.26
2023/4/13 17:01,1681376507,cc-cc408-hya,data-node-07,9.9.2.154,elasticsearch_os_load5,5.22
2023/4/13 17:02,1681376567,cc-cc408-hya,data-node-07,9.9.2.154,elasticsearch_os_load5,5.44
2023/4/13 17:03,1681376627,cc-cc408-hya,data-node-07,9.9.2.154,elasticsearch_os_load5,5.52
2023/4/13 17:04,1681376687,cc-cc408-hya,data-node-07,9.9.2.154,elasticsearch_os_load5,5.79
2023/4/13 17:05,1681376747,cc-cc408-hya,data-node-07,9.9.2.154,elasticsearch_os_load5,5.43
2023/4/13 17:06,1681376807,cc-cc408-hya,data-node-07,9.9.2.154,elasticsearch_os_load5,5.15
2023/4/13 17:07,1681376867,cc-cc408-hya,data-node-07,9.9.2.154,elasticsearch_os_load5,5.41
2023/4/13 17:08,1681376927,cc-cc408-hya,data-node-07,9.9.2.154,elasticsearch_os_load5,5.25
2023/4/13 17:09,1681376987,cc-cc408-hya,data-node-07,9.9.2.154,elasticsearch_os_load5,5.22
2023/4/13 17:10,1681377047,cc-cc408-hya,data-node-07,9.9.2.154,elasticsearch_os_load5,5.42
2023/4/13 17:11,1681377107,cc-cc408-hya,data-node-07,9.9.2.154,elasticsearch_os_load5,5.54
2023/4/13 17:12,1681377167,cc-cc408-hya,data-node-07,9.9.2.154,elasticsearch_os_load5,5.25
2023/4/13 17:13,1681377227,cc-cc408-hya,data-node-07,9.9.2.154,elasticsearch_os_load5,5.3
2023/4/13 17:14,1681377287,cc-cc408-hya,data-node-07,9.9.2.154,elasticsearch_os_load5,5.09
2023/4/13 17:15,1681377347,cc-cc408-hya,data-node-07,9.9.2.154,elasticsearch_os_load5,4.95
2023/4/13 17:16,1681377407,cc-cc408-hya,data-node-07,9.9.2.154,elasticsearch_os_load5,4.82
2023/4/13 17:17,1681377467,cc-cc408-hya,data-node-07,9.9.2.154,elasticsearch_os_load5,4.72
2023/4/13 17:18,1681377527,cc-cc408-hya,data-node-07,9.9.2.154,elasticsearch_os_load5,4.84
2023/4/13 17:19,1681377587,cc-cc408-hya,data-node-07,9.9.2.154,elasticsearch_os_load5,4.94
2023/4/13 17:20,1681377647,cc-cc408-hya,data-node-07,9.9.2.154,elasticsearch_os_load5,5.08
2023/4/13 17:21,1681377707,cc-cc408-hya,data-node-07,9.9.2.154,elasticsearch_os_load5,5.51
2023/4/13 17:22,1681377767,cc-cc408-hya,data-node-07,9.9.2.154,elasticsearch_os_load5,5.22
2023/4/13 17:23,1681377827,cc-cc408-hya,data-node-07,9.9.2.154,elasticsearch_os_load5,5.29
2023/4/13 17:24,1681377887,cc-cc408-hya,data-node-07,9.9.2.154,elasticsearch_os_load5,5.23
2023/4/13 17:25,1681377947,cc-cc408-hya,data-node-07,9.9.2.154,elasticsearch_os_load5,5.25
2023/4/13 17:26,1681378007,cc-cc408-hya,data-node-07,9.9.2.154,elasticsearch_os_load5,5.4
2023/4/13 17:27,1681378067,cc-cc408-hya,data-node-07,9.9.2.154,elasticsearch_os_load5,6.03
2023/4/13 17:28,1681378127,cc-cc408-hya,data-node-07,9.9.2.154,elasticsearch_os_load5,5.52
2023/4/13 17:29,1681378187,cc-cc408-hya,data-node-07,9.9.2.154,elasticsearch_os_load5,6.24
2023/4/13 17:30,1681378247,cc-cc408-hya,data-node-07,9.9.2.154,elasticsearch_os_load5,6.23
2023/4/12 17:30,1681291847,cc-cc408-hya,data-node-12,9.9.2.154,elasticsearch_os_load5,4.23
2023/4/12 17:31,1681291907,cc-cc408-hya,data-node-12,9.9.2.154,elasticsearch_os_load5,4.1
2023/4/12 17:32,1681291967,cc-cc408-hya,data-node-12,9.9.2.154,elasticsearch_os_load5,3.91
2023/4/12 17:33,1681292027,cc-cc408-hya,data-node-12,9.9.2.154,elasticsearch_os_load5,4.37
2023/4/12 17:34,1681292087,cc-cc408-hya,data-node-12,9.9.2.154,elasticsearch_os_load5,4.93
2023/4/12 17:35,1681292147,cc-cc408-hya,data-node-12,9.9.2.154,elasticsearch_os_load5,5.16
2023/4/12 17:36,1681292207,cc-cc408-hya,data-node-12,9.9.2.154,elasticsearch_os_load5,5.16
2023/4/12 17:37,1681292267,cc-cc408-hya,data-node-12,9.9.2.154,elasticsearch_os_load5,5.03
2023/4/12 17:38,1681292327,cc-cc408-hya,data-node-12,9.9.2.154,elasticsearch_os_load5,4.68
2023/4/12 17:39,1681292387,cc-cc408-hya,data-node-12,9.9.2.154,elasticsearch_os_load5,4.7
2023/4/12 17:40,1681292447,cc-cc408-hya,data-node-12,9.9.2.154,elasticsearch_os_load5,5
2023/4/12 17:41,1681292507,cc-cc408-hya,data-node-12,9.9.2.154,elasticsearch_os_load5,5.53
2023/4/12 17:42,1681292567,cc-cc408-hya,data-node-12,9.9.2.154,elasticsearch_os_load5,5.49
2023/4/12 17:43,1681292627,cc-cc408-hya,data-node-12,9.9.2.154,elasticsearch_os_load5,5.3
2023/4/12 17:44,1681292687,cc-cc408-hya,data-node-12,9.9.2.154,elasticsearch_os_load5,4.92
2023/4/12 17:45,1681292747,cc-cc408-hya,data-node-12,9.9.2.154,elasticsearch_os_load5,4.82
2023/4/12 17:46,1681292807,cc-cc408-hya,data-node-12,9.9.2.154,elasticsearch_os_load5,4.77
2023/4/12 17:47,1681292867,cc-cc408-hya,data-node-12,9.9.2.154,elasticsearch_os_load5,4.62
2023/4/12 17:48,1681292927,cc-cc408-hya,data-node-12,9.9.2.154,elasticsearch_os_load5,4.56
2023/4/12 17:49,1681292987,cc-cc408-hya,data-node-12,9.9.2.154,elasticsearch_os_load5,4.36
2023/4/12 17:50,1681293047,cc-cc408-hya,data-node-12,9.9.2.154,elasticsearch_os_load5,4.39
2023/4/12 17:51,1681293107,cc-cc408-hya,data-node-12,9.9.2.154,elasticsearch_os_load5,4.48
2023/4/12 17:52,1681293167,cc-cc408-hya,data-node-12,9.9.2.154,elasticsearch_os_load5,4.66
2023/4/12 17:53,1681293227,cc-cc408-hya,data-node-12,9.9.2.154,elasticsearch_os_load5,4.41
2023/4/12 17:54,1681293287,cc-cc408-hya,data-node-12,9.9.2.154,elasticsearch_os_load5,4.6
2023/4/12 17:55,1681293347,cc-cc408-hya,data-node-12,9.9.2.154,elasticsearch_os_load5,4.47
2023/4/12 17:56,1681293407,cc-cc408-hya,data-node-12,9.9.2.154,elasticsearch_os_load5,4.41
2023/4/12 17:57,1681293467,cc-cc408-hya,data-node-12,9.9.2.154,elasticsearch_os_load5,4.42
2023/4/12 17:58,1681293527,cc-cc408-hya,data-node-12,9.9.2.154,elasticsearch_os_load5,4.56
2023/4/12 17:59,1681293587,cc-cc408-hya,data-node-12,9.9.2.154,elasticsearch_os_load5,4.73
2023/4/12 18:00,1681293647,cc-cc408-hya,data-node-12,9.9.2.154,elasticsearch_os_load5,4.49
2023/4/12 18:01,1681293707,cc-cc408-hya,data-node-12,9.9.2.154,elasticsearch_os_load5,4.41
2023/4/12 18:02,1681293767,cc-cc408-hya,data-node-12,9.9.2.154,elasticsearch_os_load5,4.67
2023/4/12 18:03,1681293827,cc-cc408-hya,data-node-12,9.9.2.154,elasticsearch_os_load5,4.49
2023/4/12 18:04,1681293887,cc-cc408-hya,data-node-12,9.9.2.154,elasticsearch_os_load5,4.46
2023/4/12 18:05,1681293947,cc-cc408-hya,data-node-12,9.9.2.154,elasticsearch_os_load5,4.41
2023/4/12 18:06,1681294007,cc-cc408-hya,data-node-12,9.9.2.154,elasticsearch_os_load5,4.42
2023/4/12 18:07,1681294067,cc-cc408-hya,data-node-12,9.9.2.154,elasticsearch_os_load5,4.57
2023/4/12 18:08,1681294127,cc-cc408-hya,data-node-12,9.9.2.154,elasticsearch_os_load5,4.53
2023/4/12 18:09,1681294187,cc-cc408-hya,data-node-12,9.9.2.154,elasticsearch_os_load5,4.52
2023/4/12 18:10,1681294247,cc-cc408-hya,data-node-12,9.9.2.154,elasticsearch_os_load5,4.42
2023/4/12 18:11,1681294307,cc-cc408-hya,data-node-12,9.9.2.154,elasticsearch_os_load5,4.22
2023/4/12 18:12,1681294367,cc-cc408-hya,data-node-12,9.9.2.154,elasticsearch_os_load5,4.07
2023/4/12 18:13,1681294427,cc-cc408-hya,data-node-12,9.9.2.154,elasticsearch_os_load5,4.25
2023/4/12 18:14,1681294487,cc-cc408-hya,data-node-12,9.9.2.154,elasticsearch_os_load5,4.54
2023/4/12 18:15,1681294547,cc-cc408-hya,data-node-12,9.9.2.154,elasticsearch_os_load5,4.43
2023/4/12 18:16,1681294607,cc-cc408-hya,data-node-12,9.9.2.154,elasticsearch_os_load5,4.78
2023/4/12 18:17,1681294667,cc-cc408-hya,data-node-12,9.9.2.154,elasticsearch_os_load5,4.95
2023/4/12 18:18,1681294727,cc-cc408-hya,data-node-12,9.9.2.154,elasticsearch_os_load5,5.1
2023/4/12 18:19,1681294787,cc-cc408-hya,data-node-12,9.9.2.154,elasticsearch_os_load5,5.62
2023/4/12 18:20,1681294847,cc-cc408-hya,data-node-12,9.9.2.154,elasticsearch_os_load5,5.61
2023/4/12 18:21,1681294907,cc-cc408-hya,data-node-12,9.9.2.154,elasticsearch_os_load5,5.46
2023/4/12 18:22,1681294967,cc-cc408-hya,data-node-12,9.9.2.154,elasticsearch_os_load5,5.5
2023/4/12 18:23,1681295027,cc-cc408-hya,data-node-12,9.9.2.154,elasticsearch_os_load5,5.22
2023/4/12 18:24,1681295087,cc-cc408-hya,data-node-12,9.9.2.154,elasticsearch_os_load5,4.93
2023/4/12 18:25,1681295147,cc-cc408-hya,data-node-12,9.9.2.154,elasticsearch_os_load5,4.69
2023/4/12 18:26,1681295207,cc-cc408-hya,data-node-12,9.9.2.154,elasticsearch_os_load5,4.5
2023/4/12 18:27,1681295267,cc-cc408-hya,data-node-12,9.9.2.154,elasticsearch_os_load5,4.28
2023/4/12 18:28,1681295327,cc-cc408-hya,data-node-12,9.9.2.154,elasticsearch_os_load5,4.63
2023/4/12 18:29,1681295387,cc-cc408-hya,data-node-12,9.9.2.154,elasticsearch_os_load5,4.78
2023/4/12 18:30,1681295447,cc-cc408-hya,data-node-12,9.9.2.154,elasticsearch_os_load5,5.4
2023/4/12 18:31,1681295507,cc-cc408-hya,data-node-12,9.9.2.154,elasticsearch_os_load5,5.43
2023/4/12 18:32,1681295567,cc-cc408-hya,data-node-12,9.9.2.154,elasticsearch_os_load5,5.38
2023/4/12 18:33,1681295627,cc-cc408-hya,data-node-12,9.9.2.154,elasticsearch_os_load5,5.21
2023/4/12 18:34,1681295687,cc-cc408-hya,data-node-12,9.9.2.154,elasticsearch_os_load5,5.04
2023/4/12 18:35,1681295747,cc-cc408-hya,data-node-12,9.9.2.154,elasticsearch_os_load5,5.15
2023/4/12 18:36,1681295807,cc-cc408-hya,data-node-12,9.9.2.154,elasticsearch_os_load5,5.01
2023/4/12 18:37,1681295867,cc-cc408-hya,data-node-12,9.9.2.154,elasticsearch_os_load5,4.88
2023/4/12 18:38,1681295927,cc-cc408-hya,data-node-12,9.9.2.154,elasticsearch_os_load5,4.55
2023/4/12 18:39,1681295987,cc-cc408-hya,data-node-12,9.9.2.154,elasticsearch_os_load5,5.13
2023/4/12 18:40,1681296047,cc-cc408-hya,data-node-12,9.9.2.154,elasticsearch_os_load5,5.06
2023/4/12 18:41,1681296107,cc-cc408-hya,data-node-12,9.9.2.154,elasticsearch_os_load5,4.93
2023/4/12 18:42,1681296167,cc-cc408-hya,data-node-12,9.9.2.154,elasticsearch_os_load5,4.94
2023/4/12 18:43,1681296227,cc-cc408-hya,data-node-12,9.9.2.154,elasticsearch_os_load5,5.72
2023/4/12 18:44,1681296287,cc-cc408-hya,data-node-12,9.9.2.154,elasticsearch_os_load5,5.5
2023/4/12 18:45,1681296347,cc-cc408-hya,data-node-12,9.9.2.154,elasticsearch_os_load5,5.29
2023/4/12 18:46,1681296407,cc-cc408-hya,data-node-12,9.9.2.154,elasticsearch_os_load5,5
2023/4/12 18:47,1681296467,cc-cc408-hya,data-node-12,9.9.2.154,elasticsearch_os_load5,4.86
2023/4/12 18:48,1681296527,cc-cc408-hya,data-node-12,9.9.2.154,elasticsearch_os_load5,5.26
2023/4/12 18:49,1681296587,cc-cc408-hya,data-node-12,9.9.2.154,elasticsearch_os_load5,5.11
2023/4/12 18:50,1681296647,cc-cc408-hya,data-node-12,9.9.2.154,elasticsearch_os_load5,5.06
2023/4/12 18:51,1681296707,cc-cc408-hya,data-node-12,9.9.2.154,elasticsearch_os_load5,5.04
2023/4/12 18:52,1681296767,cc-cc408-hya,data-node-12,9.9.2.154,elasticsearch_os_load5,4.92
2023/4/12 18:53,1681296827,cc-cc408-hya,data-node-12,9.9.2.154,elasticsearch_os_load5,4.69
2023/4/12 18:54,1681296887,cc-cc408-hya,data-node-12,9.9.2.154,elasticsearch_os_load5,4.5
2023/4/12 18:55,1681296947,cc-cc408-hya,data-node-12,9.9.2.154,elasticsearch_os_load5,4.57
2023/4/12 18:56,1681297007,cc-cc408-hya,data-node-12,9.9.2.154,elasticsearch_os_load5,4.47
2023/4/12 18:57,1681297067,cc-cc408-hya,data-node-12,9.9.2.154,elasticsearch_os_load5,4.5
2023/4/12 18:58,1681297127,cc-cc408-hya,data-node-12,9.9.2.154,elasticsearch_os_load5,4.43
2023/4/12 18:59,1681297187,cc-cc408-hya,data-node-12,9.9.2.154,elasticsearch_os_load5,4.48
2023/4/12 19:00,1681297247,cc-cc408-hya,data-node-12,9.9.2.154,elasticsearch_os_load5,4.41
2023/4/12 19:01,1681297307,cc-cc408-hya,data-node-12,9.9.2.154,elasticsearch_os_load5,4.69
2023/4/12 19:02,1681297367,cc-cc408-hya,data-node-12,9.9.2.154,elasticsearch_os_load5,4.54
2023/4/12 19:03,1681297427,cc-cc408-hya,data-node-12,9.9.2.154,elasticsearch_os_load5,4.66
2023/4/12 19:04,1681297487,cc-cc408-hya,data-node-12,9.9.2.154,elasticsearch_os_load5,4.56
2023/4/12 19:05,1681297547,cc-cc408-hya,data-node-12,9.9.2.154,elasticsearch_os_load5,4.68
2023/4/12 19:06,1681297607,cc-cc408-hya,data-node-12,9.9.2.154,elasticsearch_os_load5,4.81
2023/4/12 19:07,1681297667,cc-cc408-hya,data-node-12,9.9.2.154,elasticsearch_os_load5,5.14
2023/4/12 19:08,1681297727,cc-cc408-hya,data-node-12,9.9.2.154,elasticsearch_os_load5,4.74
2023/4/12 19:09,1681297787,cc-cc408-hya,data-node-12,9.9.2.154,elasticsearch_os_load5,4.47
2023/4/12 19:10,1681297847,cc-cc408-hya,data-node-12,9.9.2.154,elasticsearch_os_load5,4.3
2023/4/12 19:11,1681297907,cc-cc408-hya,data-node-12,9.9.2.154,elasticsearch_os_load5,4.54
2023/4/12 19:12,1681297967,cc-cc408-hya,data-node-12,9.9.2.154,elasticsearch_os_load5,4.32
2023/4/12 19:13,1681298027,cc-cc408-hya,data-node-12,9.9.2.154,elasticsearch_os_load5,4.03
2023/4/12 19:14,1681298087,cc-cc408-hya,data-node-12,9.9.2.154,elasticsearch_os_load5,4.05
2023/4/12 19:15,1681298147,cc-cc408-hya,data-node-12,9.9.2.154,elasticsearch_os_load5,4.09
2023/4/12 19:16,1681298207,cc-cc408-hya,data-node-12,9.9.2.154,elasticsearch_os_load5,3.96
2023/4/12 19:17,1681298267,cc-cc408-hya,data-node-12,9.9.2.154,elasticsearch_os_load5,3.74
2023/4/12 19:18,1681298327,cc-cc408-hya,data-node-12,9.9.2.154,elasticsearch_os_load5,3.78
2023/4/12 19:19,1681298387,cc-cc408-hya,data-node-12,9.9.2.154,elasticsearch_os_load5,3.62
2023/4/12 19:20,1681298447,cc-cc408-hya,data-node-12,9.9.2.154,elasticsearch_os_load5,3.6
2023/4/12 19:21,1681298507,cc-cc408-hya,data-node-12,9.9.2.154,elasticsearch_os_load5,3.74
2023/4/12 19:22,1681298567,cc-cc408-hya,data-node-12,9.9.2.154,elasticsearch_os_load5,3.95
2023/4/12 19:23,1681298627,cc-cc408-hya,data-node-12,9.9.2.154,elasticsearch_os_load5,3.79
2023/4/12 19:24,1681298687,cc-cc408-hya,data-node-12,9.9.2.154,elasticsearch_os_load5,3.42
2023/4/12 19:25,1681298747,cc-cc408-hya,data-node-12,9.9.2.154,elasticsearch_os_load5,3.38
2023/4/12 19:26,1681298807,cc-cc408-hya,data-node-12,9.9.2.154,elasticsearch_os_load5,3.49
2023/4/12 19:27,1681298867,cc-cc408-hya,data-node-12,9.9.2.154,elasticsearch_os_load5,3.47
2023/4/12 19:28,1681298927,cc-cc408-hya,data-node-12,9.9.2.154,elasticsearch_os_load5,3.82
2023/4/12 19:29,1681298987,cc-cc408-hya,data-node-12,9.9.2.154,elasticsearch_os_load5,3.6
2023/4/12 19:30,1681299047,cc-cc408-hya,data-node-12,9.9.2.154,elasticsearch_os_load5,3.48
2023/4/12 19:31,1681299107,cc-cc408-hya,data-node-12,9.9.2.154,elasticsearch_os_load5,3.45
2023/4/12 19:32,1681299167,cc-cc408-hya,data-node-12,9.9.2.154,elasticsearch_os_load5,3.53
2023/4/12 19:33,1681299227,cc-cc408-hya,data-node-12,9.9.2.154,elasticsearch_os_load5,3.63
2023/4/12 19:34,1681299287,cc-cc408-hya,data-node-12,9.9.2.154,elasticsearch_os_load5,3.41
2023/4/12 19:35,1681299347,cc-cc408-hya,data-node-12,9.9.2.154,elasticsearch_os_load5,3.46
2023/4/12 19:36,1681299407,cc-cc408-hya,data-node-12,9.9.2.154,elasticsearch_os_load5,3.39
2023/4/12 19:37,1681299467,cc-cc408-hya,data-node-12,9.9.2.154,elasticsearch_os_load5,3.18
2023/4/12 19:38,1681299527,cc-cc408-hya,data-node-12,9.9.2.154,elasticsearch_os_load5,3.04
2023/4/12 19:39,1681299587,cc-cc408-hya,data-node-12,9.9.2.154,elasticsearch_os_load5,2.88
2023/4/12 19:40,1681299647,cc-cc408-hya,data-node-12,9.9.2.154,elasticsearch_os_load5,2.71
2023/4/12 19:41,1681299707,cc-cc408-hya,data-node-12,9.9.2.154,elasticsearch_os_load5,2.8
2023/4/12 19:42,1681299767,cc-cc408-hya,data-node-12,9.9.2.154,elasticsearch_os_load5,2.9
2023/4/12 19:43,1681299827,cc-cc408-hya,data-node-12,9.9.2.154,elasticsearch_os_load5,3
2023/4/12 19:44,1681299887,cc-cc408-hya,data-node-12,9.9.2.154,elasticsearch_os_load5,2.99
2023/4/12 19:45,1681299947,cc-cc408-hya,data-node-12,9.9.2.154,elasticsearch_os_load5,3.13
2023/4/12 19:46,1681300007,cc-cc408-hya,data-node-12,9.9.2.154,elasticsearch_os_load5,3.66
2023/4/12 19:47,1681300067,cc-cc408-hya,data-node-12,9.9.2.154,elasticsearch_os_load5,3.49
2023/4/12 19:48,1681300127,cc-cc408-hya,data-node-12,9.9.2.154,elasticsearch_os_load5,3.36
2023/4/12 19:49,1681300187,cc-cc408-hya,data-node-12,9.9.2.154,elasticsearch_os_load5,3.04
2023/4/12 19:50,1681300247,cc-cc408-hya,data-node-12,9.9.2.154,elasticsearch_os_load5,2.99
2023/4/12 19:51,1681300307,cc-cc408-hya,data-node-12,9.9.2.154,elasticsearch_os_load5,2.92
2023/4/12 19:52,1681300367,cc-cc408-hya,data-node-12,9.9.2.154,elasticsearch_os_load5,3
2023/4/12 19:53,1681300427,cc-cc408-hya,data-node-12,9.9.2.154,elasticsearch_os_load5,3.43
2023/4/12 19:54,1681300487,cc-cc408-hya,data-node-12,9.9.2.154,elasticsearch_os_load5,3.29
2023/4/12 19:55,1681300547,cc-cc408-hya,data-node-12,9.9.2.154,elasticsearch_os_load5,3.17
2023/4/12 19:56,1681300607,cc-cc408-hya,data-node-12,9.9.2.154,elasticsearch_os_load5,3.15
2023/4/12 19:57,1681300667,cc-cc408-hya,data-node-12,9.9.2.154,elasticsearch_os_load5,3.06
2023/4/12 19:58,1681300727,cc-cc408-hya,data-node-12,9.9.2.154,elasticsearch_os_load5,3.02
2023/4/12 19:59,1681300787,cc-cc408-hya,data-node-12,9.9.2.154,elasticsearch_os_load5,2.96
2023/4/12 20:00,1681300847,cc-cc408-hya,data-node-12,9.9.2.154,elasticsearch_os_load5,2.83
2023/4/12 20:01,1681300907,cc-cc408-hya,data-node-12,9.9.2.154,elasticsearch_os_load5,2.7
2023/4/12 20:02,1681300967,cc-cc408-hya,data-node-12,9.9.2.154,elasticsearch_os_load5,2.82
2023/4/12 20:03,1681301027,cc-cc408-hya,data-node-12,9.9.2.154,elasticsearch_os_load5,2.65
2023/4/12 20:04,1681301087,cc-cc408-hya,data-node-12,9.9.2.154,elasticsearch_os_load5,2.57
2023/4/12 20:05,1681301147,cc-cc408-hya,data-node-12,9.9.2.154,elasticsearch_os_load5,2.54
2023/4/12 20:06,1681301207,cc-cc408-hya,data-node-12,9.9.2.154,elasticsearch_os_load5,2.63
2023/4/12 20:07,1681301267,cc-cc408-hya,data-node-12,9.9.2.154,elasticsearch_os_load5,2.83
2023/4/12 20:08,1681301327,cc-cc408-hya,data-node-12,9.9.2.154,elasticsearch_os_load5,2.7
2023/4/12 20:09,1681301387,cc-cc408-hya,data-node-12,9.9.2.154,elasticsearch_os_load5,2.86
2023/4/12 20:10,1681301447,cc-cc408-hya,data-node-12,9.9.2.154,elasticsearch_os_load5,2.57
2023/4/12 20:11,1681301507,cc-cc408-hya,data-node-12,9.9.2.154,elasticsearch_os_load5,2.52
2023/4/12 20:12,1681301567,cc-cc408-hya,data-node-12,9.9.2.154,elasticsearch_os_load5,2.54
2023/4/12 20:13,1681301627,cc-cc408-hya,data-node-12,9.9.2.154,elasticsearch_os_load5,2.4
2023/4/12 20:14,1681301687,cc-cc408-hya,data-node-12,9.9.2.154,elasticsearch_os_load5,2.29
2023/4/12 20:15,1681301747,cc-cc408-hya,data-node-12,9.9.2.154,elasticsearch_os_load5,2.16
2023/4/12 20:16,1681301807,cc-cc408-hya,data-node-12,9.9.2.154,elasticsearch_os_load5,2.11
2023/4/12 20:17,1681301867,cc-cc408-hya,data-node-12,9.9.2.154,elasticsearch_os_load5,2
2023/4/12 20:18,1681301927,cc-cc408-hya,data-node-12,9.9.2.154,elasticsearch_os_load5,2.1
2023/4/12 20:19,1681301987,cc-cc408-hya,data-node-12,9.9.2.154,elasticsearch_os_load5,2.08
2023/4/12 20:20,1681302047,cc-cc408-hya,data-node-12,9.9.2.154,elasticsearch_os_load5,1.91
2023/4/12 20:21,1681302107,cc-cc408-hya,data-node-12,9.9.2.154,elasticsearch_os_load5,1.79
2023/4/12 20:22,1681302167,cc-cc408-hya,data-node-12,9.9.2.154,elasticsearch_os_load5,1.66
2023/4/12 20:23,1681302227,cc-cc408-hya,data-node-12,9.9.2.154,elasticsearch_os_load5,1.69
2023/4/12 20:24,1681302287,cc-cc408-hya,data-node-12,9.9.2.154,elasticsearch_os_load5,1.85
2023/4/12 20:25,1681302347,cc-cc408-hya,data-node-12,9.9.2.154,elasticsearch_os_load5,1.87
2023/4/12 20:26,1681302407,cc-cc408-hya,data-node-12,9.9.2.154,elasticsearch_os_load5,1.76
2023/4/12 20:27,1681302467,cc-cc408-hya,data-node-12,9.9.2.154,elasticsearch_os_load5,1.93
2023/4/12 20:28,1681302527,cc-cc408-hya,data-node-12,9.9.2.154,elasticsearch_os_load5,1.82
2023/4/12 20:29,1681302587,cc-cc408-hya,data-node-12,9.9.2.154,elasticsearch_os_load5,1.94
2023/4/12 20:30,1681302647,cc-cc408-hya,data-node-12,9.9.2.154,elasticsearch_os_load5,1.84
2023/4/12 20:31,1681302707,cc-cc408-hya,data-node-12,9.9.2.154,elasticsearch_os_load5,1.73
2023/4/12 20:32,1681302767,cc-cc408-hya,data-node-12,9.9.2.154,elasticsearch_os_load5,1.6
2023/4/12 20:33,1681302827,cc-cc408-hya,data-node-12,9.9.2.154,elasticsearch_os_load5,1.66
2023/4/12 20:34,1681302887,cc-cc408-hya,data-node-12,9.9.2.154,elasticsearch_os_load5,1.59
2023/4/12 20:35,1681302947,cc-cc408-hya,data-node-12,9.9.2.154,elasticsearch_os_load5,1.6
2023/4/12 20:36,1681303007,cc-cc408-hya,data-node-12,9.9.2.154,elasticsearch_os_load5,1.67
2023/4/12 20:37,1681303067,cc-cc408-hya,data-node-12,9.9.2.154,elasticsearch_os_load5,1.71
2023/4/12 20:38,1681303127,cc-cc408-hya,data-node-12,9.9.2.154,elasticsearch_os_load5,1.69
2023/4/12 20:39,1681303187,cc-cc408-hya,data-node-12,9.9.2.154,elasticsearch_os_load5,1.65
2023/4/12 20:40,1681303247,cc-cc408-hya,data-node-12,9.9.2.154,elasticsearch_os_load5,1.6
2023/4/12 20:41,1681303307,cc-cc408-hya,data-node-12,9.9.2.154,elasticsearch_os_load5,1.77
2023/4/12 20:42,1681303367,cc-cc408-hya,data-node-12,9.9.2.154,elasticsearch_os_load5,1.68
2023/4/12 20:43,1681303427,cc-cc408-hya,data-node-12,9.9.2.154,elasticsearch_os_load5,1.79
2023/4/12 20:44,1681303487,cc-cc408-hya,data-node-12,9.9.2.154,elasticsearch_os_load5,1.66
2023/4/12 20:45,1681303547,cc-cc408-hya,data-node-12,9.9.2.154,elasticsearch_os_load5,1.56
2023/4/12 20:46,1681303607,cc-cc408-hya,data-node-12,9.9.2.154,elasticsearch_os_load5,1.68
2023/4/12 20:47,1681303667,cc-cc408-hya,data-node-12,9.9.2.154,elasticsearch_os_load5,1.56
2023/4/12 20:48,1681303727,cc-cc408-hya,data-node-12,9.9.2.154,elasticsearch_os_load5,1.54
2023/4/12 20:49,1681303787,cc-cc408-hya,data-node-12,9.9.2.154,elasticsearch_os_load5,1.44
2023/4/12 20:50,1681303847,cc-cc408-hya,data-node-12,9.9.2.154,elasticsearch_os_load5,1.28
2023/4/12 20:51,1681303907,cc-cc408-hya,data-node-12,9.9.2.154,elasticsearch_os_load5,1.2
2023/4/12 20:52,1681303967,cc-cc408-hya,data-node-12,9.9.2.154,elasticsearch_os_load5,1.26
2023/4/12 20:53,1681304027,cc-cc408-hya,data-node-12,9.9.2.154,elasticsearch_os_load5,1.17
2023/4/12 20:54,1681304087,cc-cc408-hya,data-node-12,9.9.2.154,elasticsearch_os_load5,1.11
2023/4/12 20:55,1681304147,cc-cc408-hya,data-node-12,9.9.2.154,elasticsearch_os_load5,1.03
2023/4/12 20:56,1681304207,cc-cc408-hya,data-node-12,9.9.2.154,elasticsearch_os_load5,1.01
2023/4/12 20:57,1681304267,cc-cc408-hya,data-node-12,9.9.2.154,elasticsearch_os_load5,1.02
2023/4/12 20:58,1681304327,cc-cc408-hya,data-node-12,9.9.2.154,elasticsearch_os_load5,1.03
2023/4/12 20:59,1681304387,cc-cc408-hya,data-node-12,9.9.2.154,elasticsearch_os_load5,1.02
2023/4/12 21:00,1681304447,cc-cc408-hya,data-node-12,9.9.2.154,elasticsearch_os_load5,1.03
2023/4/12 21:01,1681304507,cc-cc408-hya,data-node-12,9.9.2.154,elasticsearch_os_load5,1.02
2023/4/12 21:02,1681304567,cc-cc408-hya,data-node-12,9.9.2.154,elasticsearch_os_load5,1.03
2023/4/12 21:03,1681304627,cc-cc408-hya,data-node-12,9.9.2.154,elasticsearch_os_load5,1.05
2023/4/12 21:04,1681304687,cc-cc408-hya,data-node-12,9.9.2.154,elasticsearch_os_load5,1.02
2023/4/12 21:05,1681304747,cc-cc408-hya,data-node-12,9.9.2.154,elasticsearch_os_load5,1.13
2023/4/12 21:06,1681304807,cc-cc408-hya,data-node-12,9.9.2.154,elasticsearch_os_load5,1.24
2023/4/12 21:07,1681304867,cc-cc408-hya,data-node-12,9.9.2.154,elasticsearch_os_load5,1.43
2023/4/12 21:08,1681304927,cc-cc408-hya,data-node-12,9.9.2.154,elasticsearch_os_load5,1.48
2023/4/12 21:09,1681304987,cc-cc408-hya,data-node-12,9.9.2.154,elasticsearch_os_load5,1.49
2023/4/12 21:10,1681305047,cc-cc408-hya,data-node-12,9.9.2.154,elasticsearch_os_load5,1.42
2023/4/12 21:11,1681305107,cc-cc408-hya,data-node-12,9.9.2.154,elasticsearch_os_load5,1.34
2023/4/12 21:12,1681305167,cc-cc408-hya,data-node-12,9.9.2.154,elasticsearch_os_load5,1.4
2023/4/12 21:13,1681305227,cc-cc408-hya,data-node-12,9.9.2.154,elasticsearch_os_load5,1.4
2023/4/12 21:14,1681305287,cc-cc408-hya,data-node-12,9.9.2.154,elasticsearch_os_load5,1.37
2023/4/12 21:15,1681305347,cc-cc408-hya,data-node-12,9.9.2.154,elasticsearch_os_load5,1.37
2023/4/12 21:16,1681305407,cc-cc408-hya,data-node-12,9.9.2.154,elasticsearch_os_load5,1.38
2023/4/12 21:17,1681305467,cc-cc408-hya,data-node-12,9.9.2.154,elasticsearch_os_load5,1.25
2023/4/12 21:18,1681305527,cc-cc408-hya,data-node-12,9.9.2.154,elasticsearch_os_load5,1.25
2023/4/12 21:19,1681305587,cc-cc408-hya,data-node-12,9.9.2.154,elasticsearch_os_load5,1.22
2023/4/12 21:20,1681305647,cc-cc408-hya,data-node-12,9.9.2.154,elasticsearch_os_load5,1.13
2023/4/12 21:21,1681305707,cc-cc408-hya,data-node-12,9.9.2.154,elasticsearch_os_load5,1.07
2023/4/12 21:22,1681305767,cc-cc408-hya,data-node-12,9.9.2.154,elasticsearch_os_load5,1.11
2023/4/12 21:23,1681305827,cc-cc408-hya,data-node-12,9.9.2.154,elasticsearch_os_load5,1.01
2023/4/12 21:24,1681305887,cc-cc408-hya,data-node-12,9.9.2.154,elasticsearch_os_load5,1.04
2023/4/12 21:25,1681305947,cc-cc408-hya,data-node-12,9.9.2.154,elasticsearch_os_load5,0.99
2023/4/12 21:26,1681306007,cc-cc408-hya,data-node-12,9.9.2.154,elasticsearch_os_load5,1.04
2023/4/12 21:27,1681306067,cc-cc408-hya,data-node-12,9.9.2.154,elasticsearch_os_load5,1
2023/4/12 21:28,1681306127,cc-cc408-hya,data-node-12,9.9.2.154,elasticsearch_os_load5,0.93
2023/4/12 21:29,1681306187,cc-cc408-hya,data-node-12,9.9.2.154,elasticsearch_os_load5,0.99
2023/4/12 21:30,1681306247,cc-cc408-hya,data-node-12,9.9.2.154,elasticsearch_os_load5,1.09
2023/4/12 21:31,1681306307,cc-cc408-hya,data-node-12,9.9.2.154,elasticsearch_os_load5,0.99
2023/4/12 21:32,1681306367,cc-cc408-hya,data-node-12,9.9.2.154,elasticsearch_os_load5,0.98
2023/4/12 21:33,1681306427,cc-cc408-hya,data-node-12,9.9.2.154,elasticsearch_os_load5,0.92
2023/4/12 21:34,1681306487,cc-cc408-hya,data-node-12,9.9.2.154,elasticsearch_os_load5,0.92
2023/4/12 21:35,1681306547,cc-cc408-hya,data-node-12,9.9.2.154,elasticsearch_os_load5,0.91
2023/4/12 21:36,1681306607,cc-cc408-hya,data-node-12,9.9.2.154,elasticsearch_os_load5,0.87
2023/4/12 21:37,1681306667,cc-cc408-hya,data-node-12,9.9.2.154,elasticsearch_os_load5,0.8
2023/4/12 21:38,1681306727,cc-cc408-hya,data-node-12,9.9.2.154,elasticsearch_os_load5,0.79
2023/4/12 21:39,1681306787,cc-cc408-hya,data-node-12,9.9.2.154,elasticsearch_os_load5,0.82
2023/4/12 21:40,1681306847,cc-cc408-hya,data-node-12,9.9.2.154,elasticsearch_os_load5,0.84
2023/4/12 21:41,1681306907,cc-cc408-hya,data-node-12,9.9.2.154,elasticsearch_os_load5,0.9
2023/4/12 21:42,1681306967,cc-cc408-hya,data-node-12,9.9.2.154,elasticsearch_os_load5,0.87
2023/4/12 21:43,1681307027,cc-cc408-hya,data-node-12,9.9.2.154,elasticsearch_os_load5,1.02
2023/4/12 21:44,1681307087,cc-cc408-hya,data-node-12,9.9.2.154,elasticsearch_os_load5,0.95
2023/4/12 21:45,1681307147,cc-cc408-hya,data-node-12,9.9.2.154,elasticsearch_os_load5,1.14
2023/4/12 21:46,1681307207,cc-cc408-hya,data-node-12,9.9.2.154,elasticsearch_os_load5,1.07
2023/4/12 21:47,1681307267,cc-cc408-hya,data-node-12,9.9.2.154,elasticsearch_os_load5,1.09
2023/4/12 21:48,1681307327,cc-cc408-hya,data-node-12,9.9.2.154,elasticsearch_os_load5,1.18
2023/4/12 21:49,1681307387,cc-cc408-hya,data-node-12,9.9.2.154,elasticsearch_os_load5,1.31
2023/4/12 21:50,1681307447,cc-cc408-hya,data-node-12,9.9.2.154,elasticsearch_os_load5,1.56
2023/4/12 21:51,1681307507,cc-cc408-hya,data-node-12,9.9.2.154,elasticsearch_os_load5,1.53
2023/4/12 21:52,1681307567,cc-cc408-hya,data-node-12,9.9.2.154,elasticsearch_os_load5,1.46
2023/4/12 21:53,1681307627,cc-cc408-hya,data-node-12,9.9.2.154,elasticsearch_os_load5,1.36
2023/4/12 21:54,1681307687,cc-cc408-hya,data-node-12,9.9.2.154,elasticsearch_os_load5,1.25
2023/4/12 21:55,1681307747,cc-cc408-hya,data-node-12,9.9.2.154,elasticsearch_os_load5,1.24
2023/4/12 21:56,1681307807,cc-cc408-hya,data-node-12,9.9.2.154,elasticsearch_os_load5,1.2
2023/4/12 21:57,1681307867,cc-cc408-hya,data-node-12,9.9.2.154,elasticsearch_os_load5,1.11
2023/4/12 21:58,1681307927,cc-cc408-hya,data-node-12,9.9.2.154,elasticsearch_os_load5,1.09
2023/4/12 21:59,1681307987,cc-cc408-hya,data-node-12,9.9.2.154,elasticsearch_os_load5,1.15
2023/4/12 22:00,1681308047,cc-cc408-hya,data-node-12,9.9.2.154,elasticsearch_os_load5,1.16
2023/4/12 22:01,1681308107,cc-cc408-hya,data-node-12,9.9.2.154,elasticsearch_os_load5,1.26
2023/4/12 22:02,1681308167,cc-cc408-hya,data-node-12,9.9.2.154,elasticsearch_os_load5,1.29
2023/4/12 22:03,1681308227,cc-cc408-hya,data-node-12,9.9.2.154,elasticsearch_os_load5,1.19
2023/4/12 22:04,1681308287,cc-cc408-hya,data-node-12,9.9.2.154,elasticsearch_os_load5,1.22
2023/4/12 22:05,1681308347,cc-cc408-hya,data-node-12,9.9.2.154,elasticsearch_os_load5,1.17
2023/4/12 22:06,1681308407,cc-cc408-hya,data-node-12,9.9.2.154,elasticsearch_os_load5,1.2
2023/4/12 22:07,1681308467,cc-cc408-hya,data-node-12,9.9.2.154,elasticsearch_os_load5,1.08
2023/4/12 22:08,1681308527,cc-cc408-hya,data-node-12,9.9.2.154,elasticsearch_os_load5,1.28
2023/4/12 22:09,1681308587,cc-cc408-hya,data-node-12,9.9.2.154,elasticsearch_os_load5,1.18
2023/4/12 22:10,1681308647,cc-cc408-hya,data-node-12,9.9.2.154,elasticsearch_os_load5,1.1
2023/4/12 22:11,1681308707,cc-cc408-hya,data-node-12,9.9.2.154,elasticsearch_os_load5,1.06
2023/4/12 22:12,1681308767,cc-cc408-hya,data-node-12,9.9.2.154,elasticsearch_os_load5,1.08
2023/4/12 22:13,1681308827,cc-cc408-hya,data-node-12,9.9.2.154,elasticsearch_os_load5,1.03
2023/4/12 22:14,1681308887,cc-cc408-hya,data-node-12,9.9.2.154,elasticsearch_os_load5,1.06
2023/4/12 22:15,1681308947,cc-cc408-hya,data-node-12,9.9.2.154,elasticsearch_os_load5,1
2023/4/12 22:16,1681309007,cc-cc408-hya,data-node-12,9.9.2.154,elasticsearch_os_load5,1.06
2023/4/12 22:17,1681309067,cc-cc408-hya,data-node-12,9.9.2.154,elasticsearch_os_load5,1.08
2023/4/12 22:18,1681309127,cc-cc408-hya,data-node-12,9.9.2.154,elasticsearch_os_load5,1.04
2023/4/12 22:19,1681309187,cc-cc408-hya,data-node-12,9.9.2.154,elasticsearch_os_load5,0.95
2023/4/12 22:20,1681309247,cc-cc408-hya,data-node-12,9.9.2.154,elasticsearch_os_load5,0.9
2023/4/12 22:21,1681309307,cc-cc408-hya,data-node-12,9.9.2.154,elasticsearch_os_load5,1.01
2023/4/12 22:22,1681309367,cc-cc408-hya,data-node-12,9.9.2.154,elasticsearch_os_load5,1.01
2023/4/12 22:23,1681309427,cc-cc408-hya,data-node-12,9.9.2.154,elasticsearch_os_load5,0.96
2023/4/12 22:24,1681309487,cc-cc408-hya,data-node-12,9.9.2.154,elasticsearch_os_load5,0.97
2023/4/12 22:25,1681309547,cc-cc408-hya,data-node-12,9.9.2.154,elasticsearch_os_load5,0.96
2023/4/12 22:26,1681309607,cc-cc408-hya,data-node-12,9.9.2.154,elasticsearch_os_load5,1.09
2023/4/12 22:27,1681309667,cc-cc408-hya,data-node-12,9.9.2.154,elasticsearch_os_load5,1.11
2023/4/12 22:28,1681309727,cc-cc408-hya,data-node-12,9.9.2.154,elasticsearch_os_load5,1.02
2023/4/12 22:29,1681309787,cc-cc408-hya,data-node-12,9.9.2.154,elasticsearch_os_load5,1.05
2023/4/12 22:30,1681309847,cc-cc408-hya,data-node-12,9.9.2.154,elasticsearch_os_load5,1.36
2023/4/12 22:31,1681309907,cc-cc408-hya,data-node-12,9.9.2.154,elasticsearch_os_load5,1.38
2023/4/12 22:32,1681309967,cc-cc408-hya,data-node-12,9.9.2.154,elasticsearch_os_load5,1.74
2023/4/12 22:33,1681310027,cc-cc408-hya,data-node-12,9.9.2.154,elasticsearch_os_load5,1.63
2023/4/12 22:34,1681310087,cc-cc408-hya,data-node-12,9.9.2.154,elasticsearch_os_load5,1.57
2023/4/12 22:35,1681310147,cc-cc408-hya,data-node-12,9.9.2.154,elasticsearch_os_load5,1.73
2023/4/12 22:36,1681310207,cc-cc408-hya,data-node-12,9.9.2.154,elasticsearch_os_load5,1.69
2023/4/12 22:37,1681310267,cc-cc408-hya,data-node-12,9.9.2.154,elasticsearch_os_load5,1.58
2023/4/12 22:38,1681310327,cc-cc408-hya,data-node-12,9.9.2.154,elasticsearch_os_load5,1.52
2023/4/12 22:39,1681310387,cc-cc408-hya,data-node-12,9.9.2.154,elasticsearch_os_load5,1.39
2023/4/12 22:40,1681310447,cc-cc408-hya,data-node-12,9.9.2.154,elasticsearch_os_load5,1.35
2023/4/12 22:41,1681310507,cc-cc408-hya,data-node-12,9.9.2.154,elasticsearch_os_load5,1.36
2023/4/12 22:42,1681310567,cc-cc408-hya,data-node-12,9.9.2.154,elasticsearch_os_load5,1.45
2023/4/12 22:43,1681310627,cc-cc408-hya,data-node-12,9.9.2.154,elasticsearch_os_load5,1.48
2023/4/12 22:44,1681310687,cc-cc408-hya,data-node-12,9.9.2.154,elasticsearch_os_load5,1.36
2023/4/12 22:45,1681310747,cc-cc408-hya,data-node-12,9.9.2.154,elasticsearch_os_load5,1.3
2023/4/12 22:46,1681310807,cc-cc408-hya,data-node-12,9.9.2.154,elasticsearch_os_load5,1.44
2023/4/12 22:47,1681310867,cc-cc408-hya,data-node-12,9.9.2.154,elasticsearch_os_load5,1.44
2023/4/12 22:48,1681310927,cc-cc408-hya,data-node-12,9.9.2.154,elasticsearch_os_load5,1.45
2023/4/12 22:49,1681310987,cc-cc408-hya,data-node-12,9.9.2.154,elasticsearch_os_load5,1.26
2023/4/12 22:50,1681311047,cc-cc408-hya,data-node-12,9.9.2.154,elasticsearch_os_load5,1.65
2023/4/12 22:51,1681311107,cc-cc408-hya,data-node-12,9.9.2.154,elasticsearch_os_load5,1.62
2023/4/12 22:52,1681311167,cc-cc408-hya,data-node-12,9.9.2.154,elasticsearch_os_load5,1.55
2023/4/12 22:53,1681311227,cc-cc408-hya,data-node-12,9.9.2.154,elasticsearch_os_load5,1.47
2023/4/12 22:54,1681311287,cc-cc408-hya,data-node-12,9.9.2.154,elasticsearch_os_load5,1.7
2023/4/12 22:55,1681311347,cc-cc408-hya,data-node-12,9.9.2.154,elasticsearch_os_load5,1.53
2023/4/12 22:56,1681311407,cc-cc408-hya,data-node-12,9.9.2.154,elasticsearch_os_load5,1.42
2023/4/12 22:57,1681311467,cc-cc408-hya,data-node-12,9.9.2.154,elasticsearch_os_load5,1.46
2023/4/12 22:58,1681311527,cc-cc408-hya,data-node-12,9.9.2.154,elasticsearch_os_load5,1.32
2023/4/12 22:59,1681311587,cc-cc408-hya,data-node-12,9.9.2.154,elasticsearch_os_load5,1.15
2023/4/12 23:00,1681311647,cc-cc408-hya,data-node-12,9.9.2.154,elasticsearch_os_load5,1.08
2023/4/12 23:01,1681311707,cc-cc408-hya,data-node-12,9.9.2.154,elasticsearch_os_load5,1.06
2023/4/12 23:02,1681311767,cc-cc408-hya,data-node-12,9.9.2.154,elasticsearch_os_load5,0.98
2023/4/12 23:03,1681311827,cc-cc408-hya,data-node-12,9.9.2.154,elasticsearch_os_load5,1
2023/4/12 23:04,1681311887,cc-cc408-hya,data-node-12,9.9.2.154,elasticsearch_os_load5,0.88
2023/4/12 23:05,1681311947,cc-cc408-hya,data-node-12,9.9.2.154,elasticsearch_os_load5,0.89
2023/4/12 23:06,1681312007,cc-cc408-hya,data-node-12,9.9.2.154,elasticsearch_os_load5,0.89
2023/4/12 23:07,1681312067,cc-cc408-hya,data-node-12,9.9.2.154,elasticsearch_os_load5,0.93
2023/4/12 23:08,1681312127,cc-cc408-hya,data-node-12,9.9.2.154,elasticsearch_os_load5,0.93
2023/4/12 23:09,1681312187,cc-cc408-hya,data-node-12,9.9.2.154,elasticsearch_os_load5,0.92
2023/4/12 23:10,1681312247,cc-cc408-hya,data-node-12,9.9.2.154,elasticsearch_os_load5,1.56
2023/4/12 23:11,1681312307,cc-cc408-hya,data-node-12,9.9.2.154,elasticsearch_os_load5,1.43
2023/4/12 23:12,1681312367,cc-cc408-hya,data-node-12,9.9.2.154,elasticsearch_os_load5,1.55
2023/4/12 23:13,1681312427,cc-cc408-hya,data-node-12,9.9.2.154,elasticsearch_os_load5,1.71
2023/4/12 23:14,1681312487,cc-cc408-hya,data-node-12,9.9.2.154,elasticsearch_os_load5,1.89
2023/4/12 23:15,1681312547,cc-cc408-hya,data-node-12,9.9.2.154,elasticsearch_os_load5,2.14
2023/4/12 23:16,1681312607,cc-cc408-hya,data-node-12,9.9.2.154,elasticsearch_os_load5,2.05
2023/4/12 23:17,1681312667,cc-cc408-hya,data-node-12,9.9.2.154,elasticsearch_os_load5,2.45
2023/4/12 23:18,1681312727,cc-cc408-hya,data-node-12,9.9.2.154,elasticsearch_os_load5,2.26
2023/4/12 23:19,1681312787,cc-cc408-hya,data-node-12,9.9.2.154,elasticsearch_os_load5,2.11
2023/4/12 23:20,1681312847,cc-cc408-hya,data-node-12,9.9.2.154,elasticsearch_os_load5,1.83
2023/4/12 23:21,1681312907,cc-cc408-hya,data-node-12,9.9.2.154,elasticsearch_os_load5,1.62
2023/4/12 23:22,1681312967,cc-cc408-hya,data-node-12,9.9.2.154,elasticsearch_os_load5,1.55
2023/4/12 23:23,1681313027,cc-cc408-hya,data-node-12,9.9.2.154,elasticsearch_os_load5,1.57
2023/4/12 23:24,1681313087,cc-cc408-hya,data-node-12,9.9.2.154,elasticsearch_os_load5,1.54
2023/4/12 23:25,1681313147,cc-cc408-hya,data-node-12,9.9.2.154,elasticsearch_os_load5,1.68
2023/4/12 23:26,1681313207,cc-cc408-hya,data-node-12,9.9.2.154,elasticsearch_os_load5,1.53
2023/4/12 23:27,1681313267,cc-cc408-hya,data-node-12,9.9.2.154,elasticsearch_os_load5,1.36
2023/4/12 23:28,1681313327,cc-cc408-hya,data-node-12,9.9.2.154,elasticsearch_os_load5,1.36
2023/4/12 23:29,1681313387,cc-cc408-hya,data-node-12,9.9.2.154,elasticsearch_os_load5,1.26
2023/4/12 23:30,1681313447,cc-cc408-hya,data-node-12,9.9.2.154,elasticsearch_os_load5,1.14
2023/4/12 23:31,1681313507,cc-cc408-hya,data-node-12,9.9.2.154,elasticsearch_os_load5,1.23
2023/4/12 23:32,1681313567,cc-cc408-hya,data-node-12,9.9.2.154,elasticsearch_os_load5,1.17
2023/4/12 23:33,1681313627,cc-cc408-hya,data-node-12,9.9.2.154,elasticsearch_os_load5,1.1
2023/4/12 23:34,1681313687,cc-cc408-hya,data-node-12,9.9.2.154,elasticsearch_os_load5,1.06
2023/4/12 23:35,1681313747,cc-cc408-hya,data-node-12,9.9.2.154,elasticsearch_os_load5,0.99
2023/4/12 23:36,1681313807,cc-cc408-hya,data-node-12,9.9.2.154,elasticsearch_os_load5,0.99
2023/4/12 23:37,1681313867,cc-cc408-hya,data-node-12,9.9.2.154,elasticsearch_os_load5,1
2023/4/12 23:38,1681313927,cc-cc408-hya,data-node-12,9.9.2.154,elasticsearch_os_load5,0.98
2023/4/12 23:39,1681313987,cc-cc408-hya,data-node-12,9.9.2.154,elasticsearch_os_load5,0.9
2023/4/12 23:40,1681314047,cc-cc408-hya,data-node-12,9.9.2.154,elasticsearch_os_load5,0.93
2023/4/12 23:41,1681314107,cc-cc408-hya,data-node-12,9.9.2.154,elasticsearch_os_load5,0.88
2023/4/12 23:42,1681314167,cc-cc408-hya,data-node-12,9.9.2.154,elasticsearch_os_load5,0.86
2023/4/12 23:43,1681314227,cc-cc408-hya,data-node-12,9.9.2.154,elasticsearch_os_load5,0.92
2023/4/12 23:44,1681314287,cc-cc408-hya,data-node-12,9.9.2.154,elasticsearch_os_load5,1.01
2023/4/12 23:45,1681314347,cc-cc408-hya,data-node-12,9.9.2.154,elasticsearch_os_load5,1.1
2023/4/12 23:46,1681314407,cc-cc408-hya,data-node-12,9.9.2.154,elasticsearch_os_load5,1.03
2023/4/12 23:47,1681314467,cc-cc408-hya,data-node-12,9.9.2.154,elasticsearch_os_load5,0.9
2023/4/12 23:48,1681314527,cc-cc408-hya,data-node-12,9.9.2.154,elasticsearch_os_load5,0.8
2023/4/12 23:49,1681314587,cc-cc408-hya,data-node-12,9.9.2.154,elasticsearch_os_load5,0.75
2023/4/12 23:50,1681314647,cc-cc408-hya,data-node-12,9.9.2.154,elasticsearch_os_load5,0.72
2023/4/12 23:51,1681314707,cc-cc408-hya,data-node-12,9.9.2.154,elasticsearch_os_load5,0.71
2023/4/12 23:52,1681314767,cc-cc408-hya,data-node-12,9.9.2.154,elasticsearch_os_load5,0.64
2023/4/12 23:53,1681314827,cc-cc408-hya,data-node-12,9.9.2.154,elasticsearch_os_load5,0.66
2023/4/12 23:54,1681314887,cc-cc408-hya,data-node-12,9.9.2.154,elasticsearch_os_load5,0.64
2023/4/12 23:55,1681314947,cc-cc408-hya,data-node-12,9.9.2.154,elasticsearch_os_load5,0.8
2023/4/12 23:56,1681315007,cc-cc408-hya,data-node-12,9.9.2.154,elasticsearch_os_load5,0.96
2023/4/12 23:57,1681315067,cc-cc408-hya,data-node-12,9.9.2.154,elasticsearch_os_load5,1.08
2023/4/12 23:58,1681315127,cc-cc408-hya,data-node-12,9.9.2.154,elasticsearch_os_load5,0.99
2023/4/12 23:59,1681315187,cc-cc408-hya,data-node-12,9.9.2.154,elasticsearch_os_load5,0.9
2023/4/13 0:00,1681315247,cc-cc408-hya,data-node-12,9.9.2.154,elasticsearch_os_load5,0.85
2023/4/13 0:01,1681315307,cc-cc408-hya,data-node-12,9.9.2.154,elasticsearch_os_load5,0.88
2023/4/13 0:02,1681315367,cc-cc408-hya,data-node-12,9.9.2.154,elasticsearch_os_load5,0.81
2023/4/13 0:03,1681315427,cc-cc408-hya,data-node-12,9.9.2.154,elasticsearch_os_load5,0.77
2023/4/13 0:04,1681315487,cc-cc408-hya,data-node-12,9.9.2.154,elasticsearch_os_load5,0.67
2023/4/13 0:05,1681315547,cc-cc408-hya,data-node-12,9.9.2.154,elasticsearch_os_load5,0.66
2023/4/13 0:06,1681315607,cc-cc408-hya,data-node-12,9.9.2.154,elasticsearch_os_load5,0.57
2023/4/13 0:07,1681315667,cc-cc408-hya,data-node-12,9.9.2.154,elasticsearch_os_load5,0.51
2023/4/13 0:08,1681315727,cc-cc408-hya,data-node-12,9.9.2.154,elasticsearch_os_load5,0.56
2023/4/13 0:09,1681315787,cc-cc408-hya,data-node-12,9.9.2.154,elasticsearch_os_load5,0.54
2023/4/13 0:10,1681315847,cc-cc408-hya,data-node-12,9.9.2.154,elasticsearch_os_load5,0.66
2023/4/13 0:11,1681315907,cc-cc408-hya,data-node-12,9.9.2.154,elasticsearch_os_load5,0.69
2023/4/13 0:12,1681315967,cc-cc408-hya,data-node-12,9.9.2.154,elasticsearch_os_load5,0.64
2023/4/13 0:13,1681316027,cc-cc408-hya,data-node-12,9.9.2.154,elasticsearch_os_load5,0.6
2023/4/13 0:14,1681316087,cc-cc408-hya,data-node-12,9.9.2.154,elasticsearch_os_load5,0.58
2023/4/13 0:15,1681316147,cc-cc408-hya,data-node-12,9.9.2.154,elasticsearch_os_load5,0.61
2023/4/13 0:16,1681316207,cc-cc408-hya,data-node-12,9.9.2.154,elasticsearch_os_load5,0.58
2023/4/13 0:17,1681316267,cc-cc408-hya,data-node-12,9.9.2.154,elasticsearch_os_load5,0.55
2023/4/13 0:18,1681316327,cc-cc408-hya,data-node-12,9.9.2.154,elasticsearch_os_load5,0.61
2023/4/13 0:19,1681316387,cc-cc408-hya,data-node-12,9.9.2.154,elasticsearch_os_load5,0.77
2023/4/13 0:20,1681316447,cc-cc408-hya,data-node-12,9.9.2.154,elasticsearch_os_load5,1.04
2023/4/13 0:21,1681316507,cc-cc408-hya,data-node-12,9.9.2.154,elasticsearch_os_load5,1.23
2023/4/13 0:22,1681316567,cc-cc408-hya,data-node-12,9.9.2.154,elasticsearch_os_load5,1.46
2023/4/13 0:23,1681316627,cc-cc408-hya,data-node-12,9.9.2.154,elasticsearch_os_load5,1.6
2023/4/13 0:24,1681316687,cc-cc408-hya,data-node-12,9.9.2.154,elasticsearch_os_load5,1.64
2023/4/13 0:25,1681316747,cc-cc408-hya,data-node-12,9.9.2.154,elasticsearch_os_load5,1.65
2023/4/13 0:26,1681316807,cc-cc408-hya,data-node-12,9.9.2.154,elasticsearch_os_load5,1.74
2023/4/13 0:27,1681316867,cc-cc408-hya,data-node-12,9.9.2.154,elasticsearch_os_load5,1.85
2023/4/13 0:28,1681316927,cc-cc408-hya,data-node-12,9.9.2.154,elasticsearch_os_load5,1.91
2023/4/13 0:29,1681316987,cc-cc408-hya,data-node-12,9.9.2.154,elasticsearch_os_load5,2.05
2023/4/13 0:30,1681317047,cc-cc408-hya,data-node-12,9.9.2.154,elasticsearch_os_load5,2.15
2023/4/13 0:31,1681317107,cc-cc408-hya,data-node-12,9.9.2.154,elasticsearch_os_load5,2.2
2023/4/13 0:32,1681317167,cc-cc408-hya,data-node-12,9.9.2.154,elasticsearch_os_load5,2.06
2023/4/13 0:33,1681317227,cc-cc408-hya,data-node-12,9.9.2.154,elasticsearch_os_load5,2.02
2023/4/13 0:34,1681317287,cc-cc408-hya,data-node-12,9.9.2.154,elasticsearch_os_load5,2.06
2023/4/13 0:35,1681317347,cc-cc408-hya,data-node-12,9.9.2.154,elasticsearch_os_load5,2.08
2023/4/13 0:36,1681317407,cc-cc408-hya,data-node-12,9.9.2.154,elasticsearch_os_load5,2.11
2023/4/13 0:37,1681317467,cc-cc408-hya,data-node-12,9.9.2.154,elasticsearch_os_load5,2.56
2023/4/13 0:38,1681317527,cc-cc408-hya,data-node-12,9.9.2.154,elasticsearch_os_load5,2.92
2023/4/13 0:39,1681317587,cc-cc408-hya,data-node-12,9.9.2.154,elasticsearch_os_load5,3.22
2023/4/13 0:40,1681317647,cc-cc408-hya,data-node-12,9.9.2.154,elasticsearch_os_load5,3.06
2023/4/13 0:41,1681317707,cc-cc408-hya,data-node-12,9.9.2.154,elasticsearch_os_load5,3.04
2023/4/13 0:42,1681317767,cc-cc408-hya,data-node-12,9.9.2.154,elasticsearch_os_load5,2.81
2023/4/13 0:43,1681317827,cc-cc408-hya,data-node-12,9.9.2.154,elasticsearch_os_load5,2.71
2023/4/13 0:44,1681317887,cc-cc408-hya,data-node-12,9.9.2.154,elasticsearch_os_load5,2.79
2023/4/13 0:45,1681317947,cc-cc408-hya,data-node-12,9.9.2.154,elasticsearch_os_load5,2.66
2023/4/13 0:46,1681318007,cc-cc408-hya,data-node-12,9.9.2.154,elasticsearch_os_load5,2.47
2023/4/13 0:47,1681318067,cc-cc408-hya,data-node-12,9.9.2.154,elasticsearch_os_load5,2.35
2023/4/13 0:48,1681318127,cc-cc408-hya,data-node-12,9.9.2.154,elasticsearch_os_load5,2.33
2023/4/13 0:49,1681318187,cc-cc408-hya,data-node-12,9.9.2.154,elasticsearch_os_load5,2.28
2023/4/13 0:50,1681318247,cc-cc408-hya,data-node-12,9.9.2.154,elasticsearch_os_load5,2.28
2023/4/13 0:51,1681318307,cc-cc408-hya,data-node-12,9.9.2.154,elasticsearch_os_load5,2.23
2023/4/13 0:52,1681318367,cc-cc408-hya,data-node-12,9.9.2.154,elasticsearch_os_load5,2.21
2023/4/13 0:53,1681318427,cc-cc408-hya,data-node-12,9.9.2.154,elasticsearch_os_load5,2.2
2023/4/13 0:54,1681318487,cc-cc408-hya,data-node-12,9.9.2.154,elasticsearch_os_load5,2.1
2023/4/13 0:55,1681318547,cc-cc408-hya,data-node-12,9.9.2.154,elasticsearch_os_load5,2.16
2023/4/13 0:56,1681318607,cc-cc408-hya,data-node-12,9.9.2.154,elasticsearch_os_load5,2.11
2023/4/13 0:57,1681318667,cc-cc408-hya,data-node-12,9.9.2.154,elasticsearch_os_load5,2.21
2023/4/13 0:58,1681318727,cc-cc408-hya,data-node-12,9.9.2.154,elasticsearch_os_load5,2.25
2023/4/13 0:59,1681318787,cc-cc408-hya,data-node-12,9.9.2.154,elasticsearch_os_load5,2.32
2023/4/13 1:00,1681318847,cc-cc408-hya,data-node-12,9.9.2.154,elasticsearch_os_load5,2.27
2023/4/13 1:01,1681318907,cc-cc408-hya,data-node-12,9.9.2.154,elasticsearch_os_load5,2.2
2023/4/13 1:02,1681318967,cc-cc408-hya,data-node-12,9.9.2.154,elasticsearch_os_load5,2.25
2023/4/13 1:03,1681319027,cc-cc408-hya,data-node-12,9.9.2.154,elasticsearch_os_load5,2.32
2023/4/13 1:04,1681319087,cc-cc408-hya,data-node-12,9.9.2.154,elasticsearch_os_load5,2.96
2023/4/13 1:05,1681319147,cc-cc408-hya,data-node-12,9.9.2.154,elasticsearch_os_load5,2.74
2023/4/13 1:06,1681319207,cc-cc408-hya,data-node-12,9.9.2.154,elasticsearch_os_load5,2.48
2023/4/13 1:07,1681319267,cc-cc408-hya,data-node-12,9.9.2.154,elasticsearch_os_load5,2.33
2023/4/13 1:08,1681319327,cc-cc408-hya,data-node-12,9.9.2.154,elasticsearch_os_load5,2.2
2023/4/13 1:09,1681319387,cc-cc408-hya,data-node-12,9.9.2.154,elasticsearch_os_load5,2.17
2023/4/13 1:10,1681319447,cc-cc408-hya,data-node-12,9.9.2.154,elasticsearch_os_load5,2.22
2023/4/13 1:11,1681319507,cc-cc408-hya,data-node-12,9.9.2.154,elasticsearch_os_load5,2.27
2023/4/13 1:12,1681319567,cc-cc408-hya,data-node-12,9.9.2.154,elasticsearch_os_load5,2.16
2023/4/13 1:13,1681319627,cc-cc408-hya,data-node-12,9.9.2.154,elasticsearch_os_load5,2.13
2023/4/13 1:14,1681319687,cc-cc408-hya,data-node-12,9.9.2.154,elasticsearch_os_load5,1.99
2023/4/13 1:15,1681319747,cc-cc408-hya,data-node-12,9.9.2.154,elasticsearch_os_load5,1.87
2023/4/13 1:16,1681319807,cc-cc408-hya,data-node-12,9.9.2.154,elasticsearch_os_load5,1.79
2023/4/13 1:17,1681319867,cc-cc408-hya,data-node-12,9.9.2.154,elasticsearch_os_load5,1.62
2023/4/13 1:18,1681319927,cc-cc408-hya,data-node-12,9.9.2.154,elasticsearch_os_load5,1.58
2023/4/13 1:19,1681319987,cc-cc408-hya,data-node-12,9.9.2.154,elasticsearch_os_load5,1.72
2023/4/13 1:20,1681320047,cc-cc408-hya,data-node-12,9.9.2.154,elasticsearch_os_load5,1.77
2023/4/13 1:21,1681320107,cc-cc408-hya,data-node-12,9.9.2.154,elasticsearch_os_load5,1.99
2023/4/13 1:22,1681320167,cc-cc408-hya,data-node-12,9.9.2.154,elasticsearch_os_load5,2
2023/4/13 1:23,1681320227,cc-cc408-hya,data-node-12,9.9.2.154,elasticsearch_os_load5,1.92
2023/4/13 1:24,1681320287,cc-cc408-hya,data-node-12,9.9.2.154,elasticsearch_os_load5,1.59
2023/4/13 1:25,1681320347,cc-cc408-hya,data-node-12,9.9.2.154,elasticsearch_os_load5,1.31
2023/4/13 1:26,1681320407,cc-cc408-hya,data-node-12,9.9.2.154,elasticsearch_os_load5,1.09
2023/4/13 1:27,1681320467,cc-cc408-hya,data-node-12,9.9.2.154,elasticsearch_os_load5,0.9
2023/4/13 1:28,1681320527,cc-cc408-hya,data-node-12,9.9.2.154,elasticsearch_os_load5,0.77
2023/4/13 1:29,1681320587,cc-cc408-hya,data-node-12,9.9.2.154,elasticsearch_os_load5,0.7
2023/4/13 1:30,1681320647,cc-cc408-hya,data-node-12,9.9.2.154,elasticsearch_os_load5,0.61
2023/4/13 1:31,1681320707,cc-cc408-hya,data-node-12,9.9.2.154,elasticsearch_os_load5,0.57
2023/4/13 1:32,1681320767,cc-cc408-hya,data-node-12,9.9.2.154,elasticsearch_os_load5,0.51
2023/4/13 1:33,1681320827,cc-cc408-hya,data-node-12,9.9.2.154,elasticsearch_os_load5,0.48
2023/4/13 1:34,1681320887,cc-cc408-hya,data-node-12,9.9.2.154,elasticsearch_os_load5,0.45
2023/4/13 1:35,1681320947,cc-cc408-hya,data-node-12,9.9.2.154,elasticsearch_os_load5,0.43
2023/4/13 1:36,1681321007,cc-cc408-hya,data-node-12,9.9.2.154,elasticsearch_os_load5,0.4
2023/4/13 1:37,1681321067,cc-cc408-hya,data-node-12,9.9.2.154,elasticsearch_os_load5,0.4
2023/4/13 1:38,1681321127,cc-cc408-hya,data-node-12,9.9.2.154,elasticsearch_os_load5,0.34
2023/4/13 1:39,1681321187,cc-cc408-hya,data-node-12,9.9.2.154,elasticsearch_os_load5,0.32
2023/4/13 1:40,1681321247,cc-cc408-hya,data-node-12,9.9.2.154,elasticsearch_os_load5,0.34
2023/4/13 1:41,1681321307,cc-cc408-hya,data-node-12,9.9.2.154,elasticsearch_os_load5,0.28
2023/4/13 1:42,1681321367,cc-cc408-hya,data-node-12,9.9.2.154,elasticsearch_os_load5,0.27
2023/4/13 1:43,1681321427,cc-cc408-hya,data-node-12,9.9.2.154,elasticsearch_os_load5,0.28
2023/4/13 1:44,1681321487,cc-cc408-hya,data-node-12,9.9.2.154,elasticsearch_os_load5,0.31
2023/4/13 1:45,1681321547,cc-cc408-hya,data-node-12,9.9.2.154,elasticsearch_os_load5,0.33
2023/4/13 1:46,1681321607,cc-cc408-hya,data-node-12,9.9.2.154,elasticsearch_os_load5,0.3
2023/4/13 1:47,1681321667,cc-cc408-hya,data-node-12,9.9.2.154,elasticsearch_os_load5,0.27
2023/4/13 1:48,1681321727,cc-cc408-hya,data-node-12,9.9.2.154,elasticsearch_os_load5,0.24
2023/4/13 1:49,1681321787,cc-cc408-hya,data-node-12,9.9.2.154,elasticsearch_os_load5,0.33
2023/4/13 1:50,1681321847,cc-cc408-hya,data-node-12,9.9.2.154,elasticsearch_os_load5,0.33
2023/4/13 1:51,1681321907,cc-cc408-hya,data-node-12,9.9.2.154,elasticsearch_os_load5,0.28
2023/4/13 1:52,1681321967,cc-cc408-hya,data-node-12,9.9.2.154,elasticsearch_os_load5,0.23
2023/4/13 1:53,1681322027,cc-cc408-hya,data-node-12,9.9.2.154,elasticsearch_os_load5,0.26
2023/4/13 1:54,1681322087,cc-cc408-hya,data-node-12,9.9.2.154,elasticsearch_os_load5,0.24
2023/4/13 1:55,1681322147,cc-cc408-hya,data-node-12,9.9.2.154,elasticsearch_os_load5,0.21
2023/4/13 1:56,1681322207,cc-cc408-hya,data-node-12,9.9.2.154,elasticsearch_os_load5,0.17
2023/4/13 1:57,1681322267,cc-cc408-hya,data-node-12,9.9.2.154,elasticsearch_os_load5,0.17
2023/4/13 1:58,1681322327,cc-cc408-hya,data-node-12,9.9.2.154,elasticsearch_os_load5,0.16
2023/4/13 1:59,1681322387,cc-cc408-hya,data-node-12,9.9.2.154,elasticsearch_os_load5,0.14
2023/4/13 2:00,1681322447,cc-cc408-hya,data-node-12,9.9.2.154,elasticsearch_os_load5,0.13
2023/4/13 2:01,1681322507,cc-cc408-hya,data-node-12,9.9.2.154,elasticsearch_os_load5,0.25
2023/4/13 2:02,1681322567,cc-cc408-hya,data-node-12,9.9.2.154,elasticsearch_os_load5,0.41
2023/4/13 2:03,1681322627,cc-cc408-hya,data-node-12,9.9.2.154,elasticsearch_os_load5,0.7
2023/4/13 2:04,1681322687,cc-cc408-hya,data-node-12,9.9.2.154,elasticsearch_os_load5,0.75
2023/4/13 2:05,1681322747,cc-cc408-hya,data-node-12,9.9.2.154,elasticsearch_os_load5,0.7
2023/4/13 2:06,1681322807,cc-cc408-hya,data-node-12,9.9.2.154,elasticsearch_os_load5,0.6
2023/4/13 2:07,1681322867,cc-cc408-hya,data-node-12,9.9.2.154,elasticsearch_os_load5,0.5
2023/4/13 2:08,1681322927,cc-cc408-hya,data-node-12,9.9.2.154,elasticsearch_os_load5,0.43
2023/4/13 2:09,1681322987,cc-cc408-hya,data-node-12,9.9.2.154,elasticsearch_os_load5,0.36
2023/4/13 2:10,1681323047,cc-cc408-hya,data-node-12,9.9.2.154,elasticsearch_os_load5,0.32
2023/4/13 2:11,1681323107,cc-cc408-hya,data-node-12,9.9.2.154,elasticsearch_os_load5,0.35
2023/4/13 2:12,1681323167,cc-cc408-hya,data-node-12,9.9.2.154,elasticsearch_os_load5,0.38
2023/4/13 2:13,1681323227,cc-cc408-hya,data-node-12,9.9.2.154,elasticsearch_os_load5,0.34
2023/4/13 2:14,1681323287,cc-cc408-hya,data-node-12,9.9.2.154,elasticsearch_os_load5,0.35
2023/4/13 2:15,1681323347,cc-cc408-hya,data-node-12,9.9.2.154,elasticsearch_os_load5,0.3
2023/4/13 2:16,1681323407,cc-cc408-hya,data-node-12,9.9.2.154,elasticsearch_os_load5,0.35
2023/4/13 2:17,1681323467,cc-cc408-hya,data-node-12,9.9.2.154,elasticsearch_os_load5,0.42
2023/4/13 2:18,1681323527,cc-cc408-hya,data-node-12,9.9.2.154,elasticsearch_os_load5,0.37
2023/4/13 2:19,1681323587,cc-cc408-hya,data-node-12,9.9.2.154,elasticsearch_os_load5,0.39
2023/4/13 2:20,1681323647,cc-cc408-hya,data-node-12,9.9.2.154,elasticsearch_os_load5,0.33
2023/4/13 2:21,1681323707,cc-cc408-hya,data-node-12,9.9.2.154,elasticsearch_os_load5,0.32
2023/4/13 2:22,1681323767,cc-cc408-hya,data-node-12,9.9.2.154,elasticsearch_os_load5,0.26
2023/4/13 2:23,1681323827,cc-cc408-hya,data-node-12,9.9.2.154,elasticsearch_os_load5,0.24
2023/4/13 2:24,1681323887,cc-cc408-hya,data-node-12,9.9.2.154,elasticsearch_os_load5,0.23
2023/4/13 2:25,1681323947,cc-cc408-hya,data-node-12,9.9.2.154,elasticsearch_os_load5,0.21
2023/4/13 2:26,1681324007,cc-cc408-hya,data-node-12,9.9.2.154,elasticsearch_os_load5,0.17
2023/4/13 2:27,1681324067,cc-cc408-hya,data-node-12,9.9.2.154,elasticsearch_os_load5,0.17
2023/4/13 2:28,1681324127,cc-cc408-hya,data-node-12,9.9.2.154,elasticsearch_os_load5,0.19
2023/4/13 2:29,1681324187,cc-cc408-hya,data-node-12,9.9.2.154,elasticsearch_os_load5,0.16
2023/4/13 2:30,1681324247,cc-cc408-hya,data-node-12,9.9.2.154,elasticsearch_os_load5,0.18
2023/4/13 2:31,1681324307,cc-cc408-hya,data-node-12,9.9.2.154,elasticsearch_os_load5,0.2
2023/4/13 2:32,1681324367,cc-cc408-hya,data-node-12,9.9.2.154,elasticsearch_os_load5,0.26
2023/4/13 2:33,1681324427,cc-cc408-hya,data-node-12,9.9.2.154,elasticsearch_os_load5,0.22
2023/4/13 2:34,1681324487,cc-cc408-hya,data-node-12,9.9.2.154,elasticsearch_os_load5,0.2
2023/4/13 2:35,1681324547,cc-cc408-hya,data-node-12,9.9.2.154,elasticsearch_os_load5,0.22
2023/4/13 2:36,1681324607,cc-cc408-hya,data-node-12,9.9.2.154,elasticsearch_os_load5,0.19
2023/4/13 2:37,1681324667,cc-cc408-hya,data-node-12,9.9.2.154,elasticsearch_os_load5,0.17
2023/4/13 2:38,1681324727,cc-cc408-hya,data-node-12,9.9.2.154,elasticsearch_os_load5,0.15
2023/4/13 2:39,1681324787,cc-cc408-hya,data-node-12,9.9.2.154,elasticsearch_os_load5,0.14
2023/4/13 2:40,1681324847,cc-cc408-hya,data-node-12,9.9.2.154,elasticsearch_os_load5,0.14
2023/4/13 2:41,1681324907,cc-cc408-hya,data-node-12,9.9.2.154,elasticsearch_os_load5,0.16
2023/4/13 2:42,1681324967,cc-cc408-hya,data-node-12,9.9.2.154,elasticsearch_os_load5,0.14
2023/4/13 2:43,1681325027,cc-cc408-hya,data-node-12,9.9.2.154,elasticsearch_os_load5,0.25
2023/4/13 2:44,1681325087,cc-cc408-hya,data-node-12,9.9.2.154,elasticsearch_os_load5,0.25
2023/4/13 2:45,1681325147,cc-cc408-hya,data-node-12,9.9.2.154,elasticsearch_os_load5,0.47
2023/4/13 2:46,1681325207,cc-cc408-hya,data-node-12,9.9.2.154,elasticsearch_os_load5,0.73
2023/4/13 2:47,1681325267,cc-cc408-hya,data-node-12,9.9.2.154,elasticsearch_os_load5,0.72
2023/4/13 2:48,1681325327,cc-cc408-hya,data-node-12,9.9.2.154,elasticsearch_os_load5,0.63
2023/4/13 2:49,1681325387,cc-cc408-hya,data-node-12,9.9.2.154,elasticsearch_os_load5,0.53
2023/4/13 2:50,1681325447,cc-cc408-hya,data-node-12,9.9.2.154,elasticsearch_os_load5,0.46
2023/4/13 2:51,1681325507,cc-cc408-hya,data-node-12,9.9.2.154,elasticsearch_os_load5,0.41
2023/4/13 2:52,1681325567,cc-cc408-hya,data-node-12,9.9.2.154,elasticsearch_os_load5,0.41
2023/4/13 2:53,1681325627,cc-cc408-hya,data-node-12,9.9.2.154,elasticsearch_os_load5,0.46
2023/4/13 2:54,1681325687,cc-cc408-hya,data-node-12,9.9.2.154,elasticsearch_os_load5,0.48
2023/4/13 2:55,1681325747,cc-cc408-hya,data-node-12,9.9.2.154,elasticsearch_os_load5,0.48
2023/4/13 2:56,1681325807,cc-cc408-hya,data-node-12,9.9.2.154,elasticsearch_os_load5,0.42
2023/4/13 2:57,1681325867,cc-cc408-hya,data-node-12,9.9.2.154,elasticsearch_os_load5,0.37
2023/4/13 2:58,1681325927,cc-cc408-hya,data-node-12,9.9.2.154,elasticsearch_os_load5,0.35
2023/4/13 2:59,1681325987,cc-cc408-hya,data-node-12,9.9.2.154,elasticsearch_os_load5,0.31
2023/4/13 3:00,1681326047,cc-cc408-hya,data-node-12,9.9.2.154,elasticsearch_os_load5,0.31
2023/4/13 3:01,1681326107,cc-cc408-hya,data-node-12,9.9.2.154,elasticsearch_os_load5,0.37
2023/4/13 3:02,1681326167,cc-cc408-hya,data-node-12,9.9.2.154,elasticsearch_os_load5,0.31
2023/4/13 3:03,1681326227,cc-cc408-hya,data-node-12,9.9.2.154,elasticsearch_os_load5,0.27
2023/4/13 3:04,1681326287,cc-cc408-hya,data-node-12,9.9.2.154,elasticsearch_os_load5,0.28
2023/4/13 3:05,1681326347,cc-cc408-hya,data-node-12,9.9.2.154,elasticsearch_os_load5,0.29
2023/4/13 3:06,1681326407,cc-cc408-hya,data-node-12,9.9.2.154,elasticsearch_os_load5,0.31
2023/4/13 3:07,1681326467,cc-cc408-hya,data-node-12,9.9.2.154,elasticsearch_os_load5,0.31
2023/4/13 3:08,1681326527,cc-cc408-hya,data-node-12,9.9.2.154,elasticsearch_os_load5,0.27
2023/4/13 3:09,1681326587,cc-cc408-hya,data-node-12,9.9.2.154,elasticsearch_os_load5,0.25
2023/4/13 3:10,1681326647,cc-cc408-hya,data-node-12,9.9.2.154,elasticsearch_os_load5,0.23
2023/4/13 3:11,1681326707,cc-cc408-hya,data-node-12,9.9.2.154,elasticsearch_os_load5,0.19
2023/4/13 3:12,1681326767,cc-cc408-hya,data-node-12,9.9.2.154,elasticsearch_os_load5,0.17
2023/4/13 3:13,1681326827,cc-cc408-hya,data-node-12,9.9.2.154,elasticsearch_os_load5,0.17
2023/4/13 3:14,1681326887,cc-cc408-hya,data-node-12,9.9.2.154,elasticsearch_os_load5,0.22
2023/4/13 3:15,1681326947,cc-cc408-hya,data-node-12,9.9.2.154,elasticsearch_os_load5,0.25
2023/4/13 3:16,1681327007,cc-cc408-hya,data-node-12,9.9.2.154,elasticsearch_os_load5,0.23
2023/4/13 3:17,1681327067,cc-cc408-hya,data-node-12,9.9.2.154,elasticsearch_os_load5,0.22
2023/4/13 3:18,1681327127,cc-cc408-hya,data-node-12,9.9.2.154,elasticsearch_os_load5,0.19
2023/4/13 3:19,1681327187,cc-cc408-hya,data-node-12,9.9.2.154,elasticsearch_os_load5,0.19
2023/4/13 3:20,1681327247,cc-cc408-hya,data-node-12,9.9.2.154,elasticsearch_os_load5,0.2
2023/4/13 3:21,1681327307,cc-cc408-hya,data-node-12,9.9.2.154,elasticsearch_os_load5,0.18
2023/4/13 3:22,1681327367,cc-cc408-hya,data-node-12,9.9.2.154,elasticsearch_os_load5,0.17
2023/4/13 3:23,1681327427,cc-cc408-hya,data-node-12,9.9.2.154,elasticsearch_os_load5,0.17
2023/4/13 3:24,1681327487,cc-cc408-hya,data-node-12,9.9.2.154,elasticsearch_os_load5,0.34
2023/4/13 3:25,1681327547,cc-cc408-hya,data-node-12,9.9.2.154,elasticsearch_os_load5,0.4
2023/4/13 3:26,1681327607,cc-cc408-hya,data-node-12,9.9.2.154,elasticsearch_os_load5,0.4
2023/4/13 3:27,1681327667,cc-cc408-hya,data-node-12,9.9.2.154,elasticsearch_os_load5,0.58
2023/4/13 3:28,1681327727,cc-cc408-hya,data-node-12,9.9.2.154,elasticsearch_os_load5,0.72
2023/4/13 3:29,1681327787,cc-cc408-hya,data-node-12,9.9.2.154,elasticsearch_os_load5,0.79
2023/4/13 3:30,1681327847,cc-cc408-hya,data-node-12,9.9.2.154,elasticsearch_os_load5,0.74
2023/4/13 3:31,1681327907,cc-cc408-hya,data-node-12,9.9.2.154,elasticsearch_os_load5,0.75
2023/4/13 3:32,1681327967,cc-cc408-hya,data-node-12,9.9.2.154,elasticsearch_os_load5,0.63
2023/4/13 3:33,1681328027,cc-cc408-hya,data-node-12,9.9.2.154,elasticsearch_os_load5,0.54
2023/4/13 3:34,1681328087,cc-cc408-hya,data-node-12,9.9.2.154,elasticsearch_os_load5,0.45
2023/4/13 3:35,1681328147,cc-cc408-hya,data-node-12,9.9.2.154,elasticsearch_os_load5,0.4
2023/4/13 3:36,1681328207,cc-cc408-hya,data-node-12,9.9.2.154,elasticsearch_os_load5,0.32
2023/4/13 3:37,1681328267,cc-cc408-hya,data-node-12,9.9.2.154,elasticsearch_os_load5,0.34
2023/4/13 3:38,1681328327,cc-cc408-hya,data-node-12,9.9.2.154,elasticsearch_os_load5,0.31
2023/4/13 3:39,1681328387,cc-cc408-hya,data-node-12,9.9.2.154,elasticsearch_os_load5,0.26
2023/4/13 3:40,1681328447,cc-cc408-hya,data-node-12,9.9.2.154,elasticsearch_os_load5,0.27
2023/4/13 3:41,1681328507,cc-cc408-hya,data-node-12,9.9.2.154,elasticsearch_os_load5,0.32
2023/4/13 3:42,1681328567,cc-cc408-hya,data-node-12,9.9.2.154,elasticsearch_os_load5,0.28
2023/4/13 3:43,1681328627,cc-cc408-hya,data-node-12,9.9.2.154,elasticsearch_os_load5,0.9
2023/4/13 3:44,1681328687,cc-cc408-hya,data-node-12,9.9.2.154,elasticsearch_os_load5,0.82
2023/4/13 3:45,1681328747,cc-cc408-hya,data-node-12,9.9.2.154,elasticsearch_os_load5,0.68
2023/4/13 3:46,1681328807,cc-cc408-hya,data-node-12,9.9.2.154,elasticsearch_os_load5,0.57
2023/4/13 3:47,1681328867,cc-cc408-hya,data-node-12,9.9.2.154,elasticsearch_os_load5,0.55
2023/4/13 3:48,1681328927,cc-cc408-hya,data-node-12,9.9.2.154,elasticsearch_os_load5,0.61
2023/4/13 3:49,1681328987,cc-cc408-hya,data-node-12,9.9.2.154,elasticsearch_os_load5,0.54
2023/4/13 3:50,1681329047,cc-cc408-hya,data-node-12,9.9.2.154,elasticsearch_os_load5,0.49
2023/4/13 3:51,1681329107,cc-cc408-hya,data-node-12,9.9.2.154,elasticsearch_os_load5,0.44
2023/4/13 3:52,1681329167,cc-cc408-hya,data-node-12,9.9.2.154,elasticsearch_os_load5,0.38
2023/4/13 3:53,1681329227,cc-cc408-hya,data-node-12,9.9.2.154,elasticsearch_os_load5,0.36
2023/4/13 3:54,1681329287,cc-cc408-hya,data-node-12,9.9.2.154,elasticsearch_os_load5,0.35
2023/4/13 3:55,1681329347,cc-cc408-hya,data-node-12,9.9.2.154,elasticsearch_os_load5,0.33
2023/4/13 3:56,1681329407,cc-cc408-hya,data-node-12,9.9.2.154,elasticsearch_os_load5,0.28
2023/4/13 3:57,1681329467,cc-cc408-hya,data-node-12,9.9.2.154,elasticsearch_os_load5,0.24
2023/4/13 3:58,1681329527,cc-cc408-hya,data-node-12,9.9.2.154,elasticsearch_os_load5,0.23
2023/4/13 3:59,1681329587,cc-cc408-hya,data-node-12,9.9.2.154,elasticsearch_os_load5,0.32
2023/4/13 4:00,1681329647,cc-cc408-hya,data-node-12,9.9.2.154,elasticsearch_os_load5,0.31
2023/4/13 4:01,1681329707,cc-cc408-hya,data-node-12,9.9.2.154,elasticsearch_os_load5,0.25
2023/4/13 4:02,1681329767,cc-cc408-hya,data-node-12,9.9.2.154,elasticsearch_os_load5,0.24
2023/4/13 4:03,1681329827,cc-cc408-hya,data-node-12,9.9.2.154,elasticsearch_os_load5,0.2
2023/4/13 4:04,1681329887,cc-cc408-hya,data-node-12,9.9.2.154,elasticsearch_os_load5,0.2
2023/4/13 4:05,1681329947,cc-cc408-hya,data-node-12,9.9.2.154,elasticsearch_os_load5,0.19
2023/4/13 4:06,1681330007,cc-cc408-hya,data-node-12,9.9.2.154,elasticsearch_os_load5,0.34
2023/4/13 4:07,1681330067,cc-cc408-hya,data-node-12,9.9.2.154,elasticsearch_os_load5,0.41
2023/4/13 4:08,1681330127,cc-cc408-hya,data-node-12,9.9.2.154,elasticsearch_os_load5,0.41
2023/4/13 4:09,1681330187,cc-cc408-hya,data-node-12,9.9.2.154,elasticsearch_os_load5,0.45
2023/4/13 4:10,1681330247,cc-cc408-hya,data-node-12,9.9.2.154,elasticsearch_os_load5,0.7
2023/4/13 4:11,1681330307,cc-cc408-hya,data-node-12,9.9.2.154,elasticsearch_os_load5,0.77
2023/4/13 4:12,1681330367,cc-cc408-hya,data-node-12,9.9.2.154,elasticsearch_os_load5,0.64
2023/4/13 4:13,1681330427,cc-cc408-hya,data-node-12,9.9.2.154,elasticsearch_os_load5,0.55
2023/4/13 4:14,1681330487,cc-cc408-hya,data-node-12,9.9.2.154,elasticsearch_os_load5,0.45
2023/4/13 4:15,1681330547,cc-cc408-hya,data-node-12,9.9.2.154,elasticsearch_os_load5,0.4
2023/4/13 4:16,1681330607,cc-cc408-hya,data-node-12,9.9.2.154,elasticsearch_os_load5,0.43
2023/4/13 4:17,1681330667,cc-cc408-hya,data-node-12,9.9.2.154,elasticsearch_os_load5,0.35
2023/4/13 4:18,1681330727,cc-cc408-hya,data-node-12,9.9.2.154,elasticsearch_os_load5,0.32
2023/4/13 4:19,1681330787,cc-cc408-hya,data-node-12,9.9.2.154,elasticsearch_os_load5,0.35
2023/4/13 4:20,1681330847,cc-cc408-hya,data-node-12,9.9.2.154,elasticsearch_os_load5,0.3
2023/4/13 4:21,1681330907,cc-cc408-hya,data-node-12,9.9.2.154,elasticsearch_os_load5,0.32
2023/4/13 4:22,1681330967,cc-cc408-hya,data-node-12,9.9.2.154,elasticsearch_os_load5,0.29
2023/4/13 4:23,1681331027,cc-cc408-hya,data-node-12,9.9.2.154,elasticsearch_os_load5,0.24
2023/4/13 4:24,1681331087,cc-cc408-hya,data-node-12,9.9.2.154,elasticsearch_os_load5,0.28
2023/4/13 4:25,1681331147,cc-cc408-hya,data-node-12,9.9.2.154,elasticsearch_os_load5,0.23
2023/4/13 4:26,1681331207,cc-cc408-hya,data-node-12,9.9.2.154,elasticsearch_os_load5,0.22
2023/4/13 4:27,1681331267,cc-cc408-hya,data-node-12,9.9.2.154,elasticsearch_os_load5,0.24
2023/4/13 4:28,1681331327,cc-cc408-hya,data-node-12,9.9.2.154,elasticsearch_os_load5,0.25
2023/4/13 4:29,1681331387,cc-cc408-hya,data-node-12,9.9.2.154,elasticsearch_os_load5,0.21
2023/4/13 4:30,1681331447,cc-cc408-hya,data-node-12,9.9.2.154,elasticsearch_os_load5,0.25
2023/4/13 4:31,1681331507,cc-cc408-hya,data-node-12,9.9.2.154,elasticsearch_os_load5,0.32
2023/4/13 4:32,1681331567,cc-cc408-hya,data-node-12,9.9.2.154,elasticsearch_os_load5,0.33
2023/4/13 4:33,1681331627,cc-cc408-hya,data-node-12,9.9.2.154,elasticsearch_os_load5,0.3
2023/4/13 4:34,1681331687,cc-cc408-hya,data-node-12,9.9.2.154,elasticsearch_os_load5,0.28
2023/4/13 4:35,1681331747,cc-cc408-hya,data-node-12,9.9.2.154,elasticsearch_os_load5,0.22
2023/4/13 4:36,1681331807,cc-cc408-hya,data-node-12,9.9.2.154,elasticsearch_os_load5,0.22
2023/4/13 4:37,1681331867,cc-cc408-hya,data-node-12,9.9.2.154,elasticsearch_os_load5,0.21
2023/4/13 4:38,1681331927,cc-cc408-hya,data-node-12,9.9.2.154,elasticsearch_os_load5,0.21
2023/4/13 4:39,1681331987,cc-cc408-hya,data-node-12,9.9.2.154,elasticsearch_os_load5,0.22
2023/4/13 4:40,1681332047,cc-cc408-hya,data-node-12,9.9.2.154,elasticsearch_os_load5,0.19
2023/4/13 4:41,1681332107,cc-cc408-hya,data-node-12,9.9.2.154,elasticsearch_os_load5,0.17
2023/4/13 4:42,1681332167,cc-cc408-hya,data-node-12,9.9.2.154,elasticsearch_os_load5,0.14
2023/4/13 4:43,1681332227,cc-cc408-hya,data-node-12,9.9.2.154,elasticsearch_os_load5,0.12
2023/4/13 4:44,1681332287,cc-cc408-hya,data-node-12,9.9.2.154,elasticsearch_os_load5,0.11
2023/4/13 4:45,1681332347,cc-cc408-hya,data-node-12,9.9.2.154,elasticsearch_os_load5,0.14
2023/4/13 4:46,1681332407,cc-cc408-hya,data-node-12,9.9.2.154,elasticsearch_os_load5,0.16
2023/4/13 4:47,1681332467,cc-cc408-hya,data-node-12,9.9.2.154,elasticsearch_os_load5,0.14
2023/4/13 4:48,1681332527,cc-cc408-hya,data-node-12,9.9.2.154,elasticsearch_os_load5,0.23
2023/4/13 4:49,1681332587,cc-cc408-hya,data-node-12,9.9.2.154,elasticsearch_os_load5,0.32
2023/4/13 4:50,1681332647,cc-cc408-hya,data-node-12,9.9.2.154,elasticsearch_os_load5,0.32
2023/4/13 4:51,1681332707,cc-cc408-hya,data-node-12,9.9.2.154,elasticsearch_os_load5,0.44
2023/4/13 4:52,1681332767,cc-cc408-hya,data-node-12,9.9.2.154,elasticsearch_os_load5,0.53
2023/4/13 4:53,1681332827,cc-cc408-hya,data-node-12,9.9.2.154,elasticsearch_os_load5,0.67
2023/4/13 4:54,1681332887,cc-cc408-hya,data-node-12,9.9.2.154,elasticsearch_os_load5,0.63
2023/4/13 4:55,1681332947,cc-cc408-hya,data-node-12,9.9.2.154,elasticsearch_os_load5,0.54
2023/4/13 4:56,1681333007,cc-cc408-hya,data-node-12,9.9.2.154,elasticsearch_os_load5,0.46
2023/4/13 4:57,1681333067,cc-cc408-hya,data-node-12,9.9.2.154,elasticsearch_os_load5,0.37
2023/4/13 4:58,1681333127,cc-cc408-hya,data-node-12,9.9.2.154,elasticsearch_os_load5,0.33
2023/4/13 4:59,1681333187,cc-cc408-hya,data-node-12,9.9.2.154,elasticsearch_os_load5,0.57
2023/4/13 5:00,1681333247,cc-cc408-hya,data-node-12,9.9.2.154,elasticsearch_os_load5,0.85
2023/4/13 5:01,1681333307,cc-cc408-hya,data-node-12,9.9.2.154,elasticsearch_os_load5,0.88
2023/4/13 5:02,1681333367,cc-cc408-hya,data-node-12,9.9.2.154,elasticsearch_os_load5,0.72
2023/4/13 5:03,1681333427,cc-cc408-hya,data-node-12,9.9.2.154,elasticsearch_os_load5,0.64
2023/4/13 5:04,1681333487,cc-cc408-hya,data-node-12,9.9.2.154,elasticsearch_os_load5,0.57
2023/4/13 5:05,1681333547,cc-cc408-hya,data-node-12,9.9.2.154,elasticsearch_os_load5,0.52
2023/4/13 5:06,1681333607,cc-cc408-hya,data-node-12,9.9.2.154,elasticsearch_os_load5,0.43
2023/4/13 5:07,1681333667,cc-cc408-hya,data-node-12,9.9.2.154,elasticsearch_os_load5,0.38
2023/4/13 5:08,1681333727,cc-cc408-hya,data-node-12,9.9.2.154,elasticsearch_os_load5,0.32
2023/4/13 5:09,1681333787,cc-cc408-hya,data-node-12,9.9.2.154,elasticsearch_os_load5,0.28
2023/4/13 5:10,1681333847,cc-cc408-hya,data-node-12,9.9.2.154,elasticsearch_os_load5,0.24
2023/4/13 5:11,1681333907,cc-cc408-hya,data-node-12,9.9.2.154,elasticsearch_os_load5,0.24
2023/4/13 5:12,1681333967,cc-cc408-hya,data-node-12,9.9.2.154,elasticsearch_os_load5,0.21
2023/4/13 5:13,1681334027,cc-cc408-hya,data-node-12,9.9.2.154,elasticsearch_os_load5,0.26
2023/4/13 5:14,1681334087,cc-cc408-hya,data-node-12,9.9.2.154,elasticsearch_os_load5,0.26
2023/4/13 5:15,1681334147,cc-cc408-hya,data-node-12,9.9.2.154,elasticsearch_os_load5,0.25
2023/4/13 5:16,1681334207,cc-cc408-hya,data-node-12,9.9.2.154,elasticsearch_os_load5,0.24
2023/4/13 5:17,1681334267,cc-cc408-hya,data-node-12,9.9.2.154,elasticsearch_os_load5,0.19
2023/4/13 5:18,1681334327,cc-cc408-hya,data-node-12,9.9.2.154,elasticsearch_os_load5,0.21
2023/4/13 5:19,1681334387,cc-cc408-hya,data-node-12,9.9.2.154,elasticsearch_os_load5,0.2
2023/4/13 5:20,1681334447,cc-cc408-hya,data-node-12,9.9.2.154,elasticsearch_os_load5,0.21
2023/4/13 5:21,1681334507,cc-cc408-hya,data-node-12,9.9.2.154,elasticsearch_os_load5,0.2
2023/4/13 5:22,1681334567,cc-cc408-hya,data-node-12,9.9.2.154,elasticsearch_os_load5,0.29
2023/4/13 5:23,1681334627,cc-cc408-hya,data-node-12,9.9.2.154,elasticsearch_os_load5,0.26
2023/4/13 5:24,1681334687,cc-cc408-hya,data-node-12,9.9.2.154,elasticsearch_os_load5,0.24
2023/4/13 5:25,1681334747,cc-cc408-hya,data-node-12,9.9.2.154,elasticsearch_os_load5,0.26
2023/4/13 5:26,1681334807,cc-cc408-hya,data-node-12,9.9.2.154,elasticsearch_os_load5,0.32
2023/4/13 5:27,1681334867,cc-cc408-hya,data-node-12,9.9.2.154,elasticsearch_os_load5,0.3
2023/4/13 5:28,1681334927,cc-cc408-hya,data-node-12,9.9.2.154,elasticsearch_os_load5,0.25
2023/4/13 5:29,1681334987,cc-cc408-hya,data-node-12,9.9.2.154,elasticsearch_os_load5,0.21
2023/4/13 5:30,1681335047,cc-cc408-hya,data-node-12,9.9.2.154,elasticsearch_os_load5,0.41
2023/4/13 5:31,1681335107,cc-cc408-hya,data-node-12,9.9.2.154,elasticsearch_os_load5,0.48
2023/4/13 5:32,1681335167,cc-cc408-hya,data-node-12,9.9.2.154,elasticsearch_os_load5,0.52
2023/4/13 5:33,1681335227,cc-cc408-hya,data-node-12,9.9.2.154,elasticsearch_os_load5,0.55
2023/4/13 5:34,1681335287,cc-cc408-hya,data-node-12,9.9.2.154,elasticsearch_os_load5,0.84
2023/4/13 5:35,1681335347,cc-cc408-hya,data-node-12,9.9.2.154,elasticsearch_os_load5,1
2023/4/13 5:36,1681335407,cc-cc408-hya,data-node-12,9.9.2.154,elasticsearch_os_load5,0.95
2023/4/13 5:37,1681335467,cc-cc408-hya,data-node-12,9.9.2.154,elasticsearch_os_load5,0.89
2023/4/13 5:38,1681335527,cc-cc408-hya,data-node-12,9.9.2.154,elasticsearch_os_load5,0.73
2023/4/13 5:39,1681335587,cc-cc408-hya,data-node-12,9.9.2.154,elasticsearch_os_load5,0.67
2023/4/13 5:40,1681335647,cc-cc408-hya,data-node-12,9.9.2.154,elasticsearch_os_load5,0.6
2023/4/13 5:41,1681335707,cc-cc408-hya,data-node-12,9.9.2.154,elasticsearch_os_load5,0.56
2023/4/13 5:42,1681335767,cc-cc408-hya,data-node-12,9.9.2.154,elasticsearch_os_load5,0.5
2023/4/13 5:43,1681335827,cc-cc408-hya,data-node-12,9.9.2.154,elasticsearch_os_load5,0.45
2023/4/13 5:44,1681335887,cc-cc408-hya,data-node-12,9.9.2.154,elasticsearch_os_load5,0.43
2023/4/13 5:45,1681335947,cc-cc408-hya,data-node-12,9.9.2.154,elasticsearch_os_load5,0.41
2023/4/13 5:46,1681336007,cc-cc408-hya,data-node-12,9.9.2.154,elasticsearch_os_load5,0.4
2023/4/13 5:47,1681336067,cc-cc408-hya,data-node-12,9.9.2.154,elasticsearch_os_load5,0.39
2023/4/13 5:48,1681336127,cc-cc408-hya,data-node-12,9.9.2.154,elasticsearch_os_load5,0.35
2023/4/13 5:49,1681336187,cc-cc408-hya,data-node-12,9.9.2.154,elasticsearch_os_load5,0.36
2023/4/13 5:50,1681336247,cc-cc408-hya,data-node-12,9.9.2.154,elasticsearch_os_load5,0.33
2023/4/13 5:51,1681336307,cc-cc408-hya,data-node-12,9.9.2.154,elasticsearch_os_load5,0.34
2023/4/13 5:52,1681336367,cc-cc408-hya,data-node-12,9.9.2.154,elasticsearch_os_load5,0.32
2023/4/13 5:53,1681336427,cc-cc408-hya,data-node-12,9.9.2.154,elasticsearch_os_load5,1
2023/4/13 5:54,1681336487,cc-cc408-hya,data-node-12,9.9.2.154,elasticsearch_os_load5,0.87
2023/4/13 5:55,1681336547,cc-cc408-hya,data-node-12,9.9.2.154,elasticsearch_os_load5,0.79
2023/4/13 5:56,1681336607,cc-cc408-hya,data-node-12,9.9.2.154,elasticsearch_os_load5,0.79
2023/4/13 5:57,1681336667,cc-cc408-hya,data-node-12,9.9.2.154,elasticsearch_os_load5,0.64
2023/4/13 5:58,1681336727,cc-cc408-hya,data-node-12,9.9.2.154,elasticsearch_os_load5,0.57
2023/4/13 5:59,1681336787,cc-cc408-hya,data-node-12,9.9.2.154,elasticsearch_os_load5,0.46
2023/4/13 6:00,1681336847,cc-cc408-hya,data-node-12,9.9.2.154,elasticsearch_os_load5,0.42
2023/4/13 6:01,1681336907,cc-cc408-hya,data-node-12,9.9.2.154,elasticsearch_os_load5,0.41
2023/4/13 6:02,1681336967,cc-cc408-hya,data-node-12,9.9.2.154,elasticsearch_os_load5,0.43
2023/4/13 6:03,1681337027,cc-cc408-hya,data-node-12,9.9.2.154,elasticsearch_os_load5,0.4
2023/4/13 6:04,1681337087,cc-cc408-hya,data-node-12,9.9.2.154,elasticsearch_os_load5,0.32
2023/4/13 6:05,1681337147,cc-cc408-hya,data-node-12,9.9.2.154,elasticsearch_os_load5,0.28
2023/4/13 6:06,1681337207,cc-cc408-hya,data-node-12,9.9.2.154,elasticsearch_os_load5,0.27
2023/4/13 6:07,1681337267,cc-cc408-hya,data-node-12,9.9.2.154,elasticsearch_os_load5,0.35
2023/4/13 6:08,1681337327,cc-cc408-hya,data-node-12,9.9.2.154,elasticsearch_os_load5,0.35
2023/4/13 6:09,1681337387,cc-cc408-hya,data-node-12,9.9.2.154,elasticsearch_os_load5,0.34
2023/4/13 6:10,1681337447,cc-cc408-hya,data-node-12,9.9.2.154,elasticsearch_os_load5,0.32
2023/4/13 6:11,1681337507,cc-cc408-hya,data-node-12,9.9.2.154,elasticsearch_os_load5,0.46
2023/4/13 6:12,1681337567,cc-cc408-hya,data-node-12,9.9.2.154,elasticsearch_os_load5,0.47
2023/4/13 6:13,1681337627,cc-cc408-hya,data-node-12,9.9.2.154,elasticsearch_os_load5,0.48
2023/4/13 6:14,1681337687,cc-cc408-hya,data-node-12,9.9.2.154,elasticsearch_os_load5,0.48
2023/4/13 6:15,1681337747,cc-cc408-hya,data-node-12,9.9.2.154,elasticsearch_os_load5,0.45
2023/4/13 6:16,1681337807,cc-cc408-hya,data-node-12,9.9.2.154,elasticsearch_os_load5,0.63
2023/4/13 6:17,1681337867,cc-cc408-hya,data-node-12,9.9.2.154,elasticsearch_os_load5,0.78
2023/4/13 6:18,1681337927,cc-cc408-hya,data-node-12,9.9.2.154,elasticsearch_os_load5,0.81
2023/4/13 6:19,1681337987,cc-cc408-hya,data-node-12,9.9.2.154,elasticsearch_os_load5,0.75
2023/4/13 6:20,1681338047,cc-cc408-hya,data-node-12,9.9.2.154,elasticsearch_os_load5,0.64
2023/4/13 6:21,1681338107,cc-cc408-hya,data-node-12,9.9.2.154,elasticsearch_os_load5,0.54
2023/4/13 6:22,1681338167,cc-cc408-hya,data-node-12,9.9.2.154,elasticsearch_os_load5,0.55
2023/4/13 6:23,1681338227,cc-cc408-hya,data-node-12,9.9.2.154,elasticsearch_os_load5,0.5
2023/4/13 6:24,1681338287,cc-cc408-hya,data-node-12,9.9.2.154,elasticsearch_os_load5,0.48
2023/4/13 6:25,1681338347,cc-cc408-hya,data-node-12,9.9.2.154,elasticsearch_os_load5,0.45
2023/4/13 6:26,1681338407,cc-cc408-hya,data-node-12,9.9.2.154,elasticsearch_os_load5,0.52
2023/4/13 6:27,1681338467,cc-cc408-hya,data-node-12,9.9.2.154,elasticsearch_os_load5,0.47
2023/4/13 6:28,1681338527,cc-cc408-hya,data-node-12,9.9.2.154,elasticsearch_os_load5,0.48
2023/4/13 6:29,1681338587,cc-cc408-hya,data-node-12,9.9.2.154,elasticsearch_os_load5,0.54
2023/4/13 6:30,1681338647,cc-cc408-hya,data-node-12,9.9.2.154,elasticsearch_os_load5,0.47
2023/4/13 6:31,1681338707,cc-cc408-hya,data-node-12,9.9.2.154,elasticsearch_os_load5,0.43
2023/4/13 6:32,1681338767,cc-cc408-hya,data-node-12,9.9.2.154,elasticsearch_os_load5,0.44
2023/4/13 6:33,1681338827,cc-cc408-hya,data-node-12,9.9.2.154,elasticsearch_os_load5,0.42
2023/4/13 6:34,1681338887,cc-cc408-hya,data-node-12,9.9.2.154,elasticsearch_os_load5,0.38
2023/4/13 6:35,1681338947,cc-cc408-hya,data-node-12,9.9.2.154,elasticsearch_os_load5,0.34
2023/4/13 6:36,1681339007,cc-cc408-hya,data-node-12,9.9.2.154,elasticsearch_os_load5,0.41
2023/4/13 6:37,1681339067,cc-cc408-hya,data-node-12,9.9.2.154,elasticsearch_os_load5,0.44
2023/4/13 6:38,1681339127,cc-cc408-hya,data-node-12,9.9.2.154,elasticsearch_os_load5,0.4
2023/4/13 6:39,1681339187,cc-cc408-hya,data-node-12,9.9.2.154,elasticsearch_os_load5,0.33
2023/4/13 6:40,1681339247,cc-cc408-hya,data-node-12,9.9.2.154,elasticsearch_os_load5,0.42
2023/4/13 6:41,1681339307,cc-cc408-hya,data-node-12,9.9.2.154,elasticsearch_os_load5,0.5
2023/4/13 6:42,1681339367,cc-cc408-hya,data-node-12,9.9.2.154,elasticsearch_os_load5,0.54
2023/4/13 6:43,1681339427,cc-cc408-hya,data-node-12,9.9.2.154,elasticsearch_os_load5,0.5
2023/4/13 6:44,1681339487,cc-cc408-hya,data-node-12,9.9.2.154,elasticsearch_os_load5,0.48
2023/4/13 6:45,1681339547,cc-cc408-hya,data-node-12,9.9.2.154,elasticsearch_os_load5,0.51
2023/4/13 6:46,1681339607,cc-cc408-hya,data-node-12,9.9.2.154,elasticsearch_os_load5,0.44
2023/4/13 6:47,1681339667,cc-cc408-hya,data-node-12,9.9.2.154,elasticsearch_os_load5,0.43
2023/4/13 6:48,1681339727,cc-cc408-hya,data-node-12,9.9.2.154,elasticsearch_os_load5,0.41
2023/4/13 6:49,1681339787,cc-cc408-hya,data-node-12,9.9.2.154,elasticsearch_os_load5,0.48
2023/4/13 6:50,1681339847,cc-cc408-hya,data-node-12,9.9.2.154,elasticsearch_os_load5,0.55
2023/4/13 6:51,1681339907,cc-cc408-hya,data-node-12,9.9.2.154,elasticsearch_os_load5,0.62
2023/4/13 6:52,1681339967,cc-cc408-hya,data-node-12,9.9.2.154,elasticsearch_os_load5,0.61
2023/4/13 6:53,1681340027,cc-cc408-hya,data-node-12,9.9.2.154,elasticsearch_os_load5,0.69
2023/4/13 6:54,1681340087,cc-cc408-hya,data-node-12,9.9.2.154,elasticsearch_os_load5,0.68
2023/4/13 6:55,1681340147,cc-cc408-hya,data-node-12,9.9.2.154,elasticsearch_os_load5,0.62
2023/4/13 6:56,1681340207,cc-cc408-hya,data-node-12,9.9.2.154,elasticsearch_os_load5,0.58
2023/4/13 6:57,1681340267,cc-cc408-hya,data-node-12,9.9.2.154,elasticsearch_os_load5,0.56
2023/4/13 6:58,1681340327,cc-cc408-hya,data-node-12,9.9.2.154,elasticsearch_os_load5,0.71
2023/4/13 6:59,1681340387,cc-cc408-hya,data-node-12,9.9.2.154,elasticsearch_os_load5,0.77
2023/4/13 7:00,1681340447,cc-cc408-hya,data-node-12,9.9.2.154,elasticsearch_os_load5,0.9
2023/4/13 7:01,1681340507,cc-cc408-hya,data-node-12,9.9.2.154,elasticsearch_os_load5,0.91
2023/4/13 7:02,1681340567,cc-cc408-hya,data-node-12,9.9.2.154,elasticsearch_os_load5,0.79
2023/4/13 7:03,1681340627,cc-cc408-hya,data-node-12,9.9.2.154,elasticsearch_os_load5,0.77
2023/4/13 7:04,1681340687,cc-cc408-hya,data-node-12,9.9.2.154,elasticsearch_os_load5,0.69
2023/4/13 7:05,1681340747,cc-cc408-hya,data-node-12,9.9.2.154,elasticsearch_os_load5,0.62
2023/4/13 7:06,1681340807,cc-cc408-hya,data-node-12,9.9.2.154,elasticsearch_os_load5,0.65
2023/4/13 7:07,1681340867,cc-cc408-hya,data-node-12,9.9.2.154,elasticsearch_os_load5,0.71
2023/4/13 7:08,1681340927,cc-cc408-hya,data-node-12,9.9.2.154,elasticsearch_os_load5,0.67
2023/4/13 7:09,1681340987,cc-cc408-hya,data-node-12,9.9.2.154,elasticsearch_os_load5,0.64
2023/4/13 7:10,1681341047,cc-cc408-hya,data-node-12,9.9.2.154,elasticsearch_os_load5,0.7
2023/4/13 7:11,1681341107,cc-cc408-hya,data-node-12,9.9.2.154,elasticsearch_os_load5,0.66
2023/4/13 7:12,1681341167,cc-cc408-hya,data-node-12,9.9.2.154,elasticsearch_os_load5,0.6
2023/4/13 7:13,1681341227,cc-cc408-hya,data-node-12,9.9.2.154,elasticsearch_os_load5,0.57
2023/4/13 7:14,1681341287,cc-cc408-hya,data-node-12,9.9.2.154,elasticsearch_os_load5,0.57
2023/4/13 7:15,1681341347,cc-cc408-hya,data-node-12,9.9.2.154,elasticsearch_os_load5,0.53
2023/4/13 7:16,1681341407,cc-cc408-hya,data-node-12,9.9.2.154,elasticsearch_os_load5,0.5
2023/4/13 7:17,1681341467,cc-cc408-hya,data-node-12,9.9.2.154,elasticsearch_os_load5,0.48
2023/4/13 7:18,1681341527,cc-cc408-hya,data-node-12,9.9.2.154,elasticsearch_os_load5,0.43
2023/4/13 7:19,1681341587,cc-cc408-hya,data-node-12,9.9.2.154,elasticsearch_os_load5,0.41
2023/4/13 7:20,1681341647,cc-cc408-hya,data-node-12,9.9.2.154,elasticsearch_os_load5,0.4
2023/4/13 7:21,1681341707,cc-cc408-hya,data-node-12,9.9.2.154,elasticsearch_os_load5,0.39
2023/4/13 7:22,1681341767,cc-cc408-hya,data-node-12,9.9.2.154,elasticsearch_os_load5,0.36
2023/4/13 7:23,1681341827,cc-cc408-hya,data-node-12,9.9.2.154,elasticsearch_os_load5,0.35
2023/4/13 7:24,1681341887,cc-cc408-hya,data-node-12,9.9.2.154,elasticsearch_os_load5,0.37
2023/4/13 7:25,1681341947,cc-cc408-hya,data-node-12,9.9.2.154,elasticsearch_os_load5,0.34
2023/4/13 7:26,1681342007,cc-cc408-hya,data-node-12,9.9.2.154,elasticsearch_os_load5,0.41
2023/4/13 7:27,1681342067,cc-cc408-hya,data-node-12,9.9.2.154,elasticsearch_os_load5,0.42
2023/4/13 7:28,1681342127,cc-cc408-hya,data-node-12,9.9.2.154,elasticsearch_os_load5,0.42
2023/4/13 7:29,1681342187,cc-cc408-hya,data-node-12,9.9.2.154,elasticsearch_os_load5,0.39
2023/4/13 7:30,1681342247,cc-cc408-hya,data-node-12,9.9.2.154,elasticsearch_os_load5,0.39
2023/4/13 7:31,1681342307,cc-cc408-hya,data-node-12,9.9.2.154,elasticsearch_os_load5,0.38
2023/4/13 7:32,1681342367,cc-cc408-hya,data-node-12,9.9.2.154,elasticsearch_os_load5,0.38
2023/4/13 7:33,1681342427,cc-cc408-hya,data-node-12,9.9.2.154,elasticsearch_os_load5,0.36
2023/4/13 7:34,1681342487,cc-cc408-hya,data-node-12,9.9.2.154,elasticsearch_os_load5,0.39
2023/4/13 7:35,1681342547,cc-cc408-hya,data-node-12,9.9.2.154,elasticsearch_os_load5,0.48
2023/4/13 7:36,1681342607,cc-cc408-hya,data-node-12,9.9.2.154,elasticsearch_os_load5,0.57
2023/4/13 7:37,1681342667,cc-cc408-hya,data-node-12,9.9.2.154,elasticsearch_os_load5,0.59
2023/4/13 7:38,1681342727,cc-cc408-hya,data-node-12,9.9.2.154,elasticsearch_os_load5,0.58
2023/4/13 7:39,1681342787,cc-cc408-hya,data-node-12,9.9.2.154,elasticsearch_os_load5,0.55
2023/4/13 7:40,1681342847,cc-cc408-hya,data-node-12,9.9.2.154,elasticsearch_os_load5,0.77
2023/4/13 7:41,1681342907,cc-cc408-hya,data-node-12,9.9.2.154,elasticsearch_os_load5,1.01
2023/4/13 7:42,1681342967,cc-cc408-hya,data-node-12,9.9.2.154,elasticsearch_os_load5,1.01
2023/4/13 7:43,1681343027,cc-cc408-hya,data-node-12,9.9.2.154,elasticsearch_os_load5,0.85
2023/4/13 7:44,1681343087,cc-cc408-hya,data-node-12,9.9.2.154,elasticsearch_os_load5,0.76
2023/4/13 7:45,1681343147,cc-cc408-hya,data-node-12,9.9.2.154,elasticsearch_os_load5,0.77
2023/4/13 7:46,1681343207,cc-cc408-hya,data-node-12,9.9.2.154,elasticsearch_os_load5,0.72
2023/4/13 7:47,1681343267,cc-cc408-hya,data-node-12,9.9.2.154,elasticsearch_os_load5,0.72
2023/4/13 7:48,1681343327,cc-cc408-hya,data-node-12,9.9.2.154,elasticsearch_os_load5,0.67
2023/4/13 7:49,1681343387,cc-cc408-hya,data-node-12,9.9.2.154,elasticsearch_os_load5,0.65
2023/4/13 7:50,1681343447,cc-cc408-hya,data-node-12,9.9.2.154,elasticsearch_os_load5,0.63
2023/4/13 7:51,1681343507,cc-cc408-hya,data-node-12,9.9.2.154,elasticsearch_os_load5,0.62
2023/4/13 7:52,1681343567,cc-cc408-hya,data-node-12,9.9.2.154,elasticsearch_os_load5,0.76
2023/4/13 7:53,1681343627,cc-cc408-hya,data-node-12,9.9.2.154,elasticsearch_os_load5,0.91
2023/4/13 7:54,1681343687,cc-cc408-hya,data-node-12,9.9.2.154,elasticsearch_os_load5,0.82
2023/4/13 7:55,1681343747,cc-cc408-hya,data-node-12,9.9.2.154,elasticsearch_os_load5,0.71
2023/4/13 7:56,1681343807,cc-cc408-hya,data-node-12,9.9.2.154,elasticsearch_os_load5,0.73
2023/4/13 7:57,1681343867,cc-cc408-hya,data-node-12,9.9.2.154,elasticsearch_os_load5,0.82
2023/4/13 7:58,1681343927,cc-cc408-hya,data-node-12,9.9.2.154,elasticsearch_os_load5,0.7
2023/4/13 7:59,1681343987,cc-cc408-hya,data-node-12,9.9.2.154,elasticsearch_os_load5,0.74
2023/4/13 8:00,1681344047,cc-cc408-hya,data-node-12,9.9.2.154,elasticsearch_os_load5,1.1
2023/4/13 8:01,1681344107,cc-cc408-hya,data-node-12,9.9.2.154,elasticsearch_os_load5,1.08
2023/4/13 8:02,1681344167,cc-cc408-hya,data-node-12,9.9.2.154,elasticsearch_os_load5,1.21
2023/4/13 8:03,1681344227,cc-cc408-hya,data-node-12,9.9.2.154,elasticsearch_os_load5,1.27
2023/4/13 8:04,1681344287,cc-cc408-hya,data-node-12,9.9.2.154,elasticsearch_os_load5,1.39
2023/4/13 8:05,1681344347,cc-cc408-hya,data-node-12,9.9.2.154,elasticsearch_os_load5,1.38
2023/4/13 8:06,1681344407,cc-cc408-hya,data-node-12,9.9.2.154,elasticsearch_os_load5,1.37
2023/4/13 8:07,1681344467,cc-cc408-hya,data-node-12,9.9.2.154,elasticsearch_os_load5,1.94
2023/4/13 8:08,1681344527,cc-cc408-hya,data-node-12,9.9.2.154,elasticsearch_os_load5,2.45
2023/4/13 8:09,1681344587,cc-cc408-hya,data-node-12,9.9.2.154,elasticsearch_os_load5,2.47
2023/4/13 8:10,1681344647,cc-cc408-hya,data-node-12,9.9.2.154,elasticsearch_os_load5,2.11
2023/4/13 8:11,1681344707,cc-cc408-hya,data-node-12,9.9.2.154,elasticsearch_os_load5,1.85
2023/4/13 8:12,1681344767,cc-cc408-hya,data-node-12,9.9.2.154,elasticsearch_os_load5,1.69
2023/4/13 8:13,1681344827,cc-cc408-hya,data-node-12,9.9.2.154,elasticsearch_os_load5,1.58
2023/4/13 8:14,1681344887,cc-cc408-hya,data-node-12,9.9.2.154,elasticsearch_os_load5,1.49
2023/4/13 8:15,1681344947,cc-cc408-hya,data-node-12,9.9.2.154,elasticsearch_os_load5,1.41
2023/4/13 8:16,1681345007,cc-cc408-hya,data-node-12,9.9.2.154,elasticsearch_os_load5,1.36
2023/4/13 8:17,1681345067,cc-cc408-hya,data-node-12,9.9.2.154,elasticsearch_os_load5,1.46
2023/4/13 8:18,1681345127,cc-cc408-hya,data-node-12,9.9.2.154,elasticsearch_os_load5,1.54
2023/4/13 8:19,1681345187,cc-cc408-hya,data-node-12,9.9.2.154,elasticsearch_os_load5,1.48
2023/4/13 8:20,1681345247,cc-cc408-hya,data-node-12,9.9.2.154,elasticsearch_os_load5,1.38
2023/4/13 8:21,1681345307,cc-cc408-hya,data-node-12,9.9.2.154,elasticsearch_os_load5,1.39
2023/4/13 8:22,1681345367,cc-cc408-hya,data-node-12,9.9.2.154,elasticsearch_os_load5,1.39
2023/4/13 8:23,1681345427,cc-cc408-hya,data-node-12,9.9.2.154,elasticsearch_os_load5,1.58
2023/4/13 8:24,1681345487,cc-cc408-hya,data-node-12,9.9.2.154,elasticsearch_os_load5,1.55
2023/4/13 8:25,1681345547,cc-cc408-hya,data-node-12,9.9.2.154,elasticsearch_os_load5,1.71
2023/4/13 8:26,1681345607,cc-cc408-hya,data-node-12,9.9.2.154,elasticsearch_os_load5,1.71
2023/4/13 8:27,1681345667,cc-cc408-hya,data-node-12,9.9.2.154,elasticsearch_os_load5,1.64
2023/4/13 8:28,1681345727,cc-cc408-hya,data-node-12,9.9.2.154,elasticsearch_os_load5,1.62
2023/4/13 8:29,1681345787,cc-cc408-hya,data-node-12,9.9.2.154,elasticsearch_os_load5,1.49
2023/4/13 8:30,1681345847,cc-cc408-hya,data-node-12,9.9.2.154,elasticsearch_os_load5,1.56
2023/4/13 8:31,1681345907,cc-cc408-hya,data-node-12,9.9.2.154,elasticsearch_os_load5,1.5
2023/4/13 8:32,1681345967,cc-cc408-hya,data-node-12,9.9.2.154,elasticsearch_os_load5,1.54
2023/4/13 8:33,1681346027,cc-cc408-hya,data-node-12,9.9.2.154,elasticsearch_os_load5,1.59
2023/4/13 8:34,1681346087,cc-cc408-hya,data-node-12,9.9.2.154,elasticsearch_os_load5,1.66
2023/4/13 8:35,1681346147,cc-cc408-hya,data-node-12,9.9.2.154,elasticsearch_os_load5,1.55
2023/4/13 8:36,1681346207,cc-cc408-hya,data-node-12,9.9.2.154,elasticsearch_os_load5,1.59
2023/4/13 8:37,1681346267,cc-cc408-hya,data-node-12,9.9.2.154,elasticsearch_os_load5,1.5
2023/4/13 8:38,1681346327,cc-cc408-hya,data-node-12,9.9.2.154,elasticsearch_os_load5,1.59
2023/4/13 8:39,1681346387,cc-cc408-hya,data-node-12,9.9.2.154,elasticsearch_os_load5,1.68
2023/4/13 8:40,1681346447,cc-cc408-hya,data-node-12,9.9.2.154,elasticsearch_os_load5,1.6
2023/4/13 8:41,1681346507,cc-cc408-hya,data-node-12,9.9.2.154,elasticsearch_os_load5,1.6
2023/4/13 8:42,1681346567,cc-cc408-hya,data-node-12,9.9.2.154,elasticsearch_os_load5,1.68
2023/4/13 8:43,1681346627,cc-cc408-hya,data-node-12,9.9.2.154,elasticsearch_os_load5,1.76
2023/4/13 8:44,1681346687,cc-cc408-hya,data-node-12,9.9.2.154,elasticsearch_os_load5,1.72
2023/4/13 8:45,1681346747,cc-cc408-hya,data-node-12,9.9.2.154,elasticsearch_os_load5,1.69
2023/4/13 8:46,1681346807,cc-cc408-hya,data-node-12,9.9.2.154,elasticsearch_os_load5,1.65
2023/4/13 8:47,1681346867,cc-cc408-hya,data-node-12,9.9.2.154,elasticsearch_os_load5,1.64
2023/4/13 8:48,1681346927,cc-cc408-hya,data-node-12,9.9.2.154,elasticsearch_os_load5,1.66
2023/4/13 8:49,1681346987,cc-cc408-hya,data-node-12,9.9.2.154,elasticsearch_os_load5,1.66
2023/4/13 8:50,1681347047,cc-cc408-hya,data-node-12,9.9.2.154,elasticsearch_os_load5,1.6
2023/4/13 8:51,1681347107,cc-cc408-hya,data-node-12,9.9.2.154,elasticsearch_os_load5,1.73
2023/4/13 8:52,1681347167,cc-cc408-hya,data-node-12,9.9.2.154,elasticsearch_os_load5,1.69
2023/4/13 8:53,1681347227,cc-cc408-hya,data-node-12,9.9.2.154,elasticsearch_os_load5,1.75
2023/4/13 8:54,1681347287,cc-cc408-hya,data-node-12,9.9.2.154,elasticsearch_os_load5,1.84
2023/4/13 8:55,1681347347,cc-cc408-hya,data-node-12,9.9.2.154,elasticsearch_os_load5,1.89
2023/4/13 8:56,1681347407,cc-cc408-hya,data-node-12,9.9.2.154,elasticsearch_os_load5,2.1
2023/4/13 8:57,1681347467,cc-cc408-hya,data-node-12,9.9.2.154,elasticsearch_os_load5,2.13
2023/4/13 8:58,1681347527,cc-cc408-hya,data-node-12,9.9.2.154,elasticsearch_os_load5,2.22
2023/4/13 8:59,1681347587,cc-cc408-hya,data-node-12,9.9.2.154,elasticsearch_os_load5,2.2
2023/4/13 9:00,1681347647,cc-cc408-hya,data-node-12,9.9.2.154,elasticsearch_os_load5,2.17
2023/4/13 9:01,1681347707,cc-cc408-hya,data-node-12,9.9.2.154,elasticsearch_os_load5,2.28
2023/4/13 9:02,1681347767,cc-cc408-hya,data-node-12,9.9.2.154,elasticsearch_os_load5,2.46
2023/4/13 9:03,1681347827,cc-cc408-hya,data-node-12,9.9.2.154,elasticsearch_os_load5,2.52
2023/4/13 9:04,1681347887,cc-cc408-hya,data-node-12,9.9.2.154,elasticsearch_os_load5,2.63
2023/4/13 9:05,1681347947,cc-cc408-hya,data-node-12,9.9.2.154,elasticsearch_os_load5,2.84
2023/4/13 9:06,1681348007,cc-cc408-hya,data-node-12,9.9.2.154,elasticsearch_os_load5,2.93
2023/4/13 9:07,1681348067,cc-cc408-hya,data-node-12,9.9.2.154,elasticsearch_os_load5,2.97
2023/4/13 9:08,1681348127,cc-cc408-hya,data-node-12,9.9.2.154,elasticsearch_os_load5,2.86
2023/4/13 9:09,1681348187,cc-cc408-hya,data-node-12,9.9.2.154,elasticsearch_os_load5,3.04
2023/4/13 9:10,1681348247,cc-cc408-hya,data-node-12,9.9.2.154,elasticsearch_os_load5,3.19
2023/4/13 9:11,1681348307,cc-cc408-hya,data-node-12,9.9.2.154,elasticsearch_os_load5,3.16
2023/4/13 9:12,1681348367,cc-cc408-hya,data-node-12,9.9.2.154,elasticsearch_os_load5,3.4
2023/4/13 9:13,1681348427,cc-cc408-hya,data-node-12,9.9.2.154,elasticsearch_os_load5,3.58
2023/4/13 9:14,1681348487,cc-cc408-hya,data-node-12,9.9.2.154,elasticsearch_os_load5,3.57
2023/4/13 9:15,1681348547,cc-cc408-hya,data-node-12,9.9.2.154,elasticsearch_os_load5,3.63
2023/4/13 9:16,1681348607,cc-cc408-hya,data-node-12,9.9.2.154,elasticsearch_os_load5,3.58
2023/4/13 9:17,1681348667,cc-cc408-hya,data-node-12,9.9.2.154,elasticsearch_os_load5,3.47
2023/4/13 9:18,1681348727,cc-cc408-hya,data-node-12,9.9.2.154,elasticsearch_os_load5,3.41
2023/4/13 9:19,1681348787,cc-cc408-hya,data-node-12,9.9.2.154,elasticsearch_os_load5,3.3
2023/4/13 9:20,1681348847,cc-cc408-hya,data-node-12,9.9.2.154,elasticsearch_os_load5,3.51
2023/4/13 9:21,1681348907,cc-cc408-hya,data-node-12,9.9.2.154,elasticsearch_os_load5,3.54
2023/4/13 9:22,1681348967,cc-cc408-hya,data-node-12,9.9.2.154,elasticsearch_os_load5,3.57
2023/4/13 9:23,1681349027,cc-cc408-hya,data-node-12,9.9.2.154,elasticsearch_os_load5,3.62
2023/4/13 9:24,1681349087,cc-cc408-hya,data-node-12,9.9.2.154,elasticsearch_os_load5,3.6
2023/4/13 9:25,1681349147,cc-cc408-hya,data-node-12,9.9.2.154,elasticsearch_os_load5,3.57
2023/4/13 9:26,1681349207,cc-cc408-hya,data-node-12,9.9.2.154,elasticsearch_os_load5,3.72
2023/4/13 9:27,1681349267,cc-cc408-hya,data-node-12,9.9.2.154,elasticsearch_os_load5,3.64
2023/4/13 9:28,1681349327,cc-cc408-hya,data-node-12,9.9.2.154,elasticsearch_os_load5,3.54
2023/4/13 9:29,1681349387,cc-cc408-hya,data-node-12,9.9.2.154,elasticsearch_os_load5,3.83
2023/4/13 9:30,1681349447,cc-cc408-hya,data-node-12,9.9.2.154,elasticsearch_os_load5,4.17
2023/4/13 9:31,1681349507,cc-cc408-hya,data-node-12,9.9.2.154,elasticsearch_os_load5,3.94
2023/4/13 9:32,1681349567,cc-cc408-hya,data-node-12,9.9.2.154,elasticsearch_os_load5,3.85
2023/4/13 9:33,1681349627,cc-cc408-hya,data-node-12,9.9.2.154,elasticsearch_os_load5,3.84
2023/4/13 9:34,1681349687,cc-cc408-hya,data-node-12,9.9.2.154,elasticsearch_os_load5,3.81
2023/4/13 9:35,1681349747,cc-cc408-hya,data-node-12,9.9.2.154,elasticsearch_os_load5,3.66
2023/4/13 9:36,1681349807,cc-cc408-hya,data-node-12,9.9.2.154,elasticsearch_os_load5,3.41
2023/4/13 9:37,1681349867,cc-cc408-hya,data-node-12,9.9.2.154,elasticsearch_os_load5,3.59
2023/4/13 9:38,1681349927,cc-cc408-hya,data-node-12,9.9.2.154,elasticsearch_os_load5,3.55
2023/4/13 9:39,1681349987,cc-cc408-hya,data-node-12,9.9.2.154,elasticsearch_os_load5,3.44
2023/4/13 9:40,1681350047,cc-cc408-hya,data-node-12,9.9.2.154,elasticsearch_os_load5,3.7
2023/4/13 9:41,1681350107,cc-cc408-hya,data-node-12,9.9.2.154,elasticsearch_os_load5,3.73
2023/4/13 9:42,1681350167,cc-cc408-hya,data-node-12,9.9.2.154,elasticsearch_os_load5,3.91
2023/4/13 9:43,1681350227,cc-cc408-hya,data-node-12,9.9.2.154,elasticsearch_os_load5,4.01
2023/4/13 9:44,1681350287,cc-cc408-hya,data-node-12,9.9.2.154,elasticsearch_os_load5,3.91
2023/4/13 9:45,1681350347,cc-cc408-hya,data-node-12,9.9.2.154,elasticsearch_os_load5,3.77
2023/4/13 9:46,1681350407,cc-cc408-hya,data-node-12,9.9.2.154,elasticsearch_os_load5,3.74
2023/4/13 9:47,1681350467,cc-cc408-hya,data-node-12,9.9.2.154,elasticsearch_os_load5,3.87
2023/4/13 9:48,1681350527,cc-cc408-hya,data-node-12,9.9.2.154,elasticsearch_os_load5,3.91
2023/4/13 9:49,1681350587,cc-cc408-hya,data-node-12,9.9.2.154,elasticsearch_os_load5,4.61
2023/4/13 9:50,1681350647,cc-cc408-hya,data-node-12,9.9.2.154,elasticsearch_os_load5,4.42
2023/4/13 9:51,1681350707,cc-cc408-hya,data-node-12,9.9.2.154,elasticsearch_os_load5,4.39
2023/4/13 9:52,1681350767,cc-cc408-hya,data-node-12,9.9.2.154,elasticsearch_os_load5,4.26
2023/4/13 9:53,1681350827,cc-cc408-hya,data-node-12,9.9.2.154,elasticsearch_os_load5,4.37
2023/4/13 9:54,1681350887,cc-cc408-hya,data-node-12,9.9.2.154,elasticsearch_os_load5,4.28
2023/4/13 9:55,1681350947,cc-cc408-hya,data-node-12,9.9.2.154,elasticsearch_os_load5,4.44
2023/4/13 9:56,1681351007,cc-cc408-hya,data-node-12,9.9.2.154,elasticsearch_os_load5,4.81
2023/4/13 9:57,1681351067,cc-cc408-hya,data-node-12,9.9.2.154,elasticsearch_os_load5,5.08
2023/4/13 9:58,1681351127,cc-cc408-hya,data-node-12,9.9.2.154,elasticsearch_os_load5,5.16
2023/4/13 9:59,1681351187,cc-cc408-hya,data-node-12,9.9.2.154,elasticsearch_os_load5,5.25
2023/4/13 10:00,1681351247,cc-cc408-hya,data-node-12,9.9.2.154,elasticsearch_os_load5,5.08
2023/4/13 10:01,1681351307,cc-cc408-hya,data-node-12,9.9.2.154,elasticsearch_os_load5,4.62
2023/4/13 10:02,1681351367,cc-cc408-hya,data-node-12,9.9.2.154,elasticsearch_os_load5,4.26
2023/4/13 10:03,1681351427,cc-cc408-hya,data-node-12,9.9.2.154,elasticsearch_os_load5,4.09
2023/4/13 10:04,1681351487,cc-cc408-hya,data-node-12,9.9.2.154,elasticsearch_os_load5,4.07
2023/4/13 10:05,1681351547,cc-cc408-hya,data-node-12,9.9.2.154,elasticsearch_os_load5,4.01
2023/4/13 10:06,1681351607,cc-cc408-hya,data-node-12,9.9.2.154,elasticsearch_os_load5,3.85
2023/4/13 10:07,1681351667,cc-cc408-hya,data-node-12,9.9.2.154,elasticsearch_os_load5,3.79
2023/4/13 10:08,1681351727,cc-cc408-hya,data-node-12,9.9.2.154,elasticsearch_os_load5,3.66
2023/4/13 10:09,1681351787,cc-cc408-hya,data-node-12,9.9.2.154,elasticsearch_os_load5,4.1
2023/4/13 10:10,1681351847,cc-cc408-hya,data-node-12,9.9.2.154,elasticsearch_os_load5,4.01
2023/4/13 10:11,1681351907,cc-cc408-hya,data-node-12,9.9.2.154,elasticsearch_os_load5,3.98
2023/4/13 10:12,1681351967,cc-cc408-hya,data-node-12,9.9.2.154,elasticsearch_os_load5,3.94
2023/4/13 10:13,1681352027,cc-cc408-hya,data-node-12,9.9.2.154,elasticsearch_os_load5,3.94
2023/4/13 10:14,1681352087,cc-cc408-hya,data-node-12,9.9.2.154,elasticsearch_os_load5,3.9
2023/4/13 10:15,1681352147,cc-cc408-hya,data-node-12,9.9.2.154,elasticsearch_os_load5,3.86
2023/4/13 10:16,1681352207,cc-cc408-hya,data-node-12,9.9.2.154,elasticsearch_os_load5,3.65
2023/4/13 10:17,1681352267,cc-cc408-hya,data-node-12,9.9.2.154,elasticsearch_os_load5,3.5
2023/4/13 10:18,1681352327,cc-cc408-hya,data-node-12,9.9.2.154,elasticsearch_os_load5,3.11
2023/4/13 10:19,1681352387,cc-cc408-hya,data-node-12,9.9.2.154,elasticsearch_os_load5,3.24
2023/4/13 10:20,1681352447,cc-cc408-hya,data-node-12,9.9.2.154,elasticsearch_os_load5,3.35
2023/4/13 10:21,1681352507,cc-cc408-hya,data-node-12,9.9.2.154,elasticsearch_os_load5,3.38
2023/4/13 10:22,1681352567,cc-cc408-hya,data-node-12,9.9.2.154,elasticsearch_os_load5,3.51
2023/4/13 10:23,1681352627,cc-cc408-hya,data-node-12,9.9.2.154,elasticsearch_os_load5,3.63
2023/4/13 10:24,1681352687,cc-cc408-hya,data-node-12,9.9.2.154,elasticsearch_os_load5,3.66
2023/4/13 10:25,1681352747,cc-cc408-hya,data-node-12,9.9.2.154,elasticsearch_os_load5,3.74
2023/4/13 10:26,1681352807,cc-cc408-hya,data-node-12,9.9.2.154,elasticsearch_os_load5,3.71
2023/4/13 10:27,1681352867,cc-cc408-hya,data-node-12,9.9.2.154,elasticsearch_os_load5,3.74
2023/4/13 10:28,1681352927,cc-cc408-hya,data-node-12,9.9.2.154,elasticsearch_os_load5,3.89
2023/4/13 10:29,1681352987,cc-cc408-hya,data-node-12,9.9.2.154,elasticsearch_os_load5,3.81
2023/4/13 10:30,1681353047,cc-cc408-hya,data-node-12,9.9.2.154,elasticsearch_os_load5,3.82
2023/4/13 10:31,1681353107,cc-cc408-hya,data-node-12,9.9.2.154,elasticsearch_os_load5,4.16
2023/4/13 10:32,1681353167,cc-cc408-hya,data-node-12,9.9.2.154,elasticsearch_os_load5,4.48
2023/4/13 10:33,1681353227,cc-cc408-hya,data-node-12,9.9.2.154,elasticsearch_os_load5,4.32
2023/4/13 10:34,1681353287,cc-cc408-hya,data-node-12,9.9.2.154,elasticsearch_os_load5,4.94
2023/4/13 10:35,1681353347,cc-cc408-hya,data-node-12,9.9.2.154,elasticsearch_os_load5,4.59
2023/4/13 10:36,1681353407,cc-cc408-hya,data-node-12,9.9.2.154,elasticsearch_os_load5,4.55
2023/4/13 10:37,1681353467,cc-cc408-hya,data-node-12,9.9.2.154,elasticsearch_os_load5,4.47
2023/4/13 10:38,1681353527,cc-cc408-hya,data-node-12,9.9.2.154,elasticsearch_os_load5,4.12
2023/4/13 10:39,1681353587,cc-cc408-hya,data-node-12,9.9.2.154,elasticsearch_os_load5,4.04
2023/4/13 10:40,1681353647,cc-cc408-hya,data-node-12,9.9.2.154,elasticsearch_os_load5,4.16
2023/4/13 10:41,1681353707,cc-cc408-hya,data-node-12,9.9.2.154,elasticsearch_os_load5,4.41
2023/4/13 10:42,1681353767,cc-cc408-hya,data-node-12,9.9.2.154,elasticsearch_os_load5,4.08
2023/4/13 10:43,1681353827,cc-cc408-hya,data-node-12,9.9.2.154,elasticsearch_os_load5,3.88
2023/4/13 10:44,1681353887,cc-cc408-hya,data-node-12,9.9.2.154,elasticsearch_os_load5,4.01
2023/4/13 10:45,1681353947,cc-cc408-hya,data-node-12,9.9.2.154,elasticsearch_os_load5,4.16
2023/4/13 10:46,1681354007,cc-cc408-hya,data-node-12,9.9.2.154,elasticsearch_os_load5,4.49
2023/4/13 10:47,1681354067,cc-cc408-hya,data-node-12,9.9.2.154,elasticsearch_os_load5,4.48
2023/4/13 10:48,1681354127,cc-cc408-hya,data-node-12,9.9.2.154,elasticsearch_os_load5,4.87
2023/4/13 10:49,1681354187,cc-cc408-hya,data-node-12,9.9.2.154,elasticsearch_os_load5,4.8
2023/4/13 10:50,1681354247,cc-cc408-hya,data-node-12,9.9.2.154,elasticsearch_os_load5,4.61
2023/4/13 10:51,1681354307,cc-cc408-hya,data-node-12,9.9.2.154,elasticsearch_os_load5,4.43
2023/4/13 10:52,1681354367,cc-cc408-hya,data-node-12,9.9.2.154,elasticsearch_os_load5,4.43
2023/4/13 10:53,1681354427,cc-cc408-hya,data-node-12,9.9.2.154,elasticsearch_os_load5,4.45
2023/4/13 10:54,1681354487,cc-cc408-hya,data-node-12,9.9.2.154,elasticsearch_os_load5,4.45
2023/4/13 10:55,1681354547,cc-cc408-hya,data-node-12,9.9.2.154,elasticsearch_os_load5,4.23
2023/4/13 10:56,1681354607,cc-cc408-hya,data-node-12,9.9.2.154,elasticsearch_os_load5,4.18
2023/4/13 10:57,1681354667,cc-cc408-hya,data-node-12,9.9.2.154,elasticsearch_os_load5,4.16
2023/4/13 10:58,1681354727,cc-cc408-hya,data-node-12,9.9.2.154,elasticsearch_os_load5,3.88
2023/4/13 10:59,1681354787,cc-cc408-hya,data-node-12,9.9.2.154,elasticsearch_os_load5,4.12
2023/4/13 11:00,1681354847,cc-cc408-hya,data-node-12,9.9.2.154,elasticsearch_os_load5,4.14
2023/4/13 11:01,1681354907,cc-cc408-hya,data-node-12,9.9.2.154,elasticsearch_os_load5,4.45
2023/4/13 11:02,1681354967,cc-cc408-hya,data-node-12,9.9.2.154,elasticsearch_os_load5,4.27
2023/4/13 11:03,1681355027,cc-cc408-hya,data-node-12,9.9.2.154,elasticsearch_os_load5,4.1
2023/4/13 11:04,1681355087,cc-cc408-hya,data-node-12,9.9.2.154,elasticsearch_os_load5,3.98
2023/4/13 11:05,1681355147,cc-cc408-hya,data-node-12,9.9.2.154,elasticsearch_os_load5,4.01
2023/4/13 11:06,1681355207,cc-cc408-hya,data-node-12,9.9.2.154,elasticsearch_os_load5,4.21
2023/4/13 11:07,1681355267,cc-cc408-hya,data-node-12,9.9.2.154,elasticsearch_os_load5,4.46
2023/4/13 11:08,1681355327,cc-cc408-hya,data-node-12,9.9.2.154,elasticsearch_os_load5,4.5
2023/4/13 11:09,1681355387,cc-cc408-hya,data-node-12,9.9.2.154,elasticsearch_os_load5,4.31
2023/4/13 11:10,1681355447,cc-cc408-hya,data-node-12,9.9.2.154,elasticsearch_os_load5,4.15
2023/4/13 11:11,1681355507,cc-cc408-hya,data-node-12,9.9.2.154,elasticsearch_os_load5,4.03
2023/4/13 11:12,1681355567,cc-cc408-hya,data-node-12,9.9.2.154,elasticsearch_os_load5,4.95
2023/4/13 11:13,1681355627,cc-cc408-hya,data-node-12,9.9.2.154,elasticsearch_os_load5,4.96
2023/4/13 11:14,1681355687,cc-cc408-hya,data-node-12,9.9.2.154,elasticsearch_os_load5,5.32
2023/4/13 11:15,1681355747,cc-cc408-hya,data-node-12,9.9.2.154,elasticsearch_os_load5,5.2
2023/4/13 11:16,1681355807,cc-cc408-hya,data-node-12,9.9.2.154,elasticsearch_os_load5,5.13
2023/4/13 11:17,1681355867,cc-cc408-hya,data-node-12,9.9.2.154,elasticsearch_os_load5,5.34
2023/4/13 11:18,1681355927,cc-cc408-hya,data-node-12,9.9.2.154,elasticsearch_os_load5,5.06
2023/4/13 11:19,1681355987,cc-cc408-hya,data-node-12,9.9.2.154,elasticsearch_os_load5,5.52
2023/4/13 11:20,1681356047,cc-cc408-hya,data-node-12,9.9.2.154,elasticsearch_os_load5,5.36
2023/4/13 11:21,1681356107,cc-cc408-hya,data-node-12,9.9.2.154,elasticsearch_os_load5,5.29
2023/4/13 11:22,1681356167,cc-cc408-hya,data-node-12,9.9.2.154,elasticsearch_os_load5,4.97
2023/4/13 11:23,1681356227,cc-cc408-hya,data-node-12,9.9.2.154,elasticsearch_os_load5,4.84
2023/4/13 11:24,1681356287,cc-cc408-hya,data-node-12,9.9.2.154,elasticsearch_os_load5,4.85
2023/4/13 11:25,1681356347,cc-cc408-hya,data-node-12,9.9.2.154,elasticsearch_os_load5,4.52
2023/4/13 11:26,1681356407,cc-cc408-hya,data-node-12,9.9.2.154,elasticsearch_os_load5,4.49
2023/4/13 11:27,1681356467,cc-cc408-hya,data-node-12,9.9.2.154,elasticsearch_os_load5,4.54
2023/4/13 11:28,1681356527,cc-cc408-hya,data-node-12,9.9.2.154,elasticsearch_os_load5,4.68
2023/4/13 11:29,1681356587,cc-cc408-hya,data-node-12,9.9.2.154,elasticsearch_os_load5,4.62
2023/4/13 11:30,1681356647,cc-cc408-hya,data-node-12,9.9.2.154,elasticsearch_os_load5,4.63
2023/4/13 11:31,1681356707,cc-cc408-hya,data-node-12,9.9.2.154,elasticsearch_os_load5,4.61
2023/4/13 11:32,1681356767,cc-cc408-hya,data-node-12,9.9.2.154,elasticsearch_os_load5,4.51
2023/4/13 11:33,1681356827,cc-cc408-hya,data-node-12,9.9.2.154,elasticsearch_os_load5,4.29
2023/4/13 11:34,1681356887,cc-cc408-hya,data-node-12,9.9.2.154,elasticsearch_os_load5,4.2
2023/4/13 11:35,1681356947,cc-cc408-hya,data-node-12,9.9.2.154,elasticsearch_os_load5,4.09
2023/4/13 11:36,1681357007,cc-cc408-hya,data-node-12,9.9.2.154,elasticsearch_os_load5,4.34
2023/4/13 11:37,1681357067,cc-cc408-hya,data-node-12,9.9.2.154,elasticsearch_os_load5,4.08
2023/4/13 11:38,1681357127,cc-cc408-hya,data-node-12,9.9.2.154,elasticsearch_os_load5,4.07
2023/4/13 11:39,1681357187,cc-cc408-hya,data-node-12,9.9.2.154,elasticsearch_os_load5,3.85
2023/4/13 11:40,1681357247,cc-cc408-hya,data-node-12,9.9.2.154,elasticsearch_os_load5,3.95
2023/4/13 11:41,1681357307,cc-cc408-hya,data-node-12,9.9.2.154,elasticsearch_os_load5,3.92
2023/4/13 11:42,1681357367,cc-cc408-hya,data-node-12,9.9.2.154,elasticsearch_os_load5,4.39
2023/4/13 11:43,1681357427,cc-cc408-hya,data-node-12,9.9.2.154,elasticsearch_os_load5,4.29
2023/4/13 11:44,1681357487,cc-cc408-hya,data-node-12,9.9.2.154,elasticsearch_os_load5,4.18
2023/4/13 11:45,1681357547,cc-cc408-hya,data-node-12,9.9.2.154,elasticsearch_os_load5,4.65
2023/4/13 11:46,1681357607,cc-cc408-hya,data-node-12,9.9.2.154,elasticsearch_os_load5,4.71
2023/4/13 11:47,1681357667,cc-cc408-hya,data-node-12,9.9.2.154,elasticsearch_os_load5,4.6
2023/4/13 11:48,1681357727,cc-cc408-hya,data-node-12,9.9.2.154,elasticsearch_os_load5,4.56
2023/4/13 11:49,1681357787,cc-cc408-hya,data-node-12,9.9.2.154,elasticsearch_os_load5,4.33
2023/4/13 11:50,1681357847,cc-cc408-hya,data-node-12,9.9.2.154,elasticsearch_os_load5,4.46
2023/4/13 11:51,1681357907,cc-cc408-hya,data-node-12,9.9.2.154,elasticsearch_os_load5,4.4
2023/4/13 11:52,1681357967,cc-cc408-hya,data-node-12,9.9.2.154,elasticsearch_os_load5,4.46
2023/4/13 11:53,1681358027,cc-cc408-hya,data-node-12,9.9.2.154,elasticsearch_os_load5,4.33
2023/4/13 11:54,1681358087,cc-cc408-hya,data-node-12,9.9.2.154,elasticsearch_os_load5,3.96
2023/4/13 11:55,1681358147,cc-cc408-hya,data-node-12,9.9.2.154,elasticsearch_os_load5,4.15
2023/4/13 11:56,1681358207,cc-cc408-hya,data-node-12,9.9.2.154,elasticsearch_os_load5,4.41
2023/4/13 11:57,1681358267,cc-cc408-hya,data-node-12,9.9.2.154,elasticsearch_os_load5,4.26
2023/4/13 11:58,1681358327,cc-cc408-hya,data-node-12,9.9.2.154,elasticsearch_os_load5,4.41
2023/4/13 11:59,1681358387,cc-cc408-hya,data-node-12,9.9.2.154,elasticsearch_os_load5,4.49
2023/4/13 12:00,1681358447,cc-cc408-hya,data-node-12,9.9.2.154,elasticsearch_os_load5,4.54
2023/4/13 12:01,1681358507,cc-cc408-hya,data-node-12,9.9.2.154,elasticsearch_os_load5,4.3
2023/4/13 12:02,1681358567,cc-cc408-hya,data-node-12,9.9.2.154,elasticsearch_os_load5,4.04
2023/4/13 12:03,1681358627,cc-cc408-hya,data-node-12,9.9.2.154,elasticsearch_os_load5,3.95
2023/4/13 12:04,1681358687,cc-cc408-hya,data-node-12,9.9.2.154,elasticsearch_os_load5,3.9
2023/4/13 12:05,1681358747,cc-cc408-hya,data-node-12,9.9.2.154,elasticsearch_os_load5,3.77
2023/4/13 12:06,1681358807,cc-cc408-hya,data-node-12,9.9.2.154,elasticsearch_os_load5,3.57
2023/4/13 12:07,1681358867,cc-cc408-hya,data-node-12,9.9.2.154,elasticsearch_os_load5,3.66
2023/4/13 12:08,1681358927,cc-cc408-hya,data-node-12,9.9.2.154,elasticsearch_os_load5,3.59
2023/4/13 12:09,1681358987,cc-cc408-hya,data-node-12,9.9.2.154,elasticsearch_os_load5,3.42
2023/4/13 12:10,1681359047,cc-cc408-hya,data-node-12,9.9.2.154,elasticsearch_os_load5,3.41
2023/4/13 12:11,1681359107,cc-cc408-hya,data-node-12,9.9.2.154,elasticsearch_os_load5,3.35
2023/4/13 12:12,1681359167,cc-cc408-hya,data-node-12,9.9.2.154,elasticsearch_os_load5,3.45
2023/4/13 12:13,1681359227,cc-cc408-hya,data-node-12,9.9.2.154,elasticsearch_os_load5,3.53
2023/4/13 12:14,1681359287,cc-cc408-hya,data-node-12,9.9.2.154,elasticsearch_os_load5,3.44
2023/4/13 12:15,1681359347,cc-cc408-hya,data-node-12,9.9.2.154,elasticsearch_os_load5,3.37
2023/4/13 12:16,1681359407,cc-cc408-hya,data-node-12,9.9.2.154,elasticsearch_os_load5,3.21
2023/4/13 12:17,1681359467,cc-cc408-hya,data-node-12,9.9.2.154,elasticsearch_os_load5,3.07
2023/4/13 12:18,1681359527,cc-cc408-hya,data-node-12,9.9.2.154,elasticsearch_os_load5,3.11
2023/4/13 12:19,1681359587,cc-cc408-hya,data-node-12,9.9.2.154,elasticsearch_os_load5,3.15
2023/4/13 12:20,1681359647,cc-cc408-hya,data-node-12,9.9.2.154,elasticsearch_os_load5,3.05
2023/4/13 12:21,1681359707,cc-cc408-hya,data-node-12,9.9.2.154,elasticsearch_os_load5,3.14
2023/4/13 12:22,1681359767,cc-cc408-hya,data-node-12,9.9.2.154,elasticsearch_os_load5,3.06
2023/4/13 12:23,1681359827,cc-cc408-hya,data-node-12,9.9.2.154,elasticsearch_os_load5,3.47
2023/4/13 12:24,1681359887,cc-cc408-hya,data-node-12,9.9.2.154,elasticsearch_os_load5,3.37
2023/4/13 12:25,1681359947,cc-cc408-hya,data-node-12,9.9.2.154,elasticsearch_os_load5,3.32
2023/4/13 12:26,1681360007,cc-cc408-hya,data-node-12,9.9.2.154,elasticsearch_os_load5,3.29
2023/4/13 12:27,1681360067,cc-cc408-hya,data-node-12,9.9.2.154,elasticsearch_os_load5,3.64
2023/4/13 12:28,1681360127,cc-cc408-hya,data-node-12,9.9.2.154,elasticsearch_os_load5,3.52
2023/4/13 12:29,1681360187,cc-cc408-hya,data-node-12,9.9.2.154,elasticsearch_os_load5,3.48
2023/4/13 12:30,1681360247,cc-cc408-hya,data-node-12,9.9.2.154,elasticsearch_os_load5,3.28
2023/4/13 12:31,1681360307,cc-cc408-hya,data-node-12,9.9.2.154,elasticsearch_os_load5,3.1
2023/4/13 12:32,1681360367,cc-cc408-hya,data-node-12,9.9.2.154,elasticsearch_os_load5,3.04
2023/4/13 12:33,1681360427,cc-cc408-hya,data-node-12,9.9.2.154,elasticsearch_os_load5,2.74
2023/4/13 12:34,1681360487,cc-cc408-hya,data-node-12,9.9.2.154,elasticsearch_os_load5,2.89
2023/4/13 12:35,1681360547,cc-cc408-hya,data-node-12,9.9.2.154,elasticsearch_os_load5,2.84
2023/4/13 12:36,1681360607,cc-cc408-hya,data-node-12,9.9.2.154,elasticsearch_os_load5,2.74
2023/4/13 12:37,1681360667,cc-cc408-hya,data-node-12,9.9.2.154,elasticsearch_os_load5,3.14
2023/4/13 12:38,1681360727,cc-cc408-hya,data-node-12,9.9.2.154,elasticsearch_os_load5,3.2
2023/4/13 12:39,1681360787,cc-cc408-hya,data-node-12,9.9.2.154,elasticsearch_os_load5,3.5
2023/4/13 12:40,1681360847,cc-cc408-hya,data-node-12,9.9.2.154,elasticsearch_os_load5,3.52
2023/4/13 12:41,1681360907,cc-cc408-hya,data-node-12,9.9.2.154,elasticsearch_os_load5,3.51
2023/4/13 12:42,1681360967,cc-cc408-hya,data-node-12,9.9.2.154,elasticsearch_os_load5,3.61
2023/4/13 12:43,1681361027,cc-cc408-hya,data-node-12,9.9.2.154,elasticsearch_os_load5,3.67
2023/4/13 12:44,1681361087,cc-cc408-hya,data-node-12,9.9.2.154,elasticsearch_os_load5,3.63
2023/4/13 12:45,1681361147,cc-cc408-hya,data-node-12,9.9.2.154,elasticsearch_os_load5,3.66
2023/4/13 12:46,1681361207,cc-cc408-hya,data-node-12,9.9.2.154,elasticsearch_os_load5,3.41
2023/4/13 12:47,1681361267,cc-cc408-hya,data-node-12,9.9.2.154,elasticsearch_os_load5,3.41
2023/4/13 12:48,1681361327,cc-cc408-hya,data-node-12,9.9.2.154,elasticsearch_os_load5,3.44
2023/4/13 12:49,1681361387,cc-cc408-hya,data-node-12,9.9.2.154,elasticsearch_os_load5,4.01
2023/4/13 12:50,1681361447,cc-cc408-hya,data-node-12,9.9.2.154,elasticsearch_os_load5,3.72
2023/4/13 12:51,1681361507,cc-cc408-hya,data-node-12,9.9.2.154,elasticsearch_os_load5,3.65
2023/4/13 12:52,1681361567,cc-cc408-hya,data-node-12,9.9.2.154,elasticsearch_os_load5,3.71
2023/4/13 12:53,1681361627,cc-cc408-hya,data-node-12,9.9.2.154,elasticsearch_os_load5,3.53
2023/4/13 12:54,1681361687,cc-cc408-hya,data-node-12,9.9.2.154,elasticsearch_os_load5,3.43
2023/4/13 12:55,1681361747,cc-cc408-hya,data-node-12,9.9.2.154,elasticsearch_os_load5,3.58
2023/4/13 12:56,1681361807,cc-cc408-hya,data-node-12,9.9.2.154,elasticsearch_os_load5,3.36
2023/4/13 12:57,1681361867,cc-cc408-hya,data-node-12,9.9.2.154,elasticsearch_os_load5,3.47
2023/4/13 12:58,1681361927,cc-cc408-hya,data-node-12,9.9.2.154,elasticsearch_os_load5,3.36
2023/4/13 12:59,1681361987,cc-cc408-hya,data-node-12,9.9.2.154,elasticsearch_os_load5,3.03
2023/4/13 13:00,1681362047,cc-cc408-hya,data-node-12,9.9.2.154,elasticsearch_os_load5,2.84
2023/4/13 13:01,1681362107,cc-cc408-hya,data-node-12,9.9.2.154,elasticsearch_os_load5,2.64
2023/4/13 13:02,1681362167,cc-cc408-hya,data-node-12,9.9.2.154,elasticsearch_os_load5,2.52
2023/4/13 13:03,1681362227,cc-cc408-hya,data-node-12,9.9.2.154,elasticsearch_os_load5,2.59
2023/4/13 13:04,1681362287,cc-cc408-hya,data-node-12,9.9.2.154,elasticsearch_os_load5,2.83
2023/4/13 13:05,1681362347,cc-cc408-hya,data-node-12,9.9.2.154,elasticsearch_os_load5,2.85
2023/4/13 13:06,1681362407,cc-cc408-hya,data-node-12,9.9.2.154,elasticsearch_os_load5,2.82
2023/4/13 13:07,1681362467,cc-cc408-hya,data-node-12,9.9.2.154,elasticsearch_os_load5,2.88
2023/4/13 13:08,1681362527,cc-cc408-hya,data-node-12,9.9.2.154,elasticsearch_os_load5,2.71
2023/4/13 13:09,1681362587,cc-cc408-hya,data-node-12,9.9.2.154,elasticsearch_os_load5,2.54
2023/4/13 13:10,1681362647,cc-cc408-hya,data-node-12,9.9.2.154,elasticsearch_os_load5,2.69
2023/4/13 13:11,1681362707,cc-cc408-hya,data-node-12,9.9.2.154,elasticsearch_os_load5,2.68
2023/4/13 13:12,1681362767,cc-cc408-hya,data-node-12,9.9.2.154,elasticsearch_os_load5,2.69
2023/4/13 13:13,1681362827,cc-cc408-hya,data-node-12,9.9.2.154,elasticsearch_os_load5,2.74
2023/4/13 13:14,1681362887,cc-cc408-hya,data-node-12,9.9.2.154,elasticsearch_os_load5,2.86
2023/4/13 13:15,1681362947,cc-cc408-hya,data-node-12,9.9.2.154,elasticsearch_os_load5,2.62
2023/4/13 13:16,1681363007,cc-cc408-hya,data-node-12,9.9.2.154,elasticsearch_os_load5,2.67
2023/4/13 13:17,1681363067,cc-cc408-hya,data-node-12,9.9.2.154,elasticsearch_os_load5,2.75
2023/4/13 13:18,1681363127,cc-cc408-hya,data-node-12,9.9.2.154,elasticsearch_os_load5,2.74
2023/4/13 13:19,1681363187,cc-cc408-hya,data-node-12,9.9.2.154,elasticsearch_os_load5,3
2023/4/13 13:20,1681363247,cc-cc408-hya,data-node-12,9.9.2.154,elasticsearch_os_load5,3.1
2023/4/13 13:21,1681363307,cc-cc408-hya,data-node-12,9.9.2.154,elasticsearch_os_load5,3.23
2023/4/13 13:22,1681363367,cc-cc408-hya,data-node-12,9.9.2.154,elasticsearch_os_load5,3.18
2023/4/13 13:23,1681363427,cc-cc408-hya,data-node-12,9.9.2.154,elasticsearch_os_load5,2.9
2023/4/13 13:24,1681363487,cc-cc408-hya,data-node-12,9.9.2.154,elasticsearch_os_load5,2.92
2023/4/13 13:25,1681363547,cc-cc408-hya,data-node-12,9.9.2.154,elasticsearch_os_load5,2.75
2023/4/13 13:26,1681363607,cc-cc408-hya,data-node-12,9.9.2.154,elasticsearch_os_load5,2.69
2023/4/13 13:27,1681363667,cc-cc408-hya,data-node-12,9.9.2.154,elasticsearch_os_load5,2.63
2023/4/13 13:28,1681363727,cc-cc408-hya,data-node-12,9.9.2.154,elasticsearch_os_load5,3.4
2023/4/13 13:29,1681363787,cc-cc408-hya,data-node-12,9.9.2.154,elasticsearch_os_load5,3.36
2023/4/13 13:30,1681363847,cc-cc408-hya,data-node-12,9.9.2.154,elasticsearch_os_load5,3.19
2023/4/13 13:31,1681363907,cc-cc408-hya,data-node-12,9.9.2.154,elasticsearch_os_load5,3.12
2023/4/13 13:32,1681363967,cc-cc408-hya,data-node-12,9.9.2.154,elasticsearch_os_load5,3.09
2023/4/13 13:33,1681364027,cc-cc408-hya,data-node-12,9.9.2.154,elasticsearch_os_load5,2.9
2023/4/13 13:34,1681364087,cc-cc408-hya,data-node-12,9.9.2.154,elasticsearch_os_load5,2.96
2023/4/13 13:35,1681364147,cc-cc408-hya,data-node-12,9.9.2.154,elasticsearch_os_load5,3.01
2023/4/13 13:36,1681364207,cc-cc408-hya,data-node-12,9.9.2.154,elasticsearch_os_load5,3.12
2023/4/13 13:37,1681364267,cc-cc408-hya,data-node-12,9.9.2.154,elasticsearch_os_load5,3.2
2023/4/13 13:38,1681364327,cc-cc408-hya,data-node-12,9.9.2.154,elasticsearch_os_load5,3.24
2023/4/13 13:39,1681364387,cc-cc408-hya,data-node-12,9.9.2.154,elasticsearch_os_load5,3.14
2023/4/13 13:40,1681364447,cc-cc408-hya,data-node-12,9.9.2.154,elasticsearch_os_load5,3.06
2023/4/13 13:41,1681364507,cc-cc408-hya,data-node-12,9.9.2.154,elasticsearch_os_load5,3.01
2023/4/13 13:42,1681364567,cc-cc408-hya,data-node-12,9.9.2.154,elasticsearch_os_load5,3.03
2023/4/13 13:43,1681364627,cc-cc408-hya,data-node-12,9.9.2.154,elasticsearch_os_load5,3.15
2023/4/13 13:44,1681364687,cc-cc408-hya,data-node-12,9.9.2.154,elasticsearch_os_load5,3
2023/4/13 13:45,1681364747,cc-cc408-hya,data-node-12,9.9.2.154,elasticsearch_os_load5,3.06
2023/4/13 13:46,1681364807,cc-cc408-hya,data-node-12,9.9.2.154,elasticsearch_os_load5,3.04
2023/4/13 13:47,1681364867,cc-cc408-hya,data-node-12,9.9.2.154,elasticsearch_os_load5,3.1
2023/4/13 13:48,1681364927,cc-cc408-hya,data-node-12,9.9.2.154,elasticsearch_os_load5,3.12
2023/4/13 13:49,1681364987,cc-cc408-hya,data-node-12,9.9.2.154,elasticsearch_os_load5,3.27
2023/4/13 13:50,1681365047,cc-cc408-hya,data-node-12,9.9.2.154,elasticsearch_os_load5,3.14
2023/4/13 13:51,1681365107,cc-cc408-hya,data-node-12,9.9.2.154,elasticsearch_os_load5,3.25
2023/4/13 13:52,1681365167,cc-cc408-hya,data-node-12,9.9.2.154,elasticsearch_os_load5,3.1
2023/4/13 13:53,1681365227,cc-cc408-hya,data-node-12,9.9.2.154,elasticsearch_os_load5,3.23
2023/4/13 13:54,1681365287,cc-cc408-hya,data-node-12,9.9.2.154,elasticsearch_os_load5,3.34
2023/4/13 13:55,1681365347,cc-cc408-hya,data-node-12,9.9.2.154,elasticsearch_os_load5,3.51
2023/4/13 13:56,1681365407,cc-cc408-hya,data-node-12,9.9.2.154,elasticsearch_os_load5,3.91
2023/4/13 13:57,1681365467,cc-cc408-hya,data-node-12,9.9.2.154,elasticsearch_os_load5,3.73
2023/4/13 13:58,1681365527,cc-cc408-hya,data-node-12,9.9.2.154,elasticsearch_os_load5,3.73
2023/4/13 13:59,1681365587,cc-cc408-hya,data-node-12,9.9.2.154,elasticsearch_os_load5,4.1
2023/4/13 14:00,1681365647,cc-cc408-hya,data-node-12,9.9.2.154,elasticsearch_os_load5,4.28
2023/4/13 14:01,1681365707,cc-cc408-hya,data-node-12,9.9.2.154,elasticsearch_os_load5,4.12
2023/4/13 14:02,1681365767,cc-cc408-hya,data-node-12,9.9.2.154,elasticsearch_os_load5,4.2
2023/4/13 14:03,1681365827,cc-cc408-hya,data-node-12,9.9.2.154,elasticsearch_os_load5,4.14
2023/4/13 14:04,1681365887,cc-cc408-hya,data-node-12,9.9.2.154,elasticsearch_os_load5,3.96
2023/4/13 14:05,1681365947,cc-cc408-hya,data-node-12,9.9.2.154,elasticsearch_os_load5,4
2023/4/13 14:06,1681366007,cc-cc408-hya,data-node-12,9.9.2.154,elasticsearch_os_load5,3.95
2023/4/13 14:07,1681366067,cc-cc408-hya,data-node-12,9.9.2.154,elasticsearch_os_load5,3.99
2023/4/13 14:08,1681366127,cc-cc408-hya,data-node-12,9.9.2.154,elasticsearch_os_load5,4.06
2023/4/13 14:09,1681366187,cc-cc408-hya,data-node-12,9.9.2.154,elasticsearch_os_load5,3.85
2023/4/13 14:10,1681366247,cc-cc408-hya,data-node-12,9.9.2.154,elasticsearch_os_load5,3.97
2023/4/13 14:11,1681366307,cc-cc408-hya,data-node-12,9.9.2.154,elasticsearch_os_load5,4.02
2023/4/13 14:12,1681366367,cc-cc408-hya,data-node-12,9.9.2.154,elasticsearch_os_load5,3.92
2023/4/13 14:13,1681366427,cc-cc408-hya,data-node-12,9.9.2.154,elasticsearch_os_load5,4.08
2023/4/13 14:14,1681366487,cc-cc408-hya,data-node-12,9.9.2.154,elasticsearch_os_load5,3.94
2023/4/13 14:15,1681366547,cc-cc408-hya,data-node-12,9.9.2.154,elasticsearch_os_load5,3.99
2023/4/13 14:16,1681366607,cc-cc408-hya,data-node-12,9.9.2.154,elasticsearch_os_load5,3.99
2023/4/13 14:17,1681366667,cc-cc408-hya,data-node-12,9.9.2.154,elasticsearch_os_load5,3.75
2023/4/13 14:18,1681366727,cc-cc408-hya,data-node-12,9.9.2.154,elasticsearch_os_load5,3.88
2023/4/13 14:19,1681366787,cc-cc408-hya,data-node-12,9.9.2.154,elasticsearch_os_load5,3.96
2023/4/13 14:20,1681366847,cc-cc408-hya,data-node-12,9.9.2.154,elasticsearch_os_load5,4.7
2023/4/13 14:21,1681366907,cc-cc408-hya,data-node-12,9.9.2.154,elasticsearch_os_load5,4.67
2023/4/13 14:22,1681366967,cc-cc408-hya,data-node-12,9.9.2.154,elasticsearch_os_load5,4.41
2023/4/13 14:23,1681367027,cc-cc408-hya,data-node-12,9.9.2.154,elasticsearch_os_load5,4.33
2023/4/13 14:24,1681367087,cc-cc408-hya,data-node-12,9.9.2.154,elasticsearch_os_load5,4.3
2023/4/13 14:25,1681367147,cc-cc408-hya,data-node-12,9.9.2.154,elasticsearch_os_load5,4.22
2023/4/13 14:26,1681367207,cc-cc408-hya,data-node-12,9.9.2.154,elasticsearch_os_load5,4.15
2023/4/13 14:27,1681367267,cc-cc408-hya,data-node-12,9.9.2.154,elasticsearch_os_load5,4.12
2023/4/13 14:28,1681367327,cc-cc408-hya,data-node-12,9.9.2.154,elasticsearch_os_load5,4.14
2023/4/13 14:29,1681367387,cc-cc408-hya,data-node-12,9.9.2.154,elasticsearch_os_load5,4.23
2023/4/13 14:30,1681367447,cc-cc408-hya,data-node-12,9.9.2.154,elasticsearch_os_load5,4.26
2023/4/13 14:31,1681367507,cc-cc408-hya,data-node-12,9.9.2.154,elasticsearch_os_load5,4.11
2023/4/13 14:32,1681367567,cc-cc408-hya,data-node-12,9.9.2.154,elasticsearch_os_load5,4.18
2023/4/13 14:33,1681367627,cc-cc408-hya,data-node-12,9.9.2.154,elasticsearch_os_load5,4.2
2023/4/13 14:34,1681367687,cc-cc408-hya,data-node-12,9.9.2.154,elasticsearch_os_load5,4.26
2023/4/13 14:35,1681367747,cc-cc408-hya,data-node-12,9.9.2.154,elasticsearch_os_load5,4.15
2023/4/13 14:36,1681367807,cc-cc408-hya,data-node-12,9.9.2.154,elasticsearch_os_load5,4.32
2023/4/13 14:37,1681367867,cc-cc408-hya,data-node-12,9.9.2.154,elasticsearch_os_load5,4.27
2023/4/13 14:38,1681367927,cc-cc408-hya,data-node-12,9.9.2.154,elasticsearch_os_load5,4.28
2023/4/13 14:39,1681367987,cc-cc408-hya,data-node-12,9.9.2.154,elasticsearch_os_load5,4.12
2023/4/13 14:40,1681368047,cc-cc408-hya,data-node-12,9.9.2.154,elasticsearch_os_load5,3.91
2023/4/13 14:41,1681368107,cc-cc408-hya,data-node-12,9.9.2.154,elasticsearch_os_load5,4.19
2023/4/13 14:42,1681368167,cc-cc408-hya,data-node-12,9.9.2.154,elasticsearch_os_load5,4.01
2023/4/13 14:43,1681368227,cc-cc408-hya,data-node-12,9.9.2.154,elasticsearch_os_load5,4
2023/4/13 14:44,1681368287,cc-cc408-hya,data-node-12,9.9.2.154,elasticsearch_os_load5,3.95
2023/4/13 14:45,1681368347,cc-cc408-hya,data-node-12,9.9.2.154,elasticsearch_os_load5,4.17
2023/4/13 14:46,1681368407,cc-cc408-hya,data-node-12,9.9.2.154,elasticsearch_os_load5,4.33
2023/4/13 14:47,1681368467,cc-cc408-hya,data-node-12,9.9.2.154,elasticsearch_os_load5,4.63
2023/4/13 14:48,1681368527,cc-cc408-hya,data-node-12,9.9.2.154,elasticsearch_os_load5,4.48
2023/4/13 14:49,1681368587,cc-cc408-hya,data-node-12,9.9.2.154,elasticsearch_os_load5,4.32
2023/4/13 14:50,1681368647,cc-cc408-hya,data-node-12,9.9.2.154,elasticsearch_os_load5,5.22
2023/4/13 14:51,1681368707,cc-cc408-hya,data-node-12,9.9.2.154,elasticsearch_os_load5,4.96
2023/4/13 14:52,1681368767,cc-cc408-hya,data-node-12,9.9.2.154,elasticsearch_os_load5,5.54
2023/4/13 14:53,1681368827,cc-cc408-hya,data-node-12,9.9.2.154,elasticsearch_os_load5,5.25
2023/4/13 14:54,1681368887,cc-cc408-hya,data-node-12,9.9.2.154,elasticsearch_os_load5,5.58
2023/4/13 14:55,1681368947,cc-cc408-hya,data-node-12,9.9.2.154,elasticsearch_os_load5,5.26
2023/4/13 14:56,1681369007,cc-cc408-hya,data-node-12,9.9.2.154,elasticsearch_os_load5,5.72
2023/4/13 14:57,1681369067,cc-cc408-hya,data-node-12,9.9.2.154,elasticsearch_os_load5,5.41
2023/4/13 14:58,1681369127,cc-cc408-hya,data-node-12,9.9.2.154,elasticsearch_os_load5,4.79
2023/4/13 14:59,1681369187,cc-cc408-hya,data-node-12,9.9.2.154,elasticsearch_os_load5,4.69
2023/4/13 15:00,1681369247,cc-cc408-hya,data-node-12,9.9.2.154,elasticsearch_os_load5,4.51
2023/4/13 15:01,1681369307,cc-cc408-hya,data-node-12,9.9.2.154,elasticsearch_os_load5,4.52
2023/4/13 15:02,1681369367,cc-cc408-hya,data-node-12,9.9.2.154,elasticsearch_os_load5,4.59
2023/4/13 15:03,1681369427,cc-cc408-hya,data-node-12,9.9.2.154,elasticsearch_os_load5,4.96
2023/4/13 15:04,1681369487,cc-cc408-hya,data-node-12,9.9.2.154,elasticsearch_os_load5,5.01
2023/4/13 15:05,1681369547,cc-cc408-hya,data-node-12,9.9.2.154,elasticsearch_os_load5,5.37
2023/4/13 15:06,1681369607,cc-cc408-hya,data-node-12,9.9.2.154,elasticsearch_os_load5,5.04
2023/4/13 15:07,1681369667,cc-cc408-hya,data-node-12,9.9.2.154,elasticsearch_os_load5,5.05
2023/4/13 15:08,1681369727,cc-cc408-hya,data-node-12,9.9.2.154,elasticsearch_os_load5,4.99
2023/4/13 15:09,1681369787,cc-cc408-hya,data-node-12,9.9.2.154,elasticsearch_os_load5,4.94
2023/4/13 15:10,1681369847,cc-cc408-hya,data-node-12,9.9.2.154,elasticsearch_os_load5,4.71
2023/4/13 15:11,1681369907,cc-cc408-hya,data-node-12,9.9.2.154,elasticsearch_os_load5,4.65
2023/4/13 15:12,1681369967,cc-cc408-hya,data-node-12,9.9.2.154,elasticsearch_os_load5,4.47
2023/4/13 15:13,1681370027,cc-cc408-hya,data-node-12,9.9.2.154,elasticsearch_os_load5,4.54
2023/4/13 15:14,1681370087,cc-cc408-hya,data-node-12,9.9.2.154,elasticsearch_os_load5,4.9
2023/4/13 15:15,1681370147,cc-cc408-hya,data-node-12,9.9.2.154,elasticsearch_os_load5,4.55
2023/4/13 15:16,1681370207,cc-cc408-hya,data-node-12,9.9.2.154,elasticsearch_os_load5,4.42
2023/4/13 15:17,1681370267,cc-cc408-hya,data-node-12,9.9.2.154,elasticsearch_os_load5,4.4
2023/4/13 15:18,1681370327,cc-cc408-hya,data-node-12,9.9.2.154,elasticsearch_os_load5,4.1
2023/4/13 15:19,1681370387,cc-cc408-hya,data-node-12,9.9.2.154,elasticsearch_os_load5,3.86
2023/4/13 15:20,1681370447,cc-cc408-hya,data-node-12,9.9.2.154,elasticsearch_os_load5,4.14
2023/4/13 15:21,1681370507,cc-cc408-hya,data-node-12,9.9.2.154,elasticsearch_os_load5,4.16
2023/4/13 15:22,1681370567,cc-cc408-hya,data-node-12,9.9.2.154,elasticsearch_os_load5,4.18
2023/4/13 15:23,1681370627,cc-cc408-hya,data-node-12,9.9.2.154,elasticsearch_os_load5,4.79
2023/4/13 15:24,1681370687,cc-cc408-hya,data-node-12,9.9.2.154,elasticsearch_os_load5,4.58
2023/4/13 15:25,1681370747,cc-cc408-hya,data-node-12,9.9.2.154,elasticsearch_os_load5,4.57
2023/4/13 15:26,1681370807,cc-cc408-hya,data-node-12,9.9.2.154,elasticsearch_os_load5,4.59
2023/4/13 15:27,1681370867,cc-cc408-hya,data-node-12,9.9.2.154,elasticsearch_os_load5,4.52
2023/4/13 15:28,1681370927,cc-cc408-hya,data-node-12,9.9.2.154,elasticsearch_os_load5,4.83
2023/4/13 15:29,1681370987,cc-cc408-hya,data-node-12,9.9.2.154,elasticsearch_os_load5,4.88
2023/4/13 15:30,1681371047,cc-cc408-hya,data-node-12,9.9.2.154,elasticsearch_os_load5,4.86
2023/4/13 15:31,1681371107,cc-cc408-hya,data-node-12,9.9.2.154,elasticsearch_os_load5,4.85
2023/4/13 15:32,1681371167,cc-cc408-hya,data-node-12,9.9.2.154,elasticsearch_os_load5,4.95
2023/4/13 15:33,1681371227,cc-cc408-hya,data-node-12,9.9.2.154,elasticsearch_os_load5,4.88
2023/4/13 15:34,1681371287,cc-cc408-hya,data-node-12,9.9.2.154,elasticsearch_os_load5,4.67
2023/4/13 15:35,1681371347,cc-cc408-hya,data-node-12,9.9.2.154,elasticsearch_os_load5,4.59
2023/4/13 15:36,1681371407,cc-cc408-hya,data-node-12,9.9.2.154,elasticsearch_os_load5,4.65
2023/4/13 15:37,1681371467,cc-cc408-hya,data-node-12,9.9.2.154,elasticsearch_os_load5,4.56
2023/4/13 15:38,1681371527,cc-cc408-hya,data-node-12,9.9.2.154,elasticsearch_os_load5,4.45
2023/4/13 15:39,1681371587,cc-cc408-hya,data-node-12,9.9.2.154,elasticsearch_os_load5,4.65
2023/4/13 15:40,1681371647,cc-cc408-hya,data-node-12,9.9.2.154,elasticsearch_os_load5,4.86
2023/4/13 15:41,1681371707,cc-cc408-hya,data-node-12,9.9.2.154,elasticsearch_os_load5,4.6
2023/4/13 15:42,1681371767,cc-cc408-hya,data-node-12,9.9.2.154,elasticsearch_os_load5,4.8
2023/4/13 15:43,1681371827,cc-cc408-hya,data-node-12,9.9.2.154,elasticsearch_os_load5,4.91
2023/4/13 15:44,1681371887,cc-cc408-hya,data-node-12,9.9.2.154,elasticsearch_os_load5,4.98
2023/4/13 15:45,1681371947,cc-cc408-hya,data-node-12,9.9.2.154,elasticsearch_os_load5,4.96
2023/4/13 15:46,1681372007,cc-cc408-hya,data-node-12,9.9.2.154,elasticsearch_os_load5,4.97
2023/4/13 15:47,1681372067,cc-cc408-hya,data-node-12,9.9.2.154,elasticsearch_os_load5,4.86
2023/4/13 15:48,1681372127,cc-cc408-hya,data-node-12,9.9.2.154,elasticsearch_os_load5,4.74
2023/4/13 15:49,1681372187,cc-cc408-hya,data-node-12,9.9.2.154,elasticsearch_os_load5,4.62
2023/4/13 15:50,1681372247,cc-cc408-hya,data-node-12,9.9.2.154,elasticsearch_os_load5,4.32
2023/4/13 15:51,1681372307,cc-cc408-hya,data-node-12,9.9.2.154,elasticsearch_os_load5,4.4
2023/4/13 15:52,1681372367,cc-cc408-hya,data-node-12,9.9.2.154,elasticsearch_os_load5,4.27
2023/4/13 15:53,1681372427,cc-cc408-hya,data-node-12,9.9.2.154,elasticsearch_os_load5,4.22
2023/4/13 15:54,1681372487,cc-cc408-hya,data-node-12,9.9.2.154,elasticsearch_os_load5,4.19
2023/4/13 15:55,1681372547,cc-cc408-hya,data-node-12,9.9.2.154,elasticsearch_os_load5,4.21
2023/4/13 15:56,1681372607,cc-cc408-hya,data-node-12,9.9.2.154,elasticsearch_os_load5,4.61
2023/4/13 15:57,1681372667,cc-cc408-hya,data-node-12,9.9.2.154,elasticsearch_os_load5,4.53
2023/4/13 15:58,1681372727,cc-cc408-hya,data-node-12,9.9.2.154,elasticsearch_os_load5,4.75
2023/4/13 15:59,1681372787,cc-cc408-hya,data-node-12,9.9.2.154,elasticsearch_os_load5,5.13
2023/4/13 16:00,1681372847,cc-cc408-hya,data-node-12,9.9.2.154,elasticsearch_os_load5,5.1
2023/4/13 16:01,1681372907,cc-cc408-hya,data-node-12,9.9.2.154,elasticsearch_os_load5,4.97
2023/4/13 16:02,1681372967,cc-cc408-hya,data-node-12,9.9.2.154,elasticsearch_os_load5,4.81
2023/4/13 16:03,1681373027,cc-cc408-hya,data-node-12,9.9.2.154,elasticsearch_os_load5,4.68
2023/4/13 16:04,1681373087,cc-cc408-hya,data-node-12,9.9.2.154,elasticsearch_os_load5,4.9
2023/4/13 16:05,1681373147,cc-cc408-hya,data-node-12,9.9.2.154,elasticsearch_os_load5,4.81
2023/4/13 16:06,1681373207,cc-cc408-hya,data-node-12,9.9.2.154,elasticsearch_os_load5,4.77
2023/4/13 16:07,1681373267,cc-cc408-hya,data-node-12,9.9.2.154,elasticsearch_os_load5,4.88
2023/4/13 16:08,1681373327,cc-cc408-hya,data-node-12,9.9.2.154,elasticsearch_os_load5,4.95
2023/4/13 16:09,1681373387,cc-cc408-hya,data-node-12,9.9.2.154,elasticsearch_os_load5,4.78
2023/4/13 16:10,1681373447,cc-cc408-hya,data-node-12,9.9.2.154,elasticsearch_os_load5,4.97
2023/4/13 16:11,1681373507,cc-cc408-hya,data-node-12,9.9.2.154,elasticsearch_os_load5,5.35
2023/4/13 16:12,1681373567,cc-cc408-hya,data-node-12,9.9.2.154,elasticsearch_os_load5,5.5
2023/4/13 16:13,1681373627,cc-cc408-hya,data-node-12,9.9.2.154,elasticsearch_os_load5,5.51
2023/4/13 16:14,1681373687,cc-cc408-hya,data-node-12,9.9.2.154,elasticsearch_os_load5,5.25
2023/4/13 16:15,1681373747,cc-cc408-hya,data-node-12,9.9.2.154,elasticsearch_os_load5,5.1
2023/4/13 16:16,1681373807,cc-cc408-hya,data-node-12,9.9.2.154,elasticsearch_os_load5,5.32
2023/4/13 16:17,1681373867,cc-cc408-hya,data-node-12,9.9.2.154,elasticsearch_os_load5,5.27
2023/4/13 16:18,1681373927,cc-cc408-hya,data-node-12,9.9.2.154,elasticsearch_os_load5,5.04
2023/4/13 16:19,1681373987,cc-cc408-hya,data-node-12,9.9.2.154,elasticsearch_os_load5,5.08
2023/4/13 16:20,1681374047,cc-cc408-hya,data-node-12,9.9.2.154,elasticsearch_os_load5,4.93
2023/4/13 16:21,1681374107,cc-cc408-hya,data-node-12,9.9.2.154,elasticsearch_os_load5,5.03
2023/4/13 16:22,1681374167,cc-cc408-hya,data-node-12,9.9.2.154,elasticsearch_os_load5,4.91
2023/4/13 16:23,1681374227,cc-cc408-hya,data-node-12,9.9.2.154,elasticsearch_os_load5,4.86
2023/4/13 16:24,1681374287,cc-cc408-hya,data-node-12,9.9.2.154,elasticsearch_os_load5,4.77
2023/4/13 16:25,1681374347,cc-cc408-hya,data-node-12,9.9.2.154,elasticsearch_os_load5,4.83
2023/4/13 16:26,1681374407,cc-cc408-hya,data-node-12,9.9.2.154,elasticsearch_os_load5,4.85
2023/4/13 16:27,1681374467,cc-cc408-hya,data-node-12,9.9.2.154,elasticsearch_os_load5,4.81
2023/4/13 16:28,1681374527,cc-cc408-hya,data-node-12,9.9.2.154,elasticsearch_os_load5,5.38
2023/4/13 16:29,1681374587,cc-cc408-hya,data-node-12,9.9.2.154,elasticsearch_os_load5,5.31
2023/4/13 16:30,1681374647,cc-cc408-hya,data-node-12,9.9.2.154,elasticsearch_os_load5,5.43
2023/4/13 16:31,1681374707,cc-cc408-hya,data-node-12,9.9.2.154,elasticsearch_os_load5,5.17
2023/4/13 16:32,1681374767,cc-cc408-hya,data-node-12,9.9.2.154,elasticsearch_os_load5,5.03
2023/4/13 16:33,1681374827,cc-cc408-hya,data-node-12,9.9.2.154,elasticsearch_os_load5,4.81
2023/4/13 16:34,1681374887,cc-cc408-hya,data-node-12,9.9.2.154,elasticsearch_os_load5,5.49
2023/4/13 16:35,1681374947,cc-cc408-hya,data-node-12,9.9.2.154,elasticsearch_os_load5,5.1
2023/4/13 16:36,1681375007,cc-cc408-hya,data-node-12,9.9.2.154,elasticsearch_os_load5,4.87
2023/4/13 16:37,1681375067,cc-cc408-hya,data-node-12,9.9.2.154,elasticsearch_os_load5,4.84
2023/4/13 16:38,1681375127,cc-cc408-hya,data-node-12,9.9.2.154,elasticsearch_os_load5,5.27
2023/4/13 16:39,1681375187,cc-cc408-hya,data-node-12,9.9.2.154,elasticsearch_os_load5,5.18
2023/4/13 16:40,1681375247,cc-cc408-hya,data-node-12,9.9.2.154,elasticsearch_os_load5,5.25
2023/4/13 16:41,1681375307,cc-cc408-hya,data-node-12,9.9.2.154,elasticsearch_os_load5,5.31
2023/4/13 16:42,1681375367,cc-cc408-hya,data-node-12,9.9.2.154,elasticsearch_os_load5,5.24
2023/4/13 16:43,1681375427,cc-cc408-hya,data-node-12,9.9.2.154,elasticsearch_os_load5,5.41
2023/4/13 16:44,1681375487,cc-cc408-hya,data-node-12,9.9.2.154,elasticsearch_os_load5,5.56
2023/4/13 16:45,1681375547,cc-cc408-hya,data-node-12,9.9.2.154,elasticsearch_os_load5,5.31
2023/4/13 16:46,1681375607,cc-cc408-hya,data-node-12,9.9.2.154,elasticsearch_os_load5,5.11
2023/4/13 16:47,1681375667,cc-cc408-hya,data-node-12,9.9.2.154,elasticsearch_os_load5,4.82
2023/4/13 16:48,1681375727,cc-cc408-hya,data-node-12,9.9.2.154,elasticsearch_os_load5,4.63
2023/4/13 16:49,1681375787,cc-cc408-hya,data-node-12,9.9.2.154,elasticsearch_os_load5,4.83
2023/4/13 16:50,1681375847,cc-cc408-hya,data-node-12,9.9.2.154,elasticsearch_os_load5,4.8
2023/4/13 16:51,1681375907,cc-cc408-hya,data-node-12,9.9.2.154,elasticsearch_os_load5,4.79
2023/4/13 16:52,1681375967,cc-cc408-hya,data-node-12,9.9.2.154,elasticsearch_os_load5,5.3
2023/4/13 16:53,1681376027,cc-cc408-hya,data-node-12,9.9.2.154,elasticsearch_os_load5,5.59
2023/4/13 16:54,1681376087,cc-cc408-hya,data-node-12,9.9.2.154,elasticsearch_os_load5,5.67
2023/4/13 16:55,1681376147,cc-cc408-hya,data-node-12,9.9.2.154,elasticsearch_os_load5,6
2023/4/13 16:56,1681376207,cc-cc408-hya,data-node-12,9.9.2.154,elasticsearch_os_load5,5.84
2023/4/13 16:57,1681376267,cc-cc408-hya,data-node-12,9.9.2.154,elasticsearch_os_load5,6.02
2023/4/13 16:58,1681376327,cc-cc408-hya,data-node-12,9.9.2.154,elasticsearch_os_load5,5.8
2023/4/13 16:59,1681376387,cc-cc408-hya,data-node-12,9.9.2.154,elasticsearch_os_load5,5.58
2023/4/13 17:00,1681376447,cc-cc408-hya,data-node-12,9.9.2.154,elasticsearch_os_load5,5.26
2023/4/13 17:01,1681376507,cc-cc408-hya,data-node-12,9.9.2.154,elasticsearch_os_load5,5.22
2023/4/13 17:02,1681376567,cc-cc408-hya,data-node-12,9.9.2.154,elasticsearch_os_load5,5.44
2023/4/13 17:03,1681376627,cc-cc408-hya,data-node-12,9.9.2.154,elasticsearch_os_load5,5.52
2023/4/13 17:04,1681376687,cc-cc408-hya,data-node-12,9.9.2.154,elasticsearch_os_load5,5.79
2023/4/13 17:05,1681376747,cc-cc408-hya,data-node-12,9.9.2.154,elasticsearch_os_load5,5.43
2023/4/13 17:06,1681376807,cc-cc408-hya,data-node-12,9.9.2.154,elasticsearch_os_load5,5.15
2023/4/13 17:07,1681376867,cc-cc408-hya,data-node-12,9.9.2.154,elasticsearch_os_load5,5.41
2023/4/13 17:08,1681376927,cc-cc408-hya,data-node-12,9.9.2.154,elasticsearch_os_load5,5.25
2023/4/13 17:09,1681376987,cc-cc408-hya,data-node-12,9.9.2.154,elasticsearch_os_load5,5.22
2023/4/13 17:10,1681377047,cc-cc408-hya,data-node-12,9.9.2.154,elasticsearch_os_load5,5.42
2023/4/13 17:11,1681377107,cc-cc408-hya,data-node-12,9.9.2.154,elasticsearch_os_load5,5.54
2023/4/13 17:12,1681377167,cc-cc408-hya,data-node-12,9.9.2.154,elasticsearch_os_load5,5.25
2023/4/13 17:13,1681377227,cc-cc408-hya,data-node-12,9.9.2.154,elasticsearch_os_load5,5.3
2023/4/13 17:14,1681377287,cc-cc408-hya,data-node-12,9.9.2.154,elasticsearch_os_load5,5.09
2023/4/13 17:15,1681377347,cc-cc408-hya,data-node-12,9.9.2.154,elasticsearch_os_load5,4.95
2023/4/13 17:16,1681377407,cc-cc408-hya,data-node-12,9.9.2.154,elasticsearch_os_load5,4.82
2023/4/13 17:17,1681377467,cc-cc408-hya,data-node-12,9.9.2.154,elasticsearch_os_load5,4.72
2023/4/13 17:18,1681377527,cc-cc408-hya,data-node-12,9.9.2.154,elasticsearch_os_load5,4.84
2023/4/13 17:19,1681377587,cc-cc408-hya,data-node-12,9.9.2.154,elasticsearch_os_load5,4.94
2023/4/13 17:20,1681377647,cc-cc408-hya,data-node-12,9.9.2.154,elasticsearch_os_load5,5.08
2023/4/13 17:21,1681377707,cc-cc408-hya,data-node-12,9.9.2.154,elasticsearch_os_load5,5.51
2023/4/13 17:22,1681377767,cc-cc408-hya,data-node-12,9.9.2.154,elasticsearch_os_load5,5.2
2023/4/13 17:23,1681377827,cc-cc408-hya,data-node-12,9.9.2.154,elasticsearch_os_load5,5.38
2023/4/13 17:24,1681377887,cc-cc408-hya,data-node-12,9.9.2.154,elasticsearch_os_load5,5.23
2023/4/13 17:25,1681377947,cc-cc408-hya,data-node-12,9.9.2.154,elasticsearch_os_load5,5.25
2023/4/13 17:26,1681378007,cc-cc408-hya,data-node-12,9.9.2.154,elasticsearch_os_load5,5.4
2023/4/13 17:27,1681378067,cc-cc408-hya,data-node-12,9.9.2.154,elasticsearch_os_load5,6.03
2023/4/13 17:28,1681378127,cc-cc408-hya,data-node-12,9.9.2.154,elasticsearch_os_load5,5.52
2023/4/13 17:29,1681378187,cc-cc408-hya,data-node-12,9.9.2.154,elasticsearch_os_load5,6.24
2023/4/13 17:30,1681378247,cc-cc408-hya,data-node-12,9.9.2.154,elasticsearch_os_load5,6.23
2023/4/12 17:30,1681291847,cc-cc408-hya,data-node-17,9.9.2.154,elasticsearch_os_load5,4.23
2023/4/12 17:31,1681291907,cc-cc408-hya,data-node-17,9.9.2.154,elasticsearch_os_load5,4.1
2023/4/12 17:32,1681291967,cc-cc408-hya,data-node-17,9.9.2.154,elasticsearch_os_load5,3.91
2023/4/12 17:33,1681292027,cc-cc408-hya,data-node-17,9.9.2.154,elasticsearch_os_load5,4.37
2023/4/12 17:34,1681292087,cc-cc408-hya,data-node-17,9.9.2.154,elasticsearch_os_load5,4.93
2023/4/12 17:35,1681292147,cc-cc408-hya,data-node-17,9.9.2.154,elasticsearch_os_load5,5.16
2023/4/12 17:36,1681292207,cc-cc408-hya,data-node-17,9.9.2.154,elasticsearch_os_load5,5.16
2023/4/12 17:37,1681292267,cc-cc408-hya,data-node-17,9.9.2.154,elasticsearch_os_load5,5.03
2023/4/12 17:38,1681292327,cc-cc408-hya,data-node-17,9.9.2.154,elasticsearch_os_load5,4.68
2023/4/12 17:39,1681292387,cc-cc408-hya,data-node-17,9.9.2.154,elasticsearch_os_load5,4.7
2023/4/12 17:40,1681292447,cc-cc408-hya,data-node-17,9.9.2.154,elasticsearch_os_load5,5
2023/4/12 17:41,1681292507,cc-cc408-hya,data-node-17,9.9.2.154,elasticsearch_os_load5,5.53
2023/4/12 17:42,1681292567,cc-cc408-hya,data-node-17,9.9.2.154,elasticsearch_os_load5,5.49
2023/4/12 17:43,1681292627,cc-cc408-hya,data-node-17,9.9.2.154,elasticsearch_os_load5,5.3
2023/4/12 17:44,1681292687,cc-cc408-hya,data-node-17,9.9.2.154,elasticsearch_os_load5,4.94
2023/4/12 17:45,1681292747,cc-cc408-hya,data-node-17,9.9.2.154,elasticsearch_os_load5,4.86
2023/4/12 17:46,1681292807,cc-cc408-hya,data-node-17,9.9.2.154,elasticsearch_os_load5,4.77
2023/4/12 17:47,1681292867,cc-cc408-hya,data-node-17,9.9.2.154,elasticsearch_os_load5,4.62
2023/4/12 17:48,1681292927,cc-cc408-hya,data-node-17,9.9.2.154,elasticsearch_os_load5,4.56
2023/4/12 17:49,1681292987,cc-cc408-hya,data-node-17,9.9.2.154,elasticsearch_os_load5,4.36
2023/4/12 17:50,1681293047,cc-cc408-hya,data-node-17,9.9.2.154,elasticsearch_os_load5,4.39
2023/4/12 17:51,1681293107,cc-cc408-hya,data-node-17,9.9.2.154,elasticsearch_os_load5,4.48
2023/4/12 17:52,1681293167,cc-cc408-hya,data-node-17,9.9.2.154,elasticsearch_os_load5,4.66
2023/4/12 17:53,1681293227,cc-cc408-hya,data-node-17,9.9.2.154,elasticsearch_os_load5,4.41
2023/4/12 17:54,1681293287,cc-cc408-hya,data-node-17,9.9.2.154,elasticsearch_os_load5,4.6
2023/4/12 17:55,1681293347,cc-cc408-hya,data-node-17,9.9.2.154,elasticsearch_os_load5,4.47
2023/4/12 17:56,1681293407,cc-cc408-hya,data-node-17,9.9.2.154,elasticsearch_os_load5,4.41
2023/4/12 17:57,1681293467,cc-cc408-hya,data-node-17,9.9.2.154,elasticsearch_os_load5,4.42
2023/4/12 17:58,1681293527,cc-cc408-hya,data-node-17,9.9.2.154,elasticsearch_os_load5,4.56
2023/4/12 17:59,1681293587,cc-cc408-hya,data-node-17,9.9.2.154,elasticsearch_os_load5,4.73
2023/4/12 18:00,1681293647,cc-cc408-hya,data-node-17,9.9.2.154,elasticsearch_os_load5,4.49
2023/4/12 18:01,1681293707,cc-cc408-hya,data-node-17,9.9.2.154,elasticsearch_os_load5,4.41
2023/4/12 18:02,1681293767,cc-cc408-hya,data-node-17,9.9.2.154,elasticsearch_os_load5,4.67
2023/4/12 18:03,1681293827,cc-cc408-hya,data-node-17,9.9.2.154,elasticsearch_os_load5,4.49
2023/4/12 18:04,1681293887,cc-cc408-hya,data-node-17,9.9.2.154,elasticsearch_os_load5,4.46
2023/4/12 18:05,1681293947,cc-cc408-hya,data-node-17,9.9.2.154,elasticsearch_os_load5,4.41
2023/4/12 18:06,1681294007,cc-cc408-hya,data-node-17,9.9.2.154,elasticsearch_os_load5,4.42
2023/4/12 18:07,1681294067,cc-cc408-hya,data-node-17,9.9.2.154,elasticsearch_os_load5,4.57
2023/4/12 18:08,1681294127,cc-cc408-hya,data-node-17,9.9.2.154,elasticsearch_os_load5,4.53
2023/4/12 18:09,1681294187,cc-cc408-hya,data-node-17,9.9.2.154,elasticsearch_os_load5,4.52
2023/4/12 18:10,1681294247,cc-cc408-hya,data-node-17,9.9.2.154,elasticsearch_os_load5,4.42
2023/4/12 18:11,1681294307,cc-cc408-hya,data-node-17,9.9.2.154,elasticsearch_os_load5,4.22
2023/4/12 18:12,1681294367,cc-cc408-hya,data-node-17,9.9.2.154,elasticsearch_os_load5,4.07
2023/4/12 18:13,1681294427,cc-cc408-hya,data-node-17,9.9.2.154,elasticsearch_os_load5,4.25
2023/4/12 18:14,1681294487,cc-cc408-hya,data-node-17,9.9.2.154,elasticsearch_os_load5,4.54
2023/4/12 18:15,1681294547,cc-cc408-hya,data-node-17,9.9.2.154,elasticsearch_os_load5,4.43
2023/4/12 18:16,1681294607,cc-cc408-hya,data-node-17,9.9.2.154,elasticsearch_os_load5,4.78
2023/4/12 18:17,1681294667,cc-cc408-hya,data-node-17,9.9.2.154,elasticsearch_os_load5,4.95
2023/4/12 18:18,1681294727,cc-cc408-hya,data-node-17,9.9.2.154,elasticsearch_os_load5,5.1
2023/4/12 18:19,1681294787,cc-cc408-hya,data-node-17,9.9.2.154,elasticsearch_os_load5,5.62
2023/4/12 18:20,1681294847,cc-cc408-hya,data-node-17,9.9.2.154,elasticsearch_os_load5,5.61
2023/4/12 18:21,1681294907,cc-cc408-hya,data-node-17,9.9.2.154,elasticsearch_os_load5,5.46
2023/4/12 18:22,1681294967,cc-cc408-hya,data-node-17,9.9.2.154,elasticsearch_os_load5,5.5
2023/4/12 18:23,1681295027,cc-cc408-hya,data-node-17,9.9.2.154,elasticsearch_os_load5,5.22
2023/4/12 18:24,1681295087,cc-cc408-hya,data-node-17,9.9.2.154,elasticsearch_os_load5,4.93
2023/4/12 18:25,1681295147,cc-cc408-hya,data-node-17,9.9.2.154,elasticsearch_os_load5,4.69
2023/4/12 18:26,1681295207,cc-cc408-hya,data-node-17,9.9.2.154,elasticsearch_os_load5,4.49
2023/4/12 18:27,1681295267,cc-cc408-hya,data-node-17,9.9.2.154,elasticsearch_os_load5,4.28
2023/4/12 18:28,1681295327,cc-cc408-hya,data-node-17,9.9.2.154,elasticsearch_os_load5,4.63
2023/4/12 18:29,1681295387,cc-cc408-hya,data-node-17,9.9.2.154,elasticsearch_os_load5,4.78
2023/4/12 18:30,1681295447,cc-cc408-hya,data-node-17,9.9.2.154,elasticsearch_os_load5,5.4
2023/4/12 18:31,1681295507,cc-cc408-hya,data-node-17,9.9.2.154,elasticsearch_os_load5,5.43
2023/4/12 18:32,1681295567,cc-cc408-hya,data-node-17,9.9.2.154,elasticsearch_os_load5,5.38
2023/4/12 18:33,1681295627,cc-cc408-hya,data-node-17,9.9.2.154,elasticsearch_os_load5,5.21
2023/4/12 18:34,1681295687,cc-cc408-hya,data-node-17,9.9.2.154,elasticsearch_os_load5,5.04
2023/4/12 18:35,1681295747,cc-cc408-hya,data-node-17,9.9.2.154,elasticsearch_os_load5,5.15
2023/4/12 18:36,1681295807,cc-cc408-hya,data-node-17,9.9.2.154,elasticsearch_os_load5,5.01
2023/4/12 18:37,1681295867,cc-cc408-hya,data-node-17,9.9.2.154,elasticsearch_os_load5,4.88
2023/4/12 18:38,1681295927,cc-cc408-hya,data-node-17,9.9.2.154,elasticsearch_os_load5,4.55
2023/4/12 18:39,1681295987,cc-cc408-hya,data-node-17,9.9.2.154,elasticsearch_os_load5,5.13
2023/4/12 18:40,1681296047,cc-cc408-hya,data-node-17,9.9.2.154,elasticsearch_os_load5,5.06
2023/4/12 18:41,1681296107,cc-cc408-hya,data-node-17,9.9.2.154,elasticsearch_os_load5,4.93
2023/4/12 18:42,1681296167,cc-cc408-hya,data-node-17,9.9.2.154,elasticsearch_os_load5,4.94
2023/4/12 18:43,1681296227,cc-cc408-hya,data-node-17,9.9.2.154,elasticsearch_os_load5,5.72
2023/4/12 18:44,1681296287,cc-cc408-hya,data-node-17,9.9.2.154,elasticsearch_os_load5,5.5
2023/4/12 18:45,1681296347,cc-cc408-hya,data-node-17,9.9.2.154,elasticsearch_os_load5,5.29
2023/4/12 18:46,1681296407,cc-cc408-hya,data-node-17,9.9.2.154,elasticsearch_os_load5,5
2023/4/12 18:47,1681296467,cc-cc408-hya,data-node-17,9.9.2.154,elasticsearch_os_load5,4.86
2023/4/12 18:48,1681296527,cc-cc408-hya,data-node-17,9.9.2.154,elasticsearch_os_load5,5.26
2023/4/12 18:49,1681296587,cc-cc408-hya,data-node-17,9.9.2.154,elasticsearch_os_load5,5.11
2023/4/12 18:50,1681296647,cc-cc408-hya,data-node-17,9.9.2.154,elasticsearch_os_load5,5.06
2023/4/12 18:51,1681296707,cc-cc408-hya,data-node-17,9.9.2.154,elasticsearch_os_load5,5.04
2023/4/12 18:52,1681296767,cc-cc408-hya,data-node-17,9.9.2.154,elasticsearch_os_load5,4.92
2023/4/12 18:53,1681296827,cc-cc408-hya,data-node-17,9.9.2.154,elasticsearch_os_load5,4.69
2023/4/12 18:54,1681296887,cc-cc408-hya,data-node-17,9.9.2.154,elasticsearch_os_load5,4.5
2023/4/12 18:55,1681296947,cc-cc408-hya,data-node-17,9.9.2.154,elasticsearch_os_load5,4.57
2023/4/12 18:56,1681297007,cc-cc408-hya,data-node-17,9.9.2.154,elasticsearch_os_load5,4.47
2023/4/12 18:57,1681297067,cc-cc408-hya,data-node-17,9.9.2.154,elasticsearch_os_load5,4.5
2023/4/12 18:58,1681297127,cc-cc408-hya,data-node-17,9.9.2.154,elasticsearch_os_load5,4.43
2023/4/12 18:59,1681297187,cc-cc408-hya,data-node-17,9.9.2.154,elasticsearch_os_load5,4.48
2023/4/12 19:00,1681297247,cc-cc408-hya,data-node-17,9.9.2.154,elasticsearch_os_load5,4.41
2023/4/12 19:01,1681297307,cc-cc408-hya,data-node-17,9.9.2.154,elasticsearch_os_load5,4.69
2023/4/12 19:02,1681297367,cc-cc408-hya,data-node-17,9.9.2.154,elasticsearch_os_load5,4.54
2023/4/12 19:03,1681297427,cc-cc408-hya,data-node-17,9.9.2.154,elasticsearch_os_load5,4.66
2023/4/12 19:04,1681297487,cc-cc408-hya,data-node-17,9.9.2.154,elasticsearch_os_load5,4.56
2023/4/12 19:05,1681297547,cc-cc408-hya,data-node-17,9.9.2.154,elasticsearch_os_load5,4.68
2023/4/12 19:06,1681297607,cc-cc408-hya,data-node-17,9.9.2.154,elasticsearch_os_load5,4.81
2023/4/12 19:07,1681297667,cc-cc408-hya,data-node-17,9.9.2.154,elasticsearch_os_load5,5.15
2023/4/12 19:08,1681297727,cc-cc408-hya,data-node-17,9.9.2.154,elasticsearch_os_load5,4.71
2023/4/12 19:09,1681297787,cc-cc408-hya,data-node-17,9.9.2.154,elasticsearch_os_load5,4.47
2023/4/12 19:10,1681297847,cc-cc408-hya,data-node-17,9.9.2.154,elasticsearch_os_load5,4.3
2023/4/12 19:11,1681297907,cc-cc408-hya,data-node-17,9.9.2.154,elasticsearch_os_load5,4.54
2023/4/12 19:12,1681297967,cc-cc408-hya,data-node-17,9.9.2.154,elasticsearch_os_load5,4.32
2023/4/12 19:13,1681298027,cc-cc408-hya,data-node-17,9.9.2.154,elasticsearch_os_load5,4.03
2023/4/12 19:14,1681298087,cc-cc408-hya,data-node-17,9.9.2.154,elasticsearch_os_load5,4.05
2023/4/12 19:15,1681298147,cc-cc408-hya,data-node-17,9.9.2.154,elasticsearch_os_load5,4.09
2023/4/12 19:16,1681298207,cc-cc408-hya,data-node-17,9.9.2.154,elasticsearch_os_load5,3.96
2023/4/12 19:17,1681298267,cc-cc408-hya,data-node-17,9.9.2.154,elasticsearch_os_load5,3.74
2023/4/12 19:18,1681298327,cc-cc408-hya,data-node-17,9.9.2.154,elasticsearch_os_load5,3.78
2023/4/12 19:19,1681298387,cc-cc408-hya,data-node-17,9.9.2.154,elasticsearch_os_load5,3.62
2023/4/12 19:20,1681298447,cc-cc408-hya,data-node-17,9.9.2.154,elasticsearch_os_load5,3.6
2023/4/12 19:21,1681298507,cc-cc408-hya,data-node-17,9.9.2.154,elasticsearch_os_load5,3.74
2023/4/12 19:22,1681298567,cc-cc408-hya,data-node-17,9.9.2.154,elasticsearch_os_load5,3.95
2023/4/12 19:23,1681298627,cc-cc408-hya,data-node-17,9.9.2.154,elasticsearch_os_load5,3.79
2023/4/12 19:24,1681298687,cc-cc408-hya,data-node-17,9.9.2.154,elasticsearch_os_load5,3.42
2023/4/12 19:25,1681298747,cc-cc408-hya,data-node-17,9.9.2.154,elasticsearch_os_load5,3.38
2023/4/12 19:26,1681298807,cc-cc408-hya,data-node-17,9.9.2.154,elasticsearch_os_load5,3.49
2023/4/12 19:27,1681298867,cc-cc408-hya,data-node-17,9.9.2.154,elasticsearch_os_load5,3.47
2023/4/12 19:28,1681298927,cc-cc408-hya,data-node-17,9.9.2.154,elasticsearch_os_load5,3.82
2023/4/12 19:29,1681298987,cc-cc408-hya,data-node-17,9.9.2.154,elasticsearch_os_load5,3.6
2023/4/12 19:30,1681299047,cc-cc408-hya,data-node-17,9.9.2.154,elasticsearch_os_load5,3.48
2023/4/12 19:31,1681299107,cc-cc408-hya,data-node-17,9.9.2.154,elasticsearch_os_load5,3.45
2023/4/12 19:32,1681299167,cc-cc408-hya,data-node-17,9.9.2.154,elasticsearch_os_load5,3.53
2023/4/12 19:33,1681299227,cc-cc408-hya,data-node-17,9.9.2.154,elasticsearch_os_load5,3.63
2023/4/12 19:34,1681299287,cc-cc408-hya,data-node-17,9.9.2.154,elasticsearch_os_load5,3.41
2023/4/12 19:35,1681299347,cc-cc408-hya,data-node-17,9.9.2.154,elasticsearch_os_load5,3.46
2023/4/12 19:36,1681299407,cc-cc408-hya,data-node-17,9.9.2.154,elasticsearch_os_load5,3.39
2023/4/12 19:37,1681299467,cc-cc408-hya,data-node-17,9.9.2.154,elasticsearch_os_load5,3.18
2023/4/12 19:38,1681299527,cc-cc408-hya,data-node-17,9.9.2.154,elasticsearch_os_load5,3.04
2023/4/12 19:39,1681299587,cc-cc408-hya,data-node-17,9.9.2.154,elasticsearch_os_load5,2.88
2023/4/12 19:40,1681299647,cc-cc408-hya,data-node-17,9.9.2.154,elasticsearch_os_load5,2.71
2023/4/12 19:41,1681299707,cc-cc408-hya,data-node-17,9.9.2.154,elasticsearch_os_load5,2.8
2023/4/12 19:42,1681299767,cc-cc408-hya,data-node-17,9.9.2.154,elasticsearch_os_load5,2.9
2023/4/12 19:43,1681299827,cc-cc408-hya,data-node-17,9.9.2.154,elasticsearch_os_load5,3
2023/4/12 19:44,1681299887,cc-cc408-hya,data-node-17,9.9.2.154,elasticsearch_os_load5,2.99
2023/4/12 19:45,1681299947,cc-cc408-hya,data-node-17,9.9.2.154,elasticsearch_os_load5,3.13
2023/4/12 19:46,1681300007,cc-cc408-hya,data-node-17,9.9.2.154,elasticsearch_os_load5,3.66
2023/4/12 19:47,1681300067,cc-cc408-hya,data-node-17,9.9.2.154,elasticsearch_os_load5,3.49
2023/4/12 19:48,1681300127,cc-cc408-hya,data-node-17,9.9.2.154,elasticsearch_os_load5,3.36
2023/4/12 19:49,1681300187,cc-cc408-hya,data-node-17,9.9.2.154,elasticsearch_os_load5,3.04
2023/4/12 19:50,1681300247,cc-cc408-hya,data-node-17,9.9.2.154,elasticsearch_os_load5,2.99
2023/4/12 19:51,1681300307,cc-cc408-hya,data-node-17,9.9.2.154,elasticsearch_os_load5,2.92
2023/4/12 19:52,1681300367,cc-cc408-hya,data-node-17,9.9.2.154,elasticsearch_os_load5,2.98
2023/4/12 19:53,1681300427,cc-cc408-hya,data-node-17,9.9.2.154,elasticsearch_os_load5,3.43
2023/4/12 19:54,1681300487,cc-cc408-hya,data-node-17,9.9.2.154,elasticsearch_os_load5,3.29
2023/4/12 19:55,1681300547,cc-cc408-hya,data-node-17,9.9.2.154,elasticsearch_os_load5,3.17
2023/4/12 19:56,1681300607,cc-cc408-hya,data-node-17,9.9.2.154,elasticsearch_os_load5,3.15
2023/4/12 19:57,1681300667,cc-cc408-hya,data-node-17,9.9.2.154,elasticsearch_os_load5,3.06
2023/4/12 19:58,1681300727,cc-cc408-hya,data-node-17,9.9.2.154,elasticsearch_os_load5,3.02
2023/4/12 19:59,1681300787,cc-cc408-hya,data-node-17,9.9.2.154,elasticsearch_os_load5,2.96
2023/4/12 20:00,1681300847,cc-cc408-hya,data-node-17,9.9.2.154,elasticsearch_os_load5,2.83
2023/4/12 20:01,1681300907,cc-cc408-hya,data-node-17,9.9.2.154,elasticsearch_os_load5,2.7
2023/4/12 20:02,1681300967,cc-cc408-hya,data-node-17,9.9.2.154,elasticsearch_os_load5,2.82
2023/4/12 20:03,1681301027,cc-cc408-hya,data-node-17,9.9.2.154,elasticsearch_os_load5,2.65
2023/4/12 20:04,1681301087,cc-cc408-hya,data-node-17,9.9.2.154,elasticsearch_os_load5,2.57
2023/4/12 20:05,1681301147,cc-cc408-hya,data-node-17,9.9.2.154,elasticsearch_os_load5,2.54
2023/4/12 20:06,1681301207,cc-cc408-hya,data-node-17,9.9.2.154,elasticsearch_os_load5,2.63
2023/4/12 20:07,1681301267,cc-cc408-hya,data-node-17,9.9.2.154,elasticsearch_os_load5,2.83
2023/4/12 20:08,1681301327,cc-cc408-hya,data-node-17,9.9.2.154,elasticsearch_os_load5,2.7
2023/4/12 20:09,1681301387,cc-cc408-hya,data-node-17,9.9.2.154,elasticsearch_os_load5,2.86
2023/4/12 20:10,1681301447,cc-cc408-hya,data-node-17,9.9.2.154,elasticsearch_os_load5,2.57
2023/4/12 20:11,1681301507,cc-cc408-hya,data-node-17,9.9.2.154,elasticsearch_os_load5,2.52
2023/4/12 20:12,1681301567,cc-cc408-hya,data-node-17,9.9.2.154,elasticsearch_os_load5,2.54
2023/4/12 20:13,1681301627,cc-cc408-hya,data-node-17,9.9.2.154,elasticsearch_os_load5,2.4
2023/4/12 20:14,1681301687,cc-cc408-hya,data-node-17,9.9.2.154,elasticsearch_os_load5,2.29
2023/4/12 20:15,1681301747,cc-cc408-hya,data-node-17,9.9.2.154,elasticsearch_os_load5,2.16
2023/4/12 20:16,1681301807,cc-cc408-hya,data-node-17,9.9.2.154,elasticsearch_os_load5,2.11
2023/4/12 20:17,1681301867,cc-cc408-hya,data-node-17,9.9.2.154,elasticsearch_os_load5,2
2023/4/12 20:18,1681301927,cc-cc408-hya,data-node-17,9.9.2.154,elasticsearch_os_load5,2.1
2023/4/12 20:19,1681301987,cc-cc408-hya,data-node-17,9.9.2.154,elasticsearch_os_load5,2.08
2023/4/12 20:20,1681302047,cc-cc408-hya,data-node-17,9.9.2.154,elasticsearch_os_load5,1.91
2023/4/12 20:21,1681302107,cc-cc408-hya,data-node-17,9.9.2.154,elasticsearch_os_load5,1.79
2023/4/12 20:22,1681302167,cc-cc408-hya,data-node-17,9.9.2.154,elasticsearch_os_load5,1.66
2023/4/12 20:23,1681302227,cc-cc408-hya,data-node-17,9.9.2.154,elasticsearch_os_load5,1.69
2023/4/12 20:24,1681302287,cc-cc408-hya,data-node-17,9.9.2.154,elasticsearch_os_load5,1.85
2023/4/12 20:25,1681302347,cc-cc408-hya,data-node-17,9.9.2.154,elasticsearch_os_load5,1.87
2023/4/12 20:26,1681302407,cc-cc408-hya,data-node-17,9.9.2.154,elasticsearch_os_load5,1.76
2023/4/12 20:27,1681302467,cc-cc408-hya,data-node-17,9.9.2.154,elasticsearch_os_load5,1.93
2023/4/12 20:28,1681302527,cc-cc408-hya,data-node-17,9.9.2.154,elasticsearch_os_load5,1.82
2023/4/12 20:29,1681302587,cc-cc408-hya,data-node-17,9.9.2.154,elasticsearch_os_load5,1.94
2023/4/12 20:30,1681302647,cc-cc408-hya,data-node-17,9.9.2.154,elasticsearch_os_load5,1.84
2023/4/12 20:31,1681302707,cc-cc408-hya,data-node-17,9.9.2.154,elasticsearch_os_load5,1.72
2023/4/12 20:32,1681302767,cc-cc408-hya,data-node-17,9.9.2.154,elasticsearch_os_load5,1.6
2023/4/12 20:33,1681302827,cc-cc408-hya,data-node-17,9.9.2.154,elasticsearch_os_load5,1.66
2023/4/12 20:34,1681302887,cc-cc408-hya,data-node-17,9.9.2.154,elasticsearch_os_load5,1.59
2023/4/12 20:35,1681302947,cc-cc408-hya,data-node-17,9.9.2.154,elasticsearch_os_load5,1.6
2023/4/12 20:36,1681303007,cc-cc408-hya,data-node-17,9.9.2.154,elasticsearch_os_load5,1.67
2023/4/12 20:37,1681303067,cc-cc408-hya,data-node-17,9.9.2.154,elasticsearch_os_load5,1.71
2023/4/12 20:38,1681303127,cc-cc408-hya,data-node-17,9.9.2.154,elasticsearch_os_load5,1.69
2023/4/12 20:39,1681303187,cc-cc408-hya,data-node-17,9.9.2.154,elasticsearch_os_load5,1.65
2023/4/12 20:40,1681303247,cc-cc408-hya,data-node-17,9.9.2.154,elasticsearch_os_load5,1.6
2023/4/12 20:41,1681303307,cc-cc408-hya,data-node-17,9.9.2.154,elasticsearch_os_load5,1.77
2023/4/12 20:42,1681303367,cc-cc408-hya,data-node-17,9.9.2.154,elasticsearch_os_load5,1.68
2023/4/12 20:43,1681303427,cc-cc408-hya,data-node-17,9.9.2.154,elasticsearch_os_load5,1.79
2023/4/12 20:44,1681303487,cc-cc408-hya,data-node-17,9.9.2.154,elasticsearch_os_load5,1.66
2023/4/12 20:45,1681303547,cc-cc408-hya,data-node-17,9.9.2.154,elasticsearch_os_load5,1.56
2023/4/12 20:46,1681303607,cc-cc408-hya,data-node-17,9.9.2.154,elasticsearch_os_load5,1.68
2023/4/12 20:47,1681303667,cc-cc408-hya,data-node-17,9.9.2.154,elasticsearch_os_load5,1.56
2023/4/12 20:48,1681303727,cc-cc408-hya,data-node-17,9.9.2.154,elasticsearch_os_load5,1.54
2023/4/12 20:49,1681303787,cc-cc408-hya,data-node-17,9.9.2.154,elasticsearch_os_load5,1.44
2023/4/12 20:50,1681303847,cc-cc408-hya,data-node-17,9.9.2.154,elasticsearch_os_load5,1.28
2023/4/12 20:51,1681303907,cc-cc408-hya,data-node-17,9.9.2.154,elasticsearch_os_load5,1.2
2023/4/12 20:52,1681303967,cc-cc408-hya,data-node-17,9.9.2.154,elasticsearch_os_load5,1.26
2023/4/12 20:53,1681304027,cc-cc408-hya,data-node-17,9.9.2.154,elasticsearch_os_load5,1.17
2023/4/12 20:54,1681304087,cc-cc408-hya,data-node-17,9.9.2.154,elasticsearch_os_load5,1.11
2023/4/12 20:55,1681304147,cc-cc408-hya,data-node-17,9.9.2.154,elasticsearch_os_load5,1.03
2023/4/12 20:56,1681304207,cc-cc408-hya,data-node-17,9.9.2.154,elasticsearch_os_load5,1.01
2023/4/12 20:57,1681304267,cc-cc408-hya,data-node-17,9.9.2.154,elasticsearch_os_load5,1.02
2023/4/12 20:58,1681304327,cc-cc408-hya,data-node-17,9.9.2.154,elasticsearch_os_load5,1.03
2023/4/12 20:59,1681304387,cc-cc408-hya,data-node-17,9.9.2.154,elasticsearch_os_load5,1.02
2023/4/12 21:00,1681304447,cc-cc408-hya,data-node-17,9.9.2.154,elasticsearch_os_load5,1.03
2023/4/12 21:01,1681304507,cc-cc408-hya,data-node-17,9.9.2.154,elasticsearch_os_load5,1.02
2023/4/12 21:02,1681304567,cc-cc408-hya,data-node-17,9.9.2.154,elasticsearch_os_load5,1.03
2023/4/12 21:03,1681304627,cc-cc408-hya,data-node-17,9.9.2.154,elasticsearch_os_load5,1.05
2023/4/12 21:04,1681304687,cc-cc408-hya,data-node-17,9.9.2.154,elasticsearch_os_load5,1.02
2023/4/12 21:05,1681304747,cc-cc408-hya,data-node-17,9.9.2.154,elasticsearch_os_load5,1.13
2023/4/12 21:06,1681304807,cc-cc408-hya,data-node-17,9.9.2.154,elasticsearch_os_load5,1.24
2023/4/12 21:07,1681304867,cc-cc408-hya,data-node-17,9.9.2.154,elasticsearch_os_load5,1.43
2023/4/12 21:08,1681304927,cc-cc408-hya,data-node-17,9.9.2.154,elasticsearch_os_load5,1.48
2023/4/12 21:09,1681304987,cc-cc408-hya,data-node-17,9.9.2.154,elasticsearch_os_load5,1.49
2023/4/12 21:10,1681305047,cc-cc408-hya,data-node-17,9.9.2.154,elasticsearch_os_load5,1.42
2023/4/12 21:11,1681305107,cc-cc408-hya,data-node-17,9.9.2.154,elasticsearch_os_load5,1.34
2023/4/12 21:12,1681305167,cc-cc408-hya,data-node-17,9.9.2.154,elasticsearch_os_load5,1.4
2023/4/12 21:13,1681305227,cc-cc408-hya,data-node-17,9.9.2.154,elasticsearch_os_load5,1.4
2023/4/12 21:14,1681305287,cc-cc408-hya,data-node-17,9.9.2.154,elasticsearch_os_load5,1.37
2023/4/12 21:15,1681305347,cc-cc408-hya,data-node-17,9.9.2.154,elasticsearch_os_load5,1.37
2023/4/12 21:16,1681305407,cc-cc408-hya,data-node-17,9.9.2.154,elasticsearch_os_load5,1.38
2023/4/12 21:17,1681305467,cc-cc408-hya,data-node-17,9.9.2.154,elasticsearch_os_load5,1.25
2023/4/12 21:18,1681305527,cc-cc408-hya,data-node-17,9.9.2.154,elasticsearch_os_load5,1.25
2023/4/12 21:19,1681305587,cc-cc408-hya,data-node-17,9.9.2.154,elasticsearch_os_load5,1.22
2023/4/12 21:20,1681305647,cc-cc408-hya,data-node-17,9.9.2.154,elasticsearch_os_load5,1.13
2023/4/12 21:21,1681305707,cc-cc408-hya,data-node-17,9.9.2.154,elasticsearch_os_load5,1.07
2023/4/12 21:22,1681305767,cc-cc408-hya,data-node-17,9.9.2.154,elasticsearch_os_load5,1.11
2023/4/12 21:23,1681305827,cc-cc408-hya,data-node-17,9.9.2.154,elasticsearch_os_load5,1.01
2023/4/12 21:24,1681305887,cc-cc408-hya,data-node-17,9.9.2.154,elasticsearch_os_load5,1.04
2023/4/12 21:25,1681305947,cc-cc408-hya,data-node-17,9.9.2.154,elasticsearch_os_load5,0.99
2023/4/12 21:26,1681306007,cc-cc408-hya,data-node-17,9.9.2.154,elasticsearch_os_load5,1.04
2023/4/12 21:27,1681306067,cc-cc408-hya,data-node-17,9.9.2.154,elasticsearch_os_load5,1
2023/4/12 21:28,1681306127,cc-cc408-hya,data-node-17,9.9.2.154,elasticsearch_os_load5,0.93
2023/4/12 21:29,1681306187,cc-cc408-hya,data-node-17,9.9.2.154,elasticsearch_os_load5,0.99
2023/4/12 21:30,1681306247,cc-cc408-hya,data-node-17,9.9.2.154,elasticsearch_os_load5,1.09
2023/4/12 21:31,1681306307,cc-cc408-hya,data-node-17,9.9.2.154,elasticsearch_os_load5,0.99
2023/4/12 21:32,1681306367,cc-cc408-hya,data-node-17,9.9.2.154,elasticsearch_os_load5,0.98
2023/4/12 21:33,1681306427,cc-cc408-hya,data-node-17,9.9.2.154,elasticsearch_os_load5,0.92
2023/4/12 21:34,1681306487,cc-cc408-hya,data-node-17,9.9.2.154,elasticsearch_os_load5,0.92
2023/4/12 21:35,1681306547,cc-cc408-hya,data-node-17,9.9.2.154,elasticsearch_os_load5,0.91
2023/4/12 21:36,1681306607,cc-cc408-hya,data-node-17,9.9.2.154,elasticsearch_os_load5,0.87
2023/4/12 21:37,1681306667,cc-cc408-hya,data-node-17,9.9.2.154,elasticsearch_os_load5,0.8
2023/4/12 21:38,1681306727,cc-cc408-hya,data-node-17,9.9.2.154,elasticsearch_os_load5,0.79
2023/4/12 21:39,1681306787,cc-cc408-hya,data-node-17,9.9.2.154,elasticsearch_os_load5,0.82
2023/4/12 21:40,1681306847,cc-cc408-hya,data-node-17,9.9.2.154,elasticsearch_os_load5,0.84
2023/4/12 21:41,1681306907,cc-cc408-hya,data-node-17,9.9.2.154,elasticsearch_os_load5,0.9
2023/4/12 21:42,1681306967,cc-cc408-hya,data-node-17,9.9.2.154,elasticsearch_os_load5,0.87
2023/4/12 21:43,1681307027,cc-cc408-hya,data-node-17,9.9.2.154,elasticsearch_os_load5,1.02
2023/4/12 21:44,1681307087,cc-cc408-hya,data-node-17,9.9.2.154,elasticsearch_os_load5,0.95
2023/4/12 21:45,1681307147,cc-cc408-hya,data-node-17,9.9.2.154,elasticsearch_os_load5,1.14
2023/4/12 21:46,1681307207,cc-cc408-hya,data-node-17,9.9.2.154,elasticsearch_os_load5,1.07
2023/4/12 21:47,1681307267,cc-cc408-hya,data-node-17,9.9.2.154,elasticsearch_os_load5,1.09
2023/4/12 21:48,1681307327,cc-cc408-hya,data-node-17,9.9.2.154,elasticsearch_os_load5,1.18
2023/4/12 21:49,1681307387,cc-cc408-hya,data-node-17,9.9.2.154,elasticsearch_os_load5,1.31
2023/4/12 21:50,1681307447,cc-cc408-hya,data-node-17,9.9.2.154,elasticsearch_os_load5,1.56
2023/4/12 21:51,1681307507,cc-cc408-hya,data-node-17,9.9.2.154,elasticsearch_os_load5,1.53
2023/4/12 21:52,1681307567,cc-cc408-hya,data-node-17,9.9.2.154,elasticsearch_os_load5,1.46
2023/4/12 21:53,1681307627,cc-cc408-hya,data-node-17,9.9.2.154,elasticsearch_os_load5,1.36
2023/4/12 21:54,1681307687,cc-cc408-hya,data-node-17,9.9.2.154,elasticsearch_os_load5,1.25
2023/4/12 21:55,1681307747,cc-cc408-hya,data-node-17,9.9.2.154,elasticsearch_os_load5,1.24
2023/4/12 21:56,1681307807,cc-cc408-hya,data-node-17,9.9.2.154,elasticsearch_os_load5,1.2
2023/4/12 21:57,1681307867,cc-cc408-hya,data-node-17,9.9.2.154,elasticsearch_os_load5,1.11
2023/4/12 21:58,1681307927,cc-cc408-hya,data-node-17,9.9.2.154,elasticsearch_os_load5,1.09
2023/4/12 21:59,1681307987,cc-cc408-hya,data-node-17,9.9.2.154,elasticsearch_os_load5,1.15
2023/4/12 22:00,1681308047,cc-cc408-hya,data-node-17,9.9.2.154,elasticsearch_os_load5,1.16
2023/4/12 22:01,1681308107,cc-cc408-hya,data-node-17,9.9.2.154,elasticsearch_os_load5,1.26
2023/4/12 22:02,1681308167,cc-cc408-hya,data-node-17,9.9.2.154,elasticsearch_os_load5,1.29
2023/4/12 22:03,1681308227,cc-cc408-hya,data-node-17,9.9.2.154,elasticsearch_os_load5,1.19
2023/4/12 22:04,1681308287,cc-cc408-hya,data-node-17,9.9.2.154,elasticsearch_os_load5,1.22
2023/4/12 22:05,1681308347,cc-cc408-hya,data-node-17,9.9.2.154,elasticsearch_os_load5,1.17
2023/4/12 22:06,1681308407,cc-cc408-hya,data-node-17,9.9.2.154,elasticsearch_os_load5,1.2
2023/4/12 22:07,1681308467,cc-cc408-hya,data-node-17,9.9.2.154,elasticsearch_os_load5,1.08
2023/4/12 22:08,1681308527,cc-cc408-hya,data-node-17,9.9.2.154,elasticsearch_os_load5,1.28
2023/4/12 22:09,1681308587,cc-cc408-hya,data-node-17,9.9.2.154,elasticsearch_os_load5,1.18
2023/4/12 22:10,1681308647,cc-cc408-hya,data-node-17,9.9.2.154,elasticsearch_os_load5,1.1
2023/4/12 22:11,1681308707,cc-cc408-hya,data-node-17,9.9.2.154,elasticsearch_os_load5,1.06
2023/4/12 22:12,1681308767,cc-cc408-hya,data-node-17,9.9.2.154,elasticsearch_os_load5,1.08
2023/4/12 22:13,1681308827,cc-cc408-hya,data-node-17,9.9.2.154,elasticsearch_os_load5,1.03
2023/4/12 22:14,1681308887,cc-cc408-hya,data-node-17,9.9.2.154,elasticsearch_os_load5,1.06
2023/4/12 22:15,1681308947,cc-cc408-hya,data-node-17,9.9.2.154,elasticsearch_os_load5,1
2023/4/12 22:16,1681309007,cc-cc408-hya,data-node-17,9.9.2.154,elasticsearch_os_load5,1.06
2023/4/12 22:17,1681309067,cc-cc408-hya,data-node-17,9.9.2.154,elasticsearch_os_load5,1.08
2023/4/12 22:18,1681309127,cc-cc408-hya,data-node-17,9.9.2.154,elasticsearch_os_load5,1.04
2023/4/12 22:19,1681309187,cc-cc408-hya,data-node-17,9.9.2.154,elasticsearch_os_load5,0.95
2023/4/12 22:20,1681309247,cc-cc408-hya,data-node-17,9.9.2.154,elasticsearch_os_load5,0.9
2023/4/12 22:21,1681309307,cc-cc408-hya,data-node-17,9.9.2.154,elasticsearch_os_load5,1.01
2023/4/12 22:22,1681309367,cc-cc408-hya,data-node-17,9.9.2.154,elasticsearch_os_load5,1.01
2023/4/12 22:23,1681309427,cc-cc408-hya,data-node-17,9.9.2.154,elasticsearch_os_load5,0.96
2023/4/12 22:24,1681309487,cc-cc408-hya,data-node-17,9.9.2.154,elasticsearch_os_load5,0.97
2023/4/12 22:25,1681309547,cc-cc408-hya,data-node-17,9.9.2.154,elasticsearch_os_load5,0.96
2023/4/12 22:26,1681309607,cc-cc408-hya,data-node-17,9.9.2.154,elasticsearch_os_load5,1.09
2023/4/12 22:27,1681309667,cc-cc408-hya,data-node-17,9.9.2.154,elasticsearch_os_load5,1.11
2023/4/12 22:28,1681309727,cc-cc408-hya,data-node-17,9.9.2.154,elasticsearch_os_load5,1.02
2023/4/12 22:29,1681309787,cc-cc408-hya,data-node-17,9.9.2.154,elasticsearch_os_load5,1.05
2023/4/12 22:30,1681309847,cc-cc408-hya,data-node-17,9.9.2.154,elasticsearch_os_load5,1.36
2023/4/12 22:31,1681309907,cc-cc408-hya,data-node-17,9.9.2.154,elasticsearch_os_load5,1.38
2023/4/12 22:32,1681309967,cc-cc408-hya,data-node-17,9.9.2.154,elasticsearch_os_load5,1.74
2023/4/12 22:33,1681310027,cc-cc408-hya,data-node-17,9.9.2.154,elasticsearch_os_load5,1.63
2023/4/12 22:34,1681310087,cc-cc408-hya,data-node-17,9.9.2.154,elasticsearch_os_load5,1.57
2023/4/12 22:35,1681310147,cc-cc408-hya,data-node-17,9.9.2.154,elasticsearch_os_load5,1.73
2023/4/12 22:36,1681310207,cc-cc408-hya,data-node-17,9.9.2.154,elasticsearch_os_load5,1.7
2023/4/12 22:37,1681310267,cc-cc408-hya,data-node-17,9.9.2.154,elasticsearch_os_load5,1.58
2023/4/12 22:38,1681310327,cc-cc408-hya,data-node-17,9.9.2.154,elasticsearch_os_load5,1.52
2023/4/12 22:39,1681310387,cc-cc408-hya,data-node-17,9.9.2.154,elasticsearch_os_load5,1.39
2023/4/12 22:40,1681310447,cc-cc408-hya,data-node-17,9.9.2.154,elasticsearch_os_load5,1.35
2023/4/12 22:41,1681310507,cc-cc408-hya,data-node-17,9.9.2.154,elasticsearch_os_load5,1.36
2023/4/12 22:42,1681310567,cc-cc408-hya,data-node-17,9.9.2.154,elasticsearch_os_load5,1.45
2023/4/12 22:43,1681310627,cc-cc408-hya,data-node-17,9.9.2.154,elasticsearch_os_load5,1.48
2023/4/12 22:44,1681310687,cc-cc408-hya,data-node-17,9.9.2.154,elasticsearch_os_load5,1.36
2023/4/12 22:45,1681310747,cc-cc408-hya,data-node-17,9.9.2.154,elasticsearch_os_load5,1.3
2023/4/12 22:46,1681310807,cc-cc408-hya,data-node-17,9.9.2.154,elasticsearch_os_load5,1.44
2023/4/12 22:47,1681310867,cc-cc408-hya,data-node-17,9.9.2.154,elasticsearch_os_load5,1.44
2023/4/12 22:48,1681310927,cc-cc408-hya,data-node-17,9.9.2.154,elasticsearch_os_load5,1.45
2023/4/12 22:49,1681310987,cc-cc408-hya,data-node-17,9.9.2.154,elasticsearch_os_load5,1.26
2023/4/12 22:50,1681311047,cc-cc408-hya,data-node-17,9.9.2.154,elasticsearch_os_load5,1.65
2023/4/12 22:51,1681311107,cc-cc408-hya,data-node-17,9.9.2.154,elasticsearch_os_load5,1.62
2023/4/12 22:52,1681311167,cc-cc408-hya,data-node-17,9.9.2.154,elasticsearch_os_load5,1.55
2023/4/12 22:53,1681311227,cc-cc408-hya,data-node-17,9.9.2.154,elasticsearch_os_load5,1.47
2023/4/12 22:54,1681311287,cc-cc408-hya,data-node-17,9.9.2.154,elasticsearch_os_load5,1.7
2023/4/12 22:55,1681311347,cc-cc408-hya,data-node-17,9.9.2.154,elasticsearch_os_load5,1.53
2023/4/12 22:56,1681311407,cc-cc408-hya,data-node-17,9.9.2.154,elasticsearch_os_load5,1.42
2023/4/12 22:57,1681311467,cc-cc408-hya,data-node-17,9.9.2.154,elasticsearch_os_load5,1.46
2023/4/12 22:58,1681311527,cc-cc408-hya,data-node-17,9.9.2.154,elasticsearch_os_load5,1.32
2023/4/12 22:59,1681311587,cc-cc408-hya,data-node-17,9.9.2.154,elasticsearch_os_load5,1.15
2023/4/12 23:00,1681311647,cc-cc408-hya,data-node-17,9.9.2.154,elasticsearch_os_load5,1.08
2023/4/12 23:01,1681311707,cc-cc408-hya,data-node-17,9.9.2.154,elasticsearch_os_load5,1.06
2023/4/12 23:02,1681311767,cc-cc408-hya,data-node-17,9.9.2.154,elasticsearch_os_load5,0.98
2023/4/12 23:03,1681311827,cc-cc408-hya,data-node-17,9.9.2.154,elasticsearch_os_load5,1
2023/4/12 23:04,1681311887,cc-cc408-hya,data-node-17,9.9.2.154,elasticsearch_os_load5,0.88
2023/4/12 23:05,1681311947,cc-cc408-hya,data-node-17,9.9.2.154,elasticsearch_os_load5,0.89
2023/4/12 23:06,1681312007,cc-cc408-hya,data-node-17,9.9.2.154,elasticsearch_os_load5,0.89
2023/4/12 23:07,1681312067,cc-cc408-hya,data-node-17,9.9.2.154,elasticsearch_os_load5,0.93
2023/4/12 23:08,1681312127,cc-cc408-hya,data-node-17,9.9.2.154,elasticsearch_os_load5,0.93
2023/4/12 23:09,1681312187,cc-cc408-hya,data-node-17,9.9.2.154,elasticsearch_os_load5,0.92
2023/4/12 23:10,1681312247,cc-cc408-hya,data-node-17,9.9.2.154,elasticsearch_os_load5,1.56
2023/4/12 23:11,1681312307,cc-cc408-hya,data-node-17,9.9.2.154,elasticsearch_os_load5,1.43
2023/4/12 23:12,1681312367,cc-cc408-hya,data-node-17,9.9.2.154,elasticsearch_os_load5,1.55
2023/4/12 23:13,1681312427,cc-cc408-hya,data-node-17,9.9.2.154,elasticsearch_os_load5,1.71
2023/4/12 23:14,1681312487,cc-cc408-hya,data-node-17,9.9.2.154,elasticsearch_os_load5,1.89
2023/4/12 23:15,1681312547,cc-cc408-hya,data-node-17,9.9.2.154,elasticsearch_os_load5,2.14
2023/4/12 23:16,1681312607,cc-cc408-hya,data-node-17,9.9.2.154,elasticsearch_os_load5,2.05
2023/4/12 23:17,1681312667,cc-cc408-hya,data-node-17,9.9.2.154,elasticsearch_os_load5,2.44
2023/4/12 23:18,1681312727,cc-cc408-hya,data-node-17,9.9.2.154,elasticsearch_os_load5,2.27
2023/4/12 23:19,1681312787,cc-cc408-hya,data-node-17,9.9.2.154,elasticsearch_os_load5,2.11
2023/4/12 23:20,1681312847,cc-cc408-hya,data-node-17,9.9.2.154,elasticsearch_os_load5,1.83
2023/4/12 23:21,1681312907,cc-cc408-hya,data-node-17,9.9.2.154,elasticsearch_os_load5,1.62
2023/4/12 23:22,1681312967,cc-cc408-hya,data-node-17,9.9.2.154,elasticsearch_os_load5,1.55
2023/4/12 23:23,1681313027,cc-cc408-hya,data-node-17,9.9.2.154,elasticsearch_os_load5,1.57
2023/4/12 23:24,1681313087,cc-cc408-hya,data-node-17,9.9.2.154,elasticsearch_os_load5,1.54
2023/4/12 23:25,1681313147,cc-cc408-hya,data-node-17,9.9.2.154,elasticsearch_os_load5,1.68
2023/4/12 23:26,1681313207,cc-cc408-hya,data-node-17,9.9.2.154,elasticsearch_os_load5,1.53
2023/4/12 23:27,1681313267,cc-cc408-hya,data-node-17,9.9.2.154,elasticsearch_os_load5,1.36
2023/4/12 23:28,1681313327,cc-cc408-hya,data-node-17,9.9.2.154,elasticsearch_os_load5,1.36
2023/4/12 23:29,1681313387,cc-cc408-hya,data-node-17,9.9.2.154,elasticsearch_os_load5,1.26
2023/4/12 23:30,1681313447,cc-cc408-hya,data-node-17,9.9.2.154,elasticsearch_os_load5,1.14
2023/4/12 23:31,1681313507,cc-cc408-hya,data-node-17,9.9.2.154,elasticsearch_os_load5,1.23
2023/4/12 23:32,1681313567,cc-cc408-hya,data-node-17,9.9.2.154,elasticsearch_os_load5,1.17
2023/4/12 23:33,1681313627,cc-cc408-hya,data-node-17,9.9.2.154,elasticsearch_os_load5,1.1
2023/4/12 23:34,1681313687,cc-cc408-hya,data-node-17,9.9.2.154,elasticsearch_os_load5,1.06
2023/4/12 23:35,1681313747,cc-cc408-hya,data-node-17,9.9.2.154,elasticsearch_os_load5,0.99
2023/4/12 23:36,1681313807,cc-cc408-hya,data-node-17,9.9.2.154,elasticsearch_os_load5,0.99
2023/4/12 23:37,1681313867,cc-cc408-hya,data-node-17,9.9.2.154,elasticsearch_os_load5,1
2023/4/12 23:38,1681313927,cc-cc408-hya,data-node-17,9.9.2.154,elasticsearch_os_load5,0.98
2023/4/12 23:39,1681313987,cc-cc408-hya,data-node-17,9.9.2.154,elasticsearch_os_load5,0.9
2023/4/12 23:40,1681314047,cc-cc408-hya,data-node-17,9.9.2.154,elasticsearch_os_load5,0.93
2023/4/12 23:41,1681314107,cc-cc408-hya,data-node-17,9.9.2.154,elasticsearch_os_load5,0.88
2023/4/12 23:42,1681314167,cc-cc408-hya,data-node-17,9.9.2.154,elasticsearch_os_load5,0.86
2023/4/12 23:43,1681314227,cc-cc408-hya,data-node-17,9.9.2.154,elasticsearch_os_load5,0.92
2023/4/12 23:44,1681314287,cc-cc408-hya,data-node-17,9.9.2.154,elasticsearch_os_load5,1.01
2023/4/12 23:45,1681314347,cc-cc408-hya,data-node-17,9.9.2.154,elasticsearch_os_load5,1.1
2023/4/12 23:46,1681314407,cc-cc408-hya,data-node-17,9.9.2.154,elasticsearch_os_load5,1.03
2023/4/12 23:47,1681314467,cc-cc408-hya,data-node-17,9.9.2.154,elasticsearch_os_load5,0.9
2023/4/12 23:48,1681314527,cc-cc408-hya,data-node-17,9.9.2.154,elasticsearch_os_load5,0.8
2023/4/12 23:49,1681314587,cc-cc408-hya,data-node-17,9.9.2.154,elasticsearch_os_load5,0.75
2023/4/12 23:50,1681314647,cc-cc408-hya,data-node-17,9.9.2.154,elasticsearch_os_load5,0.72
2023/4/12 23:51,1681314707,cc-cc408-hya,data-node-17,9.9.2.154,elasticsearch_os_load5,0.71
2023/4/12 23:52,1681314767,cc-cc408-hya,data-node-17,9.9.2.154,elasticsearch_os_load5,0.64
2023/4/12 23:53,1681314827,cc-cc408-hya,data-node-17,9.9.2.154,elasticsearch_os_load5,0.66
2023/4/12 23:54,1681314887,cc-cc408-hya,data-node-17,9.9.2.154,elasticsearch_os_load5,0.64
2023/4/12 23:55,1681314947,cc-cc408-hya,data-node-17,9.9.2.154,elasticsearch_os_load5,0.8
2023/4/12 23:56,1681315007,cc-cc408-hya,data-node-17,9.9.2.154,elasticsearch_os_load5,0.96
2023/4/12 23:57,1681315067,cc-cc408-hya,data-node-17,9.9.2.154,elasticsearch_os_load5,1.08
2023/4/12 23:58,1681315127,cc-cc408-hya,data-node-17,9.9.2.154,elasticsearch_os_load5,0.99
2023/4/12 23:59,1681315187,cc-cc408-hya,data-node-17,9.9.2.154,elasticsearch_os_load5,0.97
2023/4/13 0:00,1681315247,cc-cc408-hya,data-node-17,9.9.2.154,elasticsearch_os_load5,0.85
2023/4/13 0:01,1681315307,cc-cc408-hya,data-node-17,9.9.2.154,elasticsearch_os_load5,0.88
2023/4/13 0:02,1681315367,cc-cc408-hya,data-node-17,9.9.2.154,elasticsearch_os_load5,0.81
2023/4/13 0:03,1681315427,cc-cc408-hya,data-node-17,9.9.2.154,elasticsearch_os_load5,0.77
2023/4/13 0:04,1681315487,cc-cc408-hya,data-node-17,9.9.2.154,elasticsearch_os_load5,0.67
2023/4/13 0:05,1681315547,cc-cc408-hya,data-node-17,9.9.2.154,elasticsearch_os_load5,0.66
2023/4/13 0:06,1681315607,cc-cc408-hya,data-node-17,9.9.2.154,elasticsearch_os_load5,0.57
2023/4/13 0:07,1681315667,cc-cc408-hya,data-node-17,9.9.2.154,elasticsearch_os_load5,0.51
2023/4/13 0:08,1681315727,cc-cc408-hya,data-node-17,9.9.2.154,elasticsearch_os_load5,0.56
2023/4/13 0:09,1681315787,cc-cc408-hya,data-node-17,9.9.2.154,elasticsearch_os_load5,0.54
2023/4/13 0:10,1681315847,cc-cc408-hya,data-node-17,9.9.2.154,elasticsearch_os_load5,0.66
2023/4/13 0:11,1681315907,cc-cc408-hya,data-node-17,9.9.2.154,elasticsearch_os_load5,0.69
2023/4/13 0:12,1681315967,cc-cc408-hya,data-node-17,9.9.2.154,elasticsearch_os_load5,0.64
2023/4/13 0:13,1681316027,cc-cc408-hya,data-node-17,9.9.2.154,elasticsearch_os_load5,0.6
2023/4/13 0:14,1681316087,cc-cc408-hya,data-node-17,9.9.2.154,elasticsearch_os_load5,0.58
2023/4/13 0:15,1681316147,cc-cc408-hya,data-node-17,9.9.2.154,elasticsearch_os_load5,0.61
2023/4/13 0:16,1681316207,cc-cc408-hya,data-node-17,9.9.2.154,elasticsearch_os_load5,0.58
2023/4/13 0:17,1681316267,cc-cc408-hya,data-node-17,9.9.2.154,elasticsearch_os_load5,0.55
2023/4/13 0:18,1681316327,cc-cc408-hya,data-node-17,9.9.2.154,elasticsearch_os_load5,0.61
2023/4/13 0:19,1681316387,cc-cc408-hya,data-node-17,9.9.2.154,elasticsearch_os_load5,0.77
2023/4/13 0:20,1681316447,cc-cc408-hya,data-node-17,9.9.2.154,elasticsearch_os_load5,1.04
2023/4/13 0:21,1681316507,cc-cc408-hya,data-node-17,9.9.2.154,elasticsearch_os_load5,1.23
2023/4/13 0:22,1681316567,cc-cc408-hya,data-node-17,9.9.2.154,elasticsearch_os_load5,1.46
2023/4/13 0:23,1681316627,cc-cc408-hya,data-node-17,9.9.2.154,elasticsearch_os_load5,1.6
2023/4/13 0:24,1681316687,cc-cc408-hya,data-node-17,9.9.2.154,elasticsearch_os_load5,1.64
2023/4/13 0:25,1681316747,cc-cc408-hya,data-node-17,9.9.2.154,elasticsearch_os_load5,1.65
2023/4/13 0:26,1681316807,cc-cc408-hya,data-node-17,9.9.2.154,elasticsearch_os_load5,1.74
2023/4/13 0:27,1681316867,cc-cc408-hya,data-node-17,9.9.2.154,elasticsearch_os_load5,1.85
2023/4/13 0:28,1681316927,cc-cc408-hya,data-node-17,9.9.2.154,elasticsearch_os_load5,1.91
2023/4/13 0:29,1681316987,cc-cc408-hya,data-node-17,9.9.2.154,elasticsearch_os_load5,2.05
2023/4/13 0:30,1681317047,cc-cc408-hya,data-node-17,9.9.2.154,elasticsearch_os_load5,2.15
2023/4/13 0:31,1681317107,cc-cc408-hya,data-node-17,9.9.2.154,elasticsearch_os_load5,2.2
2023/4/13 0:32,1681317167,cc-cc408-hya,data-node-17,9.9.2.154,elasticsearch_os_load5,2.06
2023/4/13 0:33,1681317227,cc-cc408-hya,data-node-17,9.9.2.154,elasticsearch_os_load5,2.02
2023/4/13 0:34,1681317287,cc-cc408-hya,data-node-17,9.9.2.154,elasticsearch_os_load5,2.06
2023/4/13 0:35,1681317347,cc-cc408-hya,data-node-17,9.9.2.154,elasticsearch_os_load5,2.08
2023/4/13 0:36,1681317407,cc-cc408-hya,data-node-17,9.9.2.154,elasticsearch_os_load5,2.11
2023/4/13 0:37,1681317467,cc-cc408-hya,data-node-17,9.9.2.154,elasticsearch_os_load5,2.56
2023/4/13 0:38,1681317527,cc-cc408-hya,data-node-17,9.9.2.154,elasticsearch_os_load5,2.92
2023/4/13 0:39,1681317587,cc-cc408-hya,data-node-17,9.9.2.154,elasticsearch_os_load5,3.22
2023/4/13 0:40,1681317647,cc-cc408-hya,data-node-17,9.9.2.154,elasticsearch_os_load5,3.06
2023/4/13 0:41,1681317707,cc-cc408-hya,data-node-17,9.9.2.154,elasticsearch_os_load5,3.06
2023/4/13 0:42,1681317767,cc-cc408-hya,data-node-17,9.9.2.154,elasticsearch_os_load5,2.81
2023/4/13 0:43,1681317827,cc-cc408-hya,data-node-17,9.9.2.154,elasticsearch_os_load5,2.71
2023/4/13 0:44,1681317887,cc-cc408-hya,data-node-17,9.9.2.154,elasticsearch_os_load5,2.79
2023/4/13 0:45,1681317947,cc-cc408-hya,data-node-17,9.9.2.154,elasticsearch_os_load5,2.66
2023/4/13 0:46,1681318007,cc-cc408-hya,data-node-17,9.9.2.154,elasticsearch_os_load5,2.47
2023/4/13 0:47,1681318067,cc-cc408-hya,data-node-17,9.9.2.154,elasticsearch_os_load5,2.35
2023/4/13 0:48,1681318127,cc-cc408-hya,data-node-17,9.9.2.154,elasticsearch_os_load5,2.33
2023/4/13 0:49,1681318187,cc-cc408-hya,data-node-17,9.9.2.154,elasticsearch_os_load5,2.28
2023/4/13 0:50,1681318247,cc-cc408-hya,data-node-17,9.9.2.154,elasticsearch_os_load5,2.28
2023/4/13 0:51,1681318307,cc-cc408-hya,data-node-17,9.9.2.154,elasticsearch_os_load5,2.23
2023/4/13 0:52,1681318367,cc-cc408-hya,data-node-17,9.9.2.154,elasticsearch_os_load5,2.21
2023/4/13 0:53,1681318427,cc-cc408-hya,data-node-17,9.9.2.154,elasticsearch_os_load5,2.2
2023/4/13 0:54,1681318487,cc-cc408-hya,data-node-17,9.9.2.154,elasticsearch_os_load5,2.1
2023/4/13 0:55,1681318547,cc-cc408-hya,data-node-17,9.9.2.154,elasticsearch_os_load5,2.16
2023/4/13 0:56,1681318607,cc-cc408-hya,data-node-17,9.9.2.154,elasticsearch_os_load5,2.11
2023/4/13 0:57,1681318667,cc-cc408-hya,data-node-17,9.9.2.154,elasticsearch_os_load5,2.21
2023/4/13 0:58,1681318727,cc-cc408-hya,data-node-17,9.9.2.154,elasticsearch_os_load5,2.25
2023/4/13 0:59,1681318787,cc-cc408-hya,data-node-17,9.9.2.154,elasticsearch_os_load5,2.32
2023/4/13 1:00,1681318847,cc-cc408-hya,data-node-17,9.9.2.154,elasticsearch_os_load5,2.27
2023/4/13 1:01,1681318907,cc-cc408-hya,data-node-17,9.9.2.154,elasticsearch_os_load5,2.2
2023/4/13 1:02,1681318967,cc-cc408-hya,data-node-17,9.9.2.154,elasticsearch_os_load5,2.25
2023/4/13 1:03,1681319027,cc-cc408-hya,data-node-17,9.9.2.154,elasticsearch_os_load5,2.32
2023/4/13 1:04,1681319087,cc-cc408-hya,data-node-17,9.9.2.154,elasticsearch_os_load5,2.96
2023/4/13 1:05,1681319147,cc-cc408-hya,data-node-17,9.9.2.154,elasticsearch_os_load5,2.74
2023/4/13 1:06,1681319207,cc-cc408-hya,data-node-17,9.9.2.154,elasticsearch_os_load5,2.48
2023/4/13 1:07,1681319267,cc-cc408-hya,data-node-17,9.9.2.154,elasticsearch_os_load5,2.33
2023/4/13 1:08,1681319327,cc-cc408-hya,data-node-17,9.9.2.154,elasticsearch_os_load5,2.2
2023/4/13 1:09,1681319387,cc-cc408-hya,data-node-17,9.9.2.154,elasticsearch_os_load5,2.17
2023/4/13 1:10,1681319447,cc-cc408-hya,data-node-17,9.9.2.154,elasticsearch_os_load5,2.22
2023/4/13 1:11,1681319507,cc-cc408-hya,data-node-17,9.9.2.154,elasticsearch_os_load5,2.27
2023/4/13 1:12,1681319567,cc-cc408-hya,data-node-17,9.9.2.154,elasticsearch_os_load5,2.16
2023/4/13 1:13,1681319627,cc-cc408-hya,data-node-17,9.9.2.154,elasticsearch_os_load5,2.13
2023/4/13 1:14,1681319687,cc-cc408-hya,data-node-17,9.9.2.154,elasticsearch_os_load5,1.99
2023/4/13 1:15,1681319747,cc-cc408-hya,data-node-17,9.9.2.154,elasticsearch_os_load5,1.87
2023/4/13 1:16,1681319807,cc-cc408-hya,data-node-17,9.9.2.154,elasticsearch_os_load5,1.79
2023/4/13 1:17,1681319867,cc-cc408-hya,data-node-17,9.9.2.154,elasticsearch_os_load5,1.62
2023/4/13 1:18,1681319927,cc-cc408-hya,data-node-17,9.9.2.154,elasticsearch_os_load5,1.58
2023/4/13 1:19,1681319987,cc-cc408-hya,data-node-17,9.9.2.154,elasticsearch_os_load5,1.72
2023/4/13 1:20,1681320047,cc-cc408-hya,data-node-17,9.9.2.154,elasticsearch_os_load5,1.77
2023/4/13 1:21,1681320107,cc-cc408-hya,data-node-17,9.9.2.154,elasticsearch_os_load5,1.99
2023/4/13 1:22,1681320167,cc-cc408-hya,data-node-17,9.9.2.154,elasticsearch_os_load5,2.05
2023/4/13 1:23,1681320227,cc-cc408-hya,data-node-17,9.9.2.154,elasticsearch_os_load5,1.9
2023/4/13 1:24,1681320287,cc-cc408-hya,data-node-17,9.9.2.154,elasticsearch_os_load5,1.59
2023/4/13 1:25,1681320347,cc-cc408-hya,data-node-17,9.9.2.154,elasticsearch_os_load5,1.31
2023/4/13 1:26,1681320407,cc-cc408-hya,data-node-17,9.9.2.154,elasticsearch_os_load5,1.09
2023/4/13 1:27,1681320467,cc-cc408-hya,data-node-17,9.9.2.154,elasticsearch_os_load5,0.9
2023/4/13 1:28,1681320527,cc-cc408-hya,data-node-17,9.9.2.154,elasticsearch_os_load5,0.77
2023/4/13 1:29,1681320587,cc-cc408-hya,data-node-17,9.9.2.154,elasticsearch_os_load5,0.7
2023/4/13 1:30,1681320647,cc-cc408-hya,data-node-17,9.9.2.154,elasticsearch_os_load5,0.61
2023/4/13 1:31,1681320707,cc-cc408-hya,data-node-17,9.9.2.154,elasticsearch_os_load5,0.57
2023/4/13 1:32,1681320767,cc-cc408-hya,data-node-17,9.9.2.154,elasticsearch_os_load5,0.51
2023/4/13 1:33,1681320827,cc-cc408-hya,data-node-17,9.9.2.154,elasticsearch_os_load5,0.48
2023/4/13 1:34,1681320887,cc-cc408-hya,data-node-17,9.9.2.154,elasticsearch_os_load5,0.45
2023/4/13 1:35,1681320947,cc-cc408-hya,data-node-17,9.9.2.154,elasticsearch_os_load5,0.43
2023/4/13 1:36,1681321007,cc-cc408-hya,data-node-17,9.9.2.154,elasticsearch_os_load5,0.4
2023/4/13 1:37,1681321067,cc-cc408-hya,data-node-17,9.9.2.154,elasticsearch_os_load5,0.4
2023/4/13 1:38,1681321127,cc-cc408-hya,data-node-17,9.9.2.154,elasticsearch_os_load5,0.34
2023/4/13 1:39,1681321187,cc-cc408-hya,data-node-17,9.9.2.154,elasticsearch_os_load5,0.32
2023/4/13 1:40,1681321247,cc-cc408-hya,data-node-17,9.9.2.154,elasticsearch_os_load5,0.34
2023/4/13 1:41,1681321307,cc-cc408-hya,data-node-17,9.9.2.154,elasticsearch_os_load5,0.28
2023/4/13 1:42,1681321367,cc-cc408-hya,data-node-17,9.9.2.154,elasticsearch_os_load5,0.27
2023/4/13 1:43,1681321427,cc-cc408-hya,data-node-17,9.9.2.154,elasticsearch_os_load5,0.28
2023/4/13 1:44,1681321487,cc-cc408-hya,data-node-17,9.9.2.154,elasticsearch_os_load5,0.31
2023/4/13 1:45,1681321547,cc-cc408-hya,data-node-17,9.9.2.154,elasticsearch_os_load5,0.33
2023/4/13 1:46,1681321607,cc-cc408-hya,data-node-17,9.9.2.154,elasticsearch_os_load5,0.3
2023/4/13 1:47,1681321667,cc-cc408-hya,data-node-17,9.9.2.154,elasticsearch_os_load5,0.27
2023/4/13 1:48,1681321727,cc-cc408-hya,data-node-17,9.9.2.154,elasticsearch_os_load5,0.24
2023/4/13 1:49,1681321787,cc-cc408-hya,data-node-17,9.9.2.154,elasticsearch_os_load5,0.33
2023/4/13 1:50,1681321847,cc-cc408-hya,data-node-17,9.9.2.154,elasticsearch_os_load5,0.33
2023/4/13 1:51,1681321907,cc-cc408-hya,data-node-17,9.9.2.154,elasticsearch_os_load5,0.28
2023/4/13 1:52,1681321967,cc-cc408-hya,data-node-17,9.9.2.154,elasticsearch_os_load5,0.23
2023/4/13 1:53,1681322027,cc-cc408-hya,data-node-17,9.9.2.154,elasticsearch_os_load5,0.26
2023/4/13 1:54,1681322087,cc-cc408-hya,data-node-17,9.9.2.154,elasticsearch_os_load5,0.24
2023/4/13 1:55,1681322147,cc-cc408-hya,data-node-17,9.9.2.154,elasticsearch_os_load5,0.21
2023/4/13 1:56,1681322207,cc-cc408-hya,data-node-17,9.9.2.154,elasticsearch_os_load5,0.17
2023/4/13 1:57,1681322267,cc-cc408-hya,data-node-17,9.9.2.154,elasticsearch_os_load5,0.17
2023/4/13 1:58,1681322327,cc-cc408-hya,data-node-17,9.9.2.154,elasticsearch_os_load5,0.16
2023/4/13 1:59,1681322387,cc-cc408-hya,data-node-17,9.9.2.154,elasticsearch_os_load5,0.14
2023/4/13 2:00,1681322447,cc-cc408-hya,data-node-17,9.9.2.154,elasticsearch_os_load5,0.13
2023/4/13 2:01,1681322507,cc-cc408-hya,data-node-17,9.9.2.154,elasticsearch_os_load5,0.25
2023/4/13 2:02,1681322567,cc-cc408-hya,data-node-17,9.9.2.154,elasticsearch_os_load5,0.41
2023/4/13 2:03,1681322627,cc-cc408-hya,data-node-17,9.9.2.154,elasticsearch_os_load5,0.7
2023/4/13 2:04,1681322687,cc-cc408-hya,data-node-17,9.9.2.154,elasticsearch_os_load5,0.77
2023/4/13 2:05,1681322747,cc-cc408-hya,data-node-17,9.9.2.154,elasticsearch_os_load5,0.7
2023/4/13 2:06,1681322807,cc-cc408-hya,data-node-17,9.9.2.154,elasticsearch_os_load5,0.6
2023/4/13 2:07,1681322867,cc-cc408-hya,data-node-17,9.9.2.154,elasticsearch_os_load5,0.5
2023/4/13 2:08,1681322927,cc-cc408-hya,data-node-17,9.9.2.154,elasticsearch_os_load5,0.43
2023/4/13 2:09,1681322987,cc-cc408-hya,data-node-17,9.9.2.154,elasticsearch_os_load5,0.36
2023/4/13 2:10,1681323047,cc-cc408-hya,data-node-17,9.9.2.154,elasticsearch_os_load5,0.32
2023/4/13 2:11,1681323107,cc-cc408-hya,data-node-17,9.9.2.154,elasticsearch_os_load5,0.35
2023/4/13 2:12,1681323167,cc-cc408-hya,data-node-17,9.9.2.154,elasticsearch_os_load5,0.38
2023/4/13 2:13,1681323227,cc-cc408-hya,data-node-17,9.9.2.154,elasticsearch_os_load5,0.34
2023/4/13 2:14,1681323287,cc-cc408-hya,data-node-17,9.9.2.154,elasticsearch_os_load5,0.35
2023/4/13 2:15,1681323347,cc-cc408-hya,data-node-17,9.9.2.154,elasticsearch_os_load5,0.3
2023/4/13 2:16,1681323407,cc-cc408-hya,data-node-17,9.9.2.154,elasticsearch_os_load5,0.35
2023/4/13 2:17,1681323467,cc-cc408-hya,data-node-17,9.9.2.154,elasticsearch_os_load5,0.42
2023/4/13 2:18,1681323527,cc-cc408-hya,data-node-17,9.9.2.154,elasticsearch_os_load5,0.37
2023/4/13 2:19,1681323587,cc-cc408-hya,data-node-17,9.9.2.154,elasticsearch_os_load5,0.39
2023/4/13 2:20,1681323647,cc-cc408-hya,data-node-17,9.9.2.154,elasticsearch_os_load5,0.33
2023/4/13 2:21,1681323707,cc-cc408-hya,data-node-17,9.9.2.154,elasticsearch_os_load5,0.32
2023/4/13 2:22,1681323767,cc-cc408-hya,data-node-17,9.9.2.154,elasticsearch_os_load5,0.26
2023/4/13 2:23,1681323827,cc-cc408-hya,data-node-17,9.9.2.154,elasticsearch_os_load5,0.24
2023/4/13 2:24,1681323887,cc-cc408-hya,data-node-17,9.9.2.154,elasticsearch_os_load5,0.23
2023/4/13 2:25,1681323947,cc-cc408-hya,data-node-17,9.9.2.154,elasticsearch_os_load5,0.21
2023/4/13 2:26,1681324007,cc-cc408-hya,data-node-17,9.9.2.154,elasticsearch_os_load5,0.17
2023/4/13 2:27,1681324067,cc-cc408-hya,data-node-17,9.9.2.154,elasticsearch_os_load5,0.17
2023/4/13 2:28,1681324127,cc-cc408-hya,data-node-17,9.9.2.154,elasticsearch_os_load5,0.19
2023/4/13 2:29,1681324187,cc-cc408-hya,data-node-17,9.9.2.154,elasticsearch_os_load5,0.16
2023/4/13 2:30,1681324247,cc-cc408-hya,data-node-17,9.9.2.154,elasticsearch_os_load5,0.18
2023/4/13 2:31,1681324307,cc-cc408-hya,data-node-17,9.9.2.154,elasticsearch_os_load5,0.2
2023/4/13 2:32,1681324367,cc-cc408-hya,data-node-17,9.9.2.154,elasticsearch_os_load5,0.26
2023/4/13 2:33,1681324427,cc-cc408-hya,data-node-17,9.9.2.154,elasticsearch_os_load5,0.22
2023/4/13 2:34,1681324487,cc-cc408-hya,data-node-17,9.9.2.154,elasticsearch_os_load5,0.2
2023/4/13 2:35,1681324547,cc-cc408-hya,data-node-17,9.9.2.154,elasticsearch_os_load5,0.22
2023/4/13 2:36,1681324607,cc-cc408-hya,data-node-17,9.9.2.154,elasticsearch_os_load5,0.19
2023/4/13 2:37,1681324667,cc-cc408-hya,data-node-17,9.9.2.154,elasticsearch_os_load5,0.17
2023/4/13 2:38,1681324727,cc-cc408-hya,data-node-17,9.9.2.154,elasticsearch_os_load5,0.15
2023/4/13 2:39,1681324787,cc-cc408-hya,data-node-17,9.9.2.154,elasticsearch_os_load5,0.14
2023/4/13 2:40,1681324847,cc-cc408-hya,data-node-17,9.9.2.154,elasticsearch_os_load5,0.14
2023/4/13 2:41,1681324907,cc-cc408-hya,data-node-17,9.9.2.154,elasticsearch_os_load5,0.16
2023/4/13 2:42,1681324967,cc-cc408-hya,data-node-17,9.9.2.154,elasticsearch_os_load5,0.14
2023/4/13 2:43,1681325027,cc-cc408-hya,data-node-17,9.9.2.154,elasticsearch_os_load5,0.25
2023/4/13 2:44,1681325087,cc-cc408-hya,data-node-17,9.9.2.154,elasticsearch_os_load5,0.25
2023/4/13 2:45,1681325147,cc-cc408-hya,data-node-17,9.9.2.154,elasticsearch_os_load5,0.47
2023/4/13 2:46,1681325207,cc-cc408-hya,data-node-17,9.9.2.154,elasticsearch_os_load5,0.74
2023/4/13 2:47,1681325267,cc-cc408-hya,data-node-17,9.9.2.154,elasticsearch_os_load5,0.72
2023/4/13 2:48,1681325327,cc-cc408-hya,data-node-17,9.9.2.154,elasticsearch_os_load5,0.63
2023/4/13 2:49,1681325387,cc-cc408-hya,data-node-17,9.9.2.154,elasticsearch_os_load5,0.53
2023/4/13 2:50,1681325447,cc-cc408-hya,data-node-17,9.9.2.154,elasticsearch_os_load5,0.46
2023/4/13 2:51,1681325507,cc-cc408-hya,data-node-17,9.9.2.154,elasticsearch_os_load5,0.41
2023/4/13 2:52,1681325567,cc-cc408-hya,data-node-17,9.9.2.154,elasticsearch_os_load5,0.41
2023/4/13 2:53,1681325627,cc-cc408-hya,data-node-17,9.9.2.154,elasticsearch_os_load5,0.46
2023/4/13 2:54,1681325687,cc-cc408-hya,data-node-17,9.9.2.154,elasticsearch_os_load5,0.48
2023/4/13 2:55,1681325747,cc-cc408-hya,data-node-17,9.9.2.154,elasticsearch_os_load5,0.48
2023/4/13 2:56,1681325807,cc-cc408-hya,data-node-17,9.9.2.154,elasticsearch_os_load5,0.42
2023/4/13 2:57,1681325867,cc-cc408-hya,data-node-17,9.9.2.154,elasticsearch_os_load5,0.37
2023/4/13 2:58,1681325927,cc-cc408-hya,data-node-17,9.9.2.154,elasticsearch_os_load5,0.35
2023/4/13 2:59,1681325987,cc-cc408-hya,data-node-17,9.9.2.154,elasticsearch_os_load5,0.31
2023/4/13 3:00,1681326047,cc-cc408-hya,data-node-17,9.9.2.154,elasticsearch_os_load5,0.31
2023/4/13 3:01,1681326107,cc-cc408-hya,data-node-17,9.9.2.154,elasticsearch_os_load5,0.37
2023/4/13 3:02,1681326167,cc-cc408-hya,data-node-17,9.9.2.154,elasticsearch_os_load5,0.31
2023/4/13 3:03,1681326227,cc-cc408-hya,data-node-17,9.9.2.154,elasticsearch_os_load5,0.27
2023/4/13 3:04,1681326287,cc-cc408-hya,data-node-17,9.9.2.154,elasticsearch_os_load5,0.28
2023/4/13 3:05,1681326347,cc-cc408-hya,data-node-17,9.9.2.154,elasticsearch_os_load5,0.29
2023/4/13 3:06,1681326407,cc-cc408-hya,data-node-17,9.9.2.154,elasticsearch_os_load5,0.31
2023/4/13 3:07,1681326467,cc-cc408-hya,data-node-17,9.9.2.154,elasticsearch_os_load5,0.31
2023/4/13 3:08,1681326527,cc-cc408-hya,data-node-17,9.9.2.154,elasticsearch_os_load5,0.27
2023/4/13 3:09,1681326587,cc-cc408-hya,data-node-17,9.9.2.154,elasticsearch_os_load5,0.25
2023/4/13 3:10,1681326647,cc-cc408-hya,data-node-17,9.9.2.154,elasticsearch_os_load5,0.23
2023/4/13 3:11,1681326707,cc-cc408-hya,data-node-17,9.9.2.154,elasticsearch_os_load5,0.19
2023/4/13 3:12,1681326767,cc-cc408-hya,data-node-17,9.9.2.154,elasticsearch_os_load5,0.17
2023/4/13 3:13,1681326827,cc-cc408-hya,data-node-17,9.9.2.154,elasticsearch_os_load5,0.17
2023/4/13 3:14,1681326887,cc-cc408-hya,data-node-17,9.9.2.154,elasticsearch_os_load5,0.22
2023/4/13 3:15,1681326947,cc-cc408-hya,data-node-17,9.9.2.154,elasticsearch_os_load5,0.25
2023/4/13 3:16,1681327007,cc-cc408-hya,data-node-17,9.9.2.154,elasticsearch_os_load5,0.23
2023/4/13 3:17,1681327067,cc-cc408-hya,data-node-17,9.9.2.154,elasticsearch_os_load5,0.22
2023/4/13 3:18,1681327127,cc-cc408-hya,data-node-17,9.9.2.154,elasticsearch_os_load5,0.19
2023/4/13 3:19,1681327187,cc-cc408-hya,data-node-17,9.9.2.154,elasticsearch_os_load5,0.19
2023/4/13 3:20,1681327247,cc-cc408-hya,data-node-17,9.9.2.154,elasticsearch_os_load5,0.2
2023/4/13 3:21,1681327307,cc-cc408-hya,data-node-17,9.9.2.154,elasticsearch_os_load5,0.18
2023/4/13 3:22,1681327367,cc-cc408-hya,data-node-17,9.9.2.154,elasticsearch_os_load5,0.17
2023/4/13 3:23,1681327427,cc-cc408-hya,data-node-17,9.9.2.154,elasticsearch_os_load5,0.17
2023/4/13 3:24,1681327487,cc-cc408-hya,data-node-17,9.9.2.154,elasticsearch_os_load5,0.34
2023/4/13 3:25,1681327547,cc-cc408-hya,data-node-17,9.9.2.154,elasticsearch_os_load5,0.4
2023/4/13 3:26,1681327607,cc-cc408-hya,data-node-17,9.9.2.154,elasticsearch_os_load5,0.4
2023/4/13 3:27,1681327667,cc-cc408-hya,data-node-17,9.9.2.154,elasticsearch_os_load5,0.59
2023/4/13 3:28,1681327727,cc-cc408-hya,data-node-17,9.9.2.154,elasticsearch_os_load5,0.76
2023/4/13 3:29,1681327787,cc-cc408-hya,data-node-17,9.9.2.154,elasticsearch_os_load5,0.79
2023/4/13 3:30,1681327847,cc-cc408-hya,data-node-17,9.9.2.154,elasticsearch_os_load5,0.74
2023/4/13 3:31,1681327907,cc-cc408-hya,data-node-17,9.9.2.154,elasticsearch_os_load5,0.75
2023/4/13 3:32,1681327967,cc-cc408-hya,data-node-17,9.9.2.154,elasticsearch_os_load5,0.63
2023/4/13 3:33,1681328027,cc-cc408-hya,data-node-17,9.9.2.154,elasticsearch_os_load5,0.54
2023/4/13 3:34,1681328087,cc-cc408-hya,data-node-17,9.9.2.154,elasticsearch_os_load5,0.45
2023/4/13 3:35,1681328147,cc-cc408-hya,data-node-17,9.9.2.154,elasticsearch_os_load5,0.4
2023/4/13 3:36,1681328207,cc-cc408-hya,data-node-17,9.9.2.154,elasticsearch_os_load5,0.32
2023/4/13 3:37,1681328267,cc-cc408-hya,data-node-17,9.9.2.154,elasticsearch_os_load5,0.34
2023/4/13 3:38,1681328327,cc-cc408-hya,data-node-17,9.9.2.154,elasticsearch_os_load5,0.31
2023/4/13 3:39,1681328387,cc-cc408-hya,data-node-17,9.9.2.154,elasticsearch_os_load5,0.26
2023/4/13 3:40,1681328447,cc-cc408-hya,data-node-17,9.9.2.154,elasticsearch_os_load5,0.27
2023/4/13 3:41,1681328507,cc-cc408-hya,data-node-17,9.9.2.154,elasticsearch_os_load5,0.32
2023/4/13 3:42,1681328567,cc-cc408-hya,data-node-17,9.9.2.154,elasticsearch_os_load5,0.28
2023/4/13 3:43,1681328627,cc-cc408-hya,data-node-17,9.9.2.154,elasticsearch_os_load5,0.9
2023/4/13 3:44,1681328687,cc-cc408-hya,data-node-17,9.9.2.154,elasticsearch_os_load5,0.82
2023/4/13 3:45,1681328747,cc-cc408-hya,data-node-17,9.9.2.154,elasticsearch_os_load5,0.68
2023/4/13 3:46,1681328807,cc-cc408-hya,data-node-17,9.9.2.154,elasticsearch_os_load5,0.57
2023/4/13 3:47,1681328867,cc-cc408-hya,data-node-17,9.9.2.154,elasticsearch_os_load5,0.55
2023/4/13 3:48,1681328927,cc-cc408-hya,data-node-17,9.9.2.154,elasticsearch_os_load5,0.61
2023/4/13 3:49,1681328987,cc-cc408-hya,data-node-17,9.9.2.154,elasticsearch_os_load5,0.54
2023/4/13 3:50,1681329047,cc-cc408-hya,data-node-17,9.9.2.154,elasticsearch_os_load5,0.49
2023/4/13 3:51,1681329107,cc-cc408-hya,data-node-17,9.9.2.154,elasticsearch_os_load5,0.44
2023/4/13 3:52,1681329167,cc-cc408-hya,data-node-17,9.9.2.154,elasticsearch_os_load5,0.38
2023/4/13 3:53,1681329227,cc-cc408-hya,data-node-17,9.9.2.154,elasticsearch_os_load5,0.36
2023/4/13 3:54,1681329287,cc-cc408-hya,data-node-17,9.9.2.154,elasticsearch_os_load5,0.35
2023/4/13 3:55,1681329347,cc-cc408-hya,data-node-17,9.9.2.154,elasticsearch_os_load5,0.33
2023/4/13 3:56,1681329407,cc-cc408-hya,data-node-17,9.9.2.154,elasticsearch_os_load5,0.28
2023/4/13 3:57,1681329467,cc-cc408-hya,data-node-17,9.9.2.154,elasticsearch_os_load5,0.24
2023/4/13 3:58,1681329527,cc-cc408-hya,data-node-17,9.9.2.154,elasticsearch_os_load5,0.23
2023/4/13 3:59,1681329587,cc-cc408-hya,data-node-17,9.9.2.154,elasticsearch_os_load5,0.32
2023/4/13 4:00,1681329647,cc-cc408-hya,data-node-17,9.9.2.154,elasticsearch_os_load5,0.31
2023/4/13 4:01,1681329707,cc-cc408-hya,data-node-17,9.9.2.154,elasticsearch_os_load5,0.25
2023/4/13 4:02,1681329767,cc-cc408-hya,data-node-17,9.9.2.154,elasticsearch_os_load5,0.24
2023/4/13 4:03,1681329827,cc-cc408-hya,data-node-17,9.9.2.154,elasticsearch_os_load5,0.2
2023/4/13 4:04,1681329887,cc-cc408-hya,data-node-17,9.9.2.154,elasticsearch_os_load5,0.2
2023/4/13 4:05,1681329947,cc-cc408-hya,data-node-17,9.9.2.154,elasticsearch_os_load5,0.19
2023/4/13 4:06,1681330007,cc-cc408-hya,data-node-17,9.9.2.154,elasticsearch_os_load5,0.34
2023/4/13 4:07,1681330067,cc-cc408-hya,data-node-17,9.9.2.154,elasticsearch_os_load5,0.41
2023/4/13 4:08,1681330127,cc-cc408-hya,data-node-17,9.9.2.154,elasticsearch_os_load5,0.41
2023/4/13 4:09,1681330187,cc-cc408-hya,data-node-17,9.9.2.154,elasticsearch_os_load5,0.61
2023/4/13 4:10,1681330247,cc-cc408-hya,data-node-17,9.9.2.154,elasticsearch_os_load5,0.71
2023/4/13 4:11,1681330307,cc-cc408-hya,data-node-17,9.9.2.154,elasticsearch_os_load5,0.77
2023/4/13 4:12,1681330367,cc-cc408-hya,data-node-17,9.9.2.154,elasticsearch_os_load5,0.64
2023/4/13 4:13,1681330427,cc-cc408-hya,data-node-17,9.9.2.154,elasticsearch_os_load5,0.55
2023/4/13 4:14,1681330487,cc-cc408-hya,data-node-17,9.9.2.154,elasticsearch_os_load5,0.45
2023/4/13 4:15,1681330547,cc-cc408-hya,data-node-17,9.9.2.154,elasticsearch_os_load5,0.4
2023/4/13 4:16,1681330607,cc-cc408-hya,data-node-17,9.9.2.154,elasticsearch_os_load5,0.43
2023/4/13 4:17,1681330667,cc-cc408-hya,data-node-17,9.9.2.154,elasticsearch_os_load5,0.35
2023/4/13 4:18,1681330727,cc-cc408-hya,data-node-17,9.9.2.154,elasticsearch_os_load5,0.32
2023/4/13 4:19,1681330787,cc-cc408-hya,data-node-17,9.9.2.154,elasticsearch_os_load5,0.35
2023/4/13 4:20,1681330847,cc-cc408-hya,data-node-17,9.9.2.154,elasticsearch_os_load5,0.3
2023/4/13 4:21,1681330907,cc-cc408-hya,data-node-17,9.9.2.154,elasticsearch_os_load5,0.32
2023/4/13 4:22,1681330967,cc-cc408-hya,data-node-17,9.9.2.154,elasticsearch_os_load5,0.29
2023/4/13 4:23,1681331027,cc-cc408-hya,data-node-17,9.9.2.154,elasticsearch_os_load5,0.24
2023/4/13 4:24,1681331087,cc-cc408-hya,data-node-17,9.9.2.154,elasticsearch_os_load5,0.28
2023/4/13 4:25,1681331147,cc-cc408-hya,data-node-17,9.9.2.154,elasticsearch_os_load5,0.23
2023/4/13 4:26,1681331207,cc-cc408-hya,data-node-17,9.9.2.154,elasticsearch_os_load5,0.22
2023/4/13 4:27,1681331267,cc-cc408-hya,data-node-17,9.9.2.154,elasticsearch_os_load5,0.24
2023/4/13 4:28,1681331327,cc-cc408-hya,data-node-17,9.9.2.154,elasticsearch_os_load5,0.25
2023/4/13 4:29,1681331387,cc-cc408-hya,data-node-17,9.9.2.154,elasticsearch_os_load5,0.21
2023/4/13 4:30,1681331447,cc-cc408-hya,data-node-17,9.9.2.154,elasticsearch_os_load5,0.25
2023/4/13 4:31,1681331507,cc-cc408-hya,data-node-17,9.9.2.154,elasticsearch_os_load5,0.32
2023/4/13 4:32,1681331567,cc-cc408-hya,data-node-17,9.9.2.154,elasticsearch_os_load5,0.33
2023/4/13 4:33,1681331627,cc-cc408-hya,data-node-17,9.9.2.154,elasticsearch_os_load5,0.3
2023/4/13 4:34,1681331687,cc-cc408-hya,data-node-17,9.9.2.154,elasticsearch_os_load5,0.28
2023/4/13 4:35,1681331747,cc-cc408-hya,data-node-17,9.9.2.154,elasticsearch_os_load5,0.22
2023/4/13 4:36,1681331807,cc-cc408-hya,data-node-17,9.9.2.154,elasticsearch_os_load5,0.22
2023/4/13 4:37,1681331867,cc-cc408-hya,data-node-17,9.9.2.154,elasticsearch_os_load5,0.21
2023/4/13 4:38,1681331927,cc-cc408-hya,data-node-17,9.9.2.154,elasticsearch_os_load5,0.21
2023/4/13 4:39,1681331987,cc-cc408-hya,data-node-17,9.9.2.154,elasticsearch_os_load5,0.22
2023/4/13 4:40,1681332047,cc-cc408-hya,data-node-17,9.9.2.154,elasticsearch_os_load5,0.19
2023/4/13 4:41,1681332107,cc-cc408-hya,data-node-17,9.9.2.154,elasticsearch_os_load5,0.17
2023/4/13 4:42,1681332167,cc-cc408-hya,data-node-17,9.9.2.154,elasticsearch_os_load5,0.14
2023/4/13 4:43,1681332227,cc-cc408-hya,data-node-17,9.9.2.154,elasticsearch_os_load5,0.12
2023/4/13 4:44,1681332287,cc-cc408-hya,data-node-17,9.9.2.154,elasticsearch_os_load5,0.11
2023/4/13 4:45,1681332347,cc-cc408-hya,data-node-17,9.9.2.154,elasticsearch_os_load5,0.14
2023/4/13 4:46,1681332407,cc-cc408-hya,data-node-17,9.9.2.154,elasticsearch_os_load5,0.16
2023/4/13 4:47,1681332467,cc-cc408-hya,data-node-17,9.9.2.154,elasticsearch_os_load5,0.14
2023/4/13 4:48,1681332527,cc-cc408-hya,data-node-17,9.9.2.154,elasticsearch_os_load5,0.23
2023/4/13 4:49,1681332587,cc-cc408-hya,data-node-17,9.9.2.154,elasticsearch_os_load5,0.32
2023/4/13 4:50,1681332647,cc-cc408-hya,data-node-17,9.9.2.154,elasticsearch_os_load5,0.32
2023/4/13 4:51,1681332707,cc-cc408-hya,data-node-17,9.9.2.154,elasticsearch_os_load5,0.43
2023/4/13 4:52,1681332767,cc-cc408-hya,data-node-17,9.9.2.154,elasticsearch_os_load5,0.53
2023/4/13 4:53,1681332827,cc-cc408-hya,data-node-17,9.9.2.154,elasticsearch_os_load5,0.67
2023/4/13 4:54,1681332887,cc-cc408-hya,data-node-17,9.9.2.154,elasticsearch_os_load5,0.63
2023/4/13 4:55,1681332947,cc-cc408-hya,data-node-17,9.9.2.154,elasticsearch_os_load5,0.54
2023/4/13 4:56,1681333007,cc-cc408-hya,data-node-17,9.9.2.154,elasticsearch_os_load5,0.46
2023/4/13 4:57,1681333067,cc-cc408-hya,data-node-17,9.9.2.154,elasticsearch_os_load5,0.37
2023/4/13 4:58,1681333127,cc-cc408-hya,data-node-17,9.9.2.154,elasticsearch_os_load5,0.33
2023/4/13 4:59,1681333187,cc-cc408-hya,data-node-17,9.9.2.154,elasticsearch_os_load5,0.57
2023/4/13 5:00,1681333247,cc-cc408-hya,data-node-17,9.9.2.154,elasticsearch_os_load5,0.85
2023/4/13 5:01,1681333307,cc-cc408-hya,data-node-17,9.9.2.154,elasticsearch_os_load5,0.88
2023/4/13 5:02,1681333367,cc-cc408-hya,data-node-17,9.9.2.154,elasticsearch_os_load5,0.72
2023/4/13 5:03,1681333427,cc-cc408-hya,data-node-17,9.9.2.154,elasticsearch_os_load5,0.64
2023/4/13 5:04,1681333487,cc-cc408-hya,data-node-17,9.9.2.154,elasticsearch_os_load5,0.57
2023/4/13 5:05,1681333547,cc-cc408-hya,data-node-17,9.9.2.154,elasticsearch_os_load5,0.52
2023/4/13 5:06,1681333607,cc-cc408-hya,data-node-17,9.9.2.154,elasticsearch_os_load5,0.43
2023/4/13 5:07,1681333667,cc-cc408-hya,data-node-17,9.9.2.154,elasticsearch_os_load5,0.38
2023/4/13 5:08,1681333727,cc-cc408-hya,data-node-17,9.9.2.154,elasticsearch_os_load5,0.32
2023/4/13 5:09,1681333787,cc-cc408-hya,data-node-17,9.9.2.154,elasticsearch_os_load5,0.28
2023/4/13 5:10,1681333847,cc-cc408-hya,data-node-17,9.9.2.154,elasticsearch_os_load5,0.24
2023/4/13 5:11,1681333907,cc-cc408-hya,data-node-17,9.9.2.154,elasticsearch_os_load5,0.24
2023/4/13 5:12,1681333967,cc-cc408-hya,data-node-17,9.9.2.154,elasticsearch_os_load5,0.21
2023/4/13 5:13,1681334027,cc-cc408-hya,data-node-17,9.9.2.154,elasticsearch_os_load5,0.26
2023/4/13 5:14,1681334087,cc-cc408-hya,data-node-17,9.9.2.154,elasticsearch_os_load5,0.26
2023/4/13 5:15,1681334147,cc-cc408-hya,data-node-17,9.9.2.154,elasticsearch_os_load5,0.25
2023/4/13 5:16,1681334207,cc-cc408-hya,data-node-17,9.9.2.154,elasticsearch_os_load5,0.24
2023/4/13 5:17,1681334267,cc-cc408-hya,data-node-17,9.9.2.154,elasticsearch_os_load5,0.19
2023/4/13 5:18,1681334327,cc-cc408-hya,data-node-17,9.9.2.154,elasticsearch_os_load5,0.21
2023/4/13 5:19,1681334387,cc-cc408-hya,data-node-17,9.9.2.154,elasticsearch_os_load5,0.2
2023/4/13 5:20,1681334447,cc-cc408-hya,data-node-17,9.9.2.154,elasticsearch_os_load5,0.21
2023/4/13 5:21,1681334507,cc-cc408-hya,data-node-17,9.9.2.154,elasticsearch_os_load5,0.2
2023/4/13 5:22,1681334567,cc-cc408-hya,data-node-17,9.9.2.154,elasticsearch_os_load5,0.29
2023/4/13 5:23,1681334627,cc-cc408-hya,data-node-17,9.9.2.154,elasticsearch_os_load5,0.26
2023/4/13 5:24,1681334687,cc-cc408-hya,data-node-17,9.9.2.154,elasticsearch_os_load5,0.24
2023/4/13 5:25,1681334747,cc-cc408-hya,data-node-17,9.9.2.154,elasticsearch_os_load5,0.26
2023/4/13 5:26,1681334807,cc-cc408-hya,data-node-17,9.9.2.154,elasticsearch_os_load5,0.32
2023/4/13 5:27,1681334867,cc-cc408-hya,data-node-17,9.9.2.154,elasticsearch_os_load5,0.3
2023/4/13 5:28,1681334927,cc-cc408-hya,data-node-17,9.9.2.154,elasticsearch_os_load5,0.25
2023/4/13 5:29,1681334987,cc-cc408-hya,data-node-17,9.9.2.154,elasticsearch_os_load5,0.21
2023/4/13 5:30,1681335047,cc-cc408-hya,data-node-17,9.9.2.154,elasticsearch_os_load5,0.41
2023/4/13 5:31,1681335107,cc-cc408-hya,data-node-17,9.9.2.154,elasticsearch_os_load5,0.48
2023/4/13 5:32,1681335167,cc-cc408-hya,data-node-17,9.9.2.154,elasticsearch_os_load5,0.52
2023/4/13 5:33,1681335227,cc-cc408-hya,data-node-17,9.9.2.154,elasticsearch_os_load5,0.56
2023/4/13 5:34,1681335287,cc-cc408-hya,data-node-17,9.9.2.154,elasticsearch_os_load5,0.84
2023/4/13 5:35,1681335347,cc-cc408-hya,data-node-17,9.9.2.154,elasticsearch_os_load5,1
2023/4/13 5:36,1681335407,cc-cc408-hya,data-node-17,9.9.2.154,elasticsearch_os_load5,0.95
2023/4/13 5:37,1681335467,cc-cc408-hya,data-node-17,9.9.2.154,elasticsearch_os_load5,0.89
2023/4/13 5:38,1681335527,cc-cc408-hya,data-node-17,9.9.2.154,elasticsearch_os_load5,0.73
2023/4/13 5:39,1681335587,cc-cc408-hya,data-node-17,9.9.2.154,elasticsearch_os_load5,0.67
2023/4/13 5:40,1681335647,cc-cc408-hya,data-node-17,9.9.2.154,elasticsearch_os_load5,0.6
2023/4/13 5:41,1681335707,cc-cc408-hya,data-node-17,9.9.2.154,elasticsearch_os_load5,0.56
2023/4/13 5:42,1681335767,cc-cc408-hya,data-node-17,9.9.2.154,elasticsearch_os_load5,0.5
2023/4/13 5:43,1681335827,cc-cc408-hya,data-node-17,9.9.2.154,elasticsearch_os_load5,0.45
2023/4/13 5:44,1681335887,cc-cc408-hya,data-node-17,9.9.2.154,elasticsearch_os_load5,0.43
2023/4/13 5:45,1681335947,cc-cc408-hya,data-node-17,9.9.2.154,elasticsearch_os_load5,0.41
2023/4/13 5:46,1681336007,cc-cc408-hya,data-node-17,9.9.2.154,elasticsearch_os_load5,0.4
2023/4/13 5:47,1681336067,cc-cc408-hya,data-node-17,9.9.2.154,elasticsearch_os_load5,0.39
2023/4/13 5:48,1681336127,cc-cc408-hya,data-node-17,9.9.2.154,elasticsearch_os_load5,0.35
2023/4/13 5:49,1681336187,cc-cc408-hya,data-node-17,9.9.2.154,elasticsearch_os_load5,0.36
2023/4/13 5:50,1681336247,cc-cc408-hya,data-node-17,9.9.2.154,elasticsearch_os_load5,0.33
2023/4/13 5:51,1681336307,cc-cc408-hya,data-node-17,9.9.2.154,elasticsearch_os_load5,0.34
2023/4/13 5:52,1681336367,cc-cc408-hya,data-node-17,9.9.2.154,elasticsearch_os_load5,0.32
2023/4/13 5:53,1681336427,cc-cc408-hya,data-node-17,9.9.2.154,elasticsearch_os_load5,1
2023/4/13 5:54,1681336487,cc-cc408-hya,data-node-17,9.9.2.154,elasticsearch_os_load5,0.87
2023/4/13 5:55,1681336547,cc-cc408-hya,data-node-17,9.9.2.154,elasticsearch_os_load5,0.79
2023/4/13 5:56,1681336607,cc-cc408-hya,data-node-17,9.9.2.154,elasticsearch_os_load5,0.79
2023/4/13 5:57,1681336667,cc-cc408-hya,data-node-17,9.9.2.154,elasticsearch_os_load5,0.64
2023/4/13 5:58,1681336727,cc-cc408-hya,data-node-17,9.9.2.154,elasticsearch_os_load5,0.57
2023/4/13 5:59,1681336787,cc-cc408-hya,data-node-17,9.9.2.154,elasticsearch_os_load5,0.46
2023/4/13 6:00,1681336847,cc-cc408-hya,data-node-17,9.9.2.154,elasticsearch_os_load5,0.42
2023/4/13 6:01,1681336907,cc-cc408-hya,data-node-17,9.9.2.154,elasticsearch_os_load5,0.41
2023/4/13 6:02,1681336967,cc-cc408-hya,data-node-17,9.9.2.154,elasticsearch_os_load5,0.43
2023/4/13 6:03,1681337027,cc-cc408-hya,data-node-17,9.9.2.154,elasticsearch_os_load5,0.4
2023/4/13 6:04,1681337087,cc-cc408-hya,data-node-17,9.9.2.154,elasticsearch_os_load5,0.32
2023/4/13 6:05,1681337147,cc-cc408-hya,data-node-17,9.9.2.154,elasticsearch_os_load5,0.28
2023/4/13 6:06,1681337207,cc-cc408-hya,data-node-17,9.9.2.154,elasticsearch_os_load5,0.27
2023/4/13 6:07,1681337267,cc-cc408-hya,data-node-17,9.9.2.154,elasticsearch_os_load5,0.35
2023/4/13 6:08,1681337327,cc-cc408-hya,data-node-17,9.9.2.154,elasticsearch_os_load5,0.35
2023/4/13 6:09,1681337387,cc-cc408-hya,data-node-17,9.9.2.154,elasticsearch_os_load5,0.34
2023/4/13 6:10,1681337447,cc-cc408-hya,data-node-17,9.9.2.154,elasticsearch_os_load5,0.32
2023/4/13 6:11,1681337507,cc-cc408-hya,data-node-17,9.9.2.154,elasticsearch_os_load5,0.46
2023/4/13 6:12,1681337567,cc-cc408-hya,data-node-17,9.9.2.154,elasticsearch_os_load5,0.47
2023/4/13 6:13,1681337627,cc-cc408-hya,data-node-17,9.9.2.154,elasticsearch_os_load5,0.48
2023/4/13 6:14,1681337687,cc-cc408-hya,data-node-17,9.9.2.154,elasticsearch_os_load5,0.5
2023/4/13 6:15,1681337747,cc-cc408-hya,data-node-17,9.9.2.154,elasticsearch_os_load5,0.45
2023/4/13 6:16,1681337807,cc-cc408-hya,data-node-17,9.9.2.154,elasticsearch_os_load5,0.63
2023/4/13 6:17,1681337867,cc-cc408-hya,data-node-17,9.9.2.154,elasticsearch_os_load5,0.78
2023/4/13 6:18,1681337927,cc-cc408-hya,data-node-17,9.9.2.154,elasticsearch_os_load5,0.81
2023/4/13 6:19,1681337987,cc-cc408-hya,data-node-17,9.9.2.154,elasticsearch_os_load5,0.75
2023/4/13 6:20,1681338047,cc-cc408-hya,data-node-17,9.9.2.154,elasticsearch_os_load5,0.64
2023/4/13 6:21,1681338107,cc-cc408-hya,data-node-17,9.9.2.154,elasticsearch_os_load5,0.54
2023/4/13 6:22,1681338167,cc-cc408-hya,data-node-17,9.9.2.154,elasticsearch_os_load5,0.55
2023/4/13 6:23,1681338227,cc-cc408-hya,data-node-17,9.9.2.154,elasticsearch_os_load5,0.5
2023/4/13 6:24,1681338287,cc-cc408-hya,data-node-17,9.9.2.154,elasticsearch_os_load5,0.48
2023/4/13 6:25,1681338347,cc-cc408-hya,data-node-17,9.9.2.154,elasticsearch_os_load5,0.45
2023/4/13 6:26,1681338407,cc-cc408-hya,data-node-17,9.9.2.154,elasticsearch_os_load5,0.52
2023/4/13 6:27,1681338467,cc-cc408-hya,data-node-17,9.9.2.154,elasticsearch_os_load5,0.47
2023/4/13 6:28,1681338527,cc-cc408-hya,data-node-17,9.9.2.154,elasticsearch_os_load5,0.48
2023/4/13 6:29,1681338587,cc-cc408-hya,data-node-17,9.9.2.154,elasticsearch_os_load5,0.54
2023/4/13 6:30,1681338647,cc-cc408-hya,data-node-17,9.9.2.154,elasticsearch_os_load5,0.47
2023/4/13 6:31,1681338707,cc-cc408-hya,data-node-17,9.9.2.154,elasticsearch_os_load5,0.43
2023/4/13 6:32,1681338767,cc-cc408-hya,data-node-17,9.9.2.154,elasticsearch_os_load5,0.44
2023/4/13 6:33,1681338827,cc-cc408-hya,data-node-17,9.9.2.154,elasticsearch_os_load5,0.42
2023/4/13 6:34,1681338887,cc-cc408-hya,data-node-17,9.9.2.154,elasticsearch_os_load5,0.38
2023/4/13 6:35,1681338947,cc-cc408-hya,data-node-17,9.9.2.154,elasticsearch_os_load5,0.34
2023/4/13 6:36,1681339007,cc-cc408-hya,data-node-17,9.9.2.154,elasticsearch_os_load5,0.41
2023/4/13 6:37,1681339067,cc-cc408-hya,data-node-17,9.9.2.154,elasticsearch_os_load5,0.44
2023/4/13 6:38,1681339127,cc-cc408-hya,data-node-17,9.9.2.154,elasticsearch_os_load5,0.4
2023/4/13 6:39,1681339187,cc-cc408-hya,data-node-17,9.9.2.154,elasticsearch_os_load5,0.33
2023/4/13 6:40,1681339247,cc-cc408-hya,data-node-17,9.9.2.154,elasticsearch_os_load5,0.42
2023/4/13 6:41,1681339307,cc-cc408-hya,data-node-17,9.9.2.154,elasticsearch_os_load5,0.5
2023/4/13 6:42,1681339367,cc-cc408-hya,data-node-17,9.9.2.154,elasticsearch_os_load5,0.54
2023/4/13 6:43,1681339427,cc-cc408-hya,data-node-17,9.9.2.154,elasticsearch_os_load5,0.5
2023/4/13 6:44,1681339487,cc-cc408-hya,data-node-17,9.9.2.154,elasticsearch_os_load5,0.48
2023/4/13 6:45,1681339547,cc-cc408-hya,data-node-17,9.9.2.154,elasticsearch_os_load5,0.51
2023/4/13 6:46,1681339607,cc-cc408-hya,data-node-17,9.9.2.154,elasticsearch_os_load5,0.44
2023/4/13 6:47,1681339667,cc-cc408-hya,data-node-17,9.9.2.154,elasticsearch_os_load5,0.43
2023/4/13 6:48,1681339727,cc-cc408-hya,data-node-17,9.9.2.154,elasticsearch_os_load5,0.41
2023/4/13 6:49,1681339787,cc-cc408-hya,data-node-17,9.9.2.154,elasticsearch_os_load5,0.48
2023/4/13 6:50,1681339847,cc-cc408-hya,data-node-17,9.9.2.154,elasticsearch_os_load5,0.55
2023/4/13 6:51,1681339907,cc-cc408-hya,data-node-17,9.9.2.154,elasticsearch_os_load5,0.62
2023/4/13 6:52,1681339967,cc-cc408-hya,data-node-17,9.9.2.154,elasticsearch_os_load5,0.61
2023/4/13 6:53,1681340027,cc-cc408-hya,data-node-17,9.9.2.154,elasticsearch_os_load5,0.69
2023/4/13 6:54,1681340087,cc-cc408-hya,data-node-17,9.9.2.154,elasticsearch_os_load5,0.68
2023/4/13 6:55,1681340147,cc-cc408-hya,data-node-17,9.9.2.154,elasticsearch_os_load5,0.62
2023/4/13 6:56,1681340207,cc-cc408-hya,data-node-17,9.9.2.154,elasticsearch_os_load5,0.58
2023/4/13 6:57,1681340267,cc-cc408-hya,data-node-17,9.9.2.154,elasticsearch_os_load5,0.57
2023/4/13 6:58,1681340327,cc-cc408-hya,data-node-17,9.9.2.154,elasticsearch_os_load5,0.71
2023/4/13 6:59,1681340387,cc-cc408-hya,data-node-17,9.9.2.154,elasticsearch_os_load5,0.77
2023/4/13 7:00,1681340447,cc-cc408-hya,data-node-17,9.9.2.154,elasticsearch_os_load5,0.9
2023/4/13 7:01,1681340507,cc-cc408-hya,data-node-17,9.9.2.154,elasticsearch_os_load5,0.91
2023/4/13 7:02,1681340567,cc-cc408-hya,data-node-17,9.9.2.154,elasticsearch_os_load5,0.79
2023/4/13 7:03,1681340627,cc-cc408-hya,data-node-17,9.9.2.154,elasticsearch_os_load5,0.77
2023/4/13 7:04,1681340687,cc-cc408-hya,data-node-17,9.9.2.154,elasticsearch_os_load5,0.69
2023/4/13 7:05,1681340747,cc-cc408-hya,data-node-17,9.9.2.154,elasticsearch_os_load5,0.62
2023/4/13 7:06,1681340807,cc-cc408-hya,data-node-17,9.9.2.154,elasticsearch_os_load5,0.65
2023/4/13 7:07,1681340867,cc-cc408-hya,data-node-17,9.9.2.154,elasticsearch_os_load5,0.71
2023/4/13 7:08,1681340927,cc-cc408-hya,data-node-17,9.9.2.154,elasticsearch_os_load5,0.67
2023/4/13 7:09,1681340987,cc-cc408-hya,data-node-17,9.9.2.154,elasticsearch_os_load5,0.64
2023/4/13 7:10,1681341047,cc-cc408-hya,data-node-17,9.9.2.154,elasticsearch_os_load5,0.7
2023/4/13 7:11,1681341107,cc-cc408-hya,data-node-17,9.9.2.154,elasticsearch_os_load5,0.66
2023/4/13 7:12,1681341167,cc-cc408-hya,data-node-17,9.9.2.154,elasticsearch_os_load5,0.6
2023/4/13 7:13,1681341227,cc-cc408-hya,data-node-17,9.9.2.154,elasticsearch_os_load5,0.57
2023/4/13 7:14,1681341287,cc-cc408-hya,data-node-17,9.9.2.154,elasticsearch_os_load5,0.57
2023/4/13 7:15,1681341347,cc-cc408-hya,data-node-17,9.9.2.154,elasticsearch_os_load5,0.53
2023/4/13 7:16,1681341407,cc-cc408-hya,data-node-17,9.9.2.154,elasticsearch_os_load5,0.5
2023/4/13 7:17,1681341467,cc-cc408-hya,data-node-17,9.9.2.154,elasticsearch_os_load5,0.48
2023/4/13 7:18,1681341527,cc-cc408-hya,data-node-17,9.9.2.154,elasticsearch_os_load5,0.43
2023/4/13 7:19,1681341587,cc-cc408-hya,data-node-17,9.9.2.154,elasticsearch_os_load5,0.41
2023/4/13 7:20,1681341647,cc-cc408-hya,data-node-17,9.9.2.154,elasticsearch_os_load5,0.4
2023/4/13 7:21,1681341707,cc-cc408-hya,data-node-17,9.9.2.154,elasticsearch_os_load5,0.39
2023/4/13 7:22,1681341767,cc-cc408-hya,data-node-17,9.9.2.154,elasticsearch_os_load5,0.36
2023/4/13 7:23,1681341827,cc-cc408-hya,data-node-17,9.9.2.154,elasticsearch_os_load5,0.35
2023/4/13 7:24,1681341887,cc-cc408-hya,data-node-17,9.9.2.154,elasticsearch_os_load5,0.37
2023/4/13 7:25,1681341947,cc-cc408-hya,data-node-17,9.9.2.154,elasticsearch_os_load5,0.34
2023/4/13 7:26,1681342007,cc-cc408-hya,data-node-17,9.9.2.154,elasticsearch_os_load5,0.41
2023/4/13 7:27,1681342067,cc-cc408-hya,data-node-17,9.9.2.154,elasticsearch_os_load5,0.42
2023/4/13 7:28,1681342127,cc-cc408-hya,data-node-17,9.9.2.154,elasticsearch_os_load5,0.42
2023/4/13 7:29,1681342187,cc-cc408-hya,data-node-17,9.9.2.154,elasticsearch_os_load5,0.39
2023/4/13 7:30,1681342247,cc-cc408-hya,data-node-17,9.9.2.154,elasticsearch_os_load5,0.39
2023/4/13 7:31,1681342307,cc-cc408-hya,data-node-17,9.9.2.154,elasticsearch_os_load5,0.38
2023/4/13 7:32,1681342367,cc-cc408-hya,data-node-17,9.9.2.154,elasticsearch_os_load5,0.38
2023/4/13 7:33,1681342427,cc-cc408-hya,data-node-17,9.9.2.154,elasticsearch_os_load5,0.36
2023/4/13 7:34,1681342487,cc-cc408-hya,data-node-17,9.9.2.154,elasticsearch_os_load5,0.39
2023/4/13 7:35,1681342547,cc-cc408-hya,data-node-17,9.9.2.154,elasticsearch_os_load5,0.48
2023/4/13 7:36,1681342607,cc-cc408-hya,data-node-17,9.9.2.154,elasticsearch_os_load5,0.57
2023/4/13 7:37,1681342667,cc-cc408-hya,data-node-17,9.9.2.154,elasticsearch_os_load5,0.59
2023/4/13 7:38,1681342727,cc-cc408-hya,data-node-17,9.9.2.154,elasticsearch_os_load5,0.59
2023/4/13 7:39,1681342787,cc-cc408-hya,data-node-17,9.9.2.154,elasticsearch_os_load5,0.57
2023/4/13 7:40,1681342847,cc-cc408-hya,data-node-17,9.9.2.154,elasticsearch_os_load5,0.77
2023/4/13 7:41,1681342907,cc-cc408-hya,data-node-17,9.9.2.154,elasticsearch_os_load5,1.01
2023/4/13 7:42,1681342967,cc-cc408-hya,data-node-17,9.9.2.154,elasticsearch_os_load5,1.01
2023/4/13 7:43,1681343027,cc-cc408-hya,data-node-17,9.9.2.154,elasticsearch_os_load5,0.85
2023/4/13 7:44,1681343087,cc-cc408-hya,data-node-17,9.9.2.154,elasticsearch_os_load5,0.76
2023/4/13 7:45,1681343147,cc-cc408-hya,data-node-17,9.9.2.154,elasticsearch_os_load5,0.77
2023/4/13 7:46,1681343207,cc-cc408-hya,data-node-17,9.9.2.154,elasticsearch_os_load5,0.72
2023/4/13 7:47,1681343267,cc-cc408-hya,data-node-17,9.9.2.154,elasticsearch_os_load5,0.72
2023/4/13 7:48,1681343327,cc-cc408-hya,data-node-17,9.9.2.154,elasticsearch_os_load5,0.67
2023/4/13 7:49,1681343387,cc-cc408-hya,data-node-17,9.9.2.154,elasticsearch_os_load5,0.65
2023/4/13 7:50,1681343447,cc-cc408-hya,data-node-17,9.9.2.154,elasticsearch_os_load5,0.63
2023/4/13 7:51,1681343507,cc-cc408-hya,data-node-17,9.9.2.154,elasticsearch_os_load5,0.62
2023/4/13 7:52,1681343567,cc-cc408-hya,data-node-17,9.9.2.154,elasticsearch_os_load5,0.76
2023/4/13 7:53,1681343627,cc-cc408-hya,data-node-17,9.9.2.154,elasticsearch_os_load5,0.91
2023/4/13 7:54,1681343687,cc-cc408-hya,data-node-17,9.9.2.154,elasticsearch_os_load5,0.82
2023/4/13 7:55,1681343747,cc-cc408-hya,data-node-17,9.9.2.154,elasticsearch_os_load5,0.71
2023/4/13 7:56,1681343807,cc-cc408-hya,data-node-17,9.9.2.154,elasticsearch_os_load5,0.73
2023/4/13 7:57,1681343867,cc-cc408-hya,data-node-17,9.9.2.154,elasticsearch_os_load5,0.82
2023/4/13 7:58,1681343927,cc-cc408-hya,data-node-17,9.9.2.154,elasticsearch_os_load5,0.7
2023/4/13 7:59,1681343987,cc-cc408-hya,data-node-17,9.9.2.154,elasticsearch_os_load5,0.74
2023/4/13 8:00,1681344047,cc-cc408-hya,data-node-17,9.9.2.154,elasticsearch_os_load5,1.1
2023/4/13 8:01,1681344107,cc-cc408-hya,data-node-17,9.9.2.154,elasticsearch_os_load5,1.08
2023/4/13 8:02,1681344167,cc-cc408-hya,data-node-17,9.9.2.154,elasticsearch_os_load5,1.21
2023/4/13 8:03,1681344227,cc-cc408-hya,data-node-17,9.9.2.154,elasticsearch_os_load5,1.27
2023/4/13 8:04,1681344287,cc-cc408-hya,data-node-17,9.9.2.154,elasticsearch_os_load5,1.39
2023/4/13 8:05,1681344347,cc-cc408-hya,data-node-17,9.9.2.154,elasticsearch_os_load5,1.38
2023/4/13 8:06,1681344407,cc-cc408-hya,data-node-17,9.9.2.154,elasticsearch_os_load5,1.37
2023/4/13 8:07,1681344467,cc-cc408-hya,data-node-17,9.9.2.154,elasticsearch_os_load5,1.94
2023/4/13 8:08,1681344527,cc-cc408-hya,data-node-17,9.9.2.154,elasticsearch_os_load5,2.45
2023/4/13 8:09,1681344587,cc-cc408-hya,data-node-17,9.9.2.154,elasticsearch_os_load5,2.47
2023/4/13 8:10,1681344647,cc-cc408-hya,data-node-17,9.9.2.154,elasticsearch_os_load5,2.11
2023/4/13 8:11,1681344707,cc-cc408-hya,data-node-17,9.9.2.154,elasticsearch_os_load5,1.85
2023/4/13 8:12,1681344767,cc-cc408-hya,data-node-17,9.9.2.154,elasticsearch_os_load5,1.69
2023/4/13 8:13,1681344827,cc-cc408-hya,data-node-17,9.9.2.154,elasticsearch_os_load5,1.58
2023/4/13 8:14,1681344887,cc-cc408-hya,data-node-17,9.9.2.154,elasticsearch_os_load5,1.49
2023/4/13 8:15,1681344947,cc-cc408-hya,data-node-17,9.9.2.154,elasticsearch_os_load5,1.41
2023/4/13 8:16,1681345007,cc-cc408-hya,data-node-17,9.9.2.154,elasticsearch_os_load5,1.36
2023/4/13 8:17,1681345067,cc-cc408-hya,data-node-17,9.9.2.154,elasticsearch_os_load5,1.46
2023/4/13 8:18,1681345127,cc-cc408-hya,data-node-17,9.9.2.154,elasticsearch_os_load5,1.54
2023/4/13 8:19,1681345187,cc-cc408-hya,data-node-17,9.9.2.154,elasticsearch_os_load5,1.48
2023/4/13 8:20,1681345247,cc-cc408-hya,data-node-17,9.9.2.154,elasticsearch_os_load5,1.39
2023/4/13 8:21,1681345307,cc-cc408-hya,data-node-17,9.9.2.154,elasticsearch_os_load5,1.39
2023/4/13 8:22,1681345367,cc-cc408-hya,data-node-17,9.9.2.154,elasticsearch_os_load5,1.39
2023/4/13 8:23,1681345427,cc-cc408-hya,data-node-17,9.9.2.154,elasticsearch_os_load5,1.58
2023/4/13 8:24,1681345487,cc-cc408-hya,data-node-17,9.9.2.154,elasticsearch_os_load5,1.55
2023/4/13 8:25,1681345547,cc-cc408-hya,data-node-17,9.9.2.154,elasticsearch_os_load5,1.71
2023/4/13 8:26,1681345607,cc-cc408-hya,data-node-17,9.9.2.154,elasticsearch_os_load5,1.71
2023/4/13 8:27,1681345667,cc-cc408-hya,data-node-17,9.9.2.154,elasticsearch_os_load5,1.64
2023/4/13 8:28,1681345727,cc-cc408-hya,data-node-17,9.9.2.154,elasticsearch_os_load5,1.62
2023/4/13 8:29,1681345787,cc-cc408-hya,data-node-17,9.9.2.154,elasticsearch_os_load5,1.49
2023/4/13 8:30,1681345847,cc-cc408-hya,data-node-17,9.9.2.154,elasticsearch_os_load5,1.56
2023/4/13 8:31,1681345907,cc-cc408-hya,data-node-17,9.9.2.154,elasticsearch_os_load5,1.5
2023/4/13 8:32,1681345967,cc-cc408-hya,data-node-17,9.9.2.154,elasticsearch_os_load5,1.54
2023/4/13 8:33,1681346027,cc-cc408-hya,data-node-17,9.9.2.154,elasticsearch_os_load5,1.59
2023/4/13 8:34,1681346087,cc-cc408-hya,data-node-17,9.9.2.154,elasticsearch_os_load5,1.66
2023/4/13 8:35,1681346147,cc-cc408-hya,data-node-17,9.9.2.154,elasticsearch_os_load5,1.55
2023/4/13 8:36,1681346207,cc-cc408-hya,data-node-17,9.9.2.154,elasticsearch_os_load5,1.59
2023/4/13 8:37,1681346267,cc-cc408-hya,data-node-17,9.9.2.154,elasticsearch_os_load5,1.5
2023/4/13 8:38,1681346327,cc-cc408-hya,data-node-17,9.9.2.154,elasticsearch_os_load5,1.59
2023/4/13 8:39,1681346387,cc-cc408-hya,data-node-17,9.9.2.154,elasticsearch_os_load5,1.68
2023/4/13 8:40,1681346447,cc-cc408-hya,data-node-17,9.9.2.154,elasticsearch_os_load5,1.6
2023/4/13 8:41,1681346507,cc-cc408-hya,data-node-17,9.9.2.154,elasticsearch_os_load5,1.6
2023/4/13 8:42,1681346567,cc-cc408-hya,data-node-17,9.9.2.154,elasticsearch_os_load5,1.68
2023/4/13 8:43,1681346627,cc-cc408-hya,data-node-17,9.9.2.154,elasticsearch_os_load5,1.76
2023/4/13 8:44,1681346687,cc-cc408-hya,data-node-17,9.9.2.154,elasticsearch_os_load5,1.72
2023/4/13 8:45,1681346747,cc-cc408-hya,data-node-17,9.9.2.154,elasticsearch_os_load5,1.69
2023/4/13 8:46,1681346807,cc-cc408-hya,data-node-17,9.9.2.154,elasticsearch_os_load5,1.65
2023/4/13 8:47,1681346867,cc-cc408-hya,data-node-17,9.9.2.154,elasticsearch_os_load5,1.64
2023/4/13 8:48,1681346927,cc-cc408-hya,data-node-17,9.9.2.154,elasticsearch_os_load5,1.66
2023/4/13 8:49,1681346987,cc-cc408-hya,data-node-17,9.9.2.154,elasticsearch_os_load5,1.66
2023/4/13 8:50,1681347047,cc-cc408-hya,data-node-17,9.9.2.154,elasticsearch_os_load5,1.6
2023/4/13 8:51,1681347107,cc-cc408-hya,data-node-17,9.9.2.154,elasticsearch_os_load5,1.73
2023/4/13 8:52,1681347167,cc-cc408-hya,data-node-17,9.9.2.154,elasticsearch_os_load5,1.69
2023/4/13 8:53,1681347227,cc-cc408-hya,data-node-17,9.9.2.154,elasticsearch_os_load5,1.75
2023/4/13 8:54,1681347287,cc-cc408-hya,data-node-17,9.9.2.154,elasticsearch_os_load5,1.84
2023/4/13 8:55,1681347347,cc-cc408-hya,data-node-17,9.9.2.154,elasticsearch_os_load5,1.89
2023/4/13 8:56,1681347407,cc-cc408-hya,data-node-17,9.9.2.154,elasticsearch_os_load5,2.1
2023/4/13 8:57,1681347467,cc-cc408-hya,data-node-17,9.9.2.154,elasticsearch_os_load5,2.13
2023/4/13 8:58,1681347527,cc-cc408-hya,data-node-17,9.9.2.154,elasticsearch_os_load5,2.22
2023/4/13 8:59,1681347587,cc-cc408-hya,data-node-17,9.9.2.154,elasticsearch_os_load5,2.2
2023/4/13 9:00,1681347647,cc-cc408-hya,data-node-17,9.9.2.154,elasticsearch_os_load5,2.17
2023/4/13 9:01,1681347707,cc-cc408-hya,data-node-17,9.9.2.154,elasticsearch_os_load5,2.28
2023/4/13 9:02,1681347767,cc-cc408-hya,data-node-17,9.9.2.154,elasticsearch_os_load5,2.46
2023/4/13 9:03,1681347827,cc-cc408-hya,data-node-17,9.9.2.154,elasticsearch_os_load5,2.53
2023/4/13 9:04,1681347887,cc-cc408-hya,data-node-17,9.9.2.154,elasticsearch_os_load5,2.63
2023/4/13 9:05,1681347947,cc-cc408-hya,data-node-17,9.9.2.154,elasticsearch_os_load5,2.82
2023/4/13 9:06,1681348007,cc-cc408-hya,data-node-17,9.9.2.154,elasticsearch_os_load5,2.93
2023/4/13 9:07,1681348067,cc-cc408-hya,data-node-17,9.9.2.154,elasticsearch_os_load5,2.97
2023/4/13 9:08,1681348127,cc-cc408-hya,data-node-17,9.9.2.154,elasticsearch_os_load5,2.86
2023/4/13 9:09,1681348187,cc-cc408-hya,data-node-17,9.9.2.154,elasticsearch_os_load5,3.04
2023/4/13 9:10,1681348247,cc-cc408-hya,data-node-17,9.9.2.154,elasticsearch_os_load5,3.19
2023/4/13 9:11,1681348307,cc-cc408-hya,data-node-17,9.9.2.154,elasticsearch_os_load5,3.16
2023/4/13 9:12,1681348367,cc-cc408-hya,data-node-17,9.9.2.154,elasticsearch_os_load5,3.4
2023/4/13 9:13,1681348427,cc-cc408-hya,data-node-17,9.9.2.154,elasticsearch_os_load5,3.58
2023/4/13 9:14,1681348487,cc-cc408-hya,data-node-17,9.9.2.154,elasticsearch_os_load5,3.57
2023/4/13 9:15,1681348547,cc-cc408-hya,data-node-17,9.9.2.154,elasticsearch_os_load5,3.63
2023/4/13 9:16,1681348607,cc-cc408-hya,data-node-17,9.9.2.154,elasticsearch_os_load5,3.58
2023/4/13 9:17,1681348667,cc-cc408-hya,data-node-17,9.9.2.154,elasticsearch_os_load5,3.47
2023/4/13 9:18,1681348727,cc-cc408-hya,data-node-17,9.9.2.154,elasticsearch_os_load5,3.41
2023/4/13 9:19,1681348787,cc-cc408-hya,data-node-17,9.9.2.154,elasticsearch_os_load5,3.3
2023/4/13 9:20,1681348847,cc-cc408-hya,data-node-17,9.9.2.154,elasticsearch_os_load5,3.51
2023/4/13 9:21,1681348907,cc-cc408-hya,data-node-17,9.9.2.154,elasticsearch_os_load5,3.54
2023/4/13 9:22,1681348967,cc-cc408-hya,data-node-17,9.9.2.154,elasticsearch_os_load5,3.57
2023/4/13 9:23,1681349027,cc-cc408-hya,data-node-17,9.9.2.154,elasticsearch_os_load5,3.62
2023/4/13 9:24,1681349087,cc-cc408-hya,data-node-17,9.9.2.154,elasticsearch_os_load5,3.6
2023/4/13 9:25,1681349147,cc-cc408-hya,data-node-17,9.9.2.154,elasticsearch_os_load5,3.57
2023/4/13 9:26,1681349207,cc-cc408-hya,data-node-17,9.9.2.154,elasticsearch_os_load5,3.72
2023/4/13 9:27,1681349267,cc-cc408-hya,data-node-17,9.9.2.154,elasticsearch_os_load5,3.64
2023/4/13 9:28,1681349327,cc-cc408-hya,data-node-17,9.9.2.154,elasticsearch_os_load5,3.54
2023/4/13 9:29,1681349387,cc-cc408-hya,data-node-17,9.9.2.154,elasticsearch_os_load5,3.83
2023/4/13 9:30,1681349447,cc-cc408-hya,data-node-17,9.9.2.154,elasticsearch_os_load5,4.17
2023/4/13 9:31,1681349507,cc-cc408-hya,data-node-17,9.9.2.154,elasticsearch_os_load5,3.94
2023/4/13 9:32,1681349567,cc-cc408-hya,data-node-17,9.9.2.154,elasticsearch_os_load5,3.85
2023/4/13 9:33,1681349627,cc-cc408-hya,data-node-17,9.9.2.154,elasticsearch_os_load5,3.84
2023/4/13 9:34,1681349687,cc-cc408-hya,data-node-17,9.9.2.154,elasticsearch_os_load5,3.81
2023/4/13 9:35,1681349747,cc-cc408-hya,data-node-17,9.9.2.154,elasticsearch_os_load5,3.66
2023/4/13 9:36,1681349807,cc-cc408-hya,data-node-17,9.9.2.154,elasticsearch_os_load5,3.41
2023/4/13 9:37,1681349867,cc-cc408-hya,data-node-17,9.9.2.154,elasticsearch_os_load5,3.59
2023/4/13 9:38,1681349927,cc-cc408-hya,data-node-17,9.9.2.154,elasticsearch_os_load5,3.55
2023/4/13 9:39,1681349987,cc-cc408-hya,data-node-17,9.9.2.154,elasticsearch_os_load5,3.44
2023/4/13 9:40,1681350047,cc-cc408-hya,data-node-17,9.9.2.154,elasticsearch_os_load5,3.7
2023/4/13 9:41,1681350107,cc-cc408-hya,data-node-17,9.9.2.154,elasticsearch_os_load5,3.73
2023/4/13 9:42,1681350167,cc-cc408-hya,data-node-17,9.9.2.154,elasticsearch_os_load5,3.91
2023/4/13 9:43,1681350227,cc-cc408-hya,data-node-17,9.9.2.154,elasticsearch_os_load5,4.01
2023/4/13 9:44,1681350287,cc-cc408-hya,data-node-17,9.9.2.154,elasticsearch_os_load5,3.91
2023/4/13 9:45,1681350347,cc-cc408-hya,data-node-17,9.9.2.154,elasticsearch_os_load5,3.77
2023/4/13 9:46,1681350407,cc-cc408-hya,data-node-17,9.9.2.154,elasticsearch_os_load5,3.74
2023/4/13 9:47,1681350467,cc-cc408-hya,data-node-17,9.9.2.154,elasticsearch_os_load5,3.87
2023/4/13 9:48,1681350527,cc-cc408-hya,data-node-17,9.9.2.154,elasticsearch_os_load5,3.91
2023/4/13 9:49,1681350587,cc-cc408-hya,data-node-17,9.9.2.154,elasticsearch_os_load5,4.61
2023/4/13 9:50,1681350647,cc-cc408-hya,data-node-17,9.9.2.154,elasticsearch_os_load5,4.42
2023/4/13 9:51,1681350707,cc-cc408-hya,data-node-17,9.9.2.154,elasticsearch_os_load5,4.39
2023/4/13 9:52,1681350767,cc-cc408-hya,data-node-17,9.9.2.154,elasticsearch_os_load5,4.26
2023/4/13 9:53,1681350827,cc-cc408-hya,data-node-17,9.9.2.154,elasticsearch_os_load5,4.37
2023/4/13 9:54,1681350887,cc-cc408-hya,data-node-17,9.9.2.154,elasticsearch_os_load5,4.28
2023/4/13 9:55,1681350947,cc-cc408-hya,data-node-17,9.9.2.154,elasticsearch_os_load5,4.44
2023/4/13 9:56,1681351007,cc-cc408-hya,data-node-17,9.9.2.154,elasticsearch_os_load5,4.81
2023/4/13 9:57,1681351067,cc-cc408-hya,data-node-17,9.9.2.154,elasticsearch_os_load5,5.08
2023/4/13 9:58,1681351127,cc-cc408-hya,data-node-17,9.9.2.154,elasticsearch_os_load5,5.16
2023/4/13 9:59,1681351187,cc-cc408-hya,data-node-17,9.9.2.154,elasticsearch_os_load5,5.25
2023/4/13 10:00,1681351247,cc-cc408-hya,data-node-17,9.9.2.154,elasticsearch_os_load5,5.08
2023/4/13 10:01,1681351307,cc-cc408-hya,data-node-17,9.9.2.154,elasticsearch_os_load5,4.62
2023/4/13 10:02,1681351367,cc-cc408-hya,data-node-17,9.9.2.154,elasticsearch_os_load5,4.26
2023/4/13 10:03,1681351427,cc-cc408-hya,data-node-17,9.9.2.154,elasticsearch_os_load5,4.09
2023/4/13 10:04,1681351487,cc-cc408-hya,data-node-17,9.9.2.154,elasticsearch_os_load5,4.07
2023/4/13 10:05,1681351547,cc-cc408-hya,data-node-17,9.9.2.154,elasticsearch_os_load5,4.01
2023/4/13 10:06,1681351607,cc-cc408-hya,data-node-17,9.9.2.154,elasticsearch_os_load5,3.85
2023/4/13 10:07,1681351667,cc-cc408-hya,data-node-17,9.9.2.154,elasticsearch_os_load5,3.79
2023/4/13 10:08,1681351727,cc-cc408-hya,data-node-17,9.9.2.154,elasticsearch_os_load5,3.66
2023/4/13 10:09,1681351787,cc-cc408-hya,data-node-17,9.9.2.154,elasticsearch_os_load5,4.1
2023/4/13 10:10,1681351847,cc-cc408-hya,data-node-17,9.9.2.154,elasticsearch_os_load5,4.01
2023/4/13 10:11,1681351907,cc-cc408-hya,data-node-17,9.9.2.154,elasticsearch_os_load5,3.98
2023/4/13 10:12,1681351967,cc-cc408-hya,data-node-17,9.9.2.154,elasticsearch_os_load5,3.94
2023/4/13 10:13,1681352027,cc-cc408-hya,data-node-17,9.9.2.154,elasticsearch_os_load5,3.94
2023/4/13 10:14,1681352087,cc-cc408-hya,data-node-17,9.9.2.154,elasticsearch_os_load5,3.9
2023/4/13 10:15,1681352147,cc-cc408-hya,data-node-17,9.9.2.154,elasticsearch_os_load5,3.86
2023/4/13 10:16,1681352207,cc-cc408-hya,data-node-17,9.9.2.154,elasticsearch_os_load5,3.65
2023/4/13 10:17,1681352267,cc-cc408-hya,data-node-17,9.9.2.154,elasticsearch_os_load5,3.5
2023/4/13 10:18,1681352327,cc-cc408-hya,data-node-17,9.9.2.154,elasticsearch_os_load5,3.11
2023/4/13 10:19,1681352387,cc-cc408-hya,data-node-17,9.9.2.154,elasticsearch_os_load5,3.24
2023/4/13 10:20,1681352447,cc-cc408-hya,data-node-17,9.9.2.154,elasticsearch_os_load5,3.35
2023/4/13 10:21,1681352507,cc-cc408-hya,data-node-17,9.9.2.154,elasticsearch_os_load5,3.38
2023/4/13 10:22,1681352567,cc-cc408-hya,data-node-17,9.9.2.154,elasticsearch_os_load5,3.51
2023/4/13 10:23,1681352627,cc-cc408-hya,data-node-17,9.9.2.154,elasticsearch_os_load5,3.63
2023/4/13 10:24,1681352687,cc-cc408-hya,data-node-17,9.9.2.154,elasticsearch_os_load5,3.66
2023/4/13 10:25,1681352747,cc-cc408-hya,data-node-17,9.9.2.154,elasticsearch_os_load5,3.74
2023/4/13 10:26,1681352807,cc-cc408-hya,data-node-17,9.9.2.154,elasticsearch_os_load5,3.71
2023/4/13 10:27,1681352867,cc-cc408-hya,data-node-17,9.9.2.154,elasticsearch_os_load5,3.74
2023/4/13 10:28,1681352927,cc-cc408-hya,data-node-17,9.9.2.154,elasticsearch_os_load5,3.89
2023/4/13 10:29,1681352987,cc-cc408-hya,data-node-17,9.9.2.154,elasticsearch_os_load5,3.81
2023/4/13 10:30,1681353047,cc-cc408-hya,data-node-17,9.9.2.154,elasticsearch_os_load5,3.82
2023/4/13 10:31,1681353107,cc-cc408-hya,data-node-17,9.9.2.154,elasticsearch_os_load5,4.16
2023/4/13 10:32,1681353167,cc-cc408-hya,data-node-17,9.9.2.154,elasticsearch_os_load5,4.48
2023/4/13 10:33,1681353227,cc-cc408-hya,data-node-17,9.9.2.154,elasticsearch_os_load5,4.32
2023/4/13 10:34,1681353287,cc-cc408-hya,data-node-17,9.9.2.154,elasticsearch_os_load5,4.94
2023/4/13 10:35,1681353347,cc-cc408-hya,data-node-17,9.9.2.154,elasticsearch_os_load5,4.59
2023/4/13 10:36,1681353407,cc-cc408-hya,data-node-17,9.9.2.154,elasticsearch_os_load5,4.55
2023/4/13 10:37,1681353467,cc-cc408-hya,data-node-17,9.9.2.154,elasticsearch_os_load5,4.47
2023/4/13 10:38,1681353527,cc-cc408-hya,data-node-17,9.9.2.154,elasticsearch_os_load5,4.12
2023/4/13 10:39,1681353587,cc-cc408-hya,data-node-17,9.9.2.154,elasticsearch_os_load5,4.04
2023/4/13 10:40,1681353647,cc-cc408-hya,data-node-17,9.9.2.154,elasticsearch_os_load5,4.16
2023/4/13 10:41,1681353707,cc-cc408-hya,data-node-17,9.9.2.154,elasticsearch_os_load5,4.41
2023/4/13 10:42,1681353767,cc-cc408-hya,data-node-17,9.9.2.154,elasticsearch_os_load5,4.08
2023/4/13 10:43,1681353827,cc-cc408-hya,data-node-17,9.9.2.154,elasticsearch_os_load5,3.88
2023/4/13 10:44,1681353887,cc-cc408-hya,data-node-17,9.9.2.154,elasticsearch_os_load5,4.01
2023/4/13 10:45,1681353947,cc-cc408-hya,data-node-17,9.9.2.154,elasticsearch_os_load5,4.16
2023/4/13 10:46,1681354007,cc-cc408-hya,data-node-17,9.9.2.154,elasticsearch_os_load5,4.49
2023/4/13 10:47,1681354067,cc-cc408-hya,data-node-17,9.9.2.154,elasticsearch_os_load5,4.48
2023/4/13 10:48,1681354127,cc-cc408-hya,data-node-17,9.9.2.154,elasticsearch_os_load5,4.87
2023/4/13 10:49,1681354187,cc-cc408-hya,data-node-17,9.9.2.154,elasticsearch_os_load5,4.8
2023/4/13 10:50,1681354247,cc-cc408-hya,data-node-17,9.9.2.154,elasticsearch_os_load5,4.61
2023/4/13 10:51,1681354307,cc-cc408-hya,data-node-17,9.9.2.154,elasticsearch_os_load5,4.43
2023/4/13 10:52,1681354367,cc-cc408-hya,data-node-17,9.9.2.154,elasticsearch_os_load5,4.43
2023/4/13 10:53,1681354427,cc-cc408-hya,data-node-17,9.9.2.154,elasticsearch_os_load5,4.45
2023/4/13 10:54,1681354487,cc-cc408-hya,data-node-17,9.9.2.154,elasticsearch_os_load5,4.45
2023/4/13 10:55,1681354547,cc-cc408-hya,data-node-17,9.9.2.154,elasticsearch_os_load5,4.23
2023/4/13 10:56,1681354607,cc-cc408-hya,data-node-17,9.9.2.154,elasticsearch_os_load5,4.18
2023/4/13 10:57,1681354667,cc-cc408-hya,data-node-17,9.9.2.154,elasticsearch_os_load5,4.16
2023/4/13 10:58,1681354727,cc-cc408-hya,data-node-17,9.9.2.154,elasticsearch_os_load5,3.88
2023/4/13 10:59,1681354787,cc-cc408-hya,data-node-17,9.9.2.154,elasticsearch_os_load5,4.12
2023/4/13 11:00,1681354847,cc-cc408-hya,data-node-17,9.9.2.154,elasticsearch_os_load5,4.14
2023/4/13 11:01,1681354907,cc-cc408-hya,data-node-17,9.9.2.154,elasticsearch_os_load5,4.45
2023/4/13 11:02,1681354967,cc-cc408-hya,data-node-17,9.9.2.154,elasticsearch_os_load5,4.27
2023/4/13 11:03,1681355027,cc-cc408-hya,data-node-17,9.9.2.154,elasticsearch_os_load5,4.1
2023/4/13 11:04,1681355087,cc-cc408-hya,data-node-17,9.9.2.154,elasticsearch_os_load5,3.98
2023/4/13 11:05,1681355147,cc-cc408-hya,data-node-17,9.9.2.154,elasticsearch_os_load5,4.01
2023/4/13 11:06,1681355207,cc-cc408-hya,data-node-17,9.9.2.154,elasticsearch_os_load5,4.21
2023/4/13 11:07,1681355267,cc-cc408-hya,data-node-17,9.9.2.154,elasticsearch_os_load5,4.46
2023/4/13 11:08,1681355327,cc-cc408-hya,data-node-17,9.9.2.154,elasticsearch_os_load5,4.56
2023/4/13 11:09,1681355387,cc-cc408-hya,data-node-17,9.9.2.154,elasticsearch_os_load5,4.31
2023/4/13 11:10,1681355447,cc-cc408-hya,data-node-17,9.9.2.154,elasticsearch_os_load5,4.15
2023/4/13 11:11,1681355507,cc-cc408-hya,data-node-17,9.9.2.154,elasticsearch_os_load5,4.03
2023/4/13 11:12,1681355567,cc-cc408-hya,data-node-17,9.9.2.154,elasticsearch_os_load5,4.95
2023/4/13 11:13,1681355627,cc-cc408-hya,data-node-17,9.9.2.154,elasticsearch_os_load5,4.96
2023/4/13 11:14,1681355687,cc-cc408-hya,data-node-17,9.9.2.154,elasticsearch_os_load5,5.32
2023/4/13 11:15,1681355747,cc-cc408-hya,data-node-17,9.9.2.154,elasticsearch_os_load5,5.2
2023/4/13 11:16,1681355807,cc-cc408-hya,data-node-17,9.9.2.154,elasticsearch_os_load5,5.13
2023/4/13 11:17,1681355867,cc-cc408-hya,data-node-17,9.9.2.154,elasticsearch_os_load5,5.34
2023/4/13 11:18,1681355927,cc-cc408-hya,data-node-17,9.9.2.154,elasticsearch_os_load5,5.06
2023/4/13 11:19,1681355987,cc-cc408-hya,data-node-17,9.9.2.154,elasticsearch_os_load5,5.52
2023/4/13 11:20,1681356047,cc-cc408-hya,data-node-17,9.9.2.154,elasticsearch_os_load5,5.36
2023/4/13 11:21,1681356107,cc-cc408-hya,data-node-17,9.9.2.154,elasticsearch_os_load5,5.29
2023/4/13 11:22,1681356167,cc-cc408-hya,data-node-17,9.9.2.154,elasticsearch_os_load5,4.97
2023/4/13 11:23,1681356227,cc-cc408-hya,data-node-17,9.9.2.154,elasticsearch_os_load5,4.84
2023/4/13 11:24,1681356287,cc-cc408-hya,data-node-17,9.9.2.154,elasticsearch_os_load5,4.85
2023/4/13 11:25,1681356347,cc-cc408-hya,data-node-17,9.9.2.154,elasticsearch_os_load5,4.52
2023/4/13 11:26,1681356407,cc-cc408-hya,data-node-17,9.9.2.154,elasticsearch_os_load5,4.49
2023/4/13 11:27,1681356467,cc-cc408-hya,data-node-17,9.9.2.154,elasticsearch_os_load5,4.54
2023/4/13 11:28,1681356527,cc-cc408-hya,data-node-17,9.9.2.154,elasticsearch_os_load5,4.68
2023/4/13 11:29,1681356587,cc-cc408-hya,data-node-17,9.9.2.154,elasticsearch_os_load5,4.62
2023/4/13 11:30,1681356647,cc-cc408-hya,data-node-17,9.9.2.154,elasticsearch_os_load5,4.63
2023/4/13 11:31,1681356707,cc-cc408-hya,data-node-17,9.9.2.154,elasticsearch_os_load5,4.61
2023/4/13 11:32,1681356767,cc-cc408-hya,data-node-17,9.9.2.154,elasticsearch_os_load5,4.51
2023/4/13 11:33,1681356827,cc-cc408-hya,data-node-17,9.9.2.154,elasticsearch_os_load5,4.29
2023/4/13 11:34,1681356887,cc-cc408-hya,data-node-17,9.9.2.154,elasticsearch_os_load5,4.2
2023/4/13 11:35,1681356947,cc-cc408-hya,data-node-17,9.9.2.154,elasticsearch_os_load5,4.09
2023/4/13 11:36,1681357007,cc-cc408-hya,data-node-17,9.9.2.154,elasticsearch_os_load5,4.34
2023/4/13 11:37,1681357067,cc-cc408-hya,data-node-17,9.9.2.154,elasticsearch_os_load5,4.08
2023/4/13 11:38,1681357127,cc-cc408-hya,data-node-17,9.9.2.154,elasticsearch_os_load5,4.07
2023/4/13 11:39,1681357187,cc-cc408-hya,data-node-17,9.9.2.154,elasticsearch_os_load5,3.85
2023/4/13 11:40,1681357247,cc-cc408-hya,data-node-17,9.9.2.154,elasticsearch_os_load5,3.95
2023/4/13 11:41,1681357307,cc-cc408-hya,data-node-17,9.9.2.154,elasticsearch_os_load5,3.92
2023/4/13 11:42,1681357367,cc-cc408-hya,data-node-17,9.9.2.154,elasticsearch_os_load5,4.39
2023/4/13 11:43,1681357427,cc-cc408-hya,data-node-17,9.9.2.154,elasticsearch_os_load5,4.29
2023/4/13 11:44,1681357487,cc-cc408-hya,data-node-17,9.9.2.154,elasticsearch_os_load5,4.18
2023/4/13 11:45,1681357547,cc-cc408-hya,data-node-17,9.9.2.154,elasticsearch_os_load5,4.65
2023/4/13 11:46,1681357607,cc-cc408-hya,data-node-17,9.9.2.154,elasticsearch_os_load5,4.71
2023/4/13 11:47,1681357667,cc-cc408-hya,data-node-17,9.9.2.154,elasticsearch_os_load5,4.6
2023/4/13 11:48,1681357727,cc-cc408-hya,data-node-17,9.9.2.154,elasticsearch_os_load5,4.56
2023/4/13 11:49,1681357787,cc-cc408-hya,data-node-17,9.9.2.154,elasticsearch_os_load5,4.36
2023/4/13 11:50,1681357847,cc-cc408-hya,data-node-17,9.9.2.154,elasticsearch_os_load5,4.42
2023/4/13 11:51,1681357907,cc-cc408-hya,data-node-17,9.9.2.154,elasticsearch_os_load5,4.4
2023/4/13 11:52,1681357967,cc-cc408-hya,data-node-17,9.9.2.154,elasticsearch_os_load5,4.46
2023/4/13 11:53,1681358027,cc-cc408-hya,data-node-17,9.9.2.154,elasticsearch_os_load5,4.33
2023/4/13 11:54,1681358087,cc-cc408-hya,data-node-17,9.9.2.154,elasticsearch_os_load5,3.96
2023/4/13 11:55,1681358147,cc-cc408-hya,data-node-17,9.9.2.154,elasticsearch_os_load5,4.15
2023/4/13 11:56,1681358207,cc-cc408-hya,data-node-17,9.9.2.154,elasticsearch_os_load5,4.41
2023/4/13 11:57,1681358267,cc-cc408-hya,data-node-17,9.9.2.154,elasticsearch_os_load5,4.26
2023/4/13 11:58,1681358327,cc-cc408-hya,data-node-17,9.9.2.154,elasticsearch_os_load5,4.41
2023/4/13 11:59,1681358387,cc-cc408-hya,data-node-17,9.9.2.154,elasticsearch_os_load5,4.49
2023/4/13 12:00,1681358447,cc-cc408-hya,data-node-17,9.9.2.154,elasticsearch_os_load5,4.54
2023/4/13 12:01,1681358507,cc-cc408-hya,data-node-17,9.9.2.154,elasticsearch_os_load5,4.3
2023/4/13 12:02,1681358567,cc-cc408-hya,data-node-17,9.9.2.154,elasticsearch_os_load5,4.04
2023/4/13 12:03,1681358627,cc-cc408-hya,data-node-17,9.9.2.154,elasticsearch_os_load5,3.95
2023/4/13 12:04,1681358687,cc-cc408-hya,data-node-17,9.9.2.154,elasticsearch_os_load5,3.9
2023/4/13 12:05,1681358747,cc-cc408-hya,data-node-17,9.9.2.154,elasticsearch_os_load5,3.77
2023/4/13 12:06,1681358807,cc-cc408-hya,data-node-17,9.9.2.154,elasticsearch_os_load5,3.57
2023/4/13 12:07,1681358867,cc-cc408-hya,data-node-17,9.9.2.154,elasticsearch_os_load5,3.66
2023/4/13 12:08,1681358927,cc-cc408-hya,data-node-17,9.9.2.154,elasticsearch_os_load5,3.59
2023/4/13 12:09,1681358987,cc-cc408-hya,data-node-17,9.9.2.154,elasticsearch_os_load5,3.42
2023/4/13 12:10,1681359047,cc-cc408-hya,data-node-17,9.9.2.154,elasticsearch_os_load5,3.41
2023/4/13 12:11,1681359107,cc-cc408-hya,data-node-17,9.9.2.154,elasticsearch_os_load5,3.35
2023/4/13 12:12,1681359167,cc-cc408-hya,data-node-17,9.9.2.154,elasticsearch_os_load5,3.45
2023/4/13 12:13,1681359227,cc-cc408-hya,data-node-17,9.9.2.154,elasticsearch_os_load5,3.53
2023/4/13 12:14,1681359287,cc-cc408-hya,data-node-17,9.9.2.154,elasticsearch_os_load5,3.44
2023/4/13 12:15,1681359347,cc-cc408-hya,data-node-17,9.9.2.154,elasticsearch_os_load5,3.37
2023/4/13 12:16,1681359407,cc-cc408-hya,data-node-17,9.9.2.154,elasticsearch_os_load5,3.21
2023/4/13 12:17,1681359467,cc-cc408-hya,data-node-17,9.9.2.154,elasticsearch_os_load5,3.07
2023/4/13 12:18,1681359527,cc-cc408-hya,data-node-17,9.9.2.154,elasticsearch_os_load5,3.11
2023/4/13 12:19,1681359587,cc-cc408-hya,data-node-17,9.9.2.154,elasticsearch_os_load5,3.15
2023/4/13 12:20,1681359647,cc-cc408-hya,data-node-17,9.9.2.154,elasticsearch_os_load5,3.05
2023/4/13 12:21,1681359707,cc-cc408-hya,data-node-17,9.9.2.154,elasticsearch_os_load5,3.14
2023/4/13 12:22,1681359767,cc-cc408-hya,data-node-17,9.9.2.154,elasticsearch_os_load5,3.06
2023/4/13 12:23,1681359827,cc-cc408-hya,data-node-17,9.9.2.154,elasticsearch_os_load5,3.47
2023/4/13 12:24,1681359887,cc-cc408-hya,data-node-17,9.9.2.154,elasticsearch_os_load5,3.37
2023/4/13 12:25,1681359947,cc-cc408-hya,data-node-17,9.9.2.154,elasticsearch_os_load5,3.32
2023/4/13 12:26,1681360007,cc-cc408-hya,data-node-17,9.9.2.154,elasticsearch_os_load5,3.29
2023/4/13 12:27,1681360067,cc-cc408-hya,data-node-17,9.9.2.154,elasticsearch_os_load5,3.64
2023/4/13 12:28,1681360127,cc-cc408-hya,data-node-17,9.9.2.154,elasticsearch_os_load5,3.52
2023/4/13 12:29,1681360187,cc-cc408-hya,data-node-17,9.9.2.154,elasticsearch_os_load5,3.48
2023/4/13 12:30,1681360247,cc-cc408-hya,data-node-17,9.9.2.154,elasticsearch_os_load5,3.28
2023/4/13 12:31,1681360307,cc-cc408-hya,data-node-17,9.9.2.154,elasticsearch_os_load5,3.17
2023/4/13 12:32,1681360367,cc-cc408-hya,data-node-17,9.9.2.154,elasticsearch_os_load5,3.04
2023/4/13 12:33,1681360427,cc-cc408-hya,data-node-17,9.9.2.154,elasticsearch_os_load5,2.74
2023/4/13 12:34,1681360487,cc-cc408-hya,data-node-17,9.9.2.154,elasticsearch_os_load5,2.89
2023/4/13 12:35,1681360547,cc-cc408-hya,data-node-17,9.9.2.154,elasticsearch_os_load5,2.84
2023/4/13 12:36,1681360607,cc-cc408-hya,data-node-17,9.9.2.154,elasticsearch_os_load5,2.74
2023/4/13 12:37,1681360667,cc-cc408-hya,data-node-17,9.9.2.154,elasticsearch_os_load5,3.14
2023/4/13 12:38,1681360727,cc-cc408-hya,data-node-17,9.9.2.154,elasticsearch_os_load5,3.2
2023/4/13 12:39,1681360787,cc-cc408-hya,data-node-17,9.9.2.154,elasticsearch_os_load5,3.5
2023/4/13 12:40,1681360847,cc-cc408-hya,data-node-17,9.9.2.154,elasticsearch_os_load5,3.52
2023/4/13 12:41,1681360907,cc-cc408-hya,data-node-17,9.9.2.154,elasticsearch_os_load5,3.51
2023/4/13 12:42,1681360967,cc-cc408-hya,data-node-17,9.9.2.154,elasticsearch_os_load5,3.61
2023/4/13 12:43,1681361027,cc-cc408-hya,data-node-17,9.9.2.154,elasticsearch_os_load5,3.67
2023/4/13 12:44,1681361087,cc-cc408-hya,data-node-17,9.9.2.154,elasticsearch_os_load5,3.63
2023/4/13 12:45,1681361147,cc-cc408-hya,data-node-17,9.9.2.154,elasticsearch_os_load5,3.66
2023/4/13 12:46,1681361207,cc-cc408-hya,data-node-17,9.9.2.154,elasticsearch_os_load5,3.41
2023/4/13 12:47,1681361267,cc-cc408-hya,data-node-17,9.9.2.154,elasticsearch_os_load5,3.41
2023/4/13 12:48,1681361327,cc-cc408-hya,data-node-17,9.9.2.154,elasticsearch_os_load5,3.44
2023/4/13 12:49,1681361387,cc-cc408-hya,data-node-17,9.9.2.154,elasticsearch_os_load5,4.01
2023/4/13 12:50,1681361447,cc-cc408-hya,data-node-17,9.9.2.154,elasticsearch_os_load5,3.72
2023/4/13 12:51,1681361507,cc-cc408-hya,data-node-17,9.9.2.154,elasticsearch_os_load5,3.65
2023/4/13 12:52,1681361567,cc-cc408-hya,data-node-17,9.9.2.154,elasticsearch_os_load5,3.71
2023/4/13 12:53,1681361627,cc-cc408-hya,data-node-17,9.9.2.154,elasticsearch_os_load5,3.53
2023/4/13 12:54,1681361687,cc-cc408-hya,data-node-17,9.9.2.154,elasticsearch_os_load5,3.43
2023/4/13 12:55,1681361747,cc-cc408-hya,data-node-17,9.9.2.154,elasticsearch_os_load5,3.58
2023/4/13 12:56,1681361807,cc-cc408-hya,data-node-17,9.9.2.154,elasticsearch_os_load5,3.36
2023/4/13 12:57,1681361867,cc-cc408-hya,data-node-17,9.9.2.154,elasticsearch_os_load5,3.47
2023/4/13 12:58,1681361927,cc-cc408-hya,data-node-17,9.9.2.154,elasticsearch_os_load5,3.36
2023/4/13 12:59,1681361987,cc-cc408-hya,data-node-17,9.9.2.154,elasticsearch_os_load5,3.03
2023/4/13 13:00,1681362047,cc-cc408-hya,data-node-17,9.9.2.154,elasticsearch_os_load5,2.84
2023/4/13 13:01,1681362107,cc-cc408-hya,data-node-17,9.9.2.154,elasticsearch_os_load5,2.64
2023/4/13 13:02,1681362167,cc-cc408-hya,data-node-17,9.9.2.154,elasticsearch_os_load5,2.52
2023/4/13 13:03,1681362227,cc-cc408-hya,data-node-17,9.9.2.154,elasticsearch_os_load5,2.59
2023/4/13 13:04,1681362287,cc-cc408-hya,data-node-17,9.9.2.154,elasticsearch_os_load5,2.83
2023/4/13 13:05,1681362347,cc-cc408-hya,data-node-17,9.9.2.154,elasticsearch_os_load5,2.85
2023/4/13 13:06,1681362407,cc-cc408-hya,data-node-17,9.9.2.154,elasticsearch_os_load5,2.82
2023/4/13 13:07,1681362467,cc-cc408-hya,data-node-17,9.9.2.154,elasticsearch_os_load5,2.88
2023/4/13 13:08,1681362527,cc-cc408-hya,data-node-17,9.9.2.154,elasticsearch_os_load5,2.71
2023/4/13 13:09,1681362587,cc-cc408-hya,data-node-17,9.9.2.154,elasticsearch_os_load5,2.54
2023/4/13 13:10,1681362647,cc-cc408-hya,data-node-17,9.9.2.154,elasticsearch_os_load5,2.69
2023/4/13 13:11,1681362707,cc-cc408-hya,data-node-17,9.9.2.154,elasticsearch_os_load5,2.68
2023/4/13 13:12,1681362767,cc-cc408-hya,data-node-17,9.9.2.154,elasticsearch_os_load5,2.69
2023/4/13 13:13,1681362827,cc-cc408-hya,data-node-17,9.9.2.154,elasticsearch_os_load5,2.71
2023/4/13 13:14,1681362887,cc-cc408-hya,data-node-17,9.9.2.154,elasticsearch_os_load5,2.86
2023/4/13 13:15,1681362947,cc-cc408-hya,data-node-17,9.9.2.154,elasticsearch_os_load5,2.62
2023/4/13 13:16,1681363007,cc-cc408-hya,data-node-17,9.9.2.154,elasticsearch_os_load5,2.67
2023/4/13 13:17,1681363067,cc-cc408-hya,data-node-17,9.9.2.154,elasticsearch_os_load5,2.75
2023/4/13 13:18,1681363127,cc-cc408-hya,data-node-17,9.9.2.154,elasticsearch_os_load5,2.74
2023/4/13 13:19,1681363187,cc-cc408-hya,data-node-17,9.9.2.154,elasticsearch_os_load5,3
2023/4/13 13:20,1681363247,cc-cc408-hya,data-node-17,9.9.2.154,elasticsearch_os_load5,3.1
2023/4/13 13:21,1681363307,cc-cc408-hya,data-node-17,9.9.2.154,elasticsearch_os_load5,3.23
2023/4/13 13:22,1681363367,cc-cc408-hya,data-node-17,9.9.2.154,elasticsearch_os_load5,3.18
2023/4/13 13:23,1681363427,cc-cc408-hya,data-node-17,9.9.2.154,elasticsearch_os_load5,2.9
2023/4/13 13:24,1681363487,cc-cc408-hya,data-node-17,9.9.2.154,elasticsearch_os_load5,2.92
2023/4/13 13:25,1681363547,cc-cc408-hya,data-node-17,9.9.2.154,elasticsearch_os_load5,2.75
2023/4/13 13:26,1681363607,cc-cc408-hya,data-node-17,9.9.2.154,elasticsearch_os_load5,2.69
2023/4/13 13:27,1681363667,cc-cc408-hya,data-node-17,9.9.2.154,elasticsearch_os_load5,2.63
2023/4/13 13:28,1681363727,cc-cc408-hya,data-node-17,9.9.2.154,elasticsearch_os_load5,3.4
2023/4/13 13:29,1681363787,cc-cc408-hya,data-node-17,9.9.2.154,elasticsearch_os_load5,3.36
2023/4/13 13:30,1681363847,cc-cc408-hya,data-node-17,9.9.2.154,elasticsearch_os_load5,3.19
2023/4/13 13:31,1681363907,cc-cc408-hya,data-node-17,9.9.2.154,elasticsearch_os_load5,3.12
2023/4/13 13:32,1681363967,cc-cc408-hya,data-node-17,9.9.2.154,elasticsearch_os_load5,3.09
2023/4/13 13:33,1681364027,cc-cc408-hya,data-node-17,9.9.2.154,elasticsearch_os_load5,2.9
2023/4/13 13:34,1681364087,cc-cc408-hya,data-node-17,9.9.2.154,elasticsearch_os_load5,2.96
2023/4/13 13:35,1681364147,cc-cc408-hya,data-node-17,9.9.2.154,elasticsearch_os_load5,3.01
2023/4/13 13:36,1681364207,cc-cc408-hya,data-node-17,9.9.2.154,elasticsearch_os_load5,3.12
2023/4/13 13:37,1681364267,cc-cc408-hya,data-node-17,9.9.2.154,elasticsearch_os_load5,3.2
2023/4/13 13:38,1681364327,cc-cc408-hya,data-node-17,9.9.2.154,elasticsearch_os_load5,3.24
2023/4/13 13:39,1681364387,cc-cc408-hya,data-node-17,9.9.2.154,elasticsearch_os_load5,3.14
2023/4/13 13:40,1681364447,cc-cc408-hya,data-node-17,9.9.2.154,elasticsearch_os_load5,3.06
2023/4/13 13:41,1681364507,cc-cc408-hya,data-node-17,9.9.2.154,elasticsearch_os_load5,3.01
2023/4/13 13:42,1681364567,cc-cc408-hya,data-node-17,9.9.2.154,elasticsearch_os_load5,3.03
2023/4/13 13:43,1681364627,cc-cc408-hya,data-node-17,9.9.2.154,elasticsearch_os_load5,3.15
2023/4/13 13:44,1681364687,cc-cc408-hya,data-node-17,9.9.2.154,elasticsearch_os_load5,3
2023/4/13 13:45,1681364747,cc-cc408-hya,data-node-17,9.9.2.154,elasticsearch_os_load5,3.06
2023/4/13 13:46,1681364807,cc-cc408-hya,data-node-17,9.9.2.154,elasticsearch_os_load5,3.04
2023/4/13 13:47,1681364867,cc-cc408-hya,data-node-17,9.9.2.154,elasticsearch_os_load5,3.1
2023/4/13 13:48,1681364927,cc-cc408-hya,data-node-17,9.9.2.154,elasticsearch_os_load5,3.12
2023/4/13 13:49,1681364987,cc-cc408-hya,data-node-17,9.9.2.154,elasticsearch_os_load5,3.27
2023/4/13 13:50,1681365047,cc-cc408-hya,data-node-17,9.9.2.154,elasticsearch_os_load5,3.14
2023/4/13 13:51,1681365107,cc-cc408-hya,data-node-17,9.9.2.154,elasticsearch_os_load5,3.25
2023/4/13 13:52,1681365167,cc-cc408-hya,data-node-17,9.9.2.154,elasticsearch_os_load5,3.1
2023/4/13 13:53,1681365227,cc-cc408-hya,data-node-17,9.9.2.154,elasticsearch_os_load5,3.23
2023/4/13 13:54,1681365287,cc-cc408-hya,data-node-17,9.9.2.154,elasticsearch_os_load5,3.45
2023/4/13 13:55,1681365347,cc-cc408-hya,data-node-17,9.9.2.154,elasticsearch_os_load5,3.53
2023/4/13 13:56,1681365407,cc-cc408-hya,data-node-17,9.9.2.154,elasticsearch_os_load5,3.91
2023/4/13 13:57,1681365467,cc-cc408-hya,data-node-17,9.9.2.154,elasticsearch_os_load5,3.73
2023/4/13 13:58,1681365527,cc-cc408-hya,data-node-17,9.9.2.154,elasticsearch_os_load5,3.73
2023/4/13 13:59,1681365587,cc-cc408-hya,data-node-17,9.9.2.154,elasticsearch_os_load5,4.1
2023/4/13 14:00,1681365647,cc-cc408-hya,data-node-17,9.9.2.154,elasticsearch_os_load5,4.28
2023/4/13 14:01,1681365707,cc-cc408-hya,data-node-17,9.9.2.154,elasticsearch_os_load5,4.12
2023/4/13 14:02,1681365767,cc-cc408-hya,data-node-17,9.9.2.154,elasticsearch_os_load5,4.2
2023/4/13 14:03,1681365827,cc-cc408-hya,data-node-17,9.9.2.154,elasticsearch_os_load5,4.14
2023/4/13 14:04,1681365887,cc-cc408-hya,data-node-17,9.9.2.154,elasticsearch_os_load5,3.96
2023/4/13 14:05,1681365947,cc-cc408-hya,data-node-17,9.9.2.154,elasticsearch_os_load5,4
2023/4/13 14:06,1681366007,cc-cc408-hya,data-node-17,9.9.2.154,elasticsearch_os_load5,3.95
2023/4/13 14:07,1681366067,cc-cc408-hya,data-node-17,9.9.2.154,elasticsearch_os_load5,3.99
2023/4/13 14:08,1681366127,cc-cc408-hya,data-node-17,9.9.2.154,elasticsearch_os_load5,4.06
2023/4/13 14:09,1681366187,cc-cc408-hya,data-node-17,9.9.2.154,elasticsearch_os_load5,3.85
2023/4/13 14:10,1681366247,cc-cc408-hya,data-node-17,9.9.2.154,elasticsearch_os_load5,3.97
2023/4/13 14:11,1681366307,cc-cc408-hya,data-node-17,9.9.2.154,elasticsearch_os_load5,4.02
2023/4/13 14:12,1681366367,cc-cc408-hya,data-node-17,9.9.2.154,elasticsearch_os_load5,3.92
2023/4/13 14:13,1681366427,cc-cc408-hya,data-node-17,9.9.2.154,elasticsearch_os_load5,4.08
2023/4/13 14:14,1681366487,cc-cc408-hya,data-node-17,9.9.2.154,elasticsearch_os_load5,3.94
2023/4/13 14:15,1681366547,cc-cc408-hya,data-node-17,9.9.2.154,elasticsearch_os_load5,3.99
2023/4/13 14:16,1681366607,cc-cc408-hya,data-node-17,9.9.2.154,elasticsearch_os_load5,3.99
2023/4/13 14:17,1681366667,cc-cc408-hya,data-node-17,9.9.2.154,elasticsearch_os_load5,3.75
2023/4/13 14:18,1681366727,cc-cc408-hya,data-node-17,9.9.2.154,elasticsearch_os_load5,3.88
2023/4/13 14:19,1681366787,cc-cc408-hya,data-node-17,9.9.2.154,elasticsearch_os_load5,3.96
2023/4/13 14:20,1681366847,cc-cc408-hya,data-node-17,9.9.2.154,elasticsearch_os_load5,4.7
2023/4/13 14:21,1681366907,cc-cc408-hya,data-node-17,9.9.2.154,elasticsearch_os_load5,4.67
2023/4/13 14:22,1681366967,cc-cc408-hya,data-node-17,9.9.2.154,elasticsearch_os_load5,4.41
2023/4/13 14:23,1681367027,cc-cc408-hya,data-node-17,9.9.2.154,elasticsearch_os_load5,4.33
2023/4/13 14:24,1681367087,cc-cc408-hya,data-node-17,9.9.2.154,elasticsearch_os_load5,4.3
2023/4/13 14:25,1681367147,cc-cc408-hya,data-node-17,9.9.2.154,elasticsearch_os_load5,4.22
2023/4/13 14:26,1681367207,cc-cc408-hya,data-node-17,9.9.2.154,elasticsearch_os_load5,4.15
2023/4/13 14:27,1681367267,cc-cc408-hya,data-node-17,9.9.2.154,elasticsearch_os_load5,4.12
2023/4/13 14:28,1681367327,cc-cc408-hya,data-node-17,9.9.2.154,elasticsearch_os_load5,4.14
2023/4/13 14:29,1681367387,cc-cc408-hya,data-node-17,9.9.2.154,elasticsearch_os_load5,4.23
2023/4/13 14:30,1681367447,cc-cc408-hya,data-node-17,9.9.2.154,elasticsearch_os_load5,4.26
2023/4/13 14:31,1681367507,cc-cc408-hya,data-node-17,9.9.2.154,elasticsearch_os_load5,4.11
2023/4/13 14:32,1681367567,cc-cc408-hya,data-node-17,9.9.2.154,elasticsearch_os_load5,4.18
2023/4/13 14:33,1681367627,cc-cc408-hya,data-node-17,9.9.2.154,elasticsearch_os_load5,4.2
2023/4/13 14:34,1681367687,cc-cc408-hya,data-node-17,9.9.2.154,elasticsearch_os_load5,4.26
2023/4/13 14:35,1681367747,cc-cc408-hya,data-node-17,9.9.2.154,elasticsearch_os_load5,4.15
2023/4/13 14:36,1681367807,cc-cc408-hya,data-node-17,9.9.2.154,elasticsearch_os_load5,4.32
2023/4/13 14:37,1681367867,cc-cc408-hya,data-node-17,9.9.2.154,elasticsearch_os_load5,4.38
2023/4/13 14:38,1681367927,cc-cc408-hya,data-node-17,9.9.2.154,elasticsearch_os_load5,4.41
2023/4/13 14:39,1681367987,cc-cc408-hya,data-node-17,9.9.2.154,elasticsearch_os_load5,4.12
2023/4/13 14:40,1681368047,cc-cc408-hya,data-node-17,9.9.2.154,elasticsearch_os_load5,3.91
2023/4/13 14:41,1681368107,cc-cc408-hya,data-node-17,9.9.2.154,elasticsearch_os_load5,4.19
2023/4/13 14:42,1681368167,cc-cc408-hya,data-node-17,9.9.2.154,elasticsearch_os_load5,4.01
2023/4/13 14:43,1681368227,cc-cc408-hya,data-node-17,9.9.2.154,elasticsearch_os_load5,4
2023/4/13 14:44,1681368287,cc-cc408-hya,data-node-17,9.9.2.154,elasticsearch_os_load5,3.95
2023/4/13 14:45,1681368347,cc-cc408-hya,data-node-17,9.9.2.154,elasticsearch_os_load5,4.17
2023/4/13 14:46,1681368407,cc-cc408-hya,data-node-17,9.9.2.154,elasticsearch_os_load5,4.33
2023/4/13 14:47,1681368467,cc-cc408-hya,data-node-17,9.9.2.154,elasticsearch_os_load5,4.63
2023/4/13 14:48,1681368527,cc-cc408-hya,data-node-17,9.9.2.154,elasticsearch_os_load5,4.48
2023/4/13 14:49,1681368587,cc-cc408-hya,data-node-17,9.9.2.154,elasticsearch_os_load5,4.32
2023/4/13 14:50,1681368647,cc-cc408-hya,data-node-17,9.9.2.154,elasticsearch_os_load5,5.22
2023/4/13 14:51,1681368707,cc-cc408-hya,data-node-17,9.9.2.154,elasticsearch_os_load5,4.96
2023/4/13 14:52,1681368767,cc-cc408-hya,data-node-17,9.9.2.154,elasticsearch_os_load5,5.54
2023/4/13 14:53,1681368827,cc-cc408-hya,data-node-17,9.9.2.154,elasticsearch_os_load5,5.25
2023/4/13 14:54,1681368887,cc-cc408-hya,data-node-17,9.9.2.154,elasticsearch_os_load5,5.58
2023/4/13 14:55,1681368947,cc-cc408-hya,data-node-17,9.9.2.154,elasticsearch_os_load5,5.26
2023/4/13 14:56,1681369007,cc-cc408-hya,data-node-17,9.9.2.154,elasticsearch_os_load5,5.72
2023/4/13 14:57,1681369067,cc-cc408-hya,data-node-17,9.9.2.154,elasticsearch_os_load5,5.41
2023/4/13 14:58,1681369127,cc-cc408-hya,data-node-17,9.9.2.154,elasticsearch_os_load5,4.79
2023/4/13 14:59,1681369187,cc-cc408-hya,data-node-17,9.9.2.154,elasticsearch_os_load5,4.69
2023/4/13 15:00,1681369247,cc-cc408-hya,data-node-17,9.9.2.154,elasticsearch_os_load5,4.51
2023/4/13 15:01,1681369307,cc-cc408-hya,data-node-17,9.9.2.154,elasticsearch_os_load5,4.52
2023/4/13 15:02,1681369367,cc-cc408-hya,data-node-17,9.9.2.154,elasticsearch_os_load5,4.59
2023/4/13 15:03,1681369427,cc-cc408-hya,data-node-17,9.9.2.154,elasticsearch_os_load5,4.96
2023/4/13 15:04,1681369487,cc-cc408-hya,data-node-17,9.9.2.154,elasticsearch_os_load5,5.01
2023/4/13 15:05,1681369547,cc-cc408-hya,data-node-17,9.9.2.154,elasticsearch_os_load5,5.37
2023/4/13 15:06,1681369607,cc-cc408-hya,data-node-17,9.9.2.154,elasticsearch_os_load5,5.04
2023/4/13 15:07,1681369667,cc-cc408-hya,data-node-17,9.9.2.154,elasticsearch_os_load5,5.05
2023/4/13 15:08,1681369727,cc-cc408-hya,data-node-17,9.9.2.154,elasticsearch_os_load5,4.99
2023/4/13 15:09,1681369787,cc-cc408-hya,data-node-17,9.9.2.154,elasticsearch_os_load5,4.94
2023/4/13 15:10,1681369847,cc-cc408-hya,data-node-17,9.9.2.154,elasticsearch_os_load5,4.71
2023/4/13 15:11,1681369907,cc-cc408-hya,data-node-17,9.9.2.154,elasticsearch_os_load5,4.65
2023/4/13 15:12,1681369967,cc-cc408-hya,data-node-17,9.9.2.154,elasticsearch_os_load5,4.47
2023/4/13 15:13,1681370027,cc-cc408-hya,data-node-17,9.9.2.154,elasticsearch_os_load5,4.54
2023/4/13 15:14,1681370087,cc-cc408-hya,data-node-17,9.9.2.154,elasticsearch_os_load5,4.9
2023/4/13 15:15,1681370147,cc-cc408-hya,data-node-17,9.9.2.154,elasticsearch_os_load5,4.55
2023/4/13 15:16,1681370207,cc-cc408-hya,data-node-17,9.9.2.154,elasticsearch_os_load5,4.42
2023/4/13 15:17,1681370267,cc-cc408-hya,data-node-17,9.9.2.154,elasticsearch_os_load5,4.4
2023/4/13 15:18,1681370327,cc-cc408-hya,data-node-17,9.9.2.154,elasticsearch_os_load5,4.12
2023/4/13 15:19,1681370387,cc-cc408-hya,data-node-17,9.9.2.154,elasticsearch_os_load5,3.9
2023/4/13 15:20,1681370447,cc-cc408-hya,data-node-17,9.9.2.154,elasticsearch_os_load5,4.14
2023/4/13 15:21,1681370507,cc-cc408-hya,data-node-17,9.9.2.154,elasticsearch_os_load5,4.16
2023/4/13 15:22,1681370567,cc-cc408-hya,data-node-17,9.9.2.154,elasticsearch_os_load5,4.18
2023/4/13 15:23,1681370627,cc-cc408-hya,data-node-17,9.9.2.154,elasticsearch_os_load5,4.79
2023/4/13 15:24,1681370687,cc-cc408-hya,data-node-17,9.9.2.154,elasticsearch_os_load5,4.58
2023/4/13 15:25,1681370747,cc-cc408-hya,data-node-17,9.9.2.154,elasticsearch_os_load5,4.57
2023/4/13 15:26,1681370807,cc-cc408-hya,data-node-17,9.9.2.154,elasticsearch_os_load5,4.59
2023/4/13 15:27,1681370867,cc-cc408-hya,data-node-17,9.9.2.154,elasticsearch_os_load5,4.52
2023/4/13 15:28,1681370927,cc-cc408-hya,data-node-17,9.9.2.154,elasticsearch_os_load5,4.83
2023/4/13 15:29,1681370987,cc-cc408-hya,data-node-17,9.9.2.154,elasticsearch_os_load5,4.88
2023/4/13 15:30,1681371047,cc-cc408-hya,data-node-17,9.9.2.154,elasticsearch_os_load5,4.86
2023/4/13 15:31,1681371107,cc-cc408-hya,data-node-17,9.9.2.154,elasticsearch_os_load5,4.85
2023/4/13 15:32,1681371167,cc-cc408-hya,data-node-17,9.9.2.154,elasticsearch_os_load5,4.95
2023/4/13 15:33,1681371227,cc-cc408-hya,data-node-17,9.9.2.154,elasticsearch_os_load5,4.88
2023/4/13 15:34,1681371287,cc-cc408-hya,data-node-17,9.9.2.154,elasticsearch_os_load5,4.67
2023/4/13 15:35,1681371347,cc-cc408-hya,data-node-17,9.9.2.154,elasticsearch_os_load5,4.59
2023/4/13 15:36,1681371407,cc-cc408-hya,data-node-17,9.9.2.154,elasticsearch_os_load5,4.65
2023/4/13 15:37,1681371467,cc-cc408-hya,data-node-17,9.9.2.154,elasticsearch_os_load5,4.56
2023/4/13 15:38,1681371527,cc-cc408-hya,data-node-17,9.9.2.154,elasticsearch_os_load5,4.45
2023/4/13 15:39,1681371587,cc-cc408-hya,data-node-17,9.9.2.154,elasticsearch_os_load5,4.65
2023/4/13 15:40,1681371647,cc-cc408-hya,data-node-17,9.9.2.154,elasticsearch_os_load5,4.86
2023/4/13 15:41,1681371707,cc-cc408-hya,data-node-17,9.9.2.154,elasticsearch_os_load5,4.6
2023/4/13 15:42,1681371767,cc-cc408-hya,data-node-17,9.9.2.154,elasticsearch_os_load5,4.8
2023/4/13 15:43,1681371827,cc-cc408-hya,data-node-17,9.9.2.154,elasticsearch_os_load5,4.91
2023/4/13 15:44,1681371887,cc-cc408-hya,data-node-17,9.9.2.154,elasticsearch_os_load5,4.98
2023/4/13 15:45,1681371947,cc-cc408-hya,data-node-17,9.9.2.154,elasticsearch_os_load5,4.96
2023/4/13 15:46,1681372007,cc-cc408-hya,data-node-17,9.9.2.154,elasticsearch_os_load5,4.97
2023/4/13 15:47,1681372067,cc-cc408-hya,data-node-17,9.9.2.154,elasticsearch_os_load5,4.86
2023/4/13 15:48,1681372127,cc-cc408-hya,data-node-17,9.9.2.154,elasticsearch_os_load5,4.74
2023/4/13 15:49,1681372187,cc-cc408-hya,data-node-17,9.9.2.154,elasticsearch_os_load5,4.62
2023/4/13 15:50,1681372247,cc-cc408-hya,data-node-17,9.9.2.154,elasticsearch_os_load5,4.32
2023/4/13 15:51,1681372307,cc-cc408-hya,data-node-17,9.9.2.154,elasticsearch_os_load5,4.4
2023/4/13 15:52,1681372367,cc-cc408-hya,data-node-17,9.9.2.154,elasticsearch_os_load5,4.27
2023/4/13 15:53,1681372427,cc-cc408-hya,data-node-17,9.9.2.154,elasticsearch_os_load5,4.22
2023/4/13 15:54,1681372487,cc-cc408-hya,data-node-17,9.9.2.154,elasticsearch_os_load5,4.19
2023/4/13 15:55,1681372547,cc-cc408-hya,data-node-17,9.9.2.154,elasticsearch_os_load5,4.21
2023/4/13 15:56,1681372607,cc-cc408-hya,data-node-17,9.9.2.154,elasticsearch_os_load5,4.61
2023/4/13 15:57,1681372667,cc-cc408-hya,data-node-17,9.9.2.154,elasticsearch_os_load5,4.53
2023/4/13 15:58,1681372727,cc-cc408-hya,data-node-17,9.9.2.154,elasticsearch_os_load5,4.75
2023/4/13 15:59,1681372787,cc-cc408-hya,data-node-17,9.9.2.154,elasticsearch_os_load5,5.13
2023/4/13 16:00,1681372847,cc-cc408-hya,data-node-17,9.9.2.154,elasticsearch_os_load5,5.08
2023/4/13 16:01,1681372907,cc-cc408-hya,data-node-17,9.9.2.154,elasticsearch_os_load5,4.99
2023/4/13 16:02,1681372967,cc-cc408-hya,data-node-17,9.9.2.154,elasticsearch_os_load5,4.81
2023/4/13 16:03,1681373027,cc-cc408-hya,data-node-17,9.9.2.154,elasticsearch_os_load5,4.68
2023/4/13 16:04,1681373087,cc-cc408-hya,data-node-17,9.9.2.154,elasticsearch_os_load5,4.9
2023/4/13 16:05,1681373147,cc-cc408-hya,data-node-17,9.9.2.154,elasticsearch_os_load5,4.81
2023/4/13 16:06,1681373207,cc-cc408-hya,data-node-17,9.9.2.154,elasticsearch_os_load5,4.77
2023/4/13 16:07,1681373267,cc-cc408-hya,data-node-17,9.9.2.154,elasticsearch_os_load5,4.88
2023/4/13 16:08,1681373327,cc-cc408-hya,data-node-17,9.9.2.154,elasticsearch_os_load5,4.95
2023/4/13 16:09,1681373387,cc-cc408-hya,data-node-17,9.9.2.154,elasticsearch_os_load5,4.78
2023/4/13 16:10,1681373447,cc-cc408-hya,data-node-17,9.9.2.154,elasticsearch_os_load5,4.97
2023/4/13 16:11,1681373507,cc-cc408-hya,data-node-17,9.9.2.154,elasticsearch_os_load5,5.35
2023/4/13 16:12,1681373567,cc-cc408-hya,data-node-17,9.9.2.154,elasticsearch_os_load5,5.5
2023/4/13 16:13,1681373627,cc-cc408-hya,data-node-17,9.9.2.154,elasticsearch_os_load5,5.51
2023/4/13 16:14,1681373687,cc-cc408-hya,data-node-17,9.9.2.154,elasticsearch_os_load5,5.25
2023/4/13 16:15,1681373747,cc-cc408-hya,data-node-17,9.9.2.154,elasticsearch_os_load5,5.1
2023/4/13 16:16,1681373807,cc-cc408-hya,data-node-17,9.9.2.154,elasticsearch_os_load5,5.32
2023/4/13 16:17,1681373867,cc-cc408-hya,data-node-17,9.9.2.154,elasticsearch_os_load5,5.27
2023/4/13 16:18,1681373927,cc-cc408-hya,data-node-17,9.9.2.154,elasticsearch_os_load5,5.04
2023/4/13 16:19,1681373987,cc-cc408-hya,data-node-17,9.9.2.154,elasticsearch_os_load5,5.08
2023/4/13 16:20,1681374047,cc-cc408-hya,data-node-17,9.9.2.154,elasticsearch_os_load5,4.93
2023/4/13 16:21,1681374107,cc-cc408-hya,data-node-17,9.9.2.154,elasticsearch_os_load5,5.03
2023/4/13 16:22,1681374167,cc-cc408-hya,data-node-17,9.9.2.154,elasticsearch_os_load5,4.91
2023/4/13 16:23,1681374227,cc-cc408-hya,data-node-17,9.9.2.154,elasticsearch_os_load5,4.86
2023/4/13 16:24,1681374287,cc-cc408-hya,data-node-17,9.9.2.154,elasticsearch_os_load5,4.77
2023/4/13 16:25,1681374347,cc-cc408-hya,data-node-17,9.9.2.154,elasticsearch_os_load5,4.83
2023/4/13 16:26,1681374407,cc-cc408-hya,data-node-17,9.9.2.154,elasticsearch_os_load5,4.85
2023/4/13 16:27,1681374467,cc-cc408-hya,data-node-17,9.9.2.154,elasticsearch_os_load5,4.81
2023/4/13 16:28,1681374527,cc-cc408-hya,data-node-17,9.9.2.154,elasticsearch_os_load5,5.38
2023/4/13 16:29,1681374587,cc-cc408-hya,data-node-17,9.9.2.154,elasticsearch_os_load5,5.31
2023/4/13 16:30,1681374647,cc-cc408-hya,data-node-17,9.9.2.154,elasticsearch_os_load5,5.43
2023/4/13 16:31,1681374707,cc-cc408-hya,data-node-17,9.9.2.154,elasticsearch_os_load5,5.17
2023/4/13 16:32,1681374767,cc-cc408-hya,data-node-17,9.9.2.154,elasticsearch_os_load5,5.03
2023/4/13 16:33,1681374827,cc-cc408-hya,data-node-17,9.9.2.154,elasticsearch_os_load5,4.81
2023/4/13 16:34,1681374887,cc-cc408-hya,data-node-17,9.9.2.154,elasticsearch_os_load5,5.49
2023/4/13 16:35,1681374947,cc-cc408-hya,data-node-17,9.9.2.154,elasticsearch_os_load5,5.1
2023/4/13 16:36,1681375007,cc-cc408-hya,data-node-17,9.9.2.154,elasticsearch_os_load5,4.87
2023/4/13 16:37,1681375067,cc-cc408-hya,data-node-17,9.9.2.154,elasticsearch_os_load5,4.84
2023/4/13 16:38,1681375127,cc-cc408-hya,data-node-17,9.9.2.154,elasticsearch_os_load5,5.27
2023/4/13 16:39,1681375187,cc-cc408-hya,data-node-17,9.9.2.154,elasticsearch_os_load5,5.18
2023/4/13 16:40,1681375247,cc-cc408-hya,data-node-17,9.9.2.154,elasticsearch_os_load5,5.25
2023/4/13 16:41,1681375307,cc-cc408-hya,data-node-17,9.9.2.154,elasticsearch_os_load5,5.31
2023/4/13 16:42,1681375367,cc-cc408-hya,data-node-17,9.9.2.154,elasticsearch_os_load5,5.34
2023/4/13 16:43,1681375427,cc-cc408-hya,data-node-17,9.9.2.154,elasticsearch_os_load5,5.4
2023/4/13 16:44,1681375487,cc-cc408-hya,data-node-17,9.9.2.154,elasticsearch_os_load5,5.56
2023/4/13 16:45,1681375547,cc-cc408-hya,data-node-17,9.9.2.154,elasticsearch_os_load5,5.31
2023/4/13 16:46,1681375607,cc-cc408-hya,data-node-17,9.9.2.154,elasticsearch_os_load5,5.11
2023/4/13 16:47,1681375667,cc-cc408-hya,data-node-17,9.9.2.154,elasticsearch_os_load5,4.82
2023/4/13 16:48,1681375727,cc-cc408-hya,data-node-17,9.9.2.154,elasticsearch_os_load5,4.63
2023/4/13 16:49,1681375787,cc-cc408-hya,data-node-17,9.9.2.154,elasticsearch_os_load5,4.83
2023/4/13 16:50,1681375847,cc-cc408-hya,data-node-17,9.9.2.154,elasticsearch_os_load5,4.8
2023/4/13 16:51,1681375907,cc-cc408-hya,data-node-17,9.9.2.154,elasticsearch_os_load5,4.79
2023/4/13 16:52,1681375967,cc-cc408-hya,data-node-17,9.9.2.154,elasticsearch_os_load5,5.3
2023/4/13 16:53,1681376027,cc-cc408-hya,data-node-17,9.9.2.154,elasticsearch_os_load5,5.59
2023/4/13 16:54,1681376087,cc-cc408-hya,data-node-17,9.9.2.154,elasticsearch_os_load5,5.67
2023/4/13 16:55,1681376147,cc-cc408-hya,data-node-17,9.9.2.154,elasticsearch_os_load5,6
2023/4/13 16:56,1681376207,cc-cc408-hya,data-node-17,9.9.2.154,elasticsearch_os_load5,5.84
2023/4/13 16:57,1681376267,cc-cc408-hya,data-node-17,9.9.2.154,elasticsearch_os_load5,6.02
2023/4/13 16:58,1681376327,cc-cc408-hya,data-node-17,9.9.2.154,elasticsearch_os_load5,5.8
2023/4/13 16:59,1681376387,cc-cc408-hya,data-node-17,9.9.2.154,elasticsearch_os_load5,5.58
2023/4/13 17:00,1681376447,cc-cc408-hya,data-node-17,9.9.2.154,elasticsearch_os_load5,5.26
2023/4/13 17:01,1681376507,cc-cc408-hya,data-node-17,9.9.2.154,elasticsearch_os_load5,5.22
2023/4/13 17:02,1681376567,cc-cc408-hya,data-node-17,9.9.2.154,elasticsearch_os_load5,5.44
2023/4/13 17:03,1681376627,cc-cc408-hya,data-node-17,9.9.2.154,elasticsearch_os_load5,5.52
2023/4/13 17:04,1681376687,cc-cc408-hya,data-node-17,9.9.2.154,elasticsearch_os_load5,5.79
2023/4/13 17:05,1681376747,cc-cc408-hya,data-node-17,9.9.2.154,elasticsearch_os_load5,5.43
2023/4/13 17:06,1681376807,cc-cc408-hya,data-node-17,9.9.2.154,elasticsearch_os_load5,5.15
2023/4/13 17:07,1681376867,cc-cc408-hya,data-node-17,9.9.2.154,elasticsearch_os_load5,5.41
2023/4/13 17:08,1681376927,cc-cc408-hya,data-node-17,9.9.2.154,elasticsearch_os_load5,5.25
2023/4/13 17:09,1681376987,cc-cc408-hya,data-node-17,9.9.2.154,elasticsearch_os_load5,5.22
2023/4/13 17:10,1681377047,cc-cc408-hya,data-node-17,9.9.2.154,elasticsearch_os_load5,5.42
2023/4/13 17:11,1681377107,cc-cc408-hya,data-node-17,9.9.2.154,elasticsearch_os_load5,5.54
2023/4/13 17:12,1681377167,cc-cc408-hya,data-node-17,9.9.2.154,elasticsearch_os_load5,5.25
2023/4/13 17:13,1681377227,cc-cc408-hya,data-node-17,9.9.2.154,elasticsearch_os_load5,5.3
2023/4/13 17:14,1681377287,cc-cc408-hya,data-node-17,9.9.2.154,elasticsearch_os_load5,5.09
2023/4/13 17:15,1681377347,cc-cc408-hya,data-node-17,9.9.2.154,elasticsearch_os_load5,4.95
2023/4/13 17:16,1681377407,cc-cc408-hya,data-node-17,9.9.2.154,elasticsearch_os_load5,4.82
2023/4/13 17:17,1681377467,cc-cc408-hya,data-node-17,9.9.2.154,elasticsearch_os_load5,4.72
2023/4/13 17:18,1681377527,cc-cc408-hya,data-node-17,9.9.2.154,elasticsearch_os_load5,4.84
2023/4/13 17:19,1681377587,cc-cc408-hya,data-node-17,9.9.2.154,elasticsearch_os_load5,4.94
2023/4/13 17:20,1681377647,cc-cc408-hya,data-node-17,9.9.2.154,elasticsearch_os_load5,5.08
2023/4/13 17:21,1681377707,cc-cc408-hya,data-node-17,9.9.2.154,elasticsearch_os_load5,5.51
2023/4/13 17:22,1681377767,cc-cc408-hya,data-node-17,9.9.2.154,elasticsearch_os_load5,5.2
2023/4/13 17:23,1681377827,cc-cc408-hya,data-node-17,9.9.2.154,elasticsearch_os_load5,5.38
2023/4/13 17:24,1681377887,cc-cc408-hya,data-node-17,9.9.2.154,elasticsearch_os_load5,5.26
2023/4/13 17:25,1681377947,cc-cc408-hya,data-node-17,9.9.2.154,elasticsearch_os_load5,5.25
2023/4/13 17:26,1681378007,cc-cc408-hya,data-node-17,9.9.2.154,elasticsearch_os_load5,5.4
2023/4/13 17:27,1681378067,cc-cc408-hya,data-node-17,9.9.2.154,elasticsearch_os_load5,6.03
2023/4/13 17:28,1681378127,cc-cc408-hya,data-node-17,9.9.2.154,elasticsearch_os_load5,5.52
2023/4/13 17:29,1681378187,cc-cc408-hya,data-node-17,9.9.2.154,elasticsearch_os_load5,6.24
2023/4/13 17:30,1681378247,cc-cc408-hya,data-node-17,9.9.2.154,elasticsearch_os_load5,6.23
2023/4/12 17:30,1681291847,cc-cc408-hya,data-node-05,9.9.2.157,elasticsearch_os_load5,6.21
2023/4/12 17:31,1681291907,cc-cc408-hya,data-node-05,9.9.2.157,elasticsearch_os_load5,6.05
2023/4/12 17:32,1681291967,cc-cc408-hya,data-node-05,9.9.2.157,elasticsearch_os_load5,6.15
2023/4/12 17:33,1681292027,cc-cc408-hya,data-node-05,9.9.2.157,elasticsearch_os_load5,5.95
2023/4/12 17:34,1681292087,cc-cc408-hya,data-node-05,9.9.2.157,elasticsearch_os_load5,5.99
2023/4/12 17:35,1681292147,cc-cc408-hya,data-node-05,9.9.2.157,elasticsearch_os_load5,5.94
2023/4/12 17:36,1681292207,cc-cc408-hya,data-node-05,9.9.2.157,elasticsearch_os_load5,5.51
2023/4/12 17:37,1681292267,cc-cc408-hya,data-node-05,9.9.2.157,elasticsearch_os_load5,5.39
2023/4/12 17:38,1681292327,cc-cc408-hya,data-node-05,9.9.2.157,elasticsearch_os_load5,5.57
2023/4/12 17:39,1681292387,cc-cc408-hya,data-node-05,9.9.2.157,elasticsearch_os_load5,5.4
2023/4/12 17:40,1681292447,cc-cc408-hya,data-node-05,9.9.2.157,elasticsearch_os_load5,5.57
2023/4/12 17:41,1681292507,cc-cc408-hya,data-node-05,9.9.2.157,elasticsearch_os_load5,5.64
2023/4/12 17:42,1681292567,cc-cc408-hya,data-node-05,9.9.2.157,elasticsearch_os_load5,5.81
2023/4/12 17:43,1681292627,cc-cc408-hya,data-node-05,9.9.2.157,elasticsearch_os_load5,5.65
2023/4/12 17:44,1681292687,cc-cc408-hya,data-node-05,9.9.2.157,elasticsearch_os_load5,5.72
2023/4/12 17:45,1681292747,cc-cc408-hya,data-node-05,9.9.2.157,elasticsearch_os_load5,5.83
2023/4/12 17:46,1681292807,cc-cc408-hya,data-node-05,9.9.2.157,elasticsearch_os_load5,5.87
2023/4/12 17:47,1681292867,cc-cc408-hya,data-node-05,9.9.2.157,elasticsearch_os_load5,5.71
2023/4/12 17:48,1681292927,cc-cc408-hya,data-node-05,9.9.2.157,elasticsearch_os_load5,5.73
2023/4/12 17:49,1681292987,cc-cc408-hya,data-node-05,9.9.2.157,elasticsearch_os_load5,5.54
2023/4/12 17:50,1681293047,cc-cc408-hya,data-node-05,9.9.2.157,elasticsearch_os_load5,5.39
2023/4/12 17:51,1681293107,cc-cc408-hya,data-node-05,9.9.2.157,elasticsearch_os_load5,5.33
2023/4/12 17:52,1681293167,cc-cc408-hya,data-node-05,9.9.2.157,elasticsearch_os_load5,5.2
2023/4/12 17:53,1681293227,cc-cc408-hya,data-node-05,9.9.2.157,elasticsearch_os_load5,5.48
2023/4/12 17:54,1681293287,cc-cc408-hya,data-node-05,9.9.2.157,elasticsearch_os_load5,5.21
2023/4/12 17:55,1681293347,cc-cc408-hya,data-node-05,9.9.2.157,elasticsearch_os_load5,5.33
2023/4/12 17:56,1681293407,cc-cc408-hya,data-node-05,9.9.2.157,elasticsearch_os_load5,5.42
2023/4/12 17:57,1681293467,cc-cc408-hya,data-node-05,9.9.2.157,elasticsearch_os_load5,5.31
2023/4/12 17:58,1681293527,cc-cc408-hya,data-node-05,9.9.2.157,elasticsearch_os_load5,5.4
2023/4/12 17:59,1681293587,cc-cc408-hya,data-node-05,9.9.2.157,elasticsearch_os_load5,5.61
2023/4/12 18:00,1681293647,cc-cc408-hya,data-node-05,9.9.2.157,elasticsearch_os_load5,5.67
2023/4/12 18:01,1681293707,cc-cc408-hya,data-node-05,9.9.2.157,elasticsearch_os_load5,5.99
2023/4/12 18:02,1681293767,cc-cc408-hya,data-node-05,9.9.2.157,elasticsearch_os_load5,6.19
2023/4/12 18:03,1681293827,cc-cc408-hya,data-node-05,9.9.2.157,elasticsearch_os_load5,6.27
2023/4/12 18:04,1681293887,cc-cc408-hya,data-node-05,9.9.2.157,elasticsearch_os_load5,6.1
2023/4/12 18:05,1681293947,cc-cc408-hya,data-node-05,9.9.2.157,elasticsearch_os_load5,5.92
2023/4/12 18:06,1681294007,cc-cc408-hya,data-node-05,9.9.2.157,elasticsearch_os_load5,6.23
2023/4/12 18:07,1681294067,cc-cc408-hya,data-node-05,9.9.2.157,elasticsearch_os_load5,6.09
2023/4/12 18:08,1681294127,cc-cc408-hya,data-node-05,9.9.2.157,elasticsearch_os_load5,5.72
2023/4/12 18:09,1681294187,cc-cc408-hya,data-node-05,9.9.2.157,elasticsearch_os_load5,5.5
2023/4/12 18:10,1681294247,cc-cc408-hya,data-node-05,9.9.2.157,elasticsearch_os_load5,5.66
2023/4/12 18:11,1681294307,cc-cc408-hya,data-node-05,9.9.2.157,elasticsearch_os_load5,5.57
2023/4/12 18:12,1681294367,cc-cc408-hya,data-node-05,9.9.2.157,elasticsearch_os_load5,5.34
2023/4/12 18:13,1681294427,cc-cc408-hya,data-node-05,9.9.2.157,elasticsearch_os_load5,5.31
2023/4/12 18:14,1681294487,cc-cc408-hya,data-node-05,9.9.2.157,elasticsearch_os_load5,5.58
2023/4/12 18:15,1681294547,cc-cc408-hya,data-node-05,9.9.2.157,elasticsearch_os_load5,5.64
2023/4/12 18:16,1681294607,cc-cc408-hya,data-node-05,9.9.2.157,elasticsearch_os_load5,5.67
2023/4/12 18:17,1681294667,cc-cc408-hya,data-node-05,9.9.2.157,elasticsearch_os_load5,5.32
2023/4/12 18:18,1681294727,cc-cc408-hya,data-node-05,9.9.2.157,elasticsearch_os_load5,5.24
2023/4/12 18:19,1681294787,cc-cc408-hya,data-node-05,9.9.2.157,elasticsearch_os_load5,5.15
2023/4/12 18:20,1681294847,cc-cc408-hya,data-node-05,9.9.2.157,elasticsearch_os_load5,4.97
2023/4/12 18:21,1681294907,cc-cc408-hya,data-node-05,9.9.2.157,elasticsearch_os_load5,5.75
2023/4/12 18:22,1681294967,cc-cc408-hya,data-node-05,9.9.2.157,elasticsearch_os_load5,5.64
2023/4/12 18:23,1681295027,cc-cc408-hya,data-node-05,9.9.2.157,elasticsearch_os_load5,5.34
2023/4/12 18:24,1681295087,cc-cc408-hya,data-node-05,9.9.2.157,elasticsearch_os_load5,5.14
2023/4/12 18:25,1681295147,cc-cc408-hya,data-node-05,9.9.2.157,elasticsearch_os_load5,5.33
2023/4/12 18:26,1681295207,cc-cc408-hya,data-node-05,9.9.2.157,elasticsearch_os_load5,5.53
2023/4/12 18:27,1681295267,cc-cc408-hya,data-node-05,9.9.2.157,elasticsearch_os_load5,5.86
2023/4/12 18:28,1681295327,cc-cc408-hya,data-node-05,9.9.2.157,elasticsearch_os_load5,5.67
2023/4/12 18:29,1681295387,cc-cc408-hya,data-node-05,9.9.2.157,elasticsearch_os_load5,5.39
2023/4/12 18:30,1681295447,cc-cc408-hya,data-node-05,9.9.2.157,elasticsearch_os_load5,5.36
2023/4/12 18:31,1681295507,cc-cc408-hya,data-node-05,9.9.2.157,elasticsearch_os_load5,5.01
2023/4/12 18:32,1681295567,cc-cc408-hya,data-node-05,9.9.2.157,elasticsearch_os_load5,5.02
2023/4/12 18:33,1681295627,cc-cc408-hya,data-node-05,9.9.2.157,elasticsearch_os_load5,4.68
2023/4/12 18:34,1681295687,cc-cc408-hya,data-node-05,9.9.2.157,elasticsearch_os_load5,4.55
2023/4/12 18:35,1681295747,cc-cc408-hya,data-node-05,9.9.2.157,elasticsearch_os_load5,4.66
2023/4/12 18:36,1681295807,cc-cc408-hya,data-node-05,9.9.2.157,elasticsearch_os_load5,4.79
2023/4/12 18:37,1681295867,cc-cc408-hya,data-node-05,9.9.2.157,elasticsearch_os_load5,5.51
2023/4/12 18:38,1681295927,cc-cc408-hya,data-node-05,9.9.2.157,elasticsearch_os_load5,5.07
2023/4/12 18:39,1681295987,cc-cc408-hya,data-node-05,9.9.2.157,elasticsearch_os_load5,4.94
2023/4/12 18:40,1681296047,cc-cc408-hya,data-node-05,9.9.2.157,elasticsearch_os_load5,5.05
2023/4/12 18:41,1681296107,cc-cc408-hya,data-node-05,9.9.2.157,elasticsearch_os_load5,5.36
2023/4/12 18:42,1681296167,cc-cc408-hya,data-node-05,9.9.2.157,elasticsearch_os_load5,5.35
2023/4/12 18:43,1681296227,cc-cc408-hya,data-node-05,9.9.2.157,elasticsearch_os_load5,5.4
2023/4/12 18:44,1681296287,cc-cc408-hya,data-node-05,9.9.2.157,elasticsearch_os_load5,6.06
2023/4/12 18:45,1681296347,cc-cc408-hya,data-node-05,9.9.2.157,elasticsearch_os_load5,5.72
2023/4/12 18:46,1681296407,cc-cc408-hya,data-node-05,9.9.2.157,elasticsearch_os_load5,5.76
2023/4/12 18:47,1681296467,cc-cc408-hya,data-node-05,9.9.2.157,elasticsearch_os_load5,5.71
2023/4/12 18:48,1681296527,cc-cc408-hya,data-node-05,9.9.2.157,elasticsearch_os_load5,5.4
2023/4/12 18:49,1681296587,cc-cc408-hya,data-node-05,9.9.2.157,elasticsearch_os_load5,5.4
2023/4/12 18:50,1681296647,cc-cc408-hya,data-node-05,9.9.2.157,elasticsearch_os_load5,5.37
2023/4/12 18:51,1681296707,cc-cc408-hya,data-node-05,9.9.2.157,elasticsearch_os_load5,5.19
2023/4/12 18:52,1681296767,cc-cc408-hya,data-node-05,9.9.2.157,elasticsearch_os_load5,5.19
2023/4/12 18:53,1681296827,cc-cc408-hya,data-node-05,9.9.2.157,elasticsearch_os_load5,5.01
2023/4/12 18:54,1681296887,cc-cc408-hya,data-node-05,9.9.2.157,elasticsearch_os_load5,4.69
2023/4/12 18:55,1681296947,cc-cc408-hya,data-node-05,9.9.2.157,elasticsearch_os_load5,4.83
2023/4/12 18:56,1681297007,cc-cc408-hya,data-node-05,9.9.2.157,elasticsearch_os_load5,4.81
2023/4/12 18:57,1681297067,cc-cc408-hya,data-node-05,9.9.2.157,elasticsearch_os_load5,4.65
2023/4/12 18:58,1681297127,cc-cc408-hya,data-node-05,9.9.2.157,elasticsearch_os_load5,4.69
2023/4/12 18:59,1681297187,cc-cc408-hya,data-node-05,9.9.2.157,elasticsearch_os_load5,4.87
2023/4/12 19:00,1681297247,cc-cc408-hya,data-node-05,9.9.2.157,elasticsearch_os_load5,4.64
2023/4/12 19:01,1681297307,cc-cc408-hya,data-node-05,9.9.2.157,elasticsearch_os_load5,4.86
2023/4/12 19:02,1681297367,cc-cc408-hya,data-node-05,9.9.2.157,elasticsearch_os_load5,4.67
2023/4/12 19:03,1681297427,cc-cc408-hya,data-node-05,9.9.2.157,elasticsearch_os_load5,4.82
2023/4/12 19:04,1681297487,cc-cc408-hya,data-node-05,9.9.2.157,elasticsearch_os_load5,4.79
2023/4/12 19:05,1681297547,cc-cc408-hya,data-node-05,9.9.2.157,elasticsearch_os_load5,4.78
2023/4/12 19:06,1681297607,cc-cc408-hya,data-node-05,9.9.2.157,elasticsearch_os_load5,5.39
2023/4/12 19:07,1681297667,cc-cc408-hya,data-node-05,9.9.2.157,elasticsearch_os_load5,5.36
2023/4/12 19:08,1681297727,cc-cc408-hya,data-node-05,9.9.2.157,elasticsearch_os_load5,5.42
2023/4/12 19:09,1681297787,cc-cc408-hya,data-node-05,9.9.2.157,elasticsearch_os_load5,5.62
2023/4/12 19:10,1681297847,cc-cc408-hya,data-node-05,9.9.2.157,elasticsearch_os_load5,5.44
2023/4/12 19:11,1681297907,cc-cc408-hya,data-node-05,9.9.2.157,elasticsearch_os_load5,5.17
2023/4/12 19:12,1681297967,cc-cc408-hya,data-node-05,9.9.2.157,elasticsearch_os_load5,5.04
2023/4/12 19:13,1681298027,cc-cc408-hya,data-node-05,9.9.2.157,elasticsearch_os_load5,4.91
2023/4/12 19:14,1681298087,cc-cc408-hya,data-node-05,9.9.2.157,elasticsearch_os_load5,5.16
2023/4/12 19:15,1681298147,cc-cc408-hya,data-node-05,9.9.2.157,elasticsearch_os_load5,5.29
2023/4/12 19:16,1681298207,cc-cc408-hya,data-node-05,9.9.2.157,elasticsearch_os_load5,5.18
2023/4/12 19:17,1681298267,cc-cc408-hya,data-node-05,9.9.2.157,elasticsearch_os_load5,4.98
2023/4/12 19:18,1681298327,cc-cc408-hya,data-node-05,9.9.2.157,elasticsearch_os_load5,4.89
2023/4/12 19:19,1681298387,cc-cc408-hya,data-node-05,9.9.2.157,elasticsearch_os_load5,4.75
2023/4/12 19:20,1681298447,cc-cc408-hya,data-node-05,9.9.2.157,elasticsearch_os_load5,4.53
2023/4/12 19:21,1681298507,cc-cc408-hya,data-node-05,9.9.2.157,elasticsearch_os_load5,4.46
2023/4/12 19:22,1681298567,cc-cc408-hya,data-node-05,9.9.2.157,elasticsearch_os_load5,4.3
2023/4/12 19:23,1681298627,cc-cc408-hya,data-node-05,9.9.2.157,elasticsearch_os_load5,4.18
2023/4/12 19:24,1681298687,cc-cc408-hya,data-node-05,9.9.2.157,elasticsearch_os_load5,4.4
2023/4/12 19:25,1681298747,cc-cc408-hya,data-node-05,9.9.2.157,elasticsearch_os_load5,4.38
2023/4/12 19:26,1681298807,cc-cc408-hya,data-node-05,9.9.2.157,elasticsearch_os_load5,4.3
2023/4/12 19:27,1681298867,cc-cc408-hya,data-node-05,9.9.2.157,elasticsearch_os_load5,4.49
2023/4/12 19:28,1681298927,cc-cc408-hya,data-node-05,9.9.2.157,elasticsearch_os_load5,4.42
2023/4/12 19:29,1681298987,cc-cc408-hya,data-node-05,9.9.2.157,elasticsearch_os_load5,4.44
2023/4/12 19:30,1681299047,cc-cc408-hya,data-node-05,9.9.2.157,elasticsearch_os_load5,4.43
2023/4/12 19:31,1681299107,cc-cc408-hya,data-node-05,9.9.2.157,elasticsearch_os_load5,4.47
2023/4/12 19:32,1681299167,cc-cc408-hya,data-node-05,9.9.2.157,elasticsearch_os_load5,4.56
2023/4/12 19:33,1681299227,cc-cc408-hya,data-node-05,9.9.2.157,elasticsearch_os_load5,4.47
2023/4/12 19:34,1681299287,cc-cc408-hya,data-node-05,9.9.2.157,elasticsearch_os_load5,4.64
2023/4/12 19:35,1681299347,cc-cc408-hya,data-node-05,9.9.2.157,elasticsearch_os_load5,4.32
2023/4/12 19:36,1681299407,cc-cc408-hya,data-node-05,9.9.2.157,elasticsearch_os_load5,4.42
2023/4/12 19:37,1681299467,cc-cc408-hya,data-node-05,9.9.2.157,elasticsearch_os_load5,4.95
2023/4/12 19:38,1681299527,cc-cc408-hya,data-node-05,9.9.2.157,elasticsearch_os_load5,4.72
2023/4/12 19:39,1681299587,cc-cc408-hya,data-node-05,9.9.2.157,elasticsearch_os_load5,4.55
2023/4/12 19:40,1681299647,cc-cc408-hya,data-node-05,9.9.2.157,elasticsearch_os_load5,4.35
2023/4/12 19:41,1681299707,cc-cc408-hya,data-node-05,9.9.2.157,elasticsearch_os_load5,4.08
2023/4/12 19:42,1681299767,cc-cc408-hya,data-node-05,9.9.2.157,elasticsearch_os_load5,3.98
2023/4/12 19:43,1681299827,cc-cc408-hya,data-node-05,9.9.2.157,elasticsearch_os_load5,3.82
2023/4/12 19:44,1681299887,cc-cc408-hya,data-node-05,9.9.2.157,elasticsearch_os_load5,3.73
2023/4/12 19:45,1681299947,cc-cc408-hya,data-node-05,9.9.2.157,elasticsearch_os_load5,3.62
2023/4/12 19:46,1681300007,cc-cc408-hya,data-node-05,9.9.2.157,elasticsearch_os_load5,3.54
2023/4/12 19:47,1681300067,cc-cc408-hya,data-node-05,9.9.2.157,elasticsearch_os_load5,3.41
2023/4/12 19:48,1681300127,cc-cc408-hya,data-node-05,9.9.2.157,elasticsearch_os_load5,3.14
2023/4/12 19:49,1681300187,cc-cc408-hya,data-node-05,9.9.2.157,elasticsearch_os_load5,3.03
2023/4/12 19:50,1681300247,cc-cc408-hya,data-node-05,9.9.2.157,elasticsearch_os_load5,3.22
2023/4/12 19:51,1681300307,cc-cc408-hya,data-node-05,9.9.2.157,elasticsearch_os_load5,3.49
2023/4/12 19:52,1681300367,cc-cc408-hya,data-node-05,9.9.2.157,elasticsearch_os_load5,3.53
2023/4/12 19:53,1681300427,cc-cc408-hya,data-node-05,9.9.2.157,elasticsearch_os_load5,3.29
2023/4/12 19:54,1681300487,cc-cc408-hya,data-node-05,9.9.2.157,elasticsearch_os_load5,3.24
2023/4/12 19:55,1681300547,cc-cc408-hya,data-node-05,9.9.2.157,elasticsearch_os_load5,2.98
2023/4/12 19:56,1681300607,cc-cc408-hya,data-node-05,9.9.2.157,elasticsearch_os_load5,2.73
2023/4/12 19:57,1681300667,cc-cc408-hya,data-node-05,9.9.2.157,elasticsearch_os_load5,2.67
2023/4/12 19:58,1681300727,cc-cc408-hya,data-node-05,9.9.2.157,elasticsearch_os_load5,2.58
2023/4/12 19:59,1681300787,cc-cc408-hya,data-node-05,9.9.2.157,elasticsearch_os_load5,2.64
2023/4/12 20:00,1681300847,cc-cc408-hya,data-node-05,9.9.2.157,elasticsearch_os_load5,2.62
2023/4/12 20:01,1681300907,cc-cc408-hya,data-node-05,9.9.2.157,elasticsearch_os_load5,2.58
2023/4/12 20:02,1681300967,cc-cc408-hya,data-node-05,9.9.2.157,elasticsearch_os_load5,2.72
2023/4/12 20:03,1681301027,cc-cc408-hya,data-node-05,9.9.2.157,elasticsearch_os_load5,2.95
2023/4/12 20:04,1681301087,cc-cc408-hya,data-node-05,9.9.2.157,elasticsearch_os_load5,2.88
2023/4/12 20:05,1681301147,cc-cc408-hya,data-node-05,9.9.2.157,elasticsearch_os_load5,2.81
2023/4/12 20:06,1681301207,cc-cc408-hya,data-node-05,9.9.2.157,elasticsearch_os_load5,2.82
2023/4/12 20:07,1681301267,cc-cc408-hya,data-node-05,9.9.2.157,elasticsearch_os_load5,2.89
2023/4/12 20:08,1681301327,cc-cc408-hya,data-node-05,9.9.2.157,elasticsearch_os_load5,2.8
2023/4/12 20:09,1681301387,cc-cc408-hya,data-node-05,9.9.2.157,elasticsearch_os_load5,2.84
2023/4/12 20:10,1681301447,cc-cc408-hya,data-node-05,9.9.2.157,elasticsearch_os_load5,2.82
2023/4/12 20:11,1681301507,cc-cc408-hya,data-node-05,9.9.2.157,elasticsearch_os_load5,2.95
2023/4/12 20:12,1681301567,cc-cc408-hya,data-node-05,9.9.2.157,elasticsearch_os_load5,3.08
2023/4/12 20:13,1681301627,cc-cc408-hya,data-node-05,9.9.2.157,elasticsearch_os_load5,3.09
2023/4/12 20:14,1681301687,cc-cc408-hya,data-node-05,9.9.2.157,elasticsearch_os_load5,2.91
2023/4/12 20:15,1681301747,cc-cc408-hya,data-node-05,9.9.2.157,elasticsearch_os_load5,2.8
2023/4/12 20:16,1681301807,cc-cc408-hya,data-node-05,9.9.2.157,elasticsearch_os_load5,2.91
2023/4/12 20:17,1681301867,cc-cc408-hya,data-node-05,9.9.2.157,elasticsearch_os_load5,2.9
2023/4/12 20:18,1681301927,cc-cc408-hya,data-node-05,9.9.2.157,elasticsearch_os_load5,2.83
2023/4/12 20:19,1681301987,cc-cc408-hya,data-node-05,9.9.2.157,elasticsearch_os_load5,2.63
2023/4/12 20:20,1681302047,cc-cc408-hya,data-node-05,9.9.2.157,elasticsearch_os_load5,2.69
2023/4/12 20:21,1681302107,cc-cc408-hya,data-node-05,9.9.2.157,elasticsearch_os_load5,2.73
2023/4/12 20:22,1681302167,cc-cc408-hya,data-node-05,9.9.2.157,elasticsearch_os_load5,2.62
2023/4/12 20:23,1681302227,cc-cc408-hya,data-node-05,9.9.2.157,elasticsearch_os_load5,2.49
2023/4/12 20:24,1681302287,cc-cc408-hya,data-node-05,9.9.2.157,elasticsearch_os_load5,2.34
2023/4/12 20:25,1681302347,cc-cc408-hya,data-node-05,9.9.2.157,elasticsearch_os_load5,2.35
2023/4/12 20:26,1681302407,cc-cc408-hya,data-node-05,9.9.2.157,elasticsearch_os_load5,2.26
2023/4/12 20:27,1681302467,cc-cc408-hya,data-node-05,9.9.2.157,elasticsearch_os_load5,2.1
2023/4/12 20:28,1681302527,cc-cc408-hya,data-node-05,9.9.2.157,elasticsearch_os_load5,2.2
2023/4/12 20:29,1681302587,cc-cc408-hya,data-node-05,9.9.2.157,elasticsearch_os_load5,2.26
2023/4/12 20:30,1681302647,cc-cc408-hya,data-node-05,9.9.2.157,elasticsearch_os_load5,2.18
2023/4/12 20:31,1681302707,cc-cc408-hya,data-node-05,9.9.2.157,elasticsearch_os_load5,2.06
2023/4/12 20:32,1681302767,cc-cc408-hya,data-node-05,9.9.2.157,elasticsearch_os_load5,2.09
2023/4/12 20:33,1681302827,cc-cc408-hya,data-node-05,9.9.2.157,elasticsearch_os_load5,2.15
2023/4/12 20:34,1681302887,cc-cc408-hya,data-node-05,9.9.2.157,elasticsearch_os_load5,2.24
2023/4/12 20:35,1681302947,cc-cc408-hya,data-node-05,9.9.2.157,elasticsearch_os_load5,2.04
2023/4/12 20:36,1681303007,cc-cc408-hya,data-node-05,9.9.2.157,elasticsearch_os_load5,1.81
2023/4/12 20:37,1681303067,cc-cc408-hya,data-node-05,9.9.2.157,elasticsearch_os_load5,1.67
2023/4/12 20:38,1681303127,cc-cc408-hya,data-node-05,9.9.2.157,elasticsearch_os_load5,1.47
2023/4/12 20:39,1681303187,cc-cc408-hya,data-node-05,9.9.2.157,elasticsearch_os_load5,1.35
2023/4/12 20:40,1681303247,cc-cc408-hya,data-node-05,9.9.2.157,elasticsearch_os_load5,1.26
2023/4/12 20:41,1681303307,cc-cc408-hya,data-node-05,9.9.2.157,elasticsearch_os_load5,1.34
2023/4/12 20:42,1681303367,cc-cc408-hya,data-node-05,9.9.2.157,elasticsearch_os_load5,1.44
2023/4/12 20:43,1681303427,cc-cc408-hya,data-node-05,9.9.2.157,elasticsearch_os_load5,1.37
2023/4/12 20:44,1681303487,cc-cc408-hya,data-node-05,9.9.2.157,elasticsearch_os_load5,1.32
2023/4/12 20:45,1681303547,cc-cc408-hya,data-node-05,9.9.2.157,elasticsearch_os_load5,1.51
2023/4/12 20:46,1681303607,cc-cc408-hya,data-node-05,9.9.2.157,elasticsearch_os_load5,1.48
2023/4/12 20:47,1681303667,cc-cc408-hya,data-node-05,9.9.2.157,elasticsearch_os_load5,1.42
2023/4/12 20:48,1681303727,cc-cc408-hya,data-node-05,9.9.2.157,elasticsearch_os_load5,1.38
2023/4/12 20:49,1681303787,cc-cc408-hya,data-node-05,9.9.2.157,elasticsearch_os_load5,1.56
2023/4/12 20:50,1681303847,cc-cc408-hya,data-node-05,9.9.2.157,elasticsearch_os_load5,1.57
2023/4/12 20:51,1681303907,cc-cc408-hya,data-node-05,9.9.2.157,elasticsearch_os_load5,1.46
2023/4/12 20:52,1681303967,cc-cc408-hya,data-node-05,9.9.2.157,elasticsearch_os_load5,1.43
2023/4/12 20:53,1681304027,cc-cc408-hya,data-node-05,9.9.2.157,elasticsearch_os_load5,1.62
2023/4/12 20:54,1681304087,cc-cc408-hya,data-node-05,9.9.2.157,elasticsearch_os_load5,1.47
2023/4/12 20:55,1681304147,cc-cc408-hya,data-node-05,9.9.2.157,elasticsearch_os_load5,1.41
2023/4/12 20:56,1681304207,cc-cc408-hya,data-node-05,9.9.2.157,elasticsearch_os_load5,1.43
2023/4/12 20:57,1681304267,cc-cc408-hya,data-node-05,9.9.2.157,elasticsearch_os_load5,1.38
2023/4/12 20:58,1681304327,cc-cc408-hya,data-node-05,9.9.2.157,elasticsearch_os_load5,1.3
2023/4/12 20:59,1681304387,cc-cc408-hya,data-node-05,9.9.2.157,elasticsearch_os_load5,1.32
2023/4/12 21:00,1681304447,cc-cc408-hya,data-node-05,9.9.2.157,elasticsearch_os_load5,1.19
2023/4/12 21:01,1681304507,cc-cc408-hya,data-node-05,9.9.2.157,elasticsearch_os_load5,1.16
2023/4/12 21:02,1681304567,cc-cc408-hya,data-node-05,9.9.2.157,elasticsearch_os_load5,1.1
2023/4/12 21:03,1681304627,cc-cc408-hya,data-node-05,9.9.2.157,elasticsearch_os_load5,1.03
2023/4/12 21:04,1681304687,cc-cc408-hya,data-node-05,9.9.2.157,elasticsearch_os_load5,0.95
2023/4/12 21:05,1681304747,cc-cc408-hya,data-node-05,9.9.2.157,elasticsearch_os_load5,1.01
2023/4/12 21:06,1681304807,cc-cc408-hya,data-node-05,9.9.2.157,elasticsearch_os_load5,0.89
2023/4/12 21:07,1681304867,cc-cc408-hya,data-node-05,9.9.2.157,elasticsearch_os_load5,0.92
2023/4/12 21:08,1681304927,cc-cc408-hya,data-node-05,9.9.2.157,elasticsearch_os_load5,0.84
2023/4/12 21:09,1681304987,cc-cc408-hya,data-node-05,9.9.2.157,elasticsearch_os_load5,0.81
2023/4/12 21:10,1681305047,cc-cc408-hya,data-node-05,9.9.2.157,elasticsearch_os_load5,0.9
2023/4/12 21:11,1681305107,cc-cc408-hya,data-node-05,9.9.2.157,elasticsearch_os_load5,1.1
2023/4/12 21:12,1681305167,cc-cc408-hya,data-node-05,9.9.2.157,elasticsearch_os_load5,1.1
2023/4/12 21:13,1681305227,cc-cc408-hya,data-node-05,9.9.2.157,elasticsearch_os_load5,1.04
2023/4/12 21:14,1681305287,cc-cc408-hya,data-node-05,9.9.2.157,elasticsearch_os_load5,1.27
2023/4/12 21:15,1681305347,cc-cc408-hya,data-node-05,9.9.2.157,elasticsearch_os_load5,1.39
2023/4/12 21:16,1681305407,cc-cc408-hya,data-node-05,9.9.2.157,elasticsearch_os_load5,1.57
2023/4/12 21:17,1681305467,cc-cc408-hya,data-node-05,9.9.2.157,elasticsearch_os_load5,1.41
2023/4/12 21:18,1681305527,cc-cc408-hya,data-node-05,9.9.2.157,elasticsearch_os_load5,1.44
2023/4/12 21:19,1681305587,cc-cc408-hya,data-node-05,9.9.2.157,elasticsearch_os_load5,1.39
2023/4/12 21:20,1681305647,cc-cc408-hya,data-node-05,9.9.2.157,elasticsearch_os_load5,1.29
2023/4/12 21:21,1681305707,cc-cc408-hya,data-node-05,9.9.2.157,elasticsearch_os_load5,1.23
2023/4/12 21:22,1681305767,cc-cc408-hya,data-node-05,9.9.2.157,elasticsearch_os_load5,1.13
2023/4/12 21:23,1681305827,cc-cc408-hya,data-node-05,9.9.2.157,elasticsearch_os_load5,1.12
2023/4/12 21:24,1681305887,cc-cc408-hya,data-node-05,9.9.2.157,elasticsearch_os_load5,0.97
2023/4/12 21:25,1681305947,cc-cc408-hya,data-node-05,9.9.2.157,elasticsearch_os_load5,0.96
2023/4/12 21:26,1681306007,cc-cc408-hya,data-node-05,9.9.2.157,elasticsearch_os_load5,1.21
2023/4/12 21:27,1681306067,cc-cc408-hya,data-node-05,9.9.2.157,elasticsearch_os_load5,1.13
2023/4/12 21:28,1681306127,cc-cc408-hya,data-node-05,9.9.2.157,elasticsearch_os_load5,1.14
2023/4/12 21:29,1681306187,cc-cc408-hya,data-node-05,9.9.2.157,elasticsearch_os_load5,1.07
2023/4/12 21:30,1681306247,cc-cc408-hya,data-node-05,9.9.2.157,elasticsearch_os_load5,1.11
2023/4/12 21:31,1681306307,cc-cc408-hya,data-node-05,9.9.2.157,elasticsearch_os_load5,1.17
2023/4/12 21:32,1681306367,cc-cc408-hya,data-node-05,9.9.2.157,elasticsearch_os_load5,1.09
2023/4/12 21:33,1681306427,cc-cc408-hya,data-node-05,9.9.2.157,elasticsearch_os_load5,1.18
2023/4/12 21:34,1681306487,cc-cc408-hya,data-node-05,9.9.2.157,elasticsearch_os_load5,1.32
2023/4/12 21:35,1681306547,cc-cc408-hya,data-node-05,9.9.2.157,elasticsearch_os_load5,1.62
2023/4/12 21:36,1681306607,cc-cc408-hya,data-node-05,9.9.2.157,elasticsearch_os_load5,1.62
2023/4/12 21:37,1681306667,cc-cc408-hya,data-node-05,9.9.2.157,elasticsearch_os_load5,1.56
2023/4/12 21:38,1681306727,cc-cc408-hya,data-node-05,9.9.2.157,elasticsearch_os_load5,1.49
2023/4/12 21:39,1681306787,cc-cc408-hya,data-node-05,9.9.2.157,elasticsearch_os_load5,1.33
2023/4/12 21:40,1681306847,cc-cc408-hya,data-node-05,9.9.2.157,elasticsearch_os_load5,1.28
2023/4/12 21:41,1681306907,cc-cc408-hya,data-node-05,9.9.2.157,elasticsearch_os_load5,1.4
2023/4/12 21:42,1681306967,cc-cc408-hya,data-node-05,9.9.2.157,elasticsearch_os_load5,1.28
2023/4/12 21:43,1681307027,cc-cc408-hya,data-node-05,9.9.2.157,elasticsearch_os_load5,1.19
2023/4/12 21:44,1681307087,cc-cc408-hya,data-node-05,9.9.2.157,elasticsearch_os_load5,1.22
2023/4/12 21:45,1681307147,cc-cc408-hya,data-node-05,9.9.2.157,elasticsearch_os_load5,1.18
2023/4/12 21:46,1681307207,cc-cc408-hya,data-node-05,9.9.2.157,elasticsearch_os_load5,1.1
2023/4/12 21:47,1681307267,cc-cc408-hya,data-node-05,9.9.2.157,elasticsearch_os_load5,1.08
2023/4/12 21:48,1681307327,cc-cc408-hya,data-node-05,9.9.2.157,elasticsearch_os_load5,1.04
2023/4/12 21:49,1681307387,cc-cc408-hya,data-node-05,9.9.2.157,elasticsearch_os_load5,1.04
2023/4/12 21:50,1681307447,cc-cc408-hya,data-node-05,9.9.2.157,elasticsearch_os_load5,1.43
2023/4/12 21:51,1681307507,cc-cc408-hya,data-node-05,9.9.2.157,elasticsearch_os_load5,1.32
2023/4/12 21:52,1681307567,cc-cc408-hya,data-node-05,9.9.2.157,elasticsearch_os_load5,1.31
2023/4/12 21:53,1681307627,cc-cc408-hya,data-node-05,9.9.2.157,elasticsearch_os_load5,1.19
2023/4/12 21:54,1681307687,cc-cc408-hya,data-node-05,9.9.2.157,elasticsearch_os_load5,1.19
2023/4/12 21:55,1681307747,cc-cc408-hya,data-node-05,9.9.2.157,elasticsearch_os_load5,1.13
2023/4/12 21:56,1681307807,cc-cc408-hya,data-node-05,9.9.2.157,elasticsearch_os_load5,1.16
2023/4/12 21:57,1681307867,cc-cc408-hya,data-node-05,9.9.2.157,elasticsearch_os_load5,1.3
2023/4/12 21:58,1681307927,cc-cc408-hya,data-node-05,9.9.2.157,elasticsearch_os_load5,1.29
2023/4/12 21:59,1681307987,cc-cc408-hya,data-node-05,9.9.2.157,elasticsearch_os_load5,1.27
2023/4/12 22:00,1681308047,cc-cc408-hya,data-node-05,9.9.2.157,elasticsearch_os_load5,1.28
2023/4/12 22:01,1681308107,cc-cc408-hya,data-node-05,9.9.2.157,elasticsearch_os_load5,1.18
2023/4/12 22:02,1681308167,cc-cc408-hya,data-node-05,9.9.2.157,elasticsearch_os_load5,1.22
2023/4/12 22:03,1681308227,cc-cc408-hya,data-node-05,9.9.2.157,elasticsearch_os_load5,1.28
2023/4/12 22:04,1681308287,cc-cc408-hya,data-node-05,9.9.2.157,elasticsearch_os_load5,1.15
2023/4/12 22:05,1681308347,cc-cc408-hya,data-node-05,9.9.2.157,elasticsearch_os_load5,1.25
2023/4/12 22:06,1681308407,cc-cc408-hya,data-node-05,9.9.2.157,elasticsearch_os_load5,1.31
2023/4/12 22:07,1681308467,cc-cc408-hya,data-node-05,9.9.2.157,elasticsearch_os_load5,1.27
2023/4/12 22:08,1681308527,cc-cc408-hya,data-node-05,9.9.2.157,elasticsearch_os_load5,1.23
2023/4/12 22:09,1681308587,cc-cc408-hya,data-node-05,9.9.2.157,elasticsearch_os_load5,1.2
2023/4/12 22:10,1681308647,cc-cc408-hya,data-node-05,9.9.2.157,elasticsearch_os_load5,1.21
2023/4/12 22:11,1681308707,cc-cc408-hya,data-node-05,9.9.2.157,elasticsearch_os_load5,1.11
2023/4/12 22:12,1681308767,cc-cc408-hya,data-node-05,9.9.2.157,elasticsearch_os_load5,1.12
2023/4/12 22:13,1681308827,cc-cc408-hya,data-node-05,9.9.2.157,elasticsearch_os_load5,1.23
2023/4/12 22:14,1681308887,cc-cc408-hya,data-node-05,9.9.2.157,elasticsearch_os_load5,1.24
2023/4/12 22:15,1681308947,cc-cc408-hya,data-node-05,9.9.2.157,elasticsearch_os_load5,1.2
2023/4/12 22:16,1681309007,cc-cc408-hya,data-node-05,9.9.2.157,elasticsearch_os_load5,1.34
2023/4/12 22:17,1681309067,cc-cc408-hya,data-node-05,9.9.2.157,elasticsearch_os_load5,1.25
2023/4/12 22:18,1681309127,cc-cc408-hya,data-node-05,9.9.2.157,elasticsearch_os_load5,1.14
2023/4/12 22:19,1681309187,cc-cc408-hya,data-node-05,9.9.2.157,elasticsearch_os_load5,1.18
2023/4/12 22:20,1681309247,cc-cc408-hya,data-node-05,9.9.2.157,elasticsearch_os_load5,1.19
2023/4/12 22:21,1681309307,cc-cc408-hya,data-node-05,9.9.2.157,elasticsearch_os_load5,1.24
2023/4/12 22:22,1681309367,cc-cc408-hya,data-node-05,9.9.2.157,elasticsearch_os_load5,1.2
2023/4/12 22:23,1681309427,cc-cc408-hya,data-node-05,9.9.2.157,elasticsearch_os_load5,1.18
2023/4/12 22:24,1681309487,cc-cc408-hya,data-node-05,9.9.2.157,elasticsearch_os_load5,1.11
2023/4/12 22:25,1681309547,cc-cc408-hya,data-node-05,9.9.2.157,elasticsearch_os_load5,1.14
2023/4/12 22:26,1681309607,cc-cc408-hya,data-node-05,9.9.2.157,elasticsearch_os_load5,1.1
2023/4/12 22:27,1681309667,cc-cc408-hya,data-node-05,9.9.2.157,elasticsearch_os_load5,1.14
2023/4/12 22:28,1681309727,cc-cc408-hya,data-node-05,9.9.2.157,elasticsearch_os_load5,1.23
2023/4/12 22:29,1681309787,cc-cc408-hya,data-node-05,9.9.2.157,elasticsearch_os_load5,1.19
2023/4/12 22:30,1681309847,cc-cc408-hya,data-node-05,9.9.2.157,elasticsearch_os_load5,1
2023/4/12 22:31,1681309907,cc-cc408-hya,data-node-05,9.9.2.157,elasticsearch_os_load5,1.04
2023/4/12 22:32,1681309967,cc-cc408-hya,data-node-05,9.9.2.157,elasticsearch_os_load5,1.02
2023/4/12 22:33,1681310027,cc-cc408-hya,data-node-05,9.9.2.157,elasticsearch_os_load5,1
2023/4/12 22:34,1681310087,cc-cc408-hya,data-node-05,9.9.2.157,elasticsearch_os_load5,1.08
2023/4/12 22:35,1681310147,cc-cc408-hya,data-node-05,9.9.2.157,elasticsearch_os_load5,1.05
2023/4/12 22:36,1681310207,cc-cc408-hya,data-node-05,9.9.2.157,elasticsearch_os_load5,1.04
2023/4/12 22:37,1681310267,cc-cc408-hya,data-node-05,9.9.2.157,elasticsearch_os_load5,0.96
2023/4/12 22:38,1681310327,cc-cc408-hya,data-node-05,9.9.2.157,elasticsearch_os_load5,0.95
2023/4/12 22:39,1681310387,cc-cc408-hya,data-node-05,9.9.2.157,elasticsearch_os_load5,1.17
2023/4/12 22:40,1681310447,cc-cc408-hya,data-node-05,9.9.2.157,elasticsearch_os_load5,1.33
2023/4/12 22:41,1681310507,cc-cc408-hya,data-node-05,9.9.2.157,elasticsearch_os_load5,1.43
2023/4/12 22:42,1681310567,cc-cc408-hya,data-node-05,9.9.2.157,elasticsearch_os_load5,1.37
2023/4/12 22:43,1681310627,cc-cc408-hya,data-node-05,9.9.2.157,elasticsearch_os_load5,1.38
2023/4/12 22:44,1681310687,cc-cc408-hya,data-node-05,9.9.2.157,elasticsearch_os_load5,1.25
2023/4/12 22:45,1681310747,cc-cc408-hya,data-node-05,9.9.2.157,elasticsearch_os_load5,1.18
2023/4/12 22:46,1681310807,cc-cc408-hya,data-node-05,9.9.2.157,elasticsearch_os_load5,1.17
2023/4/12 22:47,1681310867,cc-cc408-hya,data-node-05,9.9.2.157,elasticsearch_os_load5,1.29
2023/4/12 22:48,1681310927,cc-cc408-hya,data-node-05,9.9.2.157,elasticsearch_os_load5,1.16
2023/4/12 22:49,1681310987,cc-cc408-hya,data-node-05,9.9.2.157,elasticsearch_os_load5,1.12
2023/4/12 22:50,1681311047,cc-cc408-hya,data-node-05,9.9.2.157,elasticsearch_os_load5,1.05
2023/4/12 22:51,1681311107,cc-cc408-hya,data-node-05,9.9.2.157,elasticsearch_os_load5,1.17
2023/4/12 22:52,1681311167,cc-cc408-hya,data-node-05,9.9.2.157,elasticsearch_os_load5,1.17
2023/4/12 22:53,1681311227,cc-cc408-hya,data-node-05,9.9.2.157,elasticsearch_os_load5,1.01
2023/4/12 22:54,1681311287,cc-cc408-hya,data-node-05,9.9.2.157,elasticsearch_os_load5,1.43
2023/4/12 22:55,1681311347,cc-cc408-hya,data-node-05,9.9.2.157,elasticsearch_os_load5,1.46
2023/4/12 22:56,1681311407,cc-cc408-hya,data-node-05,9.9.2.157,elasticsearch_os_load5,1.45
2023/4/12 22:57,1681311467,cc-cc408-hya,data-node-05,9.9.2.157,elasticsearch_os_load5,1.38
2023/4/12 22:58,1681311527,cc-cc408-hya,data-node-05,9.9.2.157,elasticsearch_os_load5,1.41
2023/4/12 22:59,1681311587,cc-cc408-hya,data-node-05,9.9.2.157,elasticsearch_os_load5,1.33
2023/4/12 23:00,1681311647,cc-cc408-hya,data-node-05,9.9.2.157,elasticsearch_os_load5,1.15
2023/4/12 23:01,1681311707,cc-cc408-hya,data-node-05,9.9.2.157,elasticsearch_os_load5,1.21
2023/4/12 23:02,1681311767,cc-cc408-hya,data-node-05,9.9.2.157,elasticsearch_os_load5,1.29
2023/4/12 23:03,1681311827,cc-cc408-hya,data-node-05,9.9.2.157,elasticsearch_os_load5,1.27
2023/4/12 23:04,1681311887,cc-cc408-hya,data-node-05,9.9.2.157,elasticsearch_os_load5,1.17
2023/4/12 23:05,1681311947,cc-cc408-hya,data-node-05,9.9.2.157,elasticsearch_os_load5,1.06
2023/4/12 23:06,1681312007,cc-cc408-hya,data-node-05,9.9.2.157,elasticsearch_os_load5,0.99
2023/4/12 23:07,1681312067,cc-cc408-hya,data-node-05,9.9.2.157,elasticsearch_os_load5,0.9
2023/4/12 23:08,1681312127,cc-cc408-hya,data-node-05,9.9.2.157,elasticsearch_os_load5,0.96
2023/4/12 23:09,1681312187,cc-cc408-hya,data-node-05,9.9.2.157,elasticsearch_os_load5,0.98
2023/4/12 23:10,1681312247,cc-cc408-hya,data-node-05,9.9.2.157,elasticsearch_os_load5,0.96
2023/4/12 23:11,1681312307,cc-cc408-hya,data-node-05,9.9.2.157,elasticsearch_os_load5,0.96
2023/4/12 23:12,1681312367,cc-cc408-hya,data-node-05,9.9.2.157,elasticsearch_os_load5,0.96
2023/4/12 23:13,1681312427,cc-cc408-hya,data-node-05,9.9.2.157,elasticsearch_os_load5,0.88
2023/4/12 23:14,1681312487,cc-cc408-hya,data-node-05,9.9.2.157,elasticsearch_os_load5,0.86
2023/4/12 23:15,1681312547,cc-cc408-hya,data-node-05,9.9.2.157,elasticsearch_os_load5,0.92
2023/4/12 23:16,1681312607,cc-cc408-hya,data-node-05,9.9.2.157,elasticsearch_os_load5,1.17
2023/4/12 23:17,1681312667,cc-cc408-hya,data-node-05,9.9.2.157,elasticsearch_os_load5,1.14
2023/4/12 23:18,1681312727,cc-cc408-hya,data-node-05,9.9.2.157,elasticsearch_os_load5,1.13
2023/4/12 23:19,1681312787,cc-cc408-hya,data-node-05,9.9.2.157,elasticsearch_os_load5,1.18
2023/4/12 23:20,1681312847,cc-cc408-hya,data-node-05,9.9.2.157,elasticsearch_os_load5,1.24
2023/4/12 23:21,1681312907,cc-cc408-hya,data-node-05,9.9.2.157,elasticsearch_os_load5,1.12
2023/4/12 23:22,1681312967,cc-cc408-hya,data-node-05,9.9.2.157,elasticsearch_os_load5,1.31
2023/4/12 23:23,1681313027,cc-cc408-hya,data-node-05,9.9.2.157,elasticsearch_os_load5,1.35
2023/4/12 23:24,1681313087,cc-cc408-hya,data-node-05,9.9.2.157,elasticsearch_os_load5,1.42
2023/4/12 23:25,1681313147,cc-cc408-hya,data-node-05,9.9.2.157,elasticsearch_os_load5,1.31
2023/4/12 23:26,1681313207,cc-cc408-hya,data-node-05,9.9.2.157,elasticsearch_os_load5,1.21
2023/4/12 23:27,1681313267,cc-cc408-hya,data-node-05,9.9.2.157,elasticsearch_os_load5,1.17
2023/4/12 23:28,1681313327,cc-cc408-hya,data-node-05,9.9.2.157,elasticsearch_os_load5,1.16
2023/4/12 23:29,1681313387,cc-cc408-hya,data-node-05,9.9.2.157,elasticsearch_os_load5,1.15
2023/4/12 23:30,1681313447,cc-cc408-hya,data-node-05,9.9.2.157,elasticsearch_os_load5,1.23
2023/4/12 23:31,1681313507,cc-cc408-hya,data-node-05,9.9.2.157,elasticsearch_os_load5,1.06
2023/4/12 23:32,1681313567,cc-cc408-hya,data-node-05,9.9.2.157,elasticsearch_os_load5,0.99
2023/4/12 23:33,1681313627,cc-cc408-hya,data-node-05,9.9.2.157,elasticsearch_os_load5,1.1
2023/4/12 23:34,1681313687,cc-cc408-hya,data-node-05,9.9.2.157,elasticsearch_os_load5,0.99
2023/4/12 23:35,1681313747,cc-cc408-hya,data-node-05,9.9.2.157,elasticsearch_os_load5,0.99
2023/4/12 23:36,1681313807,cc-cc408-hya,data-node-05,9.9.2.157,elasticsearch_os_load5,1.02
2023/4/12 23:37,1681313867,cc-cc408-hya,data-node-05,9.9.2.157,elasticsearch_os_load5,1.04
2023/4/12 23:38,1681313927,cc-cc408-hya,data-node-05,9.9.2.157,elasticsearch_os_load5,1.03
2023/4/12 23:39,1681313987,cc-cc408-hya,data-node-05,9.9.2.157,elasticsearch_os_load5,1.11
2023/4/12 23:40,1681314047,cc-cc408-hya,data-node-05,9.9.2.157,elasticsearch_os_load5,1.12
2023/4/12 23:41,1681314107,cc-cc408-hya,data-node-05,9.9.2.157,elasticsearch_os_load5,1.27
2023/4/12 23:42,1681314167,cc-cc408-hya,data-node-05,9.9.2.157,elasticsearch_os_load5,1.29
2023/4/12 23:43,1681314227,cc-cc408-hya,data-node-05,9.9.2.157,elasticsearch_os_load5,1.27
2023/4/12 23:44,1681314287,cc-cc408-hya,data-node-05,9.9.2.157,elasticsearch_os_load5,1.21
2023/4/12 23:45,1681314347,cc-cc408-hya,data-node-05,9.9.2.157,elasticsearch_os_load5,1.03
2023/4/12 23:46,1681314407,cc-cc408-hya,data-node-05,9.9.2.157,elasticsearch_os_load5,1.04
2023/4/12 23:47,1681314467,cc-cc408-hya,data-node-05,9.9.2.157,elasticsearch_os_load5,0.94
2023/4/12 23:48,1681314527,cc-cc408-hya,data-node-05,9.9.2.157,elasticsearch_os_load5,0.91
2023/4/12 23:49,1681314587,cc-cc408-hya,data-node-05,9.9.2.157,elasticsearch_os_load5,0.85
2023/4/12 23:50,1681314647,cc-cc408-hya,data-node-05,9.9.2.157,elasticsearch_os_load5,0.74
2023/4/12 23:51,1681314707,cc-cc408-hya,data-node-05,9.9.2.157,elasticsearch_os_load5,0.64
2023/4/12 23:52,1681314767,cc-cc408-hya,data-node-05,9.9.2.157,elasticsearch_os_load5,0.63
2023/4/12 23:53,1681314827,cc-cc408-hya,data-node-05,9.9.2.157,elasticsearch_os_load5,0.58
2023/4/12 23:54,1681314887,cc-cc408-hya,data-node-05,9.9.2.157,elasticsearch_os_load5,0.58
2023/4/12 23:55,1681314947,cc-cc408-hya,data-node-05,9.9.2.157,elasticsearch_os_load5,0.62
2023/4/12 23:56,1681315007,cc-cc408-hya,data-node-05,9.9.2.157,elasticsearch_os_load5,0.6
2023/4/12 23:57,1681315067,cc-cc408-hya,data-node-05,9.9.2.157,elasticsearch_os_load5,0.58
2023/4/12 23:58,1681315127,cc-cc408-hya,data-node-05,9.9.2.157,elasticsearch_os_load5,0.52
2023/4/12 23:59,1681315187,cc-cc408-hya,data-node-05,9.9.2.157,elasticsearch_os_load5,0.58
2023/4/13 0:00,1681315247,cc-cc408-hya,data-node-05,9.9.2.157,elasticsearch_os_load5,0.55
2023/4/13 0:01,1681315307,cc-cc408-hya,data-node-05,9.9.2.157,elasticsearch_os_load5,0.54
2023/4/13 0:02,1681315367,cc-cc408-hya,data-node-05,9.9.2.157,elasticsearch_os_load5,0.53
2023/4/13 0:03,1681315427,cc-cc408-hya,data-node-05,9.9.2.157,elasticsearch_os_load5,0.61
2023/4/13 0:04,1681315487,cc-cc408-hya,data-node-05,9.9.2.157,elasticsearch_os_load5,0.73
2023/4/13 0:05,1681315547,cc-cc408-hya,data-node-05,9.9.2.157,elasticsearch_os_load5,1.01
2023/4/13 0:06,1681315607,cc-cc408-hya,data-node-05,9.9.2.157,elasticsearch_os_load5,1.11
2023/4/13 0:07,1681315667,cc-cc408-hya,data-node-05,9.9.2.157,elasticsearch_os_load5,1
2023/4/13 0:08,1681315727,cc-cc408-hya,data-node-05,9.9.2.157,elasticsearch_os_load5,0.96
2023/4/13 0:09,1681315787,cc-cc408-hya,data-node-05,9.9.2.157,elasticsearch_os_load5,0.85
2023/4/13 0:10,1681315847,cc-cc408-hya,data-node-05,9.9.2.157,elasticsearch_os_load5,0.84
2023/4/13 0:11,1681315907,cc-cc408-hya,data-node-05,9.9.2.157,elasticsearch_os_load5,0.86
2023/4/13 0:12,1681315967,cc-cc408-hya,data-node-05,9.9.2.157,elasticsearch_os_load5,0.78
2023/4/13 0:13,1681316027,cc-cc408-hya,data-node-05,9.9.2.157,elasticsearch_os_load5,0.71
2023/4/13 0:14,1681316087,cc-cc408-hya,data-node-05,9.9.2.157,elasticsearch_os_load5,0.66
2023/4/13 0:15,1681316147,cc-cc408-hya,data-node-05,9.9.2.157,elasticsearch_os_load5,0.76
2023/4/13 0:16,1681316207,cc-cc408-hya,data-node-05,9.9.2.157,elasticsearch_os_load5,0.7
2023/4/13 0:17,1681316267,cc-cc408-hya,data-node-05,9.9.2.157,elasticsearch_os_load5,0.61
2023/4/13 0:18,1681316327,cc-cc408-hya,data-node-05,9.9.2.157,elasticsearch_os_load5,0.64
2023/4/13 0:19,1681316387,cc-cc408-hya,data-node-05,9.9.2.157,elasticsearch_os_load5,0.61
2023/4/13 0:20,1681316447,cc-cc408-hya,data-node-05,9.9.2.157,elasticsearch_os_load5,0.69
2023/4/13 0:21,1681316507,cc-cc408-hya,data-node-05,9.9.2.157,elasticsearch_os_load5,1.05
2023/4/13 0:22,1681316567,cc-cc408-hya,data-node-05,9.9.2.157,elasticsearch_os_load5,1.16
2023/4/13 0:23,1681316627,cc-cc408-hya,data-node-05,9.9.2.157,elasticsearch_os_load5,1.41
2023/4/13 0:24,1681316687,cc-cc408-hya,data-node-05,9.9.2.157,elasticsearch_os_load5,1.51
2023/4/13 0:25,1681316747,cc-cc408-hya,data-node-05,9.9.2.157,elasticsearch_os_load5,1.39
2023/4/13 0:26,1681316807,cc-cc408-hya,data-node-05,9.9.2.157,elasticsearch_os_load5,1.27
2023/4/13 0:27,1681316867,cc-cc408-hya,data-node-05,9.9.2.157,elasticsearch_os_load5,1.27
2023/4/13 0:28,1681316927,cc-cc408-hya,data-node-05,9.9.2.157,elasticsearch_os_load5,1.2
2023/4/13 0:29,1681316987,cc-cc408-hya,data-node-05,9.9.2.157,elasticsearch_os_load5,1.13
2023/4/13 0:30,1681317047,cc-cc408-hya,data-node-05,9.9.2.157,elasticsearch_os_load5,1.03
2023/4/13 0:31,1681317107,cc-cc408-hya,data-node-05,9.9.2.157,elasticsearch_os_load5,1.07
2023/4/13 0:32,1681317167,cc-cc408-hya,data-node-05,9.9.2.157,elasticsearch_os_load5,0.96
2023/4/13 0:33,1681317227,cc-cc408-hya,data-node-05,9.9.2.157,elasticsearch_os_load5,1.02
2023/4/13 0:34,1681317287,cc-cc408-hya,data-node-05,9.9.2.157,elasticsearch_os_load5,0.97
2023/4/13 0:35,1681317347,cc-cc408-hya,data-node-05,9.9.2.157,elasticsearch_os_load5,0.92
2023/4/13 0:36,1681317407,cc-cc408-hya,data-node-05,9.9.2.157,elasticsearch_os_load5,0.93
2023/4/13 0:37,1681317467,cc-cc408-hya,data-node-05,9.9.2.157,elasticsearch_os_load5,0.9
2023/4/13 0:38,1681317527,cc-cc408-hya,data-node-05,9.9.2.157,elasticsearch_os_load5,0.9
2023/4/13 0:39,1681317587,cc-cc408-hya,data-node-05,9.9.2.157,elasticsearch_os_load5,0.98
2023/4/13 0:40,1681317647,cc-cc408-hya,data-node-05,9.9.2.157,elasticsearch_os_load5,0.98
2023/4/13 0:41,1681317707,cc-cc408-hya,data-node-05,9.9.2.157,elasticsearch_os_load5,1.02
2023/4/13 0:42,1681317767,cc-cc408-hya,data-node-05,9.9.2.157,elasticsearch_os_load5,0.99
2023/4/13 0:43,1681317827,cc-cc408-hya,data-node-05,9.9.2.157,elasticsearch_os_load5,0.92
2023/4/13 0:44,1681317887,cc-cc408-hya,data-node-05,9.9.2.157,elasticsearch_os_load5,0.94
2023/4/13 0:45,1681317947,cc-cc408-hya,data-node-05,9.9.2.157,elasticsearch_os_load5,0.86
2023/4/13 0:46,1681318007,cc-cc408-hya,data-node-05,9.9.2.157,elasticsearch_os_load5,0.84
2023/4/13 0:47,1681318067,cc-cc408-hya,data-node-05,9.9.2.157,elasticsearch_os_load5,1.08
2023/4/13 0:48,1681318127,cc-cc408-hya,data-node-05,9.9.2.157,elasticsearch_os_load5,1.16
2023/4/13 0:49,1681318187,cc-cc408-hya,data-node-05,9.9.2.157,elasticsearch_os_load5,1.08
2023/4/13 0:50,1681318247,cc-cc408-hya,data-node-05,9.9.2.157,elasticsearch_os_load5,1.15
2023/4/13 0:51,1681318307,cc-cc408-hya,data-node-05,9.9.2.157,elasticsearch_os_load5,1.15
2023/4/13 0:52,1681318367,cc-cc408-hya,data-node-05,9.9.2.157,elasticsearch_os_load5,1.07
2023/4/13 0:53,1681318427,cc-cc408-hya,data-node-05,9.9.2.157,elasticsearch_os_load5,1.15
2023/4/13 0:54,1681318487,cc-cc408-hya,data-node-05,9.9.2.157,elasticsearch_os_load5,1.07
2023/4/13 0:55,1681318547,cc-cc408-hya,data-node-05,9.9.2.157,elasticsearch_os_load5,1.04
2023/4/13 0:56,1681318607,cc-cc408-hya,data-node-05,9.9.2.157,elasticsearch_os_load5,0.94
2023/4/13 0:57,1681318667,cc-cc408-hya,data-node-05,9.9.2.157,elasticsearch_os_load5,0.92
2023/4/13 0:58,1681318727,cc-cc408-hya,data-node-05,9.9.2.157,elasticsearch_os_load5,0.86
2023/4/13 0:59,1681318787,cc-cc408-hya,data-node-05,9.9.2.157,elasticsearch_os_load5,0.84
2023/4/13 1:00,1681318847,cc-cc408-hya,data-node-05,9.9.2.157,elasticsearch_os_load5,1.03
2023/4/13 1:01,1681318907,cc-cc408-hya,data-node-05,9.9.2.157,elasticsearch_os_load5,1.04
2023/4/13 1:02,1681318967,cc-cc408-hya,data-node-05,9.9.2.157,elasticsearch_os_load5,0.96
2023/4/13 1:03,1681319027,cc-cc408-hya,data-node-05,9.9.2.157,elasticsearch_os_load5,1.12
2023/4/13 1:04,1681319087,cc-cc408-hya,data-node-05,9.9.2.157,elasticsearch_os_load5,1.12
2023/4/13 1:05,1681319147,cc-cc408-hya,data-node-05,9.9.2.157,elasticsearch_os_load5,1.2
2023/4/13 1:06,1681319207,cc-cc408-hya,data-node-05,9.9.2.157,elasticsearch_os_load5,1.26
2023/4/13 1:07,1681319267,cc-cc408-hya,data-node-05,9.9.2.157,elasticsearch_os_load5,1.33
2023/4/13 1:08,1681319327,cc-cc408-hya,data-node-05,9.9.2.157,elasticsearch_os_load5,1.25
2023/4/13 1:09,1681319387,cc-cc408-hya,data-node-05,9.9.2.157,elasticsearch_os_load5,1.97
2023/4/13 1:10,1681319447,cc-cc408-hya,data-node-05,9.9.2.157,elasticsearch_os_load5,1.71
2023/4/13 1:11,1681319507,cc-cc408-hya,data-node-05,9.9.2.157,elasticsearch_os_load5,1.5
2023/4/13 1:12,1681319567,cc-cc408-hya,data-node-05,9.9.2.157,elasticsearch_os_load5,1.44
2023/4/13 1:13,1681319627,cc-cc408-hya,data-node-05,9.9.2.157,elasticsearch_os_load5,1.4
2023/4/13 1:14,1681319687,cc-cc408-hya,data-node-05,9.9.2.157,elasticsearch_os_load5,1.28
2023/4/13 1:15,1681319747,cc-cc408-hya,data-node-05,9.9.2.157,elasticsearch_os_load5,1.12
2023/4/13 1:16,1681319807,cc-cc408-hya,data-node-05,9.9.2.157,elasticsearch_os_load5,1.06
2023/4/13 1:17,1681319867,cc-cc408-hya,data-node-05,9.9.2.157,elasticsearch_os_load5,0.98
2023/4/13 1:18,1681319927,cc-cc408-hya,data-node-05,9.9.2.157,elasticsearch_os_load5,0.95
2023/4/13 1:19,1681319987,cc-cc408-hya,data-node-05,9.9.2.157,elasticsearch_os_load5,0.84
2023/4/13 1:20,1681320047,cc-cc408-hya,data-node-05,9.9.2.157,elasticsearch_os_load5,0.82
2023/4/13 1:21,1681320107,cc-cc408-hya,data-node-05,9.9.2.157,elasticsearch_os_load5,0.79
2023/4/13 1:22,1681320167,cc-cc408-hya,data-node-05,9.9.2.157,elasticsearch_os_load5,0.77
2023/4/13 1:23,1681320227,cc-cc408-hya,data-node-05,9.9.2.157,elasticsearch_os_load5,0.77
2023/4/13 1:24,1681320287,cc-cc408-hya,data-node-05,9.9.2.157,elasticsearch_os_load5,0.73
2023/4/13 1:25,1681320347,cc-cc408-hya,data-node-05,9.9.2.157,elasticsearch_os_load5,0.61
2023/4/13 1:26,1681320407,cc-cc408-hya,data-node-05,9.9.2.157,elasticsearch_os_load5,0.55
2023/4/13 1:27,1681320467,cc-cc408-hya,data-node-05,9.9.2.157,elasticsearch_os_load5,0.48
2023/4/13 1:28,1681320527,cc-cc408-hya,data-node-05,9.9.2.157,elasticsearch_os_load5,0.42
2023/4/13 1:29,1681320587,cc-cc408-hya,data-node-05,9.9.2.157,elasticsearch_os_load5,0.58
2023/4/13 1:30,1681320647,cc-cc408-hya,data-node-05,9.9.2.157,elasticsearch_os_load5,0.65
2023/4/13 1:31,1681320707,cc-cc408-hya,data-node-05,9.9.2.157,elasticsearch_os_load5,0.71
2023/4/13 1:32,1681320767,cc-cc408-hya,data-node-05,9.9.2.157,elasticsearch_os_load5,0.67
2023/4/13 1:33,1681320827,cc-cc408-hya,data-node-05,9.9.2.157,elasticsearch_os_load5,0.6
2023/4/13 1:34,1681320887,cc-cc408-hya,data-node-05,9.9.2.157,elasticsearch_os_load5,0.55
2023/4/13 1:35,1681320947,cc-cc408-hya,data-node-05,9.9.2.157,elasticsearch_os_load5,0.47
2023/4/13 1:36,1681321007,cc-cc408-hya,data-node-05,9.9.2.157,elasticsearch_os_load5,0.44
2023/4/13 1:37,1681321067,cc-cc408-hya,data-node-05,9.9.2.157,elasticsearch_os_load5,0.39
2023/4/13 1:38,1681321127,cc-cc408-hya,data-node-05,9.9.2.157,elasticsearch_os_load5,0.38
2023/4/13 1:39,1681321187,cc-cc408-hya,data-node-05,9.9.2.157,elasticsearch_os_load5,0.41
2023/4/13 1:40,1681321247,cc-cc408-hya,data-node-05,9.9.2.157,elasticsearch_os_load5,0.37
2023/4/13 1:41,1681321307,cc-cc408-hya,data-node-05,9.9.2.157,elasticsearch_os_load5,0.33
2023/4/13 1:42,1681321367,cc-cc408-hya,data-node-05,9.9.2.157,elasticsearch_os_load5,0.41
2023/4/13 1:43,1681321427,cc-cc408-hya,data-node-05,9.9.2.157,elasticsearch_os_load5,0.36
2023/4/13 1:44,1681321487,cc-cc408-hya,data-node-05,9.9.2.157,elasticsearch_os_load5,0.42
2023/4/13 1:45,1681321547,cc-cc408-hya,data-node-05,9.9.2.157,elasticsearch_os_load5,0.53
2023/4/13 1:46,1681321607,cc-cc408-hya,data-node-05,9.9.2.157,elasticsearch_os_load5,0.55
2023/4/13 1:47,1681321667,cc-cc408-hya,data-node-05,9.9.2.157,elasticsearch_os_load5,0.66
2023/4/13 1:48,1681321727,cc-cc408-hya,data-node-05,9.9.2.157,elasticsearch_os_load5,0.72
2023/4/13 1:49,1681321787,cc-cc408-hya,data-node-05,9.9.2.157,elasticsearch_os_load5,0.69
2023/4/13 1:50,1681321847,cc-cc408-hya,data-node-05,9.9.2.157,elasticsearch_os_load5,0.64
2023/4/13 1:51,1681321907,cc-cc408-hya,data-node-05,9.9.2.157,elasticsearch_os_load5,0.68
2023/4/13 1:52,1681321967,cc-cc408-hya,data-node-05,9.9.2.157,elasticsearch_os_load5,0.61
2023/4/13 1:53,1681322027,cc-cc408-hya,data-node-05,9.9.2.157,elasticsearch_os_load5,0.59
2023/4/13 1:54,1681322087,cc-cc408-hya,data-node-05,9.9.2.157,elasticsearch_os_load5,0.53
2023/4/13 1:55,1681322147,cc-cc408-hya,data-node-05,9.9.2.157,elasticsearch_os_load5,1.16
2023/4/13 1:56,1681322207,cc-cc408-hya,data-node-05,9.9.2.157,elasticsearch_os_load5,0.96
2023/4/13 1:57,1681322267,cc-cc408-hya,data-node-05,9.9.2.157,elasticsearch_os_load5,0.88
2023/4/13 1:58,1681322327,cc-cc408-hya,data-node-05,9.9.2.157,elasticsearch_os_load5,0.75
2023/4/13 1:59,1681322387,cc-cc408-hya,data-node-05,9.9.2.157,elasticsearch_os_load5,0.65
2023/4/13 2:00,1681322447,cc-cc408-hya,data-node-05,9.9.2.157,elasticsearch_os_load5,0.58
2023/4/13 2:01,1681322507,cc-cc408-hya,data-node-05,9.9.2.157,elasticsearch_os_load5,0.5
2023/4/13 2:02,1681322567,cc-cc408-hya,data-node-05,9.9.2.157,elasticsearch_os_load5,0.45
2023/4/13 2:03,1681322627,cc-cc408-hya,data-node-05,9.9.2.157,elasticsearch_os_load5,0.4
2023/4/13 2:04,1681322687,cc-cc408-hya,data-node-05,9.9.2.157,elasticsearch_os_load5,0.38
2023/4/13 2:05,1681322747,cc-cc408-hya,data-node-05,9.9.2.157,elasticsearch_os_load5,0.39
2023/4/13 2:06,1681322807,cc-cc408-hya,data-node-05,9.9.2.157,elasticsearch_os_load5,0.49
2023/4/13 2:07,1681322867,cc-cc408-hya,data-node-05,9.9.2.157,elasticsearch_os_load5,0.42
2023/4/13 2:08,1681322927,cc-cc408-hya,data-node-05,9.9.2.157,elasticsearch_os_load5,0.39
2023/4/13 2:09,1681322987,cc-cc408-hya,data-node-05,9.9.2.157,elasticsearch_os_load5,0.33
2023/4/13 2:10,1681323047,cc-cc408-hya,data-node-05,9.9.2.157,elasticsearch_os_load5,0.41
2023/4/13 2:11,1681323107,cc-cc408-hya,data-node-05,9.9.2.157,elasticsearch_os_load5,0.51
2023/4/13 2:12,1681323167,cc-cc408-hya,data-node-05,9.9.2.157,elasticsearch_os_load5,0.66
2023/4/13 2:13,1681323227,cc-cc408-hya,data-node-05,9.9.2.157,elasticsearch_os_load5,0.75
2023/4/13 2:14,1681323287,cc-cc408-hya,data-node-05,9.9.2.157,elasticsearch_os_load5,0.66
2023/4/13 2:15,1681323347,cc-cc408-hya,data-node-05,9.9.2.157,elasticsearch_os_load5,0.63
2023/4/13 2:16,1681323407,cc-cc408-hya,data-node-05,9.9.2.157,elasticsearch_os_load5,0.55
2023/4/13 2:17,1681323467,cc-cc408-hya,data-node-05,9.9.2.157,elasticsearch_os_load5,0.49
2023/4/13 2:18,1681323527,cc-cc408-hya,data-node-05,9.9.2.157,elasticsearch_os_load5,0.42
2023/4/13 2:19,1681323587,cc-cc408-hya,data-node-05,9.9.2.157,elasticsearch_os_load5,0.42
2023/4/13 2:20,1681323647,cc-cc408-hya,data-node-05,9.9.2.157,elasticsearch_os_load5,0.45
2023/4/13 2:21,1681323707,cc-cc408-hya,data-node-05,9.9.2.157,elasticsearch_os_load5,0.43
2023/4/13 2:22,1681323767,cc-cc408-hya,data-node-05,9.9.2.157,elasticsearch_os_load5,0.42
2023/4/13 2:23,1681323827,cc-cc408-hya,data-node-05,9.9.2.157,elasticsearch_os_load5,0.39
2023/4/13 2:24,1681323887,cc-cc408-hya,data-node-05,9.9.2.157,elasticsearch_os_load5,0.41
2023/4/13 2:25,1681323947,cc-cc408-hya,data-node-05,9.9.2.157,elasticsearch_os_load5,0.36
2023/4/13 2:26,1681324007,cc-cc408-hya,data-node-05,9.9.2.157,elasticsearch_os_load5,0.39
2023/4/13 2:27,1681324067,cc-cc408-hya,data-node-05,9.9.2.157,elasticsearch_os_load5,0.43
2023/4/13 2:28,1681324127,cc-cc408-hya,data-node-05,9.9.2.157,elasticsearch_os_load5,0.56
2023/4/13 2:29,1681324187,cc-cc408-hya,data-node-05,9.9.2.157,elasticsearch_os_load5,0.72
2023/4/13 2:30,1681324247,cc-cc408-hya,data-node-05,9.9.2.157,elasticsearch_os_load5,0.74
2023/4/13 2:31,1681324307,cc-cc408-hya,data-node-05,9.9.2.157,elasticsearch_os_load5,0.69
2023/4/13 2:32,1681324367,cc-cc408-hya,data-node-05,9.9.2.157,elasticsearch_os_load5,0.6
2023/4/13 2:33,1681324427,cc-cc408-hya,data-node-05,9.9.2.157,elasticsearch_os_load5,0.58
2023/4/13 2:34,1681324487,cc-cc408-hya,data-node-05,9.9.2.157,elasticsearch_os_load5,0.5
2023/4/13 2:35,1681324547,cc-cc408-hya,data-node-05,9.9.2.157,elasticsearch_os_load5,0.47
2023/4/13 2:36,1681324607,cc-cc408-hya,data-node-05,9.9.2.157,elasticsearch_os_load5,0.49
2023/4/13 2:37,1681324667,cc-cc408-hya,data-node-05,9.9.2.157,elasticsearch_os_load5,0.41
2023/4/13 2:38,1681324727,cc-cc408-hya,data-node-05,9.9.2.157,elasticsearch_os_load5,0.38
2023/4/13 2:39,1681324787,cc-cc408-hya,data-node-05,9.9.2.157,elasticsearch_os_load5,1.26
2023/4/13 2:40,1681324847,cc-cc408-hya,data-node-05,9.9.2.157,elasticsearch_os_load5,1.1
2023/4/13 2:41,1681324907,cc-cc408-hya,data-node-05,9.9.2.157,elasticsearch_os_load5,0.96
2023/4/13 2:42,1681324967,cc-cc408-hya,data-node-05,9.9.2.157,elasticsearch_os_load5,0.83
2023/4/13 2:43,1681325027,cc-cc408-hya,data-node-05,9.9.2.157,elasticsearch_os_load5,0.72
2023/4/13 2:44,1681325087,cc-cc408-hya,data-node-05,9.9.2.157,elasticsearch_os_load5,0.65
2023/4/13 2:45,1681325147,cc-cc408-hya,data-node-05,9.9.2.157,elasticsearch_os_load5,0.53
2023/4/13 2:46,1681325207,cc-cc408-hya,data-node-05,9.9.2.157,elasticsearch_os_load5,0.45
2023/4/13 2:47,1681325267,cc-cc408-hya,data-node-05,9.9.2.157,elasticsearch_os_load5,0.46
2023/4/13 2:48,1681325327,cc-cc408-hya,data-node-05,9.9.2.157,elasticsearch_os_load5,0.48
2023/4/13 2:49,1681325387,cc-cc408-hya,data-node-05,9.9.2.157,elasticsearch_os_load5,0.4
2023/4/13 2:50,1681325447,cc-cc408-hya,data-node-05,9.9.2.157,elasticsearch_os_load5,0.42
2023/4/13 2:51,1681325507,cc-cc408-hya,data-node-05,9.9.2.157,elasticsearch_os_load5,0.39
2023/4/13 2:52,1681325567,cc-cc408-hya,data-node-05,9.9.2.157,elasticsearch_os_load5,0.38
2023/4/13 2:53,1681325627,cc-cc408-hya,data-node-05,9.9.2.157,elasticsearch_os_load5,0.35
2023/4/13 2:54,1681325687,cc-cc408-hya,data-node-05,9.9.2.157,elasticsearch_os_load5,0.55
2023/4/13 2:55,1681325747,cc-cc408-hya,data-node-05,9.9.2.157,elasticsearch_os_load5,0.59
2023/4/13 2:56,1681325807,cc-cc408-hya,data-node-05,9.9.2.157,elasticsearch_os_load5,0.55
2023/4/13 2:57,1681325867,cc-cc408-hya,data-node-05,9.9.2.157,elasticsearch_os_load5,0.55
2023/4/13 2:58,1681325927,cc-cc408-hya,data-node-05,9.9.2.157,elasticsearch_os_load5,0.55
2023/4/13 2:59,1681325987,cc-cc408-hya,data-node-05,9.9.2.157,elasticsearch_os_load5,0.56
2023/4/13 3:00,1681326047,cc-cc408-hya,data-node-05,9.9.2.157,elasticsearch_os_load5,0.49
2023/4/13 3:01,1681326107,cc-cc408-hya,data-node-05,9.9.2.157,elasticsearch_os_load5,0.43
2023/4/13 3:02,1681326167,cc-cc408-hya,data-node-05,9.9.2.157,elasticsearch_os_load5,0.49
2023/4/13 3:03,1681326227,cc-cc408-hya,data-node-05,9.9.2.157,elasticsearch_os_load5,0.44
2023/4/13 3:04,1681326287,cc-cc408-hya,data-node-05,9.9.2.157,elasticsearch_os_load5,0.4
2023/4/13 3:05,1681326347,cc-cc408-hya,data-node-05,9.9.2.157,elasticsearch_os_load5,0.45
2023/4/13 3:06,1681326407,cc-cc408-hya,data-node-05,9.9.2.157,elasticsearch_os_load5,0.46
2023/4/13 3:07,1681326467,cc-cc408-hya,data-node-05,9.9.2.157,elasticsearch_os_load5,0.39
2023/4/13 3:08,1681326527,cc-cc408-hya,data-node-05,9.9.2.157,elasticsearch_os_load5,0.56
2023/4/13 3:09,1681326587,cc-cc408-hya,data-node-05,9.9.2.157,elasticsearch_os_load5,0.58
2023/4/13 3:10,1681326647,cc-cc408-hya,data-node-05,9.9.2.157,elasticsearch_os_load5,0.65
2023/4/13 3:11,1681326707,cc-cc408-hya,data-node-05,9.9.2.157,elasticsearch_os_load5,0.76
2023/4/13 3:12,1681326767,cc-cc408-hya,data-node-05,9.9.2.157,elasticsearch_os_load5,0.72
2023/4/13 3:13,1681326827,cc-cc408-hya,data-node-05,9.9.2.157,elasticsearch_os_load5,0.69
2023/4/13 3:14,1681326887,cc-cc408-hya,data-node-05,9.9.2.157,elasticsearch_os_load5,0.67
2023/4/13 3:15,1681326947,cc-cc408-hya,data-node-05,9.9.2.157,elasticsearch_os_load5,0.64
2023/4/13 3:16,1681327007,cc-cc408-hya,data-node-05,9.9.2.157,elasticsearch_os_load5,0.57
2023/4/13 3:17,1681327067,cc-cc408-hya,data-node-05,9.9.2.157,elasticsearch_os_load5,0.49
2023/4/13 3:18,1681327127,cc-cc408-hya,data-node-05,9.9.2.157,elasticsearch_os_load5,0.45
2023/4/13 3:19,1681327187,cc-cc408-hya,data-node-05,9.9.2.157,elasticsearch_os_load5,0.38
2023/4/13 3:20,1681327247,cc-cc408-hya,data-node-05,9.9.2.157,elasticsearch_os_load5,0.34
2023/4/13 3:21,1681327307,cc-cc408-hya,data-node-05,9.9.2.157,elasticsearch_os_load5,0.32
2023/4/13 3:22,1681327367,cc-cc408-hya,data-node-05,9.9.2.157,elasticsearch_os_load5,0.32
2023/4/13 3:23,1681327427,cc-cc408-hya,data-node-05,9.9.2.157,elasticsearch_os_load5,0.26
2023/4/13 3:24,1681327487,cc-cc408-hya,data-node-05,9.9.2.157,elasticsearch_os_load5,0.21
2023/4/13 3:25,1681327547,cc-cc408-hya,data-node-05,9.9.2.157,elasticsearch_os_load5,0.18
2023/4/13 3:26,1681327607,cc-cc408-hya,data-node-05,9.9.2.157,elasticsearch_os_load5,0.22
2023/4/13 3:27,1681327667,cc-cc408-hya,data-node-05,9.9.2.157,elasticsearch_os_load5,0.21
2023/4/13 3:28,1681327727,cc-cc408-hya,data-node-05,9.9.2.157,elasticsearch_os_load5,0.22
2023/4/13 3:29,1681327787,cc-cc408-hya,data-node-05,9.9.2.157,elasticsearch_os_load5,0.22
2023/4/13 3:30,1681327847,cc-cc408-hya,data-node-05,9.9.2.157,elasticsearch_os_load5,0.23
2023/4/13 3:31,1681327907,cc-cc408-hya,data-node-05,9.9.2.157,elasticsearch_os_load5,0.24
2023/4/13 3:32,1681327967,cc-cc408-hya,data-node-05,9.9.2.157,elasticsearch_os_load5,0.24
2023/4/13 3:33,1681328027,cc-cc408-hya,data-node-05,9.9.2.157,elasticsearch_os_load5,0.24
2023/4/13 3:34,1681328087,cc-cc408-hya,data-node-05,9.9.2.157,elasticsearch_os_load5,0.29
2023/4/13 3:35,1681328147,cc-cc408-hya,data-node-05,9.9.2.157,elasticsearch_os_load5,0.39
2023/4/13 3:36,1681328207,cc-cc408-hya,data-node-05,9.9.2.157,elasticsearch_os_load5,0.46
2023/4/13 3:37,1681328267,cc-cc408-hya,data-node-05,9.9.2.157,elasticsearch_os_load5,0.59
2023/4/13 3:38,1681328327,cc-cc408-hya,data-node-05,9.9.2.157,elasticsearch_os_load5,0.64
2023/4/13 3:39,1681328387,cc-cc408-hya,data-node-05,9.9.2.157,elasticsearch_os_load5,0.61
2023/4/13 3:40,1681328447,cc-cc408-hya,data-node-05,9.9.2.157,elasticsearch_os_load5,0.53
2023/4/13 3:41,1681328507,cc-cc408-hya,data-node-05,9.9.2.157,elasticsearch_os_load5,0.43
2023/4/13 3:42,1681328567,cc-cc408-hya,data-node-05,9.9.2.157,elasticsearch_os_load5,0.38
2023/4/13 3:43,1681328627,cc-cc408-hya,data-node-05,9.9.2.157,elasticsearch_os_load5,0.35
2023/4/13 3:44,1681328687,cc-cc408-hya,data-node-05,9.9.2.157,elasticsearch_os_load5,0.34
2023/4/13 3:45,1681328747,cc-cc408-hya,data-node-05,9.9.2.157,elasticsearch_os_load5,0.35
2023/4/13 3:46,1681328807,cc-cc408-hya,data-node-05,9.9.2.157,elasticsearch_os_load5,0.32
2023/4/13 3:47,1681328867,cc-cc408-hya,data-node-05,9.9.2.157,elasticsearch_os_load5,0.32
2023/4/13 3:48,1681328927,cc-cc408-hya,data-node-05,9.9.2.157,elasticsearch_os_load5,0.36
2023/4/13 3:49,1681328987,cc-cc408-hya,data-node-05,9.9.2.157,elasticsearch_os_load5,0.35
2023/4/13 3:50,1681329047,cc-cc408-hya,data-node-05,9.9.2.157,elasticsearch_os_load5,0.5
2023/4/13 3:51,1681329107,cc-cc408-hya,data-node-05,9.9.2.157,elasticsearch_os_load5,0.58
2023/4/13 3:52,1681329167,cc-cc408-hya,data-node-05,9.9.2.157,elasticsearch_os_load5,0.64
2023/4/13 3:53,1681329227,cc-cc408-hya,data-node-05,9.9.2.157,elasticsearch_os_load5,0.79
2023/4/13 3:54,1681329287,cc-cc408-hya,data-node-05,9.9.2.157,elasticsearch_os_load5,0.84
2023/4/13 3:55,1681329347,cc-cc408-hya,data-node-05,9.9.2.157,elasticsearch_os_load5,0.82
2023/4/13 3:56,1681329407,cc-cc408-hya,data-node-05,9.9.2.157,elasticsearch_os_load5,0.74
2023/4/13 3:57,1681329467,cc-cc408-hya,data-node-05,9.9.2.157,elasticsearch_os_load5,0.73
2023/4/13 3:58,1681329527,cc-cc408-hya,data-node-05,9.9.2.157,elasticsearch_os_load5,0.61
2023/4/13 3:59,1681329587,cc-cc408-hya,data-node-05,9.9.2.157,elasticsearch_os_load5,0.58
2023/4/13 4:00,1681329647,cc-cc408-hya,data-node-05,9.9.2.157,elasticsearch_os_load5,0.55
2023/4/13 4:01,1681329707,cc-cc408-hya,data-node-05,9.9.2.157,elasticsearch_os_load5,0.45
2023/4/13 4:02,1681329767,cc-cc408-hya,data-node-05,9.9.2.157,elasticsearch_os_load5,0.41
2023/4/13 4:03,1681329827,cc-cc408-hya,data-node-05,9.9.2.157,elasticsearch_os_load5,0.39
2023/4/13 4:04,1681329887,cc-cc408-hya,data-node-05,9.9.2.157,elasticsearch_os_load5,0.4
2023/4/13 4:05,1681329947,cc-cc408-hya,data-node-05,9.9.2.157,elasticsearch_os_load5,0.37
2023/4/13 4:06,1681330007,cc-cc408-hya,data-node-05,9.9.2.157,elasticsearch_os_load5,0.35
2023/4/13 4:07,1681330067,cc-cc408-hya,data-node-05,9.9.2.157,elasticsearch_os_load5,0.33
2023/4/13 4:08,1681330127,cc-cc408-hya,data-node-05,9.9.2.157,elasticsearch_os_load5,0.28
2023/4/13 4:09,1681330187,cc-cc408-hya,data-node-05,9.9.2.157,elasticsearch_os_load5,0.3
2023/4/13 4:10,1681330247,cc-cc408-hya,data-node-05,9.9.2.157,elasticsearch_os_load5,0.29
2023/4/13 4:11,1681330307,cc-cc408-hya,data-node-05,9.9.2.157,elasticsearch_os_load5,0.34
2023/4/13 4:12,1681330367,cc-cc408-hya,data-node-05,9.9.2.157,elasticsearch_os_load5,0.52
2023/4/13 4:13,1681330427,cc-cc408-hya,data-node-05,9.9.2.157,elasticsearch_os_load5,0.54
2023/4/13 4:14,1681330487,cc-cc408-hya,data-node-05,9.9.2.157,elasticsearch_os_load5,0.56
2023/4/13 4:15,1681330547,cc-cc408-hya,data-node-05,9.9.2.157,elasticsearch_os_load5,0.57
2023/4/13 4:16,1681330607,cc-cc408-hya,data-node-05,9.9.2.157,elasticsearch_os_load5,0.6
2023/4/13 4:17,1681330667,cc-cc408-hya,data-node-05,9.9.2.157,elasticsearch_os_load5,0.55
2023/4/13 4:18,1681330727,cc-cc408-hya,data-node-05,9.9.2.157,elasticsearch_os_load5,0.59
2023/4/13 4:19,1681330787,cc-cc408-hya,data-node-05,9.9.2.157,elasticsearch_os_load5,0.79
2023/4/13 4:20,1681330847,cc-cc408-hya,data-node-05,9.9.2.157,elasticsearch_os_load5,0.95
2023/4/13 4:21,1681330907,cc-cc408-hya,data-node-05,9.9.2.157,elasticsearch_os_load5,0.93
2023/4/13 4:22,1681330967,cc-cc408-hya,data-node-05,9.9.2.157,elasticsearch_os_load5,0.76
2023/4/13 4:23,1681331027,cc-cc408-hya,data-node-05,9.9.2.157,elasticsearch_os_load5,0.73
2023/4/13 4:24,1681331087,cc-cc408-hya,data-node-05,9.9.2.157,elasticsearch_os_load5,0.62
2023/4/13 4:25,1681331147,cc-cc408-hya,data-node-05,9.9.2.157,elasticsearch_os_load5,0.63
2023/4/13 4:26,1681331207,cc-cc408-hya,data-node-05,9.9.2.157,elasticsearch_os_load5,0.55
2023/4/13 4:27,1681331267,cc-cc408-hya,data-node-05,9.9.2.157,elasticsearch_os_load5,0.52
2023/4/13 4:28,1681331327,cc-cc408-hya,data-node-05,9.9.2.157,elasticsearch_os_load5,0.52
2023/4/13 4:29,1681331387,cc-cc408-hya,data-node-05,9.9.2.157,elasticsearch_os_load5,0.5
2023/4/13 4:30,1681331447,cc-cc408-hya,data-node-05,9.9.2.157,elasticsearch_os_load5,0.47
2023/4/13 4:31,1681331507,cc-cc408-hya,data-node-05,9.9.2.157,elasticsearch_os_load5,0.7
2023/4/13 4:32,1681331567,cc-cc408-hya,data-node-05,9.9.2.157,elasticsearch_os_load5,0.76
2023/4/13 4:33,1681331627,cc-cc408-hya,data-node-05,9.9.2.157,elasticsearch_os_load5,0.79
2023/4/13 4:34,1681331687,cc-cc408-hya,data-node-05,9.9.2.157,elasticsearch_os_load5,0.87
2023/4/13 4:35,1681331747,cc-cc408-hya,data-node-05,9.9.2.157,elasticsearch_os_load5,0.91
2023/4/13 4:36,1681331807,cc-cc408-hya,data-node-05,9.9.2.157,elasticsearch_os_load5,0.86
2023/4/13 4:37,1681331867,cc-cc408-hya,data-node-05,9.9.2.157,elasticsearch_os_load5,0.79
2023/4/13 4:38,1681331927,cc-cc408-hya,data-node-05,9.9.2.157,elasticsearch_os_load5,0.77
2023/4/13 4:39,1681331987,cc-cc408-hya,data-node-05,9.9.2.157,elasticsearch_os_load5,0.72
2023/4/13 4:40,1681332047,cc-cc408-hya,data-node-05,9.9.2.157,elasticsearch_os_load5,0.6
2023/4/13 4:41,1681332107,cc-cc408-hya,data-node-05,9.9.2.157,elasticsearch_os_load5,0.6
2023/4/13 4:42,1681332167,cc-cc408-hya,data-node-05,9.9.2.157,elasticsearch_os_load5,0.56
2023/4/13 4:43,1681332227,cc-cc408-hya,data-node-05,9.9.2.157,elasticsearch_os_load5,0.49
2023/4/13 4:44,1681332287,cc-cc408-hya,data-node-05,9.9.2.157,elasticsearch_os_load5,0.4
2023/4/13 4:45,1681332347,cc-cc408-hya,data-node-05,9.9.2.157,elasticsearch_os_load5,0.34
2023/4/13 4:46,1681332407,cc-cc408-hya,data-node-05,9.9.2.157,elasticsearch_os_load5,0.3
2023/4/13 4:47,1681332467,cc-cc408-hya,data-node-05,9.9.2.157,elasticsearch_os_load5,0.26
2023/4/13 4:48,1681332527,cc-cc408-hya,data-node-05,9.9.2.157,elasticsearch_os_load5,0.32
2023/4/13 4:49,1681332587,cc-cc408-hya,data-node-05,9.9.2.157,elasticsearch_os_load5,0.31
2023/4/13 4:50,1681332647,cc-cc408-hya,data-node-05,9.9.2.157,elasticsearch_os_load5,0.28
2023/4/13 4:51,1681332707,cc-cc408-hya,data-node-05,9.9.2.157,elasticsearch_os_load5,0.29
2023/4/13 4:52,1681332767,cc-cc408-hya,data-node-05,9.9.2.157,elasticsearch_os_load5,0.25
2023/4/13 4:53,1681332827,cc-cc408-hya,data-node-05,9.9.2.157,elasticsearch_os_load5,0.25
2023/4/13 4:54,1681332887,cc-cc408-hya,data-node-05,9.9.2.157,elasticsearch_os_load5,0.26
2023/4/13 4:55,1681332947,cc-cc408-hya,data-node-05,9.9.2.157,elasticsearch_os_load5,0.29
2023/4/13 4:56,1681333007,cc-cc408-hya,data-node-05,9.9.2.157,elasticsearch_os_load5,0.31
2023/4/13 4:57,1681333067,cc-cc408-hya,data-node-05,9.9.2.157,elasticsearch_os_load5,0.3
2023/4/13 4:58,1681333127,cc-cc408-hya,data-node-05,9.9.2.157,elasticsearch_os_load5,0.27
2023/4/13 4:59,1681333187,cc-cc408-hya,data-node-05,9.9.2.157,elasticsearch_os_load5,0.25
2023/4/13 5:00,1681333247,cc-cc408-hya,data-node-05,9.9.2.157,elasticsearch_os_load5,0.6
2023/4/13 5:01,1681333307,cc-cc408-hya,data-node-05,9.9.2.157,elasticsearch_os_load5,0.84
2023/4/13 5:02,1681333367,cc-cc408-hya,data-node-05,9.9.2.157,elasticsearch_os_load5,0.83
2023/4/13 5:03,1681333427,cc-cc408-hya,data-node-05,9.9.2.157,elasticsearch_os_load5,0.77
2023/4/13 5:04,1681333487,cc-cc408-hya,data-node-05,9.9.2.157,elasticsearch_os_load5,0.69
2023/4/13 5:05,1681333547,cc-cc408-hya,data-node-05,9.9.2.157,elasticsearch_os_load5,0.59
2023/4/13 5:06,1681333607,cc-cc408-hya,data-node-05,9.9.2.157,elasticsearch_os_load5,0.53
2023/4/13 5:07,1681333667,cc-cc408-hya,data-node-05,9.9.2.157,elasticsearch_os_load5,0.53
2023/4/13 5:08,1681333727,cc-cc408-hya,data-node-05,9.9.2.157,elasticsearch_os_load5,0.51
2023/4/13 5:09,1681333787,cc-cc408-hya,data-node-05,9.9.2.157,elasticsearch_os_load5,0.5
2023/4/13 5:10,1681333847,cc-cc408-hya,data-node-05,9.9.2.157,elasticsearch_os_load5,0.46
2023/4/13 5:11,1681333907,cc-cc408-hya,data-node-05,9.9.2.157,elasticsearch_os_load5,0.46
2023/4/13 5:12,1681333967,cc-cc408-hya,data-node-05,9.9.2.157,elasticsearch_os_load5,0.44
2023/4/13 5:13,1681334027,cc-cc408-hya,data-node-05,9.9.2.157,elasticsearch_os_load5,0.37
2023/4/13 5:14,1681334087,cc-cc408-hya,data-node-05,9.9.2.157,elasticsearch_os_load5,0.32
2023/4/13 5:15,1681334147,cc-cc408-hya,data-node-05,9.9.2.157,elasticsearch_os_load5,0.43
2023/4/13 5:16,1681334207,cc-cc408-hya,data-node-05,9.9.2.157,elasticsearch_os_load5,0.54
2023/4/13 5:17,1681334267,cc-cc408-hya,data-node-05,9.9.2.157,elasticsearch_os_load5,0.64
2023/4/13 5:18,1681334327,cc-cc408-hya,data-node-05,9.9.2.157,elasticsearch_os_load5,0.7
2023/4/13 5:19,1681334387,cc-cc408-hya,data-node-05,9.9.2.157,elasticsearch_os_load5,0.71
2023/4/13 5:20,1681334447,cc-cc408-hya,data-node-05,9.9.2.157,elasticsearch_os_load5,0.65
2023/4/13 5:21,1681334507,cc-cc408-hya,data-node-05,9.9.2.157,elasticsearch_os_load5,0.61
2023/4/13 5:22,1681334567,cc-cc408-hya,data-node-05,9.9.2.157,elasticsearch_os_load5,0.51
2023/4/13 5:23,1681334627,cc-cc408-hya,data-node-05,9.9.2.157,elasticsearch_os_load5,0.52
2023/4/13 5:24,1681334687,cc-cc408-hya,data-node-05,9.9.2.157,elasticsearch_os_load5,0.43
2023/4/13 5:25,1681334747,cc-cc408-hya,data-node-05,9.9.2.157,elasticsearch_os_load5,0.41
2023/4/13 5:26,1681334807,cc-cc408-hya,data-node-05,9.9.2.157,elasticsearch_os_load5,0.41
2023/4/13 5:27,1681334867,cc-cc408-hya,data-node-05,9.9.2.157,elasticsearch_os_load5,0.35
2023/4/13 5:28,1681334927,cc-cc408-hya,data-node-05,9.9.2.157,elasticsearch_os_load5,0.36
2023/4/13 5:29,1681334987,cc-cc408-hya,data-node-05,9.9.2.157,elasticsearch_os_load5,0.36
2023/4/13 5:30,1681335047,cc-cc408-hya,data-node-05,9.9.2.157,elasticsearch_os_load5,0.3
2023/4/13 5:31,1681335107,cc-cc408-hya,data-node-05,9.9.2.157,elasticsearch_os_load5,0.39
2023/4/13 5:32,1681335167,cc-cc408-hya,data-node-05,9.9.2.157,elasticsearch_os_load5,0.36
2023/4/13 5:33,1681335227,cc-cc408-hya,data-node-05,9.9.2.157,elasticsearch_os_load5,0.38
2023/4/13 5:34,1681335287,cc-cc408-hya,data-node-05,9.9.2.157,elasticsearch_os_load5,0.32
2023/4/13 5:35,1681335347,cc-cc408-hya,data-node-05,9.9.2.157,elasticsearch_os_load5,0.31
2023/4/13 5:36,1681335407,cc-cc408-hya,data-node-05,9.9.2.157,elasticsearch_os_load5,0.3
2023/4/13 5:37,1681335467,cc-cc408-hya,data-node-05,9.9.2.157,elasticsearch_os_load5,0.3
2023/4/13 5:38,1681335527,cc-cc408-hya,data-node-05,9.9.2.157,elasticsearch_os_load5,0.33
2023/4/13 5:39,1681335587,cc-cc408-hya,data-node-05,9.9.2.157,elasticsearch_os_load5,0.31
2023/4/13 5:40,1681335647,cc-cc408-hya,data-node-05,9.9.2.157,elasticsearch_os_load5,0.25
2023/4/13 5:41,1681335707,cc-cc408-hya,data-node-05,9.9.2.157,elasticsearch_os_load5,0.29
2023/4/13 5:42,1681335767,cc-cc408-hya,data-node-05,9.9.2.157,elasticsearch_os_load5,0.3
2023/4/13 5:43,1681335827,cc-cc408-hya,data-node-05,9.9.2.157,elasticsearch_os_load5,0.55
2023/4/13 5:44,1681335887,cc-cc408-hya,data-node-05,9.9.2.157,elasticsearch_os_load5,0.66
2023/4/13 5:45,1681335947,cc-cc408-hya,data-node-05,9.9.2.157,elasticsearch_os_load5,0.62
2023/4/13 5:46,1681336007,cc-cc408-hya,data-node-05,9.9.2.157,elasticsearch_os_load5,0.55
2023/4/13 5:47,1681336067,cc-cc408-hya,data-node-05,9.9.2.157,elasticsearch_os_load5,0.5
2023/4/13 5:48,1681336127,cc-cc408-hya,data-node-05,9.9.2.157,elasticsearch_os_load5,0.43
2023/4/13 5:49,1681336187,cc-cc408-hya,data-node-05,9.9.2.157,elasticsearch_os_load5,0.44
2023/4/13 5:50,1681336247,cc-cc408-hya,data-node-05,9.9.2.157,elasticsearch_os_load5,0.44
2023/4/13 5:51,1681336307,cc-cc408-hya,data-node-05,9.9.2.157,elasticsearch_os_load5,1.18
2023/4/13 5:52,1681336367,cc-cc408-hya,data-node-05,9.9.2.157,elasticsearch_os_load5,0.99
2023/4/13 5:53,1681336427,cc-cc408-hya,data-node-05,9.9.2.157,elasticsearch_os_load5,1.55
2023/4/13 5:54,1681336487,cc-cc408-hya,data-node-05,9.9.2.157,elasticsearch_os_load5,1.33
2023/4/13 5:55,1681336547,cc-cc408-hya,data-node-05,9.9.2.157,elasticsearch_os_load5,1.32
2023/4/13 5:56,1681336607,cc-cc408-hya,data-node-05,9.9.2.157,elasticsearch_os_load5,1.24
2023/4/13 5:57,1681336667,cc-cc408-hya,data-node-05,9.9.2.157,elasticsearch_os_load5,1.16
2023/4/13 5:58,1681336727,cc-cc408-hya,data-node-05,9.9.2.157,elasticsearch_os_load5,1.11
2023/4/13 5:59,1681336787,cc-cc408-hya,data-node-05,9.9.2.157,elasticsearch_os_load5,1.12
2023/4/13 6:00,1681336847,cc-cc408-hya,data-node-05,9.9.2.157,elasticsearch_os_load5,1.12
2023/4/13 6:01,1681336907,cc-cc408-hya,data-node-05,9.9.2.157,elasticsearch_os_load5,1.09
2023/4/13 6:02,1681336967,cc-cc408-hya,data-node-05,9.9.2.157,elasticsearch_os_load5,1.12
2023/4/13 6:03,1681337027,cc-cc408-hya,data-node-05,9.9.2.157,elasticsearch_os_load5,1.04
2023/4/13 6:04,1681337087,cc-cc408-hya,data-node-05,9.9.2.157,elasticsearch_os_load5,0.91
2023/4/13 6:05,1681337147,cc-cc408-hya,data-node-05,9.9.2.157,elasticsearch_os_load5,0.84
2023/4/13 6:06,1681337207,cc-cc408-hya,data-node-05,9.9.2.157,elasticsearch_os_load5,0.7
2023/4/13 6:07,1681337267,cc-cc408-hya,data-node-05,9.9.2.157,elasticsearch_os_load5,0.6
2023/4/13 6:08,1681337327,cc-cc408-hya,data-node-05,9.9.2.157,elasticsearch_os_load5,0.6
2023/4/13 6:09,1681337387,cc-cc408-hya,data-node-05,9.9.2.157,elasticsearch_os_load5,0.52
2023/4/13 6:10,1681337447,cc-cc408-hya,data-node-05,9.9.2.157,elasticsearch_os_load5,0.47
2023/4/13 6:11,1681337507,cc-cc408-hya,data-node-05,9.9.2.157,elasticsearch_os_load5,0.45
2023/4/13 6:12,1681337567,cc-cc408-hya,data-node-05,9.9.2.157,elasticsearch_os_load5,0.38
2023/4/13 6:13,1681337627,cc-cc408-hya,data-node-05,9.9.2.157,elasticsearch_os_load5,0.4
2023/4/13 6:14,1681337687,cc-cc408-hya,data-node-05,9.9.2.157,elasticsearch_os_load5,0.42
2023/4/13 6:15,1681337747,cc-cc408-hya,data-node-05,9.9.2.157,elasticsearch_os_load5,0.37
2023/4/13 6:16,1681337807,cc-cc408-hya,data-node-05,9.9.2.157,elasticsearch_os_load5,0.33
2023/4/13 6:17,1681337867,cc-cc408-hya,data-node-05,9.9.2.157,elasticsearch_os_load5,0.41
2023/4/13 6:18,1681337927,cc-cc408-hya,data-node-05,9.9.2.157,elasticsearch_os_load5,0.38
2023/4/13 6:19,1681337987,cc-cc408-hya,data-node-05,9.9.2.157,elasticsearch_os_load5,0.34
2023/4/13 6:20,1681338047,cc-cc408-hya,data-node-05,9.9.2.157,elasticsearch_os_load5,0.35
2023/4/13 6:21,1681338107,cc-cc408-hya,data-node-05,9.9.2.157,elasticsearch_os_load5,0.33
2023/4/13 6:22,1681338167,cc-cc408-hya,data-node-05,9.9.2.157,elasticsearch_os_load5,0.27
2023/4/13 6:23,1681338227,cc-cc408-hya,data-node-05,9.9.2.157,elasticsearch_os_load5,0.26
2023/4/13 6:24,1681338287,cc-cc408-hya,data-node-05,9.9.2.157,elasticsearch_os_load5,0.26
2023/4/13 6:25,1681338347,cc-cc408-hya,data-node-05,9.9.2.157,elasticsearch_os_load5,0.4
2023/4/13 6:26,1681338407,cc-cc408-hya,data-node-05,9.9.2.157,elasticsearch_os_load5,0.52
2023/4/13 6:27,1681338467,cc-cc408-hya,data-node-05,9.9.2.157,elasticsearch_os_load5,0.57
2023/4/13 6:28,1681338527,cc-cc408-hya,data-node-05,9.9.2.157,elasticsearch_os_load5,0.54
2023/4/13 6:29,1681338587,cc-cc408-hya,data-node-05,9.9.2.157,elasticsearch_os_load5,0.56
2023/4/13 6:30,1681338647,cc-cc408-hya,data-node-05,9.9.2.157,elasticsearch_os_load5,0.47
2023/4/13 6:31,1681338707,cc-cc408-hya,data-node-05,9.9.2.157,elasticsearch_os_load5,0.48
2023/4/13 6:32,1681338767,cc-cc408-hya,data-node-05,9.9.2.157,elasticsearch_os_load5,0.47
2023/4/13 6:33,1681338827,cc-cc408-hya,data-node-05,9.9.2.157,elasticsearch_os_load5,0.43
2023/4/13 6:34,1681338887,cc-cc408-hya,data-node-05,9.9.2.157,elasticsearch_os_load5,0.35
2023/4/13 6:35,1681338947,cc-cc408-hya,data-node-05,9.9.2.157,elasticsearch_os_load5,0.42
2023/4/13 6:36,1681339007,cc-cc408-hya,data-node-05,9.9.2.157,elasticsearch_os_load5,0.45
2023/4/13 6:37,1681339067,cc-cc408-hya,data-node-05,9.9.2.157,elasticsearch_os_load5,0.59
2023/4/13 6:38,1681339127,cc-cc408-hya,data-node-05,9.9.2.157,elasticsearch_os_load5,0.67
2023/4/13 6:39,1681339187,cc-cc408-hya,data-node-05,9.9.2.157,elasticsearch_os_load5,0.61
2023/4/13 6:40,1681339247,cc-cc408-hya,data-node-05,9.9.2.157,elasticsearch_os_load5,0.75
2023/4/13 6:41,1681339307,cc-cc408-hya,data-node-05,9.9.2.157,elasticsearch_os_load5,0.75
2023/4/13 6:42,1681339367,cc-cc408-hya,data-node-05,9.9.2.157,elasticsearch_os_load5,0.79
2023/4/13 6:43,1681339427,cc-cc408-hya,data-node-05,9.9.2.157,elasticsearch_os_load5,0.83
2023/4/13 6:44,1681339487,cc-cc408-hya,data-node-05,9.9.2.157,elasticsearch_os_load5,0.87
2023/4/13 6:45,1681339547,cc-cc408-hya,data-node-05,9.9.2.157,elasticsearch_os_load5,0.88
2023/4/13 6:46,1681339607,cc-cc408-hya,data-node-05,9.9.2.157,elasticsearch_os_load5,0.77
2023/4/13 6:47,1681339667,cc-cc408-hya,data-node-05,9.9.2.157,elasticsearch_os_load5,0.73
2023/4/13 6:48,1681339727,cc-cc408-hya,data-node-05,9.9.2.157,elasticsearch_os_load5,0.65
2023/4/13 6:49,1681339787,cc-cc408-hya,data-node-05,9.9.2.157,elasticsearch_os_load5,0.58
2023/4/13 6:50,1681339847,cc-cc408-hya,data-node-05,9.9.2.157,elasticsearch_os_load5,0.63
2023/4/13 6:51,1681339907,cc-cc408-hya,data-node-05,9.9.2.157,elasticsearch_os_load5,0.81
2023/4/13 6:52,1681339967,cc-cc408-hya,data-node-05,9.9.2.157,elasticsearch_os_load5,0.79
2023/4/13 6:53,1681340027,cc-cc408-hya,data-node-05,9.9.2.157,elasticsearch_os_load5,0.7
2023/4/13 6:54,1681340087,cc-cc408-hya,data-node-05,9.9.2.157,elasticsearch_os_load5,0.66
2023/4/13 6:55,1681340147,cc-cc408-hya,data-node-05,9.9.2.157,elasticsearch_os_load5,0.71
2023/4/13 6:56,1681340207,cc-cc408-hya,data-node-05,9.9.2.157,elasticsearch_os_load5,0.61
2023/4/13 6:57,1681340267,cc-cc408-hya,data-node-05,9.9.2.157,elasticsearch_os_load5,0.54
2023/4/13 6:58,1681340327,cc-cc408-hya,data-node-05,9.9.2.157,elasticsearch_os_load5,0.49
2023/4/13 6:59,1681340387,cc-cc408-hya,data-node-05,9.9.2.157,elasticsearch_os_load5,0.48
2023/4/13 7:00,1681340447,cc-cc408-hya,data-node-05,9.9.2.157,elasticsearch_os_load5,0.47
2023/4/13 7:01,1681340507,cc-cc408-hya,data-node-05,9.9.2.157,elasticsearch_os_load5,0.49
2023/4/13 7:02,1681340567,cc-cc408-hya,data-node-05,9.9.2.157,elasticsearch_os_load5,0.4
2023/4/13 7:03,1681340627,cc-cc408-hya,data-node-05,9.9.2.157,elasticsearch_os_load5,0.49
2023/4/13 7:04,1681340687,cc-cc408-hya,data-node-05,9.9.2.157,elasticsearch_os_load5,0.46
2023/4/13 7:05,1681340747,cc-cc408-hya,data-node-05,9.9.2.157,elasticsearch_os_load5,0.46
2023/4/13 7:06,1681340807,cc-cc408-hya,data-node-05,9.9.2.157,elasticsearch_os_load5,0.42
2023/4/13 7:07,1681340867,cc-cc408-hya,data-node-05,9.9.2.157,elasticsearch_os_load5,0.58
2023/4/13 7:08,1681340927,cc-cc408-hya,data-node-05,9.9.2.157,elasticsearch_os_load5,0.75
2023/4/13 7:09,1681340987,cc-cc408-hya,data-node-05,9.9.2.157,elasticsearch_os_load5,0.84
2023/4/13 7:10,1681341047,cc-cc408-hya,data-node-05,9.9.2.157,elasticsearch_os_load5,0.78
2023/4/13 7:11,1681341107,cc-cc408-hya,data-node-05,9.9.2.157,elasticsearch_os_load5,0.77
2023/4/13 7:12,1681341167,cc-cc408-hya,data-node-05,9.9.2.157,elasticsearch_os_load5,0.73
2023/4/13 7:13,1681341227,cc-cc408-hya,data-node-05,9.9.2.157,elasticsearch_os_load5,0.67
2023/4/13 7:14,1681341287,cc-cc408-hya,data-node-05,9.9.2.157,elasticsearch_os_load5,0.61
2023/4/13 7:15,1681341347,cc-cc408-hya,data-node-05,9.9.2.157,elasticsearch_os_load5,0.61
2023/4/13 7:16,1681341407,cc-cc408-hya,data-node-05,9.9.2.157,elasticsearch_os_load5,0.64
2023/4/13 7:17,1681341467,cc-cc408-hya,data-node-05,9.9.2.157,elasticsearch_os_load5,0.63
2023/4/13 7:18,1681341527,cc-cc408-hya,data-node-05,9.9.2.157,elasticsearch_os_load5,0.7
2023/4/13 7:19,1681341587,cc-cc408-hya,data-node-05,9.9.2.157,elasticsearch_os_load5,0.78
2023/4/13 7:20,1681341647,cc-cc408-hya,data-node-05,9.9.2.157,elasticsearch_os_load5,0.72
2023/4/13 7:21,1681341707,cc-cc408-hya,data-node-05,9.9.2.157,elasticsearch_os_load5,0.69
2023/4/13 7:22,1681341767,cc-cc408-hya,data-node-05,9.9.2.157,elasticsearch_os_load5,0.77
2023/4/13 7:23,1681341827,cc-cc408-hya,data-node-05,9.9.2.157,elasticsearch_os_load5,0.83
2023/4/13 7:24,1681341887,cc-cc408-hya,data-node-05,9.9.2.157,elasticsearch_os_load5,0.97
2023/4/13 7:25,1681341947,cc-cc408-hya,data-node-05,9.9.2.157,elasticsearch_os_load5,0.99
2023/4/13 7:26,1681342007,cc-cc408-hya,data-node-05,9.9.2.157,elasticsearch_os_load5,1.13
2023/4/13 7:27,1681342067,cc-cc408-hya,data-node-05,9.9.2.157,elasticsearch_os_load5,1.13
2023/4/13 7:28,1681342127,cc-cc408-hya,data-node-05,9.9.2.157,elasticsearch_os_load5,1.04
2023/4/13 7:29,1681342187,cc-cc408-hya,data-node-05,9.9.2.157,elasticsearch_os_load5,0.94
2023/4/13 7:30,1681342247,cc-cc408-hya,data-node-05,9.9.2.157,elasticsearch_os_load5,0.91
2023/4/13 7:31,1681342307,cc-cc408-hya,data-node-05,9.9.2.157,elasticsearch_os_load5,0.85
2023/4/13 7:32,1681342367,cc-cc408-hya,data-node-05,9.9.2.157,elasticsearch_os_load5,0.74
2023/4/13 7:33,1681342427,cc-cc408-hya,data-node-05,9.9.2.157,elasticsearch_os_load5,0.63
2023/4/13 7:34,1681342487,cc-cc408-hya,data-node-05,9.9.2.157,elasticsearch_os_load5,0.58
2023/4/13 7:35,1681342547,cc-cc408-hya,data-node-05,9.9.2.157,elasticsearch_os_load5,0.52
2023/4/13 7:36,1681342607,cc-cc408-hya,data-node-05,9.9.2.157,elasticsearch_os_load5,0.61
2023/4/13 7:37,1681342667,cc-cc408-hya,data-node-05,9.9.2.157,elasticsearch_os_load5,0.66
2023/4/13 7:38,1681342727,cc-cc408-hya,data-node-05,9.9.2.157,elasticsearch_os_load5,0.66
2023/4/13 7:39,1681342787,cc-cc408-hya,data-node-05,9.9.2.157,elasticsearch_os_load5,0.62
2023/4/13 7:40,1681342847,cc-cc408-hya,data-node-05,9.9.2.157,elasticsearch_os_load5,0.58
2023/4/13 7:41,1681342907,cc-cc408-hya,data-node-05,9.9.2.157,elasticsearch_os_load5,0.62
2023/4/13 7:42,1681342967,cc-cc408-hya,data-node-05,9.9.2.157,elasticsearch_os_load5,0.56
2023/4/13 7:43,1681343027,cc-cc408-hya,data-node-05,9.9.2.157,elasticsearch_os_load5,0.54
2023/4/13 7:44,1681343087,cc-cc408-hya,data-node-05,9.9.2.157,elasticsearch_os_load5,0.51
2023/4/13 7:45,1681343147,cc-cc408-hya,data-node-05,9.9.2.157,elasticsearch_os_load5,0.48
2023/4/13 7:46,1681343207,cc-cc408-hya,data-node-05,9.9.2.157,elasticsearch_os_load5,0.48
2023/4/13 7:47,1681343267,cc-cc408-hya,data-node-05,9.9.2.157,elasticsearch_os_load5,0.5
2023/4/13 7:48,1681343327,cc-cc408-hya,data-node-05,9.9.2.157,elasticsearch_os_load5,0.61
2023/4/13 7:49,1681343387,cc-cc408-hya,data-node-05,9.9.2.157,elasticsearch_os_load5,0.7
2023/4/13 7:50,1681343447,cc-cc408-hya,data-node-05,9.9.2.157,elasticsearch_os_load5,0.97
2023/4/13 7:51,1681343507,cc-cc408-hya,data-node-05,9.9.2.157,elasticsearch_os_load5,1.14
2023/4/13 7:52,1681343567,cc-cc408-hya,data-node-05,9.9.2.157,elasticsearch_os_load5,1.02
2023/4/13 7:53,1681343627,cc-cc408-hya,data-node-05,9.9.2.157,elasticsearch_os_load5,0.99
2023/4/13 7:54,1681343687,cc-cc408-hya,data-node-05,9.9.2.157,elasticsearch_os_load5,1.08
2023/4/13 7:55,1681343747,cc-cc408-hya,data-node-05,9.9.2.157,elasticsearch_os_load5,1.01
2023/4/13 7:56,1681343807,cc-cc408-hya,data-node-05,9.9.2.157,elasticsearch_os_load5,0.94
2023/4/13 7:57,1681343867,cc-cc408-hya,data-node-05,9.9.2.157,elasticsearch_os_load5,0.84
2023/4/13 7:58,1681343927,cc-cc408-hya,data-node-05,9.9.2.157,elasticsearch_os_load5,0.79
2023/4/13 7:59,1681343987,cc-cc408-hya,data-node-05,9.9.2.157,elasticsearch_os_load5,0.8
2023/4/13 8:00,1681344047,cc-cc408-hya,data-node-05,9.9.2.157,elasticsearch_os_load5,0.9
2023/4/13 8:01,1681344107,cc-cc408-hya,data-node-05,9.9.2.157,elasticsearch_os_load5,0.89
2023/4/13 8:02,1681344167,cc-cc408-hya,data-node-05,9.9.2.157,elasticsearch_os_load5,1.12
2023/4/13 8:03,1681344227,cc-cc408-hya,data-node-05,9.9.2.157,elasticsearch_os_load5,1.29
2023/4/13 8:04,1681344287,cc-cc408-hya,data-node-05,9.9.2.157,elasticsearch_os_load5,1.58
2023/4/13 8:05,1681344347,cc-cc408-hya,data-node-05,9.9.2.157,elasticsearch_os_load5,1.7
2023/4/13 8:06,1681344407,cc-cc408-hya,data-node-05,9.9.2.157,elasticsearch_os_load5,1.82
2023/4/13 8:07,1681344467,cc-cc408-hya,data-node-05,9.9.2.157,elasticsearch_os_load5,1.71
2023/4/13 8:08,1681344527,cc-cc408-hya,data-node-05,9.9.2.157,elasticsearch_os_load5,2.26
2023/4/13 8:09,1681344587,cc-cc408-hya,data-node-05,9.9.2.157,elasticsearch_os_load5,3.26
2023/4/13 8:10,1681344647,cc-cc408-hya,data-node-05,9.9.2.157,elasticsearch_os_load5,3.1
2023/4/13 8:11,1681344707,cc-cc408-hya,data-node-05,9.9.2.157,elasticsearch_os_load5,2.7
2023/4/13 8:12,1681344767,cc-cc408-hya,data-node-05,9.9.2.157,elasticsearch_os_load5,2.35
2023/4/13 8:13,1681344827,cc-cc408-hya,data-node-05,9.9.2.157,elasticsearch_os_load5,2.53
2023/4/13 8:14,1681344887,cc-cc408-hya,data-node-05,9.9.2.157,elasticsearch_os_load5,2.21
2023/4/13 8:15,1681344947,cc-cc408-hya,data-node-05,9.9.2.157,elasticsearch_os_load5,1.94
2023/4/13 8:16,1681345007,cc-cc408-hya,data-node-05,9.9.2.157,elasticsearch_os_load5,1.77
2023/4/13 8:17,1681345067,cc-cc408-hya,data-node-05,9.9.2.157,elasticsearch_os_load5,1.64
2023/4/13 8:18,1681345127,cc-cc408-hya,data-node-05,9.9.2.157,elasticsearch_os_load5,1.58
2023/4/13 8:19,1681345187,cc-cc408-hya,data-node-05,9.9.2.157,elasticsearch_os_load5,1.46
2023/4/13 8:20,1681345247,cc-cc408-hya,data-node-05,9.9.2.157,elasticsearch_os_load5,1.49
2023/4/13 8:21,1681345307,cc-cc408-hya,data-node-05,9.9.2.157,elasticsearch_os_load5,1.43
2023/4/13 8:22,1681345367,cc-cc408-hya,data-node-05,9.9.2.157,elasticsearch_os_load5,1.37
2023/4/13 8:23,1681345427,cc-cc408-hya,data-node-05,9.9.2.157,elasticsearch_os_load5,1.33
2023/4/13 8:24,1681345487,cc-cc408-hya,data-node-05,9.9.2.157,elasticsearch_os_load5,1.23
2023/4/13 8:25,1681345547,cc-cc408-hya,data-node-05,9.9.2.157,elasticsearch_os_load5,1.15
2023/4/13 8:26,1681345607,cc-cc408-hya,data-node-05,9.9.2.157,elasticsearch_os_load5,1.12
2023/4/13 8:27,1681345667,cc-cc408-hya,data-node-05,9.9.2.157,elasticsearch_os_load5,1.16
2023/4/13 8:28,1681345727,cc-cc408-hya,data-node-05,9.9.2.157,elasticsearch_os_load5,1.19
2023/4/13 8:29,1681345787,cc-cc408-hya,data-node-05,9.9.2.157,elasticsearch_os_load5,1.14
2023/4/13 8:30,1681345847,cc-cc408-hya,data-node-05,9.9.2.157,elasticsearch_os_load5,1.28
2023/4/13 8:31,1681345907,cc-cc408-hya,data-node-05,9.9.2.157,elasticsearch_os_load5,1.24
2023/4/13 8:32,1681345967,cc-cc408-hya,data-node-05,9.9.2.157,elasticsearch_os_load5,1.48
2023/4/13 8:33,1681346027,cc-cc408-hya,data-node-05,9.9.2.157,elasticsearch_os_load5,1.61
2023/4/13 8:34,1681346087,cc-cc408-hya,data-node-05,9.9.2.157,elasticsearch_os_load5,1.67
2023/4/13 8:35,1681346147,cc-cc408-hya,data-node-05,9.9.2.157,elasticsearch_os_load5,1.54
2023/4/13 8:36,1681346207,cc-cc408-hya,data-node-05,9.9.2.157,elasticsearch_os_load5,1.55
2023/4/13 8:37,1681346267,cc-cc408-hya,data-node-05,9.9.2.157,elasticsearch_os_load5,1.49
2023/4/13 8:38,1681346327,cc-cc408-hya,data-node-05,9.9.2.157,elasticsearch_os_load5,1.49
2023/4/13 8:39,1681346387,cc-cc408-hya,data-node-05,9.9.2.157,elasticsearch_os_load5,1.47
2023/4/13 8:40,1681346447,cc-cc408-hya,data-node-05,9.9.2.157,elasticsearch_os_load5,1.62
2023/4/13 8:41,1681346507,cc-cc408-hya,data-node-05,9.9.2.157,elasticsearch_os_load5,1.66
2023/4/13 8:42,1681346567,cc-cc408-hya,data-node-05,9.9.2.157,elasticsearch_os_load5,1.84
2023/4/13 8:43,1681346627,cc-cc408-hya,data-node-05,9.9.2.157,elasticsearch_os_load5,1.75
2023/4/13 8:44,1681346687,cc-cc408-hya,data-node-05,9.9.2.157,elasticsearch_os_load5,1.79
2023/4/13 8:45,1681346747,cc-cc408-hya,data-node-05,9.9.2.157,elasticsearch_os_load5,2
2023/4/13 8:46,1681346807,cc-cc408-hya,data-node-05,9.9.2.157,elasticsearch_os_load5,1.89
2023/4/13 8:47,1681346867,cc-cc408-hya,data-node-05,9.9.2.157,elasticsearch_os_load5,1.82
2023/4/13 8:48,1681346927,cc-cc408-hya,data-node-05,9.9.2.157,elasticsearch_os_load5,2.02
2023/4/13 8:49,1681346987,cc-cc408-hya,data-node-05,9.9.2.157,elasticsearch_os_load5,1.82
2023/4/13 8:50,1681347047,cc-cc408-hya,data-node-05,9.9.2.157,elasticsearch_os_load5,1.87
2023/4/13 8:51,1681347107,cc-cc408-hya,data-node-05,9.9.2.157,elasticsearch_os_load5,1.95
2023/4/13 8:52,1681347167,cc-cc408-hya,data-node-05,9.9.2.157,elasticsearch_os_load5,2.04
2023/4/13 8:53,1681347227,cc-cc408-hya,data-node-05,9.9.2.157,elasticsearch_os_load5,2.17
2023/4/13 8:54,1681347287,cc-cc408-hya,data-node-05,9.9.2.157,elasticsearch_os_load5,2.28
2023/4/13 8:55,1681347347,cc-cc408-hya,data-node-05,9.9.2.157,elasticsearch_os_load5,2.3
2023/4/13 8:56,1681347407,cc-cc408-hya,data-node-05,9.9.2.157,elasticsearch_os_load5,2.31
2023/4/13 8:57,1681347467,cc-cc408-hya,data-node-05,9.9.2.157,elasticsearch_os_load5,2.22
2023/4/13 8:58,1681347527,cc-cc408-hya,data-node-05,9.9.2.157,elasticsearch_os_load5,2.15
2023/4/13 8:59,1681347587,cc-cc408-hya,data-node-05,9.9.2.157,elasticsearch_os_load5,2.15
2023/4/13 9:00,1681347647,cc-cc408-hya,data-node-05,9.9.2.157,elasticsearch_os_load5,2.16
2023/4/13 9:01,1681347707,cc-cc408-hya,data-node-05,9.9.2.157,elasticsearch_os_load5,2.41
2023/4/13 9:02,1681347767,cc-cc408-hya,data-node-05,9.9.2.157,elasticsearch_os_load5,2.49
2023/4/13 9:03,1681347827,cc-cc408-hya,data-node-05,9.9.2.157,elasticsearch_os_load5,2.7
2023/4/13 9:04,1681347887,cc-cc408-hya,data-node-05,9.9.2.157,elasticsearch_os_load5,2.73
2023/4/13 9:05,1681347947,cc-cc408-hya,data-node-05,9.9.2.157,elasticsearch_os_load5,2.8
2023/4/13 9:06,1681348007,cc-cc408-hya,data-node-05,9.9.2.157,elasticsearch_os_load5,2.87
2023/4/13 9:07,1681348067,cc-cc408-hya,data-node-05,9.9.2.157,elasticsearch_os_load5,2.95
2023/4/13 9:08,1681348127,cc-cc408-hya,data-node-05,9.9.2.157,elasticsearch_os_load5,3.05
2023/4/13 9:09,1681348187,cc-cc408-hya,data-node-05,9.9.2.157,elasticsearch_os_load5,2.95
2023/4/13 9:10,1681348247,cc-cc408-hya,data-node-05,9.9.2.157,elasticsearch_os_load5,3.33
2023/4/13 9:11,1681348307,cc-cc408-hya,data-node-05,9.9.2.157,elasticsearch_os_load5,3.47
2023/4/13 9:12,1681348367,cc-cc408-hya,data-node-05,9.9.2.157,elasticsearch_os_load5,3.37
2023/4/13 9:13,1681348427,cc-cc408-hya,data-node-05,9.9.2.157,elasticsearch_os_load5,3.67
2023/4/13 9:14,1681348487,cc-cc408-hya,data-node-05,9.9.2.157,elasticsearch_os_load5,3.81
2023/4/13 9:15,1681348547,cc-cc408-hya,data-node-05,9.9.2.157,elasticsearch_os_load5,3.93
2023/4/13 9:16,1681348607,cc-cc408-hya,data-node-05,9.9.2.157,elasticsearch_os_load5,4.26
2023/4/13 9:17,1681348667,cc-cc408-hya,data-node-05,9.9.2.157,elasticsearch_os_load5,4.05
2023/4/13 9:18,1681348727,cc-cc408-hya,data-node-05,9.9.2.157,elasticsearch_os_load5,4.29
2023/4/13 9:19,1681348787,cc-cc408-hya,data-node-05,9.9.2.157,elasticsearch_os_load5,4.15
2023/4/13 9:20,1681348847,cc-cc408-hya,data-node-05,9.9.2.157,elasticsearch_os_load5,4.12
2023/4/13 9:21,1681348907,cc-cc408-hya,data-node-05,9.9.2.157,elasticsearch_os_load5,4.11
2023/4/13 9:22,1681348967,cc-cc408-hya,data-node-05,9.9.2.157,elasticsearch_os_load5,4.07
2023/4/13 9:23,1681349027,cc-cc408-hya,data-node-05,9.9.2.157,elasticsearch_os_load5,3.86
2023/4/13 9:24,1681349087,cc-cc408-hya,data-node-05,9.9.2.157,elasticsearch_os_load5,3.94
2023/4/13 9:25,1681349147,cc-cc408-hya,data-node-05,9.9.2.157,elasticsearch_os_load5,3.92
2023/4/13 9:26,1681349207,cc-cc408-hya,data-node-05,9.9.2.157,elasticsearch_os_load5,4.19
2023/4/13 9:27,1681349267,cc-cc408-hya,data-node-05,9.9.2.157,elasticsearch_os_load5,4.09
2023/4/13 9:28,1681349327,cc-cc408-hya,data-node-05,9.9.2.157,elasticsearch_os_load5,4.69
2023/4/13 9:29,1681349387,cc-cc408-hya,data-node-05,9.9.2.157,elasticsearch_os_load5,4.37
2023/4/13 9:30,1681349447,cc-cc408-hya,data-node-05,9.9.2.157,elasticsearch_os_load5,4.39
2023/4/13 9:31,1681349507,cc-cc408-hya,data-node-05,9.9.2.157,elasticsearch_os_load5,4.42
2023/4/13 9:32,1681349567,cc-cc408-hya,data-node-05,9.9.2.157,elasticsearch_os_load5,4.2
2023/4/13 9:33,1681349627,cc-cc408-hya,data-node-05,9.9.2.157,elasticsearch_os_load5,4.16
2023/4/13 9:34,1681349687,cc-cc408-hya,data-node-05,9.9.2.157,elasticsearch_os_load5,3.89
2023/4/13 9:35,1681349747,cc-cc408-hya,data-node-05,9.9.2.157,elasticsearch_os_load5,4.35
2023/4/13 9:36,1681349807,cc-cc408-hya,data-node-05,9.9.2.157,elasticsearch_os_load5,4.31
2023/4/13 9:37,1681349867,cc-cc408-hya,data-node-05,9.9.2.157,elasticsearch_os_load5,4.35
2023/4/13 9:38,1681349927,cc-cc408-hya,data-node-05,9.9.2.157,elasticsearch_os_load5,4.64
2023/4/13 9:39,1681349987,cc-cc408-hya,data-node-05,9.9.2.157,elasticsearch_os_load5,4.69
2023/4/13 9:40,1681350047,cc-cc408-hya,data-node-05,9.9.2.157,elasticsearch_os_load5,4.54
2023/4/13 9:41,1681350107,cc-cc408-hya,data-node-05,9.9.2.157,elasticsearch_os_load5,4.42
2023/4/13 9:42,1681350167,cc-cc408-hya,data-node-05,9.9.2.157,elasticsearch_os_load5,4.31
2023/4/13 9:43,1681350227,cc-cc408-hya,data-node-05,9.9.2.157,elasticsearch_os_load5,3.91
2023/4/13 9:44,1681350287,cc-cc408-hya,data-node-05,9.9.2.157,elasticsearch_os_load5,3.62
2023/4/13 9:45,1681350347,cc-cc408-hya,data-node-05,9.9.2.157,elasticsearch_os_load5,3.57
2023/4/13 9:46,1681350407,cc-cc408-hya,data-node-05,9.9.2.157,elasticsearch_os_load5,3.72
2023/4/13 9:47,1681350467,cc-cc408-hya,data-node-05,9.9.2.157,elasticsearch_os_load5,3.86
2023/4/13 9:48,1681350527,cc-cc408-hya,data-node-05,9.9.2.157,elasticsearch_os_load5,4.01
2023/4/13 9:49,1681350587,cc-cc408-hya,data-node-05,9.9.2.157,elasticsearch_os_load5,4.08
2023/4/13 9:50,1681350647,cc-cc408-hya,data-node-05,9.9.2.157,elasticsearch_os_load5,4.15
2023/4/13 9:51,1681350707,cc-cc408-hya,data-node-05,9.9.2.157,elasticsearch_os_load5,3.89
2023/4/13 9:52,1681350767,cc-cc408-hya,data-node-05,9.9.2.157,elasticsearch_os_load5,4
2023/4/13 9:53,1681350827,cc-cc408-hya,data-node-05,9.9.2.157,elasticsearch_os_load5,3.93
2023/4/13 9:54,1681350887,cc-cc408-hya,data-node-05,9.9.2.157,elasticsearch_os_load5,3.98
2023/4/13 9:55,1681350947,cc-cc408-hya,data-node-05,9.9.2.157,elasticsearch_os_load5,4.13
2023/4/13 9:56,1681351007,cc-cc408-hya,data-node-05,9.9.2.157,elasticsearch_os_load5,4.15
2023/4/13 9:57,1681351067,cc-cc408-hya,data-node-05,9.9.2.157,elasticsearch_os_load5,4.5
2023/4/13 9:58,1681351127,cc-cc408-hya,data-node-05,9.9.2.157,elasticsearch_os_load5,4.44
2023/4/13 9:59,1681351187,cc-cc408-hya,data-node-05,9.9.2.157,elasticsearch_os_load5,4.42
2023/4/13 10:00,1681351247,cc-cc408-hya,data-node-05,9.9.2.157,elasticsearch_os_load5,4.39
2023/4/13 10:01,1681351307,cc-cc408-hya,data-node-05,9.9.2.157,elasticsearch_os_load5,4.13
2023/4/13 10:02,1681351367,cc-cc408-hya,data-node-05,9.9.2.157,elasticsearch_os_load5,4.33
2023/4/13 10:03,1681351427,cc-cc408-hya,data-node-05,9.9.2.157,elasticsearch_os_load5,4.47
2023/4/13 10:04,1681351487,cc-cc408-hya,data-node-05,9.9.2.157,elasticsearch_os_load5,4.48
2023/4/13 10:05,1681351547,cc-cc408-hya,data-node-05,9.9.2.157,elasticsearch_os_load5,4.7
2023/4/13 10:06,1681351607,cc-cc408-hya,data-node-05,9.9.2.157,elasticsearch_os_load5,4.76
2023/4/13 10:07,1681351667,cc-cc408-hya,data-node-05,9.9.2.157,elasticsearch_os_load5,4.57
2023/4/13 10:08,1681351727,cc-cc408-hya,data-node-05,9.9.2.157,elasticsearch_os_load5,4.68
2023/4/13 10:09,1681351787,cc-cc408-hya,data-node-05,9.9.2.157,elasticsearch_os_load5,4.8
2023/4/13 10:10,1681351847,cc-cc408-hya,data-node-05,9.9.2.157,elasticsearch_os_load5,4.92
2023/4/13 10:11,1681351907,cc-cc408-hya,data-node-05,9.9.2.157,elasticsearch_os_load5,4.51
2023/4/13 10:12,1681351967,cc-cc408-hya,data-node-05,9.9.2.157,elasticsearch_os_load5,4.47
2023/4/13 10:13,1681352027,cc-cc408-hya,data-node-05,9.9.2.157,elasticsearch_os_load5,4.42
2023/4/13 10:14,1681352087,cc-cc408-hya,data-node-05,9.9.2.157,elasticsearch_os_load5,4.36
2023/4/13 10:15,1681352147,cc-cc408-hya,data-node-05,9.9.2.157,elasticsearch_os_load5,4.38
2023/4/13 10:16,1681352207,cc-cc408-hya,data-node-05,9.9.2.157,elasticsearch_os_load5,4.66
2023/4/13 10:17,1681352267,cc-cc408-hya,data-node-05,9.9.2.157,elasticsearch_os_load5,4.41
2023/4/13 10:18,1681352327,cc-cc408-hya,data-node-05,9.9.2.157,elasticsearch_os_load5,4.27
2023/4/13 10:19,1681352387,cc-cc408-hya,data-node-05,9.9.2.157,elasticsearch_os_load5,4.21
2023/4/13 10:20,1681352447,cc-cc408-hya,data-node-05,9.9.2.157,elasticsearch_os_load5,4.1
2023/4/13 10:21,1681352507,cc-cc408-hya,data-node-05,9.9.2.157,elasticsearch_os_load5,4.37
2023/4/13 10:22,1681352567,cc-cc408-hya,data-node-05,9.9.2.157,elasticsearch_os_load5,4.32
2023/4/13 10:23,1681352627,cc-cc408-hya,data-node-05,9.9.2.157,elasticsearch_os_load5,4.16
2023/4/13 10:24,1681352687,cc-cc408-hya,data-node-05,9.9.2.157,elasticsearch_os_load5,4.16
2023/4/13 10:25,1681352747,cc-cc408-hya,data-node-05,9.9.2.157,elasticsearch_os_load5,4.24
2023/4/13 10:26,1681352807,cc-cc408-hya,data-node-05,9.9.2.157,elasticsearch_os_load5,4.12
2023/4/13 10:27,1681352867,cc-cc408-hya,data-node-05,9.9.2.157,elasticsearch_os_load5,4.12
2023/4/13 10:28,1681352927,cc-cc408-hya,data-node-05,9.9.2.157,elasticsearch_os_load5,4.25
2023/4/13 10:29,1681352987,cc-cc408-hya,data-node-05,9.9.2.157,elasticsearch_os_load5,4.37
2023/4/13 10:30,1681353047,cc-cc408-hya,data-node-05,9.9.2.157,elasticsearch_os_load5,4.4
2023/4/13 10:31,1681353107,cc-cc408-hya,data-node-05,9.9.2.157,elasticsearch_os_load5,4.08
2023/4/13 10:32,1681353167,cc-cc408-hya,data-node-05,9.9.2.157,elasticsearch_os_load5,4.4
2023/4/13 10:33,1681353227,cc-cc408-hya,data-node-05,9.9.2.157,elasticsearch_os_load5,4.37
2023/4/13 10:34,1681353287,cc-cc408-hya,data-node-05,9.9.2.157,elasticsearch_os_load5,4.72
2023/4/13 10:35,1681353347,cc-cc408-hya,data-node-05,9.9.2.157,elasticsearch_os_load5,4.58
2023/4/13 10:36,1681353407,cc-cc408-hya,data-node-05,9.9.2.157,elasticsearch_os_load5,4.75
2023/4/13 10:37,1681353467,cc-cc408-hya,data-node-05,9.9.2.157,elasticsearch_os_load5,4.63
2023/4/13 10:38,1681353527,cc-cc408-hya,data-node-05,9.9.2.157,elasticsearch_os_load5,4.45
2023/4/13 10:39,1681353587,cc-cc408-hya,data-node-05,9.9.2.157,elasticsearch_os_load5,4.48
2023/4/13 10:40,1681353647,cc-cc408-hya,data-node-05,9.9.2.157,elasticsearch_os_load5,4.52
2023/4/13 10:41,1681353707,cc-cc408-hya,data-node-05,9.9.2.157,elasticsearch_os_load5,4.61
2023/4/13 10:42,1681353767,cc-cc408-hya,data-node-05,9.9.2.157,elasticsearch_os_load5,4.63
2023/4/13 10:43,1681353827,cc-cc408-hya,data-node-05,9.9.2.157,elasticsearch_os_load5,4.54
2023/4/13 10:44,1681353887,cc-cc408-hya,data-node-05,9.9.2.157,elasticsearch_os_load5,4.63
2023/4/13 10:45,1681353947,cc-cc408-hya,data-node-05,9.9.2.157,elasticsearch_os_load5,4.53
2023/4/13 10:46,1681354007,cc-cc408-hya,data-node-05,9.9.2.157,elasticsearch_os_load5,4.38
2023/4/13 10:47,1681354067,cc-cc408-hya,data-node-05,9.9.2.157,elasticsearch_os_load5,4.56
2023/4/13 10:48,1681354127,cc-cc408-hya,data-node-05,9.9.2.157,elasticsearch_os_load5,4.75
2023/4/13 10:49,1681354187,cc-cc408-hya,data-node-05,9.9.2.157,elasticsearch_os_load5,4.97
2023/4/13 10:50,1681354247,cc-cc408-hya,data-node-05,9.9.2.157,elasticsearch_os_load5,4.98
2023/4/13 10:51,1681354307,cc-cc408-hya,data-node-05,9.9.2.157,elasticsearch_os_load5,5.01
2023/4/13 10:52,1681354367,cc-cc408-hya,data-node-05,9.9.2.157,elasticsearch_os_load5,4.92
2023/4/13 10:53,1681354427,cc-cc408-hya,data-node-05,9.9.2.157,elasticsearch_os_load5,5
2023/4/13 10:54,1681354487,cc-cc408-hya,data-node-05,9.9.2.157,elasticsearch_os_load5,4.95
2023/4/13 10:55,1681354547,cc-cc408-hya,data-node-05,9.9.2.157,elasticsearch_os_load5,5.47
2023/4/13 10:56,1681354607,cc-cc408-hya,data-node-05,9.9.2.157,elasticsearch_os_load5,5.29
2023/4/13 10:57,1681354667,cc-cc408-hya,data-node-05,9.9.2.157,elasticsearch_os_load5,5.17
2023/4/13 10:58,1681354727,cc-cc408-hya,data-node-05,9.9.2.157,elasticsearch_os_load5,5.08
2023/4/13 10:59,1681354787,cc-cc408-hya,data-node-05,9.9.2.157,elasticsearch_os_load5,5.09
2023/4/13 11:00,1681354847,cc-cc408-hya,data-node-05,9.9.2.157,elasticsearch_os_load5,5.09
2023/4/13 11:01,1681354907,cc-cc408-hya,data-node-05,9.9.2.157,elasticsearch_os_load5,4.72
2023/4/13 11:02,1681354967,cc-cc408-hya,data-node-05,9.9.2.157,elasticsearch_os_load5,4.73
2023/4/13 11:03,1681355027,cc-cc408-hya,data-node-05,9.9.2.157,elasticsearch_os_load5,5
2023/4/13 11:04,1681355087,cc-cc408-hya,data-node-05,9.9.2.157,elasticsearch_os_load5,4.6
2023/4/13 11:05,1681355147,cc-cc408-hya,data-node-05,9.9.2.157,elasticsearch_os_load5,4.54
2023/4/13 11:06,1681355207,cc-cc408-hya,data-node-05,9.9.2.157,elasticsearch_os_load5,5.03
2023/4/13 11:07,1681355267,cc-cc408-hya,data-node-05,9.9.2.157,elasticsearch_os_load5,4.78
2023/4/13 11:08,1681355327,cc-cc408-hya,data-node-05,9.9.2.157,elasticsearch_os_load5,4.68
2023/4/13 11:09,1681355387,cc-cc408-hya,data-node-05,9.9.2.157,elasticsearch_os_load5,4.39
2023/4/13 11:10,1681355447,cc-cc408-hya,data-node-05,9.9.2.157,elasticsearch_os_load5,4.19
2023/4/13 11:11,1681355507,cc-cc408-hya,data-node-05,9.9.2.157,elasticsearch_os_load5,4.5
2023/4/13 11:12,1681355567,cc-cc408-hya,data-node-05,9.9.2.157,elasticsearch_os_load5,4.73
2023/4/13 11:13,1681355627,cc-cc408-hya,data-node-05,9.9.2.157,elasticsearch_os_load5,4.89
2023/4/13 11:14,1681355687,cc-cc408-hya,data-node-05,9.9.2.157,elasticsearch_os_load5,5.05
2023/4/13 11:15,1681355747,cc-cc408-hya,data-node-05,9.9.2.157,elasticsearch_os_load5,4.94
2023/4/13 11:16,1681355807,cc-cc408-hya,data-node-05,9.9.2.157,elasticsearch_os_load5,4.92
2023/4/13 11:17,1681355867,cc-cc408-hya,data-node-05,9.9.2.157,elasticsearch_os_load5,4.81
2023/4/13 11:18,1681355927,cc-cc408-hya,data-node-05,9.9.2.157,elasticsearch_os_load5,5.04
2023/4/13 11:19,1681355987,cc-cc408-hya,data-node-05,9.9.2.157,elasticsearch_os_load5,4.76
2023/4/13 11:20,1681356047,cc-cc408-hya,data-node-05,9.9.2.157,elasticsearch_os_load5,4.74
2023/4/13 11:21,1681356107,cc-cc408-hya,data-node-05,9.9.2.157,elasticsearch_os_load5,5.05
2023/4/13 11:22,1681356167,cc-cc408-hya,data-node-05,9.9.2.157,elasticsearch_os_load5,5.5
2023/4/13 11:23,1681356227,cc-cc408-hya,data-node-05,9.9.2.157,elasticsearch_os_load5,5.72
2023/4/13 11:24,1681356287,cc-cc408-hya,data-node-05,9.9.2.157,elasticsearch_os_load5,5.95
2023/4/13 11:25,1681356347,cc-cc408-hya,data-node-05,9.9.2.157,elasticsearch_os_load5,5.43
2023/4/13 11:26,1681356407,cc-cc408-hya,data-node-05,9.9.2.157,elasticsearch_os_load5,5.2
2023/4/13 11:27,1681356467,cc-cc408-hya,data-node-05,9.9.2.157,elasticsearch_os_load5,5.25
2023/4/13 11:28,1681356527,cc-cc408-hya,data-node-05,9.9.2.157,elasticsearch_os_load5,5.8
2023/4/13 11:29,1681356587,cc-cc408-hya,data-node-05,9.9.2.157,elasticsearch_os_load5,6.18
2023/4/13 11:30,1681356647,cc-cc408-hya,data-node-05,9.9.2.157,elasticsearch_os_load5,5.75
2023/4/13 11:31,1681356707,cc-cc408-hya,data-node-05,9.9.2.157,elasticsearch_os_load5,5.45
2023/4/13 11:32,1681356767,cc-cc408-hya,data-node-05,9.9.2.157,elasticsearch_os_load5,5.23
2023/4/13 11:33,1681356827,cc-cc408-hya,data-node-05,9.9.2.157,elasticsearch_os_load5,4.87
2023/4/13 11:34,1681356887,cc-cc408-hya,data-node-05,9.9.2.157,elasticsearch_os_load5,4.79
2023/4/13 11:35,1681356947,cc-cc408-hya,data-node-05,9.9.2.157,elasticsearch_os_load5,5.02
2023/4/13 11:36,1681357007,cc-cc408-hya,data-node-05,9.9.2.157,elasticsearch_os_load5,4.72
2023/4/13 11:37,1681357067,cc-cc408-hya,data-node-05,9.9.2.157,elasticsearch_os_load5,4.59
2023/4/13 11:38,1681357127,cc-cc408-hya,data-node-05,9.9.2.157,elasticsearch_os_load5,5.43
2023/4/13 11:39,1681357187,cc-cc408-hya,data-node-05,9.9.2.157,elasticsearch_os_load5,5.05
2023/4/13 11:40,1681357247,cc-cc408-hya,data-node-05,9.9.2.157,elasticsearch_os_load5,4.68
2023/4/13 11:41,1681357307,cc-cc408-hya,data-node-05,9.9.2.157,elasticsearch_os_load5,4.72
2023/4/13 11:42,1681357367,cc-cc408-hya,data-node-05,9.9.2.157,elasticsearch_os_load5,4.67
2023/4/13 11:43,1681357427,cc-cc408-hya,data-node-05,9.9.2.157,elasticsearch_os_load5,4.78
2023/4/13 11:44,1681357487,cc-cc408-hya,data-node-05,9.9.2.157,elasticsearch_os_load5,4.65
2023/4/13 11:45,1681357547,cc-cc408-hya,data-node-05,9.9.2.157,elasticsearch_os_load5,4.51
2023/4/13 11:46,1681357607,cc-cc408-hya,data-node-05,9.9.2.157,elasticsearch_os_load5,4.99
2023/4/13 11:47,1681357667,cc-cc408-hya,data-node-05,9.9.2.157,elasticsearch_os_load5,4.97
2023/4/13 11:48,1681357727,cc-cc408-hya,data-node-05,9.9.2.157,elasticsearch_os_load5,5.37
2023/4/13 11:49,1681357787,cc-cc408-hya,data-node-05,9.9.2.157,elasticsearch_os_load5,5
2023/4/13 11:50,1681357847,cc-cc408-hya,data-node-05,9.9.2.157,elasticsearch_os_load5,4.91
2023/4/13 11:51,1681357907,cc-cc408-hya,data-node-05,9.9.2.157,elasticsearch_os_load5,5.16
2023/4/13 11:52,1681357967,cc-cc408-hya,data-node-05,9.9.2.157,elasticsearch_os_load5,5.09
2023/4/13 11:53,1681358027,cc-cc408-hya,data-node-05,9.9.2.157,elasticsearch_os_load5,5.13
2023/4/13 11:54,1681358087,cc-cc408-hya,data-node-05,9.9.2.157,elasticsearch_os_load5,5.35
2023/4/13 11:55,1681358147,cc-cc408-hya,data-node-05,9.9.2.157,elasticsearch_os_load5,5.23
2023/4/13 11:56,1681358207,cc-cc408-hya,data-node-05,9.9.2.157,elasticsearch_os_load5,5.31
2023/4/13 11:57,1681358267,cc-cc408-hya,data-node-05,9.9.2.157,elasticsearch_os_load5,5.11
2023/4/13 11:58,1681358327,cc-cc408-hya,data-node-05,9.9.2.157,elasticsearch_os_load5,4.96
2023/4/13 11:59,1681358387,cc-cc408-hya,data-node-05,9.9.2.157,elasticsearch_os_load5,4.87
2023/4/13 12:00,1681358447,cc-cc408-hya,data-node-05,9.9.2.157,elasticsearch_os_load5,5.19
2023/4/13 12:01,1681358507,cc-cc408-hya,data-node-05,9.9.2.157,elasticsearch_os_load5,4.94
2023/4/13 12:02,1681358567,cc-cc408-hya,data-node-05,9.9.2.157,elasticsearch_os_load5,4.77
2023/4/13 12:03,1681358627,cc-cc408-hya,data-node-05,9.9.2.157,elasticsearch_os_load5,4.44
2023/4/13 12:04,1681358687,cc-cc408-hya,data-node-05,9.9.2.157,elasticsearch_os_load5,4.31
2023/4/13 12:05,1681358747,cc-cc408-hya,data-node-05,9.9.2.157,elasticsearch_os_load5,4.21
2023/4/13 12:06,1681358807,cc-cc408-hya,data-node-05,9.9.2.157,elasticsearch_os_load5,4.09
2023/4/13 12:07,1681358867,cc-cc408-hya,data-node-05,9.9.2.157,elasticsearch_os_load5,4.07
2023/4/13 12:08,1681358927,cc-cc408-hya,data-node-05,9.9.2.157,elasticsearch_os_load5,3.88
2023/4/13 12:09,1681358987,cc-cc408-hya,data-node-05,9.9.2.157,elasticsearch_os_load5,3.63
2023/4/13 12:10,1681359047,cc-cc408-hya,data-node-05,9.9.2.157,elasticsearch_os_load5,3.47
2023/4/13 12:11,1681359107,cc-cc408-hya,data-node-05,9.9.2.157,elasticsearch_os_load5,3.55
2023/4/13 12:12,1681359167,cc-cc408-hya,data-node-05,9.9.2.157,elasticsearch_os_load5,3.46
2023/4/13 12:13,1681359227,cc-cc408-hya,data-node-05,9.9.2.157,elasticsearch_os_load5,3.39
2023/4/13 12:14,1681359287,cc-cc408-hya,data-node-05,9.9.2.157,elasticsearch_os_load5,3.31
2023/4/13 12:15,1681359347,cc-cc408-hya,data-node-05,9.9.2.157,elasticsearch_os_load5,3.2
2023/4/13 12:16,1681359407,cc-cc408-hya,data-node-05,9.9.2.157,elasticsearch_os_load5,3.39
2023/4/13 12:17,1681359467,cc-cc408-hya,data-node-05,9.9.2.157,elasticsearch_os_load5,3.23
2023/4/13 12:18,1681359527,cc-cc408-hya,data-node-05,9.9.2.157,elasticsearch_os_load5,3.14
2023/4/13 12:19,1681359587,cc-cc408-hya,data-node-05,9.9.2.157,elasticsearch_os_load5,3.14
2023/4/13 12:20,1681359647,cc-cc408-hya,data-node-05,9.9.2.157,elasticsearch_os_load5,3.18
2023/4/13 12:21,1681359707,cc-cc408-hya,data-node-05,9.9.2.157,elasticsearch_os_load5,3.03
2023/4/13 12:22,1681359767,cc-cc408-hya,data-node-05,9.9.2.157,elasticsearch_os_load5,2.97
2023/4/13 12:23,1681359827,cc-cc408-hya,data-node-05,9.9.2.157,elasticsearch_os_load5,3.55
2023/4/13 12:24,1681359887,cc-cc408-hya,data-node-05,9.9.2.157,elasticsearch_os_load5,3.7
2023/4/13 12:25,1681359947,cc-cc408-hya,data-node-05,9.9.2.157,elasticsearch_os_load5,3.54
2023/4/13 12:26,1681360007,cc-cc408-hya,data-node-05,9.9.2.157,elasticsearch_os_load5,3.45
2023/4/13 12:27,1681360067,cc-cc408-hya,data-node-05,9.9.2.157,elasticsearch_os_load5,3.37
2023/4/13 12:28,1681360127,cc-cc408-hya,data-node-05,9.9.2.157,elasticsearch_os_load5,3.4
2023/4/13 12:29,1681360187,cc-cc408-hya,data-node-05,9.9.2.157,elasticsearch_os_load5,3.17
2023/4/13 12:30,1681360247,cc-cc408-hya,data-node-05,9.9.2.157,elasticsearch_os_load5,2.99
2023/4/13 12:31,1681360307,cc-cc408-hya,data-node-05,9.9.2.157,elasticsearch_os_load5,2.71
2023/4/13 12:32,1681360367,cc-cc408-hya,data-node-05,9.9.2.157,elasticsearch_os_load5,2.62
2023/4/13 12:33,1681360427,cc-cc408-hya,data-node-05,9.9.2.157,elasticsearch_os_load5,2.63
2023/4/13 12:34,1681360487,cc-cc408-hya,data-node-05,9.9.2.157,elasticsearch_os_load5,2.58
2023/4/13 12:35,1681360547,cc-cc408-hya,data-node-05,9.9.2.157,elasticsearch_os_load5,2.63
2023/4/13 12:36,1681360607,cc-cc408-hya,data-node-05,9.9.2.157,elasticsearch_os_load5,2.56
2023/4/13 12:37,1681360667,cc-cc408-hya,data-node-05,9.9.2.157,elasticsearch_os_load5,2.4
2023/4/13 12:38,1681360727,cc-cc408-hya,data-node-05,9.9.2.157,elasticsearch_os_load5,2.23
2023/4/13 12:39,1681360787,cc-cc408-hya,data-node-05,9.9.2.157,elasticsearch_os_load5,2.27
2023/4/13 12:40,1681360847,cc-cc408-hya,data-node-05,9.9.2.157,elasticsearch_os_load5,2.21
2023/4/13 12:41,1681360907,cc-cc408-hya,data-node-05,9.9.2.157,elasticsearch_os_load5,2.2
2023/4/13 12:42,1681360967,cc-cc408-hya,data-node-05,9.9.2.157,elasticsearch_os_load5,2.29
2023/4/13 12:43,1681361027,cc-cc408-hya,data-node-05,9.9.2.157,elasticsearch_os_load5,2.51
2023/4/13 12:44,1681361087,cc-cc408-hya,data-node-05,9.9.2.157,elasticsearch_os_load5,2.42
2023/4/13 12:45,1681361147,cc-cc408-hya,data-node-05,9.9.2.157,elasticsearch_os_load5,2.44
2023/4/13 12:46,1681361207,cc-cc408-hya,data-node-05,9.9.2.157,elasticsearch_os_load5,2.56
2023/4/13 12:47,1681361267,cc-cc408-hya,data-node-05,9.9.2.157,elasticsearch_os_load5,2.67
2023/4/13 12:48,1681361327,cc-cc408-hya,data-node-05,9.9.2.157,elasticsearch_os_load5,2.86
2023/4/13 12:49,1681361387,cc-cc408-hya,data-node-05,9.9.2.157,elasticsearch_os_load5,2.95
2023/4/13 12:50,1681361447,cc-cc408-hya,data-node-05,9.9.2.157,elasticsearch_os_load5,2.97
2023/4/13 12:51,1681361507,cc-cc408-hya,data-node-05,9.9.2.157,elasticsearch_os_load5,2.77
2023/4/13 12:52,1681361567,cc-cc408-hya,data-node-05,9.9.2.157,elasticsearch_os_load5,2.59
2023/4/13 12:53,1681361627,cc-cc408-hya,data-node-05,9.9.2.157,elasticsearch_os_load5,2.67
2023/4/13 12:54,1681361687,cc-cc408-hya,data-node-05,9.9.2.157,elasticsearch_os_load5,3.34
2023/4/13 12:55,1681361747,cc-cc408-hya,data-node-05,9.9.2.157,elasticsearch_os_load5,3.13
2023/4/13 12:56,1681361807,cc-cc408-hya,data-node-05,9.9.2.157,elasticsearch_os_load5,3.23
2023/4/13 12:57,1681361867,cc-cc408-hya,data-node-05,9.9.2.157,elasticsearch_os_load5,3.22
2023/4/13 12:58,1681361927,cc-cc408-hya,data-node-05,9.9.2.157,elasticsearch_os_load5,3.34
2023/4/13 12:59,1681361987,cc-cc408-hya,data-node-05,9.9.2.157,elasticsearch_os_load5,3.19
2023/4/13 13:00,1681362047,cc-cc408-hya,data-node-05,9.9.2.157,elasticsearch_os_load5,2.98
2023/4/13 13:01,1681362107,cc-cc408-hya,data-node-05,9.9.2.157,elasticsearch_os_load5,2.81
2023/4/13 13:02,1681362167,cc-cc408-hya,data-node-05,9.9.2.157,elasticsearch_os_load5,2.78
2023/4/13 13:03,1681362227,cc-cc408-hya,data-node-05,9.9.2.157,elasticsearch_os_load5,2.53
2023/4/13 13:04,1681362287,cc-cc408-hya,data-node-05,9.9.2.157,elasticsearch_os_load5,2.46
2023/4/13 13:05,1681362347,cc-cc408-hya,data-node-05,9.9.2.157,elasticsearch_os_load5,2.65
2023/4/13 13:06,1681362407,cc-cc408-hya,data-node-05,9.9.2.157,elasticsearch_os_load5,2.82
2023/4/13 13:07,1681362467,cc-cc408-hya,data-node-05,9.9.2.157,elasticsearch_os_load5,2.77
2023/4/13 13:08,1681362527,cc-cc408-hya,data-node-05,9.9.2.157,elasticsearch_os_load5,2.58
2023/4/13 13:09,1681362587,cc-cc408-hya,data-node-05,9.9.2.157,elasticsearch_os_load5,2.79
2023/4/13 13:10,1681362647,cc-cc408-hya,data-node-05,9.9.2.157,elasticsearch_os_load5,2.89
2023/4/13 13:11,1681362707,cc-cc408-hya,data-node-05,9.9.2.157,elasticsearch_os_load5,2.78
2023/4/13 13:12,1681362767,cc-cc408-hya,data-node-05,9.9.2.157,elasticsearch_os_load5,2.65
2023/4/13 13:13,1681362827,cc-cc408-hya,data-node-05,9.9.2.157,elasticsearch_os_load5,2.53
2023/4/13 13:14,1681362887,cc-cc408-hya,data-node-05,9.9.2.157,elasticsearch_os_load5,2.53
2023/4/13 13:15,1681362947,cc-cc408-hya,data-node-05,9.9.2.157,elasticsearch_os_load5,2.43
2023/4/13 13:16,1681363007,cc-cc408-hya,data-node-05,9.9.2.157,elasticsearch_os_load5,2.46
2023/4/13 13:17,1681363067,cc-cc408-hya,data-node-05,9.9.2.157,elasticsearch_os_load5,2.32
2023/4/13 13:18,1681363127,cc-cc408-hya,data-node-05,9.9.2.157,elasticsearch_os_load5,2.46
2023/4/13 13:19,1681363187,cc-cc408-hya,data-node-05,9.9.2.157,elasticsearch_os_load5,2.81
2023/4/13 13:20,1681363247,cc-cc408-hya,data-node-05,9.9.2.157,elasticsearch_os_load5,2.62
2023/4/13 13:21,1681363307,cc-cc408-hya,data-node-05,9.9.2.157,elasticsearch_os_load5,2.63
2023/4/13 13:22,1681363367,cc-cc408-hya,data-node-05,9.9.2.157,elasticsearch_os_load5,2.67
2023/4/13 13:23,1681363427,cc-cc408-hya,data-node-05,9.9.2.157,elasticsearch_os_load5,2.66
2023/4/13 13:24,1681363487,cc-cc408-hya,data-node-05,9.9.2.157,elasticsearch_os_load5,2.71
2023/4/13 13:25,1681363547,cc-cc408-hya,data-node-05,9.9.2.157,elasticsearch_os_load5,2.61
2023/4/13 13:26,1681363607,cc-cc408-hya,data-node-05,9.9.2.157,elasticsearch_os_load5,2.52
2023/4/13 13:27,1681363667,cc-cc408-hya,data-node-05,9.9.2.157,elasticsearch_os_load5,2.49
2023/4/13 13:28,1681363727,cc-cc408-hya,data-node-05,9.9.2.157,elasticsearch_os_load5,2.77
2023/4/13 13:29,1681363787,cc-cc408-hya,data-node-05,9.9.2.157,elasticsearch_os_load5,3
2023/4/13 13:30,1681363847,cc-cc408-hya,data-node-05,9.9.2.157,elasticsearch_os_load5,2.92
2023/4/13 13:31,1681363907,cc-cc408-hya,data-node-05,9.9.2.157,elasticsearch_os_load5,3.06
2023/4/13 13:32,1681363967,cc-cc408-hya,data-node-05,9.9.2.157,elasticsearch_os_load5,3.16
2023/4/13 13:33,1681364027,cc-cc408-hya,data-node-05,9.9.2.157,elasticsearch_os_load5,3.1
2023/4/13 13:34,1681364087,cc-cc408-hya,data-node-05,9.9.2.157,elasticsearch_os_load5,3.16
2023/4/13 13:35,1681364147,cc-cc408-hya,data-node-05,9.9.2.157,elasticsearch_os_load5,3.12
2023/4/13 13:36,1681364207,cc-cc408-hya,data-node-05,9.9.2.157,elasticsearch_os_load5,3.29
2023/4/13 13:37,1681364267,cc-cc408-hya,data-node-05,9.9.2.157,elasticsearch_os_load5,3.44
2023/4/13 13:38,1681364327,cc-cc408-hya,data-node-05,9.9.2.157,elasticsearch_os_load5,3.21
2023/4/13 13:39,1681364387,cc-cc408-hya,data-node-05,9.9.2.157,elasticsearch_os_load5,3.49
2023/4/13 13:40,1681364447,cc-cc408-hya,data-node-05,9.9.2.157,elasticsearch_os_load5,3.36
2023/4/13 13:41,1681364507,cc-cc408-hya,data-node-05,9.9.2.157,elasticsearch_os_load5,3.13
2023/4/13 13:42,1681364567,cc-cc408-hya,data-node-05,9.9.2.157,elasticsearch_os_load5,3
2023/4/13 13:43,1681364627,cc-cc408-hya,data-node-05,9.9.2.157,elasticsearch_os_load5,2.97
2023/4/13 13:44,1681364687,cc-cc408-hya,data-node-05,9.9.2.157,elasticsearch_os_load5,3.07
2023/4/13 13:45,1681364747,cc-cc408-hya,data-node-05,9.9.2.157,elasticsearch_os_load5,3.15
2023/4/13 13:46,1681364807,cc-cc408-hya,data-node-05,9.9.2.157,elasticsearch_os_load5,3.06
2023/4/13 13:47,1681364867,cc-cc408-hya,data-node-05,9.9.2.157,elasticsearch_os_load5,3.25
2023/4/13 13:48,1681364927,cc-cc408-hya,data-node-05,9.9.2.157,elasticsearch_os_load5,3.4
2023/4/13 13:49,1681364987,cc-cc408-hya,data-node-05,9.9.2.157,elasticsearch_os_load5,3.44
2023/4/13 13:50,1681365047,cc-cc408-hya,data-node-05,9.9.2.157,elasticsearch_os_load5,3.36
2023/4/13 13:51,1681365107,cc-cc408-hya,data-node-05,9.9.2.157,elasticsearch_os_load5,3.33
2023/4/13 13:52,1681365167,cc-cc408-hya,data-node-05,9.9.2.157,elasticsearch_os_load5,3.28
2023/4/13 13:53,1681365227,cc-cc408-hya,data-node-05,9.9.2.157,elasticsearch_os_load5,3.23
2023/4/13 13:54,1681365287,cc-cc408-hya,data-node-05,9.9.2.157,elasticsearch_os_load5,3.11
2023/4/13 13:55,1681365347,cc-cc408-hya,data-node-05,9.9.2.157,elasticsearch_os_load5,3.28
2023/4/13 13:56,1681365407,cc-cc408-hya,data-node-05,9.9.2.157,elasticsearch_os_load5,3.14
2023/4/13 13:57,1681365467,cc-cc408-hya,data-node-05,9.9.2.157,elasticsearch_os_load5,2.99
2023/4/13 13:58,1681365527,cc-cc408-hya,data-node-05,9.9.2.157,elasticsearch_os_load5,3.22
2023/4/13 13:59,1681365587,cc-cc408-hya,data-node-05,9.9.2.157,elasticsearch_os_load5,3.19
2023/4/13 14:00,1681365647,cc-cc408-hya,data-node-05,9.9.2.157,elasticsearch_os_load5,3.15
2023/4/13 14:01,1681365707,cc-cc408-hya,data-node-05,9.9.2.157,elasticsearch_os_load5,3.32
2023/4/13 14:02,1681365767,cc-cc408-hya,data-node-05,9.9.2.157,elasticsearch_os_load5,3.47
2023/4/13 14:03,1681365827,cc-cc408-hya,data-node-05,9.9.2.157,elasticsearch_os_load5,3.7
2023/4/13 14:04,1681365887,cc-cc408-hya,data-node-05,9.9.2.157,elasticsearch_os_load5,3.85
2023/4/13 14:05,1681365947,cc-cc408-hya,data-node-05,9.9.2.157,elasticsearch_os_load5,3.94
2023/4/13 14:06,1681366007,cc-cc408-hya,data-node-05,9.9.2.157,elasticsearch_os_load5,3.74
2023/4/13 14:07,1681366067,cc-cc408-hya,data-node-05,9.9.2.157,elasticsearch_os_load5,3.66
2023/4/13 14:08,1681366127,cc-cc408-hya,data-node-05,9.9.2.157,elasticsearch_os_load5,3.57
2023/4/13 14:09,1681366187,cc-cc408-hya,data-node-05,9.9.2.157,elasticsearch_os_load5,4.15
2023/4/13 14:10,1681366247,cc-cc408-hya,data-node-05,9.9.2.157,elasticsearch_os_load5,4.22
2023/4/13 14:11,1681366307,cc-cc408-hya,data-node-05,9.9.2.157,elasticsearch_os_load5,4.29
2023/4/13 14:12,1681366367,cc-cc408-hya,data-node-05,9.9.2.157,elasticsearch_os_load5,4.33
2023/4/13 14:13,1681366427,cc-cc408-hya,data-node-05,9.9.2.157,elasticsearch_os_load5,4.41
2023/4/13 14:14,1681366487,cc-cc408-hya,data-node-05,9.9.2.157,elasticsearch_os_load5,4.73
2023/4/13 14:15,1681366547,cc-cc408-hya,data-node-05,9.9.2.157,elasticsearch_os_load5,4.68
2023/4/13 14:16,1681366607,cc-cc408-hya,data-node-05,9.9.2.157,elasticsearch_os_load5,4.44
2023/4/13 14:17,1681366667,cc-cc408-hya,data-node-05,9.9.2.157,elasticsearch_os_load5,4.63
2023/4/13 14:18,1681366727,cc-cc408-hya,data-node-05,9.9.2.157,elasticsearch_os_load5,5.18
2023/4/13 14:19,1681366787,cc-cc408-hya,data-node-05,9.9.2.157,elasticsearch_os_load5,5.03
2023/4/13 14:20,1681366847,cc-cc408-hya,data-node-05,9.9.2.157,elasticsearch_os_load5,4.8
2023/4/13 14:21,1681366907,cc-cc408-hya,data-node-05,9.9.2.157,elasticsearch_os_load5,4.7
2023/4/13 14:22,1681366967,cc-cc408-hya,data-node-05,9.9.2.157,elasticsearch_os_load5,4.45
2023/4/13 14:23,1681367027,cc-cc408-hya,data-node-05,9.9.2.157,elasticsearch_os_load5,4.41
2023/4/13 14:24,1681367087,cc-cc408-hya,data-node-05,9.9.2.157,elasticsearch_os_load5,4.46
2023/4/13 14:25,1681367147,cc-cc408-hya,data-node-05,9.9.2.157,elasticsearch_os_load5,3.87
2023/4/13 14:26,1681367207,cc-cc408-hya,data-node-05,9.9.2.157,elasticsearch_os_load5,3.98
2023/4/13 14:27,1681367267,cc-cc408-hya,data-node-05,9.9.2.157,elasticsearch_os_load5,4.15
2023/4/13 14:28,1681367327,cc-cc408-hya,data-node-05,9.9.2.157,elasticsearch_os_load5,4.22
2023/4/13 14:29,1681367387,cc-cc408-hya,data-node-05,9.9.2.157,elasticsearch_os_load5,4.68
2023/4/13 14:30,1681367447,cc-cc408-hya,data-node-05,9.9.2.157,elasticsearch_os_load5,4.65
2023/4/13 14:31,1681367507,cc-cc408-hya,data-node-05,9.9.2.157,elasticsearch_os_load5,4.47
2023/4/13 14:32,1681367567,cc-cc408-hya,data-node-05,9.9.2.157,elasticsearch_os_load5,4.44
2023/4/13 14:33,1681367627,cc-cc408-hya,data-node-05,9.9.2.157,elasticsearch_os_load5,4.83
2023/4/13 14:34,1681367687,cc-cc408-hya,data-node-05,9.9.2.157,elasticsearch_os_load5,5.05
2023/4/13 14:35,1681367747,cc-cc408-hya,data-node-05,9.9.2.157,elasticsearch_os_load5,5.01
2023/4/13 14:36,1681367807,cc-cc408-hya,data-node-05,9.9.2.157,elasticsearch_os_load5,4.85
2023/4/13 14:37,1681367867,cc-cc408-hya,data-node-05,9.9.2.157,elasticsearch_os_load5,4.83
2023/4/13 14:38,1681367927,cc-cc408-hya,data-node-05,9.9.2.157,elasticsearch_os_load5,4.59
2023/4/13 14:39,1681367987,cc-cc408-hya,data-node-05,9.9.2.157,elasticsearch_os_load5,4.71
2023/4/13 14:40,1681368047,cc-cc408-hya,data-node-05,9.9.2.157,elasticsearch_os_load5,4.53
2023/4/13 14:41,1681368107,cc-cc408-hya,data-node-05,9.9.2.157,elasticsearch_os_load5,4.27
2023/4/13 14:42,1681368167,cc-cc408-hya,data-node-05,9.9.2.157,elasticsearch_os_load5,4.43
2023/4/13 14:43,1681368227,cc-cc408-hya,data-node-05,9.9.2.157,elasticsearch_os_load5,4.25
2023/4/13 14:44,1681368287,cc-cc408-hya,data-node-05,9.9.2.157,elasticsearch_os_load5,4.45
2023/4/13 14:45,1681368347,cc-cc408-hya,data-node-05,9.9.2.157,elasticsearch_os_load5,4.35
2023/4/13 14:46,1681368407,cc-cc408-hya,data-node-05,9.9.2.157,elasticsearch_os_load5,4.2
2023/4/13 14:47,1681368467,cc-cc408-hya,data-node-05,9.9.2.157,elasticsearch_os_load5,4.18
2023/4/13 14:48,1681368527,cc-cc408-hya,data-node-05,9.9.2.157,elasticsearch_os_load5,4.82
2023/4/13 14:49,1681368587,cc-cc408-hya,data-node-05,9.9.2.157,elasticsearch_os_load5,4.77
2023/4/13 14:50,1681368647,cc-cc408-hya,data-node-05,9.9.2.157,elasticsearch_os_load5,4.64
2023/4/13 14:51,1681368707,cc-cc408-hya,data-node-05,9.9.2.157,elasticsearch_os_load5,4.8
2023/4/13 14:52,1681368767,cc-cc408-hya,data-node-05,9.9.2.157,elasticsearch_os_load5,5.19
2023/4/13 14:53,1681368827,cc-cc408-hya,data-node-05,9.9.2.157,elasticsearch_os_load5,5.14
2023/4/13 14:54,1681368887,cc-cc408-hya,data-node-05,9.9.2.157,elasticsearch_os_load5,4.96
2023/4/13 14:55,1681368947,cc-cc408-hya,data-node-05,9.9.2.157,elasticsearch_os_load5,4.93
2023/4/13 14:56,1681369007,cc-cc408-hya,data-node-05,9.9.2.157,elasticsearch_os_load5,4.96
2023/4/13 14:57,1681369067,cc-cc408-hya,data-node-05,9.9.2.157,elasticsearch_os_load5,5.13
2023/4/13 14:58,1681369127,cc-cc408-hya,data-node-05,9.9.2.157,elasticsearch_os_load5,4.99
2023/4/13 14:59,1681369187,cc-cc408-hya,data-node-05,9.9.2.157,elasticsearch_os_load5,5.2
2023/4/13 15:00,1681369247,cc-cc408-hya,data-node-05,9.9.2.157,elasticsearch_os_load5,5.06
2023/4/13 15:01,1681369307,cc-cc408-hya,data-node-05,9.9.2.157,elasticsearch_os_load5,4.81
2023/4/13 15:02,1681369367,cc-cc408-hya,data-node-05,9.9.2.157,elasticsearch_os_load5,4.54
2023/4/13 15:03,1681369427,cc-cc408-hya,data-node-05,9.9.2.157,elasticsearch_os_load5,4.48
2023/4/13 15:04,1681369487,cc-cc408-hya,data-node-05,9.9.2.157,elasticsearch_os_load5,4.62
2023/4/13 15:05,1681369547,cc-cc408-hya,data-node-05,9.9.2.157,elasticsearch_os_load5,4.9
2023/4/13 15:06,1681369607,cc-cc408-hya,data-node-05,9.9.2.157,elasticsearch_os_load5,5.01
2023/4/13 15:07,1681369667,cc-cc408-hya,data-node-05,9.9.2.157,elasticsearch_os_load5,5.09
2023/4/13 15:08,1681369727,cc-cc408-hya,data-node-05,9.9.2.157,elasticsearch_os_load5,5.01
2023/4/13 15:09,1681369787,cc-cc408-hya,data-node-05,9.9.2.157,elasticsearch_os_load5,5.16
2023/4/13 15:10,1681369847,cc-cc408-hya,data-node-05,9.9.2.157,elasticsearch_os_load5,5.01
2023/4/13 15:11,1681369907,cc-cc408-hya,data-node-05,9.9.2.157,elasticsearch_os_load5,4.84
2023/4/13 15:12,1681369967,cc-cc408-hya,data-node-05,9.9.2.157,elasticsearch_os_load5,5.01
2023/4/13 15:13,1681370027,cc-cc408-hya,data-node-05,9.9.2.157,elasticsearch_os_load5,5.1
2023/4/13 15:14,1681370087,cc-cc408-hya,data-node-05,9.9.2.157,elasticsearch_os_load5,4.9
2023/4/13 15:15,1681370147,cc-cc408-hya,data-node-05,9.9.2.157,elasticsearch_os_load5,5.08
2023/4/13 15:16,1681370207,cc-cc408-hya,data-node-05,9.9.2.157,elasticsearch_os_load5,4.92
2023/4/13 15:17,1681370267,cc-cc408-hya,data-node-05,9.9.2.157,elasticsearch_os_load5,5.17
2023/4/13 15:18,1681370327,cc-cc408-hya,data-node-05,9.9.2.157,elasticsearch_os_load5,5.11
2023/4/13 15:19,1681370387,cc-cc408-hya,data-node-05,9.9.2.157,elasticsearch_os_load5,4.91
2023/4/13 15:20,1681370447,cc-cc408-hya,data-node-05,9.9.2.157,elasticsearch_os_load5,4.77
2023/4/13 15:21,1681370507,cc-cc408-hya,data-node-05,9.9.2.157,elasticsearch_os_load5,4.97
2023/4/13 15:22,1681370567,cc-cc408-hya,data-node-05,9.9.2.157,elasticsearch_os_load5,4.64
2023/4/13 15:23,1681370627,cc-cc408-hya,data-node-05,9.9.2.157,elasticsearch_os_load5,4.37
2023/4/13 15:24,1681370687,cc-cc408-hya,data-node-05,9.9.2.157,elasticsearch_os_load5,4.39
2023/4/13 15:25,1681370747,cc-cc408-hya,data-node-05,9.9.2.157,elasticsearch_os_load5,4.46
2023/4/13 15:26,1681370807,cc-cc408-hya,data-node-05,9.9.2.157,elasticsearch_os_load5,4.57
2023/4/13 15:27,1681370867,cc-cc408-hya,data-node-05,9.9.2.157,elasticsearch_os_load5,4.78
2023/4/13 15:28,1681370927,cc-cc408-hya,data-node-05,9.9.2.157,elasticsearch_os_load5,4.49
2023/4/13 15:29,1681370987,cc-cc408-hya,data-node-05,9.9.2.157,elasticsearch_os_load5,4.3
2023/4/13 15:30,1681371047,cc-cc408-hya,data-node-05,9.9.2.157,elasticsearch_os_load5,4.82
2023/4/13 15:31,1681371107,cc-cc408-hya,data-node-05,9.9.2.157,elasticsearch_os_load5,5.12
2023/4/13 15:32,1681371167,cc-cc408-hya,data-node-05,9.9.2.157,elasticsearch_os_load5,5.22
2023/4/13 15:33,1681371227,cc-cc408-hya,data-node-05,9.9.2.157,elasticsearch_os_load5,5.37
2023/4/13 15:34,1681371287,cc-cc408-hya,data-node-05,9.9.2.157,elasticsearch_os_load5,5.22
2023/4/13 15:35,1681371347,cc-cc408-hya,data-node-05,9.9.2.157,elasticsearch_os_load5,5.19
2023/4/13 15:36,1681371407,cc-cc408-hya,data-node-05,9.9.2.157,elasticsearch_os_load5,5.05
2023/4/13 15:37,1681371467,cc-cc408-hya,data-node-05,9.9.2.157,elasticsearch_os_load5,5.26
2023/4/13 15:38,1681371527,cc-cc408-hya,data-node-05,9.9.2.157,elasticsearch_os_load5,5.4
2023/4/13 15:39,1681371587,cc-cc408-hya,data-node-05,9.9.2.157,elasticsearch_os_load5,5.3
2023/4/13 15:40,1681371647,cc-cc408-hya,data-node-05,9.9.2.157,elasticsearch_os_load5,5.21
2023/4/13 15:41,1681371707,cc-cc408-hya,data-node-05,9.9.2.157,elasticsearch_os_load5,5.24
2023/4/13 15:42,1681371767,cc-cc408-hya,data-node-05,9.9.2.157,elasticsearch_os_load5,5.22
2023/4/13 15:43,1681371827,cc-cc408-hya,data-node-05,9.9.2.157,elasticsearch_os_load5,5.44
2023/4/13 15:44,1681371887,cc-cc408-hya,data-node-05,9.9.2.157,elasticsearch_os_load5,5.22
2023/4/13 15:45,1681371947,cc-cc408-hya,data-node-05,9.9.2.157,elasticsearch_os_load5,5.35
2023/4/13 15:46,1681372007,cc-cc408-hya,data-node-05,9.9.2.157,elasticsearch_os_load5,5.98
2023/4/13 15:47,1681372067,cc-cc408-hya,data-node-05,9.9.2.157,elasticsearch_os_load5,5.87
2023/4/13 15:48,1681372127,cc-cc408-hya,data-node-05,9.9.2.157,elasticsearch_os_load5,5.66
2023/4/13 15:49,1681372187,cc-cc408-hya,data-node-05,9.9.2.157,elasticsearch_os_load5,5.71
2023/4/13 15:50,1681372247,cc-cc408-hya,data-node-05,9.9.2.157,elasticsearch_os_load5,5.23
2023/4/13 15:51,1681372307,cc-cc408-hya,data-node-05,9.9.2.157,elasticsearch_os_load5,4.91
2023/4/13 15:52,1681372367,cc-cc408-hya,data-node-05,9.9.2.157,elasticsearch_os_load5,4.6
2023/4/13 15:53,1681372427,cc-cc408-hya,data-node-05,9.9.2.157,elasticsearch_os_load5,5.02
2023/4/13 15:54,1681372487,cc-cc408-hya,data-node-05,9.9.2.157,elasticsearch_os_load5,4.97
2023/4/13 15:55,1681372547,cc-cc408-hya,data-node-05,9.9.2.157,elasticsearch_os_load5,4.84
2023/4/13 15:56,1681372607,cc-cc408-hya,data-node-05,9.9.2.157,elasticsearch_os_load5,4.69
2023/4/13 15:57,1681372667,cc-cc408-hya,data-node-05,9.9.2.157,elasticsearch_os_load5,4.65
2023/4/13 15:58,1681372727,cc-cc408-hya,data-node-05,9.9.2.157,elasticsearch_os_load5,5.02
2023/4/13 15:59,1681372787,cc-cc408-hya,data-node-05,9.9.2.157,elasticsearch_os_load5,4.98
2023/4/13 16:00,1681372847,cc-cc408-hya,data-node-05,9.9.2.157,elasticsearch_os_load5,5.16
2023/4/13 16:01,1681372907,cc-cc408-hya,data-node-05,9.9.2.157,elasticsearch_os_load5,5.41
2023/4/13 16:02,1681372967,cc-cc408-hya,data-node-05,9.9.2.157,elasticsearch_os_load5,5.58
2023/4/13 16:03,1681373027,cc-cc408-hya,data-node-05,9.9.2.157,elasticsearch_os_load5,5.6
2023/4/13 16:04,1681373087,cc-cc408-hya,data-node-05,9.9.2.157,elasticsearch_os_load5,5.78
2023/4/13 16:05,1681373147,cc-cc408-hya,data-node-05,9.9.2.157,elasticsearch_os_load5,5.74
2023/4/13 16:06,1681373207,cc-cc408-hya,data-node-05,9.9.2.157,elasticsearch_os_load5,6.35
2023/4/13 16:07,1681373267,cc-cc408-hya,data-node-05,9.9.2.157,elasticsearch_os_load5,6.43
2023/4/13 16:08,1681373327,cc-cc408-hya,data-node-05,9.9.2.157,elasticsearch_os_load5,5.95
2023/4/13 16:09,1681373387,cc-cc408-hya,data-node-05,9.9.2.157,elasticsearch_os_load5,6.03
2023/4/13 16:10,1681373447,cc-cc408-hya,data-node-05,9.9.2.157,elasticsearch_os_load5,5.87
2023/4/13 16:11,1681373507,cc-cc408-hya,data-node-05,9.9.2.157,elasticsearch_os_load5,5.78
2023/4/13 16:12,1681373567,cc-cc408-hya,data-node-05,9.9.2.157,elasticsearch_os_load5,5.76
2023/4/13 16:13,1681373627,cc-cc408-hya,data-node-05,9.9.2.157,elasticsearch_os_load5,5.9
2023/4/13 16:14,1681373687,cc-cc408-hya,data-node-05,9.9.2.157,elasticsearch_os_load5,5.91
2023/4/13 16:15,1681373747,cc-cc408-hya,data-node-05,9.9.2.157,elasticsearch_os_load5,6.26
2023/4/13 16:16,1681373807,cc-cc408-hya,data-node-05,9.9.2.157,elasticsearch_os_load5,6.11
2023/4/13 16:17,1681373867,cc-cc408-hya,data-node-05,9.9.2.157,elasticsearch_os_load5,5.9
2023/4/13 16:18,1681373927,cc-cc408-hya,data-node-05,9.9.2.157,elasticsearch_os_load5,5.7
2023/4/13 16:19,1681373987,cc-cc408-hya,data-node-05,9.9.2.157,elasticsearch_os_load5,5.92
2023/4/13 16:20,1681374047,cc-cc408-hya,data-node-05,9.9.2.157,elasticsearch_os_load5,6.04
2023/4/13 16:21,1681374107,cc-cc408-hya,data-node-05,9.9.2.157,elasticsearch_os_load5,6.1
2023/4/13 16:22,1681374167,cc-cc408-hya,data-node-05,9.9.2.157,elasticsearch_os_load5,5.93
2023/4/13 16:23,1681374227,cc-cc408-hya,data-node-05,9.9.2.157,elasticsearch_os_load5,5.71
2023/4/13 16:24,1681374287,cc-cc408-hya,data-node-05,9.9.2.157,elasticsearch_os_load5,5.6
2023/4/13 16:25,1681374347,cc-cc408-hya,data-node-05,9.9.2.157,elasticsearch_os_load5,5.34
2023/4/13 16:26,1681374407,cc-cc408-hya,data-node-05,9.9.2.157,elasticsearch_os_load5,5.14
2023/4/13 16:27,1681374467,cc-cc408-hya,data-node-05,9.9.2.157,elasticsearch_os_load5,5.16
2023/4/13 16:28,1681374527,cc-cc408-hya,data-node-05,9.9.2.157,elasticsearch_os_load5,5.1
2023/4/13 16:29,1681374587,cc-cc408-hya,data-node-05,9.9.2.157,elasticsearch_os_load5,4.99
2023/4/13 16:30,1681374647,cc-cc408-hya,data-node-05,9.9.2.157,elasticsearch_os_load5,5.26
2023/4/13 16:31,1681374707,cc-cc408-hya,data-node-05,9.9.2.157,elasticsearch_os_load5,5.76
2023/4/13 16:32,1681374767,cc-cc408-hya,data-node-05,9.9.2.157,elasticsearch_os_load5,5.94
2023/4/13 16:33,1681374827,cc-cc408-hya,data-node-05,9.9.2.157,elasticsearch_os_load5,5.89
2023/4/13 16:34,1681374887,cc-cc408-hya,data-node-05,9.9.2.157,elasticsearch_os_load5,5.73
2023/4/13 16:35,1681374947,cc-cc408-hya,data-node-05,9.9.2.157,elasticsearch_os_load5,6.69
2023/4/13 16:36,1681375007,cc-cc408-hya,data-node-05,9.9.2.157,elasticsearch_os_load5,6.79
2023/4/13 16:37,1681375067,cc-cc408-hya,data-node-05,9.9.2.157,elasticsearch_os_load5,6.24
2023/4/13 16:38,1681375127,cc-cc408-hya,data-node-05,9.9.2.157,elasticsearch_os_load5,6.14
2023/4/13 16:39,1681375187,cc-cc408-hya,data-node-05,9.9.2.157,elasticsearch_os_load5,6.14
2023/4/13 16:40,1681375247,cc-cc408-hya,data-node-05,9.9.2.157,elasticsearch_os_load5,6.12
2023/4/13 16:41,1681375307,cc-cc408-hya,data-node-05,9.9.2.157,elasticsearch_os_load5,5.93
2023/4/13 16:42,1681375367,cc-cc408-hya,data-node-05,9.9.2.157,elasticsearch_os_load5,5.91
2023/4/13 16:43,1681375427,cc-cc408-hya,data-node-05,9.9.2.157,elasticsearch_os_load5,5.67
2023/4/13 16:44,1681375487,cc-cc408-hya,data-node-05,9.9.2.157,elasticsearch_os_load5,5.51
2023/4/13 16:45,1681375547,cc-cc408-hya,data-node-05,9.9.2.157,elasticsearch_os_load5,5.41
2023/4/13 16:46,1681375607,cc-cc408-hya,data-node-05,9.9.2.157,elasticsearch_os_load5,5.68
2023/4/13 16:47,1681375667,cc-cc408-hya,data-node-05,9.9.2.157,elasticsearch_os_load5,5.5
2023/4/13 16:48,1681375727,cc-cc408-hya,data-node-05,9.9.2.157,elasticsearch_os_load5,5.82
2023/4/13 16:49,1681375787,cc-cc408-hya,data-node-05,9.9.2.157,elasticsearch_os_load5,5.99
2023/4/13 16:50,1681375847,cc-cc408-hya,data-node-05,9.9.2.157,elasticsearch_os_load5,6.35
2023/4/13 16:51,1681375907,cc-cc408-hya,data-node-05,9.9.2.157,elasticsearch_os_load5,6.09
2023/4/13 16:52,1681375967,cc-cc408-hya,data-node-05,9.9.2.157,elasticsearch_os_load5,6.15
2023/4/13 16:53,1681376027,cc-cc408-hya,data-node-05,9.9.2.157,elasticsearch_os_load5,6.46
2023/4/13 16:54,1681376087,cc-cc408-hya,data-node-05,9.9.2.157,elasticsearch_os_load5,6.09
2023/4/13 16:55,1681376147,cc-cc408-hya,data-node-05,9.9.2.157,elasticsearch_os_load5,5.74
2023/4/13 16:56,1681376207,cc-cc408-hya,data-node-05,9.9.2.157,elasticsearch_os_load5,5.58
2023/4/13 16:57,1681376267,cc-cc408-hya,data-node-05,9.9.2.157,elasticsearch_os_load5,5.68
2023/4/13 16:58,1681376327,cc-cc408-hya,data-node-05,9.9.2.157,elasticsearch_os_load5,5.8
2023/4/13 16:59,1681376387,cc-cc408-hya,data-node-05,9.9.2.157,elasticsearch_os_load5,5.71
2023/4/13 17:00,1681376447,cc-cc408-hya,data-node-05,9.9.2.157,elasticsearch_os_load5,6.04
2023/4/13 17:01,1681376507,cc-cc408-hya,data-node-05,9.9.2.157,elasticsearch_os_load5,6.3
2023/4/13 17:02,1681376567,cc-cc408-hya,data-node-05,9.9.2.157,elasticsearch_os_load5,6.48
2023/4/13 17:03,1681376627,cc-cc408-hya,data-node-05,9.9.2.157,elasticsearch_os_load5,6.63
2023/4/13 17:04,1681376687,cc-cc408-hya,data-node-05,9.9.2.157,elasticsearch_os_load5,6.51
2023/4/13 17:05,1681376747,cc-cc408-hya,data-node-05,9.9.2.157,elasticsearch_os_load5,6.33
2023/4/13 17:06,1681376807,cc-cc408-hya,data-node-05,9.9.2.157,elasticsearch_os_load5,6.09
2023/4/13 17:07,1681376867,cc-cc408-hya,data-node-05,9.9.2.157,elasticsearch_os_load5,5.97
2023/4/13 17:08,1681376927,cc-cc408-hya,data-node-05,9.9.2.157,elasticsearch_os_load5,6.07
2023/4/13 17:09,1681376987,cc-cc408-hya,data-node-05,9.9.2.157,elasticsearch_os_load5,5.92
2023/4/13 17:10,1681377047,cc-cc408-hya,data-node-05,9.9.2.157,elasticsearch_os_load5,5.85
2023/4/13 17:11,1681377107,cc-cc408-hya,data-node-05,9.9.2.157,elasticsearch_os_load5,5.84
2023/4/13 17:12,1681377167,cc-cc408-hya,data-node-05,9.9.2.157,elasticsearch_os_load5,5.86
2023/4/13 17:13,1681377227,cc-cc408-hya,data-node-05,9.9.2.157,elasticsearch_os_load5,5.9
2023/4/13 17:14,1681377287,cc-cc408-hya,data-node-05,9.9.2.157,elasticsearch_os_load5,6
2023/4/13 17:15,1681377347,cc-cc408-hya,data-node-05,9.9.2.157,elasticsearch_os_load5,5.91
2023/4/13 17:16,1681377407,cc-cc408-hya,data-node-05,9.9.2.157,elasticsearch_os_load5,5.74
2023/4/13 17:17,1681377467,cc-cc408-hya,data-node-05,9.9.2.157,elasticsearch_os_load5,5.91
2023/4/13 17:18,1681377527,cc-cc408-hya,data-node-05,9.9.2.157,elasticsearch_os_load5,5.99
2023/4/13 17:19,1681377587,cc-cc408-hya,data-node-05,9.9.2.157,elasticsearch_os_load5,6.44
2023/4/13 17:20,1681377647,cc-cc408-hya,data-node-05,9.9.2.157,elasticsearch_os_load5,6.6
2023/4/13 17:21,1681377707,cc-cc408-hya,data-node-05,9.9.2.157,elasticsearch_os_load5,6.5
2023/4/13 17:22,1681377767,cc-cc408-hya,data-node-05,9.9.2.157,elasticsearch_os_load5,6.33
2023/4/13 17:23,1681377827,cc-cc408-hya,data-node-05,9.9.2.157,elasticsearch_os_load5,6.12
2023/4/13 17:24,1681377887,cc-cc408-hya,data-node-05,9.9.2.157,elasticsearch_os_load5,5.86
2023/4/13 17:25,1681377947,cc-cc408-hya,data-node-05,9.9.2.157,elasticsearch_os_load5,5.61
2023/4/13 17:26,1681378007,cc-cc408-hya,data-node-05,9.9.2.157,elasticsearch_os_load5,5.55
2023/4/13 17:27,1681378067,cc-cc408-hya,data-node-05,9.9.2.157,elasticsearch_os_load5,5.86
2023/4/13 17:28,1681378127,cc-cc408-hya,data-node-05,9.9.2.157,elasticsearch_os_load5,6.55
2023/4/13 17:29,1681378187,cc-cc408-hya,data-node-05,9.9.2.157,elasticsearch_os_load5,6.21
2023/4/13 17:30,1681378247,cc-cc408-hya,data-node-05,9.9.2.157,elasticsearch_os_load5,6.16
2023/4/12 17:30,1681291847,cc-cc408-hya,data-node-10,9.9.2.157,elasticsearch_os_load5,6.21
2023/4/12 17:31,1681291907,cc-cc408-hya,data-node-10,9.9.2.157,elasticsearch_os_load5,6.05
2023/4/12 17:32,1681291967,cc-cc408-hya,data-node-10,9.9.2.157,elasticsearch_os_load5,6.15
2023/4/12 17:33,1681292027,cc-cc408-hya,data-node-10,9.9.2.157,elasticsearch_os_load5,5.95
2023/4/12 17:34,1681292087,cc-cc408-hya,data-node-10,9.9.2.157,elasticsearch_os_load5,5.99
2023/4/12 17:35,1681292147,cc-cc408-hya,data-node-10,9.9.2.157,elasticsearch_os_load5,5.94
2023/4/12 17:36,1681292207,cc-cc408-hya,data-node-10,9.9.2.157,elasticsearch_os_load5,5.51
2023/4/12 17:37,1681292267,cc-cc408-hya,data-node-10,9.9.2.157,elasticsearch_os_load5,5.39
2023/4/12 17:38,1681292327,cc-cc408-hya,data-node-10,9.9.2.157,elasticsearch_os_load5,5.57
2023/4/12 17:39,1681292387,cc-cc408-hya,data-node-10,9.9.2.157,elasticsearch_os_load5,5.4
2023/4/12 17:40,1681292447,cc-cc408-hya,data-node-10,9.9.2.157,elasticsearch_os_load5,5.57
2023/4/12 17:41,1681292507,cc-cc408-hya,data-node-10,9.9.2.157,elasticsearch_os_load5,5.64
2023/4/12 17:42,1681292567,cc-cc408-hya,data-node-10,9.9.2.157,elasticsearch_os_load5,5.81
2023/4/12 17:43,1681292627,cc-cc408-hya,data-node-10,9.9.2.157,elasticsearch_os_load5,5.65
2023/4/12 17:44,1681292687,cc-cc408-hya,data-node-10,9.9.2.157,elasticsearch_os_load5,5.72
2023/4/12 17:45,1681292747,cc-cc408-hya,data-node-10,9.9.2.157,elasticsearch_os_load5,5.83
2023/4/12 17:46,1681292807,cc-cc408-hya,data-node-10,9.9.2.157,elasticsearch_os_load5,5.87
2023/4/12 17:47,1681292867,cc-cc408-hya,data-node-10,9.9.2.157,elasticsearch_os_load5,5.71
2023/4/12 17:48,1681292927,cc-cc408-hya,data-node-10,9.9.2.157,elasticsearch_os_load5,5.73
2023/4/12 17:49,1681292987,cc-cc408-hya,data-node-10,9.9.2.157,elasticsearch_os_load5,5.54
2023/4/12 17:50,1681293047,cc-cc408-hya,data-node-10,9.9.2.157,elasticsearch_os_load5,5.39
2023/4/12 17:51,1681293107,cc-cc408-hya,data-node-10,9.9.2.157,elasticsearch_os_load5,5.33
2023/4/12 17:52,1681293167,cc-cc408-hya,data-node-10,9.9.2.157,elasticsearch_os_load5,5.2
2023/4/12 17:53,1681293227,cc-cc408-hya,data-node-10,9.9.2.157,elasticsearch_os_load5,5.48
2023/4/12 17:54,1681293287,cc-cc408-hya,data-node-10,9.9.2.157,elasticsearch_os_load5,5.21
2023/4/12 17:55,1681293347,cc-cc408-hya,data-node-10,9.9.2.157,elasticsearch_os_load5,5.33
2023/4/12 17:56,1681293407,cc-cc408-hya,data-node-10,9.9.2.157,elasticsearch_os_load5,5.42
2023/4/12 17:57,1681293467,cc-cc408-hya,data-node-10,9.9.2.157,elasticsearch_os_load5,5.31
2023/4/12 17:58,1681293527,cc-cc408-hya,data-node-10,9.9.2.157,elasticsearch_os_load5,5.4
2023/4/12 17:59,1681293587,cc-cc408-hya,data-node-10,9.9.2.157,elasticsearch_os_load5,5.61
2023/4/12 18:00,1681293647,cc-cc408-hya,data-node-10,9.9.2.157,elasticsearch_os_load5,5.67
2023/4/12 18:01,1681293707,cc-cc408-hya,data-node-10,9.9.2.157,elasticsearch_os_load5,5.99
2023/4/12 18:02,1681293767,cc-cc408-hya,data-node-10,9.9.2.157,elasticsearch_os_load5,6.19
2023/4/12 18:03,1681293827,cc-cc408-hya,data-node-10,9.9.2.157,elasticsearch_os_load5,6.27
2023/4/12 18:04,1681293887,cc-cc408-hya,data-node-10,9.9.2.157,elasticsearch_os_load5,6.1
2023/4/12 18:05,1681293947,cc-cc408-hya,data-node-10,9.9.2.157,elasticsearch_os_load5,5.92
2023/4/12 18:06,1681294007,cc-cc408-hya,data-node-10,9.9.2.157,elasticsearch_os_load5,6.23
2023/4/12 18:07,1681294067,cc-cc408-hya,data-node-10,9.9.2.157,elasticsearch_os_load5,6.07
2023/4/12 18:08,1681294127,cc-cc408-hya,data-node-10,9.9.2.157,elasticsearch_os_load5,5.72
2023/4/12 18:09,1681294187,cc-cc408-hya,data-node-10,9.9.2.157,elasticsearch_os_load5,5.5
2023/4/12 18:10,1681294247,cc-cc408-hya,data-node-10,9.9.2.157,elasticsearch_os_load5,5.66
2023/4/12 18:11,1681294307,cc-cc408-hya,data-node-10,9.9.2.157,elasticsearch_os_load5,5.57
2023/4/12 18:12,1681294367,cc-cc408-hya,data-node-10,9.9.2.157,elasticsearch_os_load5,5.34
2023/4/12 18:13,1681294427,cc-cc408-hya,data-node-10,9.9.2.157,elasticsearch_os_load5,5.31
2023/4/12 18:14,1681294487,cc-cc408-hya,data-node-10,9.9.2.157,elasticsearch_os_load5,5.58
2023/4/12 18:15,1681294547,cc-cc408-hya,data-node-10,9.9.2.157,elasticsearch_os_load5,5.64
2023/4/12 18:16,1681294607,cc-cc408-hya,data-node-10,9.9.2.157,elasticsearch_os_load5,5.67
2023/4/12 18:17,1681294667,cc-cc408-hya,data-node-10,9.9.2.157,elasticsearch_os_load5,5.32
2023/4/12 18:18,1681294727,cc-cc408-hya,data-node-10,9.9.2.157,elasticsearch_os_load5,5.24
2023/4/12 18:19,1681294787,cc-cc408-hya,data-node-10,9.9.2.157,elasticsearch_os_load5,5.15
2023/4/12 18:20,1681294847,cc-cc408-hya,data-node-10,9.9.2.157,elasticsearch_os_load5,4.97
2023/4/12 18:21,1681294907,cc-cc408-hya,data-node-10,9.9.2.157,elasticsearch_os_load5,5.75
2023/4/12 18:22,1681294967,cc-cc408-hya,data-node-10,9.9.2.157,elasticsearch_os_load5,5.64
2023/4/12 18:23,1681295027,cc-cc408-hya,data-node-10,9.9.2.157,elasticsearch_os_load5,5.34
2023/4/12 18:24,1681295087,cc-cc408-hya,data-node-10,9.9.2.157,elasticsearch_os_load5,5.14
2023/4/12 18:25,1681295147,cc-cc408-hya,data-node-10,9.9.2.157,elasticsearch_os_load5,5.33
2023/4/12 18:26,1681295207,cc-cc408-hya,data-node-10,9.9.2.157,elasticsearch_os_load5,5.53
2023/4/12 18:27,1681295267,cc-cc408-hya,data-node-10,9.9.2.157,elasticsearch_os_load5,5.86
2023/4/12 18:28,1681295327,cc-cc408-hya,data-node-10,9.9.2.157,elasticsearch_os_load5,5.67
2023/4/12 18:29,1681295387,cc-cc408-hya,data-node-10,9.9.2.157,elasticsearch_os_load5,5.39
2023/4/12 18:30,1681295447,cc-cc408-hya,data-node-10,9.9.2.157,elasticsearch_os_load5,5.36
2023/4/12 18:31,1681295507,cc-cc408-hya,data-node-10,9.9.2.157,elasticsearch_os_load5,5.01
2023/4/12 18:32,1681295567,cc-cc408-hya,data-node-10,9.9.2.157,elasticsearch_os_load5,5.02
2023/4/12 18:33,1681295627,cc-cc408-hya,data-node-10,9.9.2.157,elasticsearch_os_load5,4.68
2023/4/12 18:34,1681295687,cc-cc408-hya,data-node-10,9.9.2.157,elasticsearch_os_load5,4.55
2023/4/12 18:35,1681295747,cc-cc408-hya,data-node-10,9.9.2.157,elasticsearch_os_load5,4.66
2023/4/12 18:36,1681295807,cc-cc408-hya,data-node-10,9.9.2.157,elasticsearch_os_load5,4.79
2023/4/12 18:37,1681295867,cc-cc408-hya,data-node-10,9.9.2.157,elasticsearch_os_load5,5.51
2023/4/12 18:38,1681295927,cc-cc408-hya,data-node-10,9.9.2.157,elasticsearch_os_load5,5.07
2023/4/12 18:39,1681295987,cc-cc408-hya,data-node-10,9.9.2.157,elasticsearch_os_load5,4.94
2023/4/12 18:40,1681296047,cc-cc408-hya,data-node-10,9.9.2.157,elasticsearch_os_load5,5.05
2023/4/12 18:41,1681296107,cc-cc408-hya,data-node-10,9.9.2.157,elasticsearch_os_load5,5.36
2023/4/12 18:42,1681296167,cc-cc408-hya,data-node-10,9.9.2.157,elasticsearch_os_load5,5.35
2023/4/12 18:43,1681296227,cc-cc408-hya,data-node-10,9.9.2.157,elasticsearch_os_load5,5.4
2023/4/12 18:44,1681296287,cc-cc408-hya,data-node-10,9.9.2.157,elasticsearch_os_load5,6.06
2023/4/12 18:45,1681296347,cc-cc408-hya,data-node-10,9.9.2.157,elasticsearch_os_load5,5.72
2023/4/12 18:46,1681296407,cc-cc408-hya,data-node-10,9.9.2.157,elasticsearch_os_load5,5.76
2023/4/12 18:47,1681296467,cc-cc408-hya,data-node-10,9.9.2.157,elasticsearch_os_load5,5.71
2023/4/12 18:48,1681296527,cc-cc408-hya,data-node-10,9.9.2.157,elasticsearch_os_load5,5.42
2023/4/12 18:49,1681296587,cc-cc408-hya,data-node-10,9.9.2.157,elasticsearch_os_load5,5.43
2023/4/12 18:50,1681296647,cc-cc408-hya,data-node-10,9.9.2.157,elasticsearch_os_load5,5.37
2023/4/12 18:51,1681296707,cc-cc408-hya,data-node-10,9.9.2.157,elasticsearch_os_load5,5.19
2023/4/12 18:52,1681296767,cc-cc408-hya,data-node-10,9.9.2.157,elasticsearch_os_load5,5.19
2023/4/12 18:53,1681296827,cc-cc408-hya,data-node-10,9.9.2.157,elasticsearch_os_load5,5.01
2023/4/12 18:54,1681296887,cc-cc408-hya,data-node-10,9.9.2.157,elasticsearch_os_load5,4.69
2023/4/12 18:55,1681296947,cc-cc408-hya,data-node-10,9.9.2.157,elasticsearch_os_load5,4.83
2023/4/12 18:56,1681297007,cc-cc408-hya,data-node-10,9.9.2.157,elasticsearch_os_load5,4.81
2023/4/12 18:57,1681297067,cc-cc408-hya,data-node-10,9.9.2.157,elasticsearch_os_load5,4.65
2023/4/12 18:58,1681297127,cc-cc408-hya,data-node-10,9.9.2.157,elasticsearch_os_load5,4.69
2023/4/12 18:59,1681297187,cc-cc408-hya,data-node-10,9.9.2.157,elasticsearch_os_load5,4.87
2023/4/12 19:00,1681297247,cc-cc408-hya,data-node-10,9.9.2.157,elasticsearch_os_load5,4.64
2023/4/12 19:01,1681297307,cc-cc408-hya,data-node-10,9.9.2.157,elasticsearch_os_load5,4.86
2023/4/12 19:02,1681297367,cc-cc408-hya,data-node-10,9.9.2.157,elasticsearch_os_load5,4.67
2023/4/12 19:03,1681297427,cc-cc408-hya,data-node-10,9.9.2.157,elasticsearch_os_load5,4.82
2023/4/12 19:04,1681297487,cc-cc408-hya,data-node-10,9.9.2.157,elasticsearch_os_load5,4.79
2023/4/12 19:05,1681297547,cc-cc408-hya,data-node-10,9.9.2.157,elasticsearch_os_load5,4.78
2023/4/12 19:06,1681297607,cc-cc408-hya,data-node-10,9.9.2.157,elasticsearch_os_load5,5.39
2023/4/12 19:07,1681297667,cc-cc408-hya,data-node-10,9.9.2.157,elasticsearch_os_load5,5.36
2023/4/12 19:08,1681297727,cc-cc408-hya,data-node-10,9.9.2.157,elasticsearch_os_load5,5.42
2023/4/12 19:09,1681297787,cc-cc408-hya,data-node-10,9.9.2.157,elasticsearch_os_load5,5.62
2023/4/12 19:10,1681297847,cc-cc408-hya,data-node-10,9.9.2.157,elasticsearch_os_load5,5.44
2023/4/12 19:11,1681297907,cc-cc408-hya,data-node-10,9.9.2.157,elasticsearch_os_load5,5.17
2023/4/12 19:12,1681297967,cc-cc408-hya,data-node-10,9.9.2.157,elasticsearch_os_load5,5.04
2023/4/12 19:13,1681298027,cc-cc408-hya,data-node-10,9.9.2.157,elasticsearch_os_load5,4.91
2023/4/12 19:14,1681298087,cc-cc408-hya,data-node-10,9.9.2.157,elasticsearch_os_load5,5.16
2023/4/12 19:15,1681298147,cc-cc408-hya,data-node-10,9.9.2.157,elasticsearch_os_load5,5.29
2023/4/12 19:16,1681298207,cc-cc408-hya,data-node-10,9.9.2.157,elasticsearch_os_load5,5.18
2023/4/12 19:17,1681298267,cc-cc408-hya,data-node-10,9.9.2.157,elasticsearch_os_load5,4.98
2023/4/12 19:18,1681298327,cc-cc408-hya,data-node-10,9.9.2.157,elasticsearch_os_load5,4.89
2023/4/12 19:19,1681298387,cc-cc408-hya,data-node-10,9.9.2.157,elasticsearch_os_load5,4.75
2023/4/12 19:20,1681298447,cc-cc408-hya,data-node-10,9.9.2.157,elasticsearch_os_load5,4.53
2023/4/12 19:21,1681298507,cc-cc408-hya,data-node-10,9.9.2.157,elasticsearch_os_load5,4.46
2023/4/12 19:22,1681298567,cc-cc408-hya,data-node-10,9.9.2.157,elasticsearch_os_load5,4.3
2023/4/12 19:23,1681298627,cc-cc408-hya,data-node-10,9.9.2.157,elasticsearch_os_load5,4.18
2023/4/12 19:24,1681298687,cc-cc408-hya,data-node-10,9.9.2.157,elasticsearch_os_load5,4.4
2023/4/12 19:25,1681298747,cc-cc408-hya,data-node-10,9.9.2.157,elasticsearch_os_load5,4.38
2023/4/12 19:26,1681298807,cc-cc408-hya,data-node-10,9.9.2.157,elasticsearch_os_load5,4.3
2023/4/12 19:27,1681298867,cc-cc408-hya,data-node-10,9.9.2.157,elasticsearch_os_load5,4.49
2023/4/12 19:28,1681298927,cc-cc408-hya,data-node-10,9.9.2.157,elasticsearch_os_load5,4.42
2023/4/12 19:29,1681298987,cc-cc408-hya,data-node-10,9.9.2.157,elasticsearch_os_load5,4.44
2023/4/12 19:30,1681299047,cc-cc408-hya,data-node-10,9.9.2.157,elasticsearch_os_load5,4.44
2023/4/12 19:31,1681299107,cc-cc408-hya,data-node-10,9.9.2.157,elasticsearch_os_load5,4.47
2023/4/12 19:32,1681299167,cc-cc408-hya,data-node-10,9.9.2.157,elasticsearch_os_load5,4.56
2023/4/12 19:33,1681299227,cc-cc408-hya,data-node-10,9.9.2.157,elasticsearch_os_load5,4.47
2023/4/12 19:34,1681299287,cc-cc408-hya,data-node-10,9.9.2.157,elasticsearch_os_load5,4.64
2023/4/12 19:35,1681299347,cc-cc408-hya,data-node-10,9.9.2.157,elasticsearch_os_load5,4.32
2023/4/12 19:36,1681299407,cc-cc408-hya,data-node-10,9.9.2.157,elasticsearch_os_load5,4.42
2023/4/12 19:37,1681299467,cc-cc408-hya,data-node-10,9.9.2.157,elasticsearch_os_load5,4.95
2023/4/12 19:38,1681299527,cc-cc408-hya,data-node-10,9.9.2.157,elasticsearch_os_load5,4.72
2023/4/12 19:39,1681299587,cc-cc408-hya,data-node-10,9.9.2.157,elasticsearch_os_load5,4.55
2023/4/12 19:40,1681299647,cc-cc408-hya,data-node-10,9.9.2.157,elasticsearch_os_load5,4.35
2023/4/12 19:41,1681299707,cc-cc408-hya,data-node-10,9.9.2.157,elasticsearch_os_load5,4.08
2023/4/12 19:42,1681299767,cc-cc408-hya,data-node-10,9.9.2.157,elasticsearch_os_load5,3.98
2023/4/12 19:43,1681299827,cc-cc408-hya,data-node-10,9.9.2.157,elasticsearch_os_load5,3.82
2023/4/12 19:44,1681299887,cc-cc408-hya,data-node-10,9.9.2.157,elasticsearch_os_load5,3.73
2023/4/12 19:45,1681299947,cc-cc408-hya,data-node-10,9.9.2.157,elasticsearch_os_load5,3.62
2023/4/12 19:46,1681300007,cc-cc408-hya,data-node-10,9.9.2.157,elasticsearch_os_load5,3.54
2023/4/12 19:47,1681300067,cc-cc408-hya,data-node-10,9.9.2.157,elasticsearch_os_load5,3.41
2023/4/12 19:48,1681300127,cc-cc408-hya,data-node-10,9.9.2.157,elasticsearch_os_load5,3.14
2023/4/12 19:49,1681300187,cc-cc408-hya,data-node-10,9.9.2.157,elasticsearch_os_load5,3.03
2023/4/12 19:50,1681300247,cc-cc408-hya,data-node-10,9.9.2.157,elasticsearch_os_load5,3.22
2023/4/12 19:51,1681300307,cc-cc408-hya,data-node-10,9.9.2.157,elasticsearch_os_load5,3.49
2023/4/12 19:52,1681300367,cc-cc408-hya,data-node-10,9.9.2.157,elasticsearch_os_load5,3.53
2023/4/12 19:53,1681300427,cc-cc408-hya,data-node-10,9.9.2.157,elasticsearch_os_load5,3.29
2023/4/12 19:54,1681300487,cc-cc408-hya,data-node-10,9.9.2.157,elasticsearch_os_load5,3.24
2023/4/12 19:55,1681300547,cc-cc408-hya,data-node-10,9.9.2.157,elasticsearch_os_load5,2.98
2023/4/12 19:56,1681300607,cc-cc408-hya,data-node-10,9.9.2.157,elasticsearch_os_load5,2.73
2023/4/12 19:57,1681300667,cc-cc408-hya,data-node-10,9.9.2.157,elasticsearch_os_load5,2.67
2023/4/12 19:58,1681300727,cc-cc408-hya,data-node-10,9.9.2.157,elasticsearch_os_load5,2.58
2023/4/12 19:59,1681300787,cc-cc408-hya,data-node-10,9.9.2.157,elasticsearch_os_load5,2.64
2023/4/12 20:00,1681300847,cc-cc408-hya,data-node-10,9.9.2.157,elasticsearch_os_load5,2.62
2023/4/12 20:01,1681300907,cc-cc408-hya,data-node-10,9.9.2.157,elasticsearch_os_load5,2.58
2023/4/12 20:02,1681300967,cc-cc408-hya,data-node-10,9.9.2.157,elasticsearch_os_load5,2.72
2023/4/12 20:03,1681301027,cc-cc408-hya,data-node-10,9.9.2.157,elasticsearch_os_load5,2.95
2023/4/12 20:04,1681301087,cc-cc408-hya,data-node-10,9.9.2.157,elasticsearch_os_load5,2.88
2023/4/12 20:05,1681301147,cc-cc408-hya,data-node-10,9.9.2.157,elasticsearch_os_load5,2.81
2023/4/12 20:06,1681301207,cc-cc408-hya,data-node-10,9.9.2.157,elasticsearch_os_load5,2.82
2023/4/12 20:07,1681301267,cc-cc408-hya,data-node-10,9.9.2.157,elasticsearch_os_load5,2.89
2023/4/12 20:08,1681301327,cc-cc408-hya,data-node-10,9.9.2.157,elasticsearch_os_load5,2.8
2023/4/12 20:09,1681301387,cc-cc408-hya,data-node-10,9.9.2.157,elasticsearch_os_load5,2.84
2023/4/12 20:10,1681301447,cc-cc408-hya,data-node-10,9.9.2.157,elasticsearch_os_load5,2.82
2023/4/12 20:11,1681301507,cc-cc408-hya,data-node-10,9.9.2.157,elasticsearch_os_load5,2.95
2023/4/12 20:12,1681301567,cc-cc408-hya,data-node-10,9.9.2.157,elasticsearch_os_load5,3.11
2023/4/12 20:13,1681301627,cc-cc408-hya,data-node-10,9.9.2.157,elasticsearch_os_load5,3.12
2023/4/12 20:14,1681301687,cc-cc408-hya,data-node-10,9.9.2.157,elasticsearch_os_load5,2.91
2023/4/12 20:15,1681301747,cc-cc408-hya,data-node-10,9.9.2.157,elasticsearch_os_load5,2.8
2023/4/12 20:16,1681301807,cc-cc408-hya,data-node-10,9.9.2.157,elasticsearch_os_load5,2.91
2023/4/12 20:17,1681301867,cc-cc408-hya,data-node-10,9.9.2.157,elasticsearch_os_load5,2.9
2023/4/12 20:18,1681301927,cc-cc408-hya,data-node-10,9.9.2.157,elasticsearch_os_load5,2.83
2023/4/12 20:19,1681301987,cc-cc408-hya,data-node-10,9.9.2.157,elasticsearch_os_load5,2.63
2023/4/12 20:20,1681302047,cc-cc408-hya,data-node-10,9.9.2.157,elasticsearch_os_load5,2.69
2023/4/12 20:21,1681302107,cc-cc408-hya,data-node-10,9.9.2.157,elasticsearch_os_load5,2.73
2023/4/12 20:22,1681302167,cc-cc408-hya,data-node-10,9.9.2.157,elasticsearch_os_load5,2.62
2023/4/12 20:23,1681302227,cc-cc408-hya,data-node-10,9.9.2.157,elasticsearch_os_load5,2.49
2023/4/12 20:24,1681302287,cc-cc408-hya,data-node-10,9.9.2.157,elasticsearch_os_load5,2.34
2023/4/12 20:25,1681302347,cc-cc408-hya,data-node-10,9.9.2.157,elasticsearch_os_load5,2.35
2023/4/12 20:26,1681302407,cc-cc408-hya,data-node-10,9.9.2.157,elasticsearch_os_load5,2.26
2023/4/12 20:27,1681302467,cc-cc408-hya,data-node-10,9.9.2.157,elasticsearch_os_load5,2.1
2023/4/12 20:28,1681302527,cc-cc408-hya,data-node-10,9.9.2.157,elasticsearch_os_load5,2.2
2023/4/12 20:29,1681302587,cc-cc408-hya,data-node-10,9.9.2.157,elasticsearch_os_load5,2.26
2023/4/12 20:30,1681302647,cc-cc408-hya,data-node-10,9.9.2.157,elasticsearch_os_load5,2.18
2023/4/12 20:31,1681302707,cc-cc408-hya,data-node-10,9.9.2.157,elasticsearch_os_load5,2.06
2023/4/12 20:32,1681302767,cc-cc408-hya,data-node-10,9.9.2.157,elasticsearch_os_load5,2.09
2023/4/12 20:33,1681302827,cc-cc408-hya,data-node-10,9.9.2.157,elasticsearch_os_load5,2.15
2023/4/12 20:34,1681302887,cc-cc408-hya,data-node-10,9.9.2.157,elasticsearch_os_load5,2.24
2023/4/12 20:35,1681302947,cc-cc408-hya,data-node-10,9.9.2.157,elasticsearch_os_load5,2.04
2023/4/12 20:36,1681303007,cc-cc408-hya,data-node-10,9.9.2.157,elasticsearch_os_load5,1.81
2023/4/12 20:37,1681303067,cc-cc408-hya,data-node-10,9.9.2.157,elasticsearch_os_load5,1.67
2023/4/12 20:38,1681303127,cc-cc408-hya,data-node-10,9.9.2.157,elasticsearch_os_load5,1.47
2023/4/12 20:39,1681303187,cc-cc408-hya,data-node-10,9.9.2.157,elasticsearch_os_load5,1.35
2023/4/12 20:40,1681303247,cc-cc408-hya,data-node-10,9.9.2.157,elasticsearch_os_load5,1.26
2023/4/12 20:41,1681303307,cc-cc408-hya,data-node-10,9.9.2.157,elasticsearch_os_load5,1.34
2023/4/12 20:42,1681303367,cc-cc408-hya,data-node-10,9.9.2.157,elasticsearch_os_load5,1.44
2023/4/12 20:43,1681303427,cc-cc408-hya,data-node-10,9.9.2.157,elasticsearch_os_load5,1.37
2023/4/12 20:44,1681303487,cc-cc408-hya,data-node-10,9.9.2.157,elasticsearch_os_load5,1.32
2023/4/12 20:45,1681303547,cc-cc408-hya,data-node-10,9.9.2.157,elasticsearch_os_load5,1.51
2023/4/12 20:46,1681303607,cc-cc408-hya,data-node-10,9.9.2.157,elasticsearch_os_load5,1.48
2023/4/12 20:47,1681303667,cc-cc408-hya,data-node-10,9.9.2.157,elasticsearch_os_load5,1.42
2023/4/12 20:48,1681303727,cc-cc408-hya,data-node-10,9.9.2.157,elasticsearch_os_load5,1.38
2023/4/12 20:49,1681303787,cc-cc408-hya,data-node-10,9.9.2.157,elasticsearch_os_load5,1.56
2023/4/12 20:50,1681303847,cc-cc408-hya,data-node-10,9.9.2.157,elasticsearch_os_load5,1.57
2023/4/12 20:51,1681303907,cc-cc408-hya,data-node-10,9.9.2.157,elasticsearch_os_load5,1.46
2023/4/12 20:52,1681303967,cc-cc408-hya,data-node-10,9.9.2.157,elasticsearch_os_load5,1.43
2023/4/12 20:53,1681304027,cc-cc408-hya,data-node-10,9.9.2.157,elasticsearch_os_load5,1.68
2023/4/12 20:54,1681304087,cc-cc408-hya,data-node-10,9.9.2.157,elasticsearch_os_load5,1.48
2023/4/12 20:55,1681304147,cc-cc408-hya,data-node-10,9.9.2.157,elasticsearch_os_load5,1.41
2023/4/12 20:56,1681304207,cc-cc408-hya,data-node-10,9.9.2.157,elasticsearch_os_load5,1.43
2023/4/12 20:57,1681304267,cc-cc408-hya,data-node-10,9.9.2.157,elasticsearch_os_load5,1.38
2023/4/12 20:58,1681304327,cc-cc408-hya,data-node-10,9.9.2.157,elasticsearch_os_load5,1.3
2023/4/12 20:59,1681304387,cc-cc408-hya,data-node-10,9.9.2.157,elasticsearch_os_load5,1.32
2023/4/12 21:00,1681304447,cc-cc408-hya,data-node-10,9.9.2.157,elasticsearch_os_load5,1.19
2023/4/12 21:01,1681304507,cc-cc408-hya,data-node-10,9.9.2.157,elasticsearch_os_load5,1.16
2023/4/12 21:02,1681304567,cc-cc408-hya,data-node-10,9.9.2.157,elasticsearch_os_load5,1.1
2023/4/12 21:03,1681304627,cc-cc408-hya,data-node-10,9.9.2.157,elasticsearch_os_load5,1.03
2023/4/12 21:04,1681304687,cc-cc408-hya,data-node-10,9.9.2.157,elasticsearch_os_load5,0.95
2023/4/12 21:05,1681304747,cc-cc408-hya,data-node-10,9.9.2.157,elasticsearch_os_load5,1.01
2023/4/12 21:06,1681304807,cc-cc408-hya,data-node-10,9.9.2.157,elasticsearch_os_load5,0.89
2023/4/12 21:07,1681304867,cc-cc408-hya,data-node-10,9.9.2.157,elasticsearch_os_load5,0.92
2023/4/12 21:08,1681304927,cc-cc408-hya,data-node-10,9.9.2.157,elasticsearch_os_load5,0.84
2023/4/12 21:09,1681304987,cc-cc408-hya,data-node-10,9.9.2.157,elasticsearch_os_load5,0.81
2023/4/12 21:10,1681305047,cc-cc408-hya,data-node-10,9.9.2.157,elasticsearch_os_load5,0.9
2023/4/12 21:11,1681305107,cc-cc408-hya,data-node-10,9.9.2.157,elasticsearch_os_load5,1.1
2023/4/12 21:12,1681305167,cc-cc408-hya,data-node-10,9.9.2.157,elasticsearch_os_load5,1.1
2023/4/12 21:13,1681305227,cc-cc408-hya,data-node-10,9.9.2.157,elasticsearch_os_load5,1.04
2023/4/12 21:14,1681305287,cc-cc408-hya,data-node-10,9.9.2.157,elasticsearch_os_load5,1.27
2023/4/12 21:15,1681305347,cc-cc408-hya,data-node-10,9.9.2.157,elasticsearch_os_load5,1.39
2023/4/12 21:16,1681305407,cc-cc408-hya,data-node-10,9.9.2.157,elasticsearch_os_load5,1.57
2023/4/12 21:17,1681305467,cc-cc408-hya,data-node-10,9.9.2.157,elasticsearch_os_load5,1.41
2023/4/12 21:18,1681305527,cc-cc408-hya,data-node-10,9.9.2.157,elasticsearch_os_load5,1.44
2023/4/12 21:19,1681305587,cc-cc408-hya,data-node-10,9.9.2.157,elasticsearch_os_load5,1.39
2023/4/12 21:20,1681305647,cc-cc408-hya,data-node-10,9.9.2.157,elasticsearch_os_load5,1.29
2023/4/12 21:21,1681305707,cc-cc408-hya,data-node-10,9.9.2.157,elasticsearch_os_load5,1.23
2023/4/12 21:22,1681305767,cc-cc408-hya,data-node-10,9.9.2.157,elasticsearch_os_load5,1.13
2023/4/12 21:23,1681305827,cc-cc408-hya,data-node-10,9.9.2.157,elasticsearch_os_load5,1.12
2023/4/12 21:24,1681305887,cc-cc408-hya,data-node-10,9.9.2.157,elasticsearch_os_load5,0.97
2023/4/12 21:25,1681305947,cc-cc408-hya,data-node-10,9.9.2.157,elasticsearch_os_load5,0.96
2023/4/12 21:26,1681306007,cc-cc408-hya,data-node-10,9.9.2.157,elasticsearch_os_load5,1.21
2023/4/12 21:27,1681306067,cc-cc408-hya,data-node-10,9.9.2.157,elasticsearch_os_load5,1.13
2023/4/12 21:28,1681306127,cc-cc408-hya,data-node-10,9.9.2.157,elasticsearch_os_load5,1.14
2023/4/12 21:29,1681306187,cc-cc408-hya,data-node-10,9.9.2.157,elasticsearch_os_load5,1.07
2023/4/12 21:30,1681306247,cc-cc408-hya,data-node-10,9.9.2.157,elasticsearch_os_load5,1.11
2023/4/12 21:31,1681306307,cc-cc408-hya,data-node-10,9.9.2.157,elasticsearch_os_load5,1.17
2023/4/12 21:32,1681306367,cc-cc408-hya,data-node-10,9.9.2.157,elasticsearch_os_load5,1.09
2023/4/12 21:33,1681306427,cc-cc408-hya,data-node-10,9.9.2.157,elasticsearch_os_load5,1.18
2023/4/12 21:34,1681306487,cc-cc408-hya,data-node-10,9.9.2.157,elasticsearch_os_load5,1.32
2023/4/12 21:35,1681306547,cc-cc408-hya,data-node-10,9.9.2.157,elasticsearch_os_load5,1.7
2023/4/12 21:36,1681306607,cc-cc408-hya,data-node-10,9.9.2.157,elasticsearch_os_load5,1.62
2023/4/12 21:37,1681306667,cc-cc408-hya,data-node-10,9.9.2.157,elasticsearch_os_load5,1.56
2023/4/12 21:38,1681306727,cc-cc408-hya,data-node-10,9.9.2.157,elasticsearch_os_load5,1.49
2023/4/12 21:39,1681306787,cc-cc408-hya,data-node-10,9.9.2.157,elasticsearch_os_load5,1.33
2023/4/12 21:40,1681306847,cc-cc408-hya,data-node-10,9.9.2.157,elasticsearch_os_load5,1.28
2023/4/12 21:41,1681306907,cc-cc408-hya,data-node-10,9.9.2.157,elasticsearch_os_load5,1.4
2023/4/12 21:42,1681306967,cc-cc408-hya,data-node-10,9.9.2.157,elasticsearch_os_load5,1.28
2023/4/12 21:43,1681307027,cc-cc408-hya,data-node-10,9.9.2.157,elasticsearch_os_load5,1.19
2023/4/12 21:44,1681307087,cc-cc408-hya,data-node-10,9.9.2.157,elasticsearch_os_load5,1.22
2023/4/12 21:45,1681307147,cc-cc408-hya,data-node-10,9.9.2.157,elasticsearch_os_load5,1.18
2023/4/12 21:46,1681307207,cc-cc408-hya,data-node-10,9.9.2.157,elasticsearch_os_load5,1.1
2023/4/12 21:47,1681307267,cc-cc408-hya,data-node-10,9.9.2.157,elasticsearch_os_load5,1.08
2023/4/12 21:48,1681307327,cc-cc408-hya,data-node-10,9.9.2.157,elasticsearch_os_load5,1.04
2023/4/12 21:49,1681307387,cc-cc408-hya,data-node-10,9.9.2.157,elasticsearch_os_load5,1.04
2023/4/12 21:50,1681307447,cc-cc408-hya,data-node-10,9.9.2.157,elasticsearch_os_load5,1.43
2023/4/12 21:51,1681307507,cc-cc408-hya,data-node-10,9.9.2.157,elasticsearch_os_load5,1.32
2023/4/12 21:52,1681307567,cc-cc408-hya,data-node-10,9.9.2.157,elasticsearch_os_load5,1.31
2023/4/12 21:53,1681307627,cc-cc408-hya,data-node-10,9.9.2.157,elasticsearch_os_load5,1.19
2023/4/12 21:54,1681307687,cc-cc408-hya,data-node-10,9.9.2.157,elasticsearch_os_load5,1.19
2023/4/12 21:55,1681307747,cc-cc408-hya,data-node-10,9.9.2.157,elasticsearch_os_load5,1.13
2023/4/12 21:56,1681307807,cc-cc408-hya,data-node-10,9.9.2.157,elasticsearch_os_load5,1.16
2023/4/12 21:57,1681307867,cc-cc408-hya,data-node-10,9.9.2.157,elasticsearch_os_load5,1.3
2023/4/12 21:58,1681307927,cc-cc408-hya,data-node-10,9.9.2.157,elasticsearch_os_load5,1.29
2023/4/12 21:59,1681307987,cc-cc408-hya,data-node-10,9.9.2.157,elasticsearch_os_load5,1.27
2023/4/12 22:00,1681308047,cc-cc408-hya,data-node-10,9.9.2.157,elasticsearch_os_load5,1.28
2023/4/12 22:01,1681308107,cc-cc408-hya,data-node-10,9.9.2.157,elasticsearch_os_load5,1.18
2023/4/12 22:02,1681308167,cc-cc408-hya,data-node-10,9.9.2.157,elasticsearch_os_load5,1.22
2023/4/12 22:03,1681308227,cc-cc408-hya,data-node-10,9.9.2.157,elasticsearch_os_load5,1.28
2023/4/12 22:04,1681308287,cc-cc408-hya,data-node-10,9.9.2.157,elasticsearch_os_load5,1.15
2023/4/12 22:05,1681308347,cc-cc408-hya,data-node-10,9.9.2.157,elasticsearch_os_load5,1.25
2023/4/12 22:06,1681308407,cc-cc408-hya,data-node-10,9.9.2.157,elasticsearch_os_load5,1.31
2023/4/12 22:07,1681308467,cc-cc408-hya,data-node-10,9.9.2.157,elasticsearch_os_load5,1.27
2023/4/12 22:08,1681308527,cc-cc408-hya,data-node-10,9.9.2.157,elasticsearch_os_load5,1.23
2023/4/12 22:09,1681308587,cc-cc408-hya,data-node-10,9.9.2.157,elasticsearch_os_load5,1.2
2023/4/12 22:10,1681308647,cc-cc408-hya,data-node-10,9.9.2.157,elasticsearch_os_load5,1.21
2023/4/12 22:11,1681308707,cc-cc408-hya,data-node-10,9.9.2.157,elasticsearch_os_load5,1.11
2023/4/12 22:12,1681308767,cc-cc408-hya,data-node-10,9.9.2.157,elasticsearch_os_load5,1.12
2023/4/12 22:13,1681308827,cc-cc408-hya,data-node-10,9.9.2.157,elasticsearch_os_load5,1.23
2023/4/12 22:14,1681308887,cc-cc408-hya,data-node-10,9.9.2.157,elasticsearch_os_load5,1.24
2023/4/12 22:15,1681308947,cc-cc408-hya,data-node-10,9.9.2.157,elasticsearch_os_load5,1.2
2023/4/12 22:16,1681309007,cc-cc408-hya,data-node-10,9.9.2.157,elasticsearch_os_load5,1.34
2023/4/12 22:17,1681309067,cc-cc408-hya,data-node-10,9.9.2.157,elasticsearch_os_load5,1.28
2023/4/12 22:18,1681309127,cc-cc408-hya,data-node-10,9.9.2.157,elasticsearch_os_load5,1.14
2023/4/12 22:19,1681309187,cc-cc408-hya,data-node-10,9.9.2.157,elasticsearch_os_load5,1.18
2023/4/12 22:20,1681309247,cc-cc408-hya,data-node-10,9.9.2.157,elasticsearch_os_load5,1.19
2023/4/12 22:21,1681309307,cc-cc408-hya,data-node-10,9.9.2.157,elasticsearch_os_load5,1.24
2023/4/12 22:22,1681309367,cc-cc408-hya,data-node-10,9.9.2.157,elasticsearch_os_load5,1.2
2023/4/12 22:23,1681309427,cc-cc408-hya,data-node-10,9.9.2.157,elasticsearch_os_load5,1.18
2023/4/12 22:24,1681309487,cc-cc408-hya,data-node-10,9.9.2.157,elasticsearch_os_load5,1.11
2023/4/12 22:25,1681309547,cc-cc408-hya,data-node-10,9.9.2.157,elasticsearch_os_load5,1.14
2023/4/12 22:26,1681309607,cc-cc408-hya,data-node-10,9.9.2.157,elasticsearch_os_load5,1.1
2023/4/12 22:27,1681309667,cc-cc408-hya,data-node-10,9.9.2.157,elasticsearch_os_load5,1.14
2023/4/12 22:28,1681309727,cc-cc408-hya,data-node-10,9.9.2.157,elasticsearch_os_load5,1.23
2023/4/12 22:29,1681309787,cc-cc408-hya,data-node-10,9.9.2.157,elasticsearch_os_load5,1.19
2023/4/12 22:30,1681309847,cc-cc408-hya,data-node-10,9.9.2.157,elasticsearch_os_load5,1
2023/4/12 22:31,1681309907,cc-cc408-hya,data-node-10,9.9.2.157,elasticsearch_os_load5,1.04
2023/4/12 22:32,1681309967,cc-cc408-hya,data-node-10,9.9.2.157,elasticsearch_os_load5,1.02
2023/4/12 22:33,1681310027,cc-cc408-hya,data-node-10,9.9.2.157,elasticsearch_os_load5,1
2023/4/12 22:34,1681310087,cc-cc408-hya,data-node-10,9.9.2.157,elasticsearch_os_load5,1.08
2023/4/12 22:35,1681310147,cc-cc408-hya,data-node-10,9.9.2.157,elasticsearch_os_load5,1.05
2023/4/12 22:36,1681310207,cc-cc408-hya,data-node-10,9.9.2.157,elasticsearch_os_load5,1.04
2023/4/12 22:37,1681310267,cc-cc408-hya,data-node-10,9.9.2.157,elasticsearch_os_load5,0.96
2023/4/12 22:38,1681310327,cc-cc408-hya,data-node-10,9.9.2.157,elasticsearch_os_load5,0.95
2023/4/12 22:39,1681310387,cc-cc408-hya,data-node-10,9.9.2.157,elasticsearch_os_load5,1.17
2023/4/12 22:40,1681310447,cc-cc408-hya,data-node-10,9.9.2.157,elasticsearch_os_load5,1.33
2023/4/12 22:41,1681310507,cc-cc408-hya,data-node-10,9.9.2.157,elasticsearch_os_load5,1.43
2023/4/12 22:42,1681310567,cc-cc408-hya,data-node-10,9.9.2.157,elasticsearch_os_load5,1.37
2023/4/12 22:43,1681310627,cc-cc408-hya,data-node-10,9.9.2.157,elasticsearch_os_load5,1.38
2023/4/12 22:44,1681310687,cc-cc408-hya,data-node-10,9.9.2.157,elasticsearch_os_load5,1.25
2023/4/12 22:45,1681310747,cc-cc408-hya,data-node-10,9.9.2.157,elasticsearch_os_load5,1.18
2023/4/12 22:46,1681310807,cc-cc408-hya,data-node-10,9.9.2.157,elasticsearch_os_load5,1.17
2023/4/12 22:47,1681310867,cc-cc408-hya,data-node-10,9.9.2.157,elasticsearch_os_load5,1.29
2023/4/12 22:48,1681310927,cc-cc408-hya,data-node-10,9.9.2.157,elasticsearch_os_load5,1.16
2023/4/12 22:49,1681310987,cc-cc408-hya,data-node-10,9.9.2.157,elasticsearch_os_load5,1.12
2023/4/12 22:50,1681311047,cc-cc408-hya,data-node-10,9.9.2.157,elasticsearch_os_load5,1.05
2023/4/12 22:51,1681311107,cc-cc408-hya,data-node-10,9.9.2.157,elasticsearch_os_load5,1.17
2023/4/12 22:52,1681311167,cc-cc408-hya,data-node-10,9.9.2.157,elasticsearch_os_load5,1.17
2023/4/12 22:53,1681311227,cc-cc408-hya,data-node-10,9.9.2.157,elasticsearch_os_load5,1.01
2023/4/12 22:54,1681311287,cc-cc408-hya,data-node-10,9.9.2.157,elasticsearch_os_load5,1.43
2023/4/12 22:55,1681311347,cc-cc408-hya,data-node-10,9.9.2.157,elasticsearch_os_load5,1.46
2023/4/12 22:56,1681311407,cc-cc408-hya,data-node-10,9.9.2.157,elasticsearch_os_load5,1.45
2023/4/12 22:57,1681311467,cc-cc408-hya,data-node-10,9.9.2.157,elasticsearch_os_load5,1.38
2023/4/12 22:58,1681311527,cc-cc408-hya,data-node-10,9.9.2.157,elasticsearch_os_load5,1.41
2023/4/12 22:59,1681311587,cc-cc408-hya,data-node-10,9.9.2.157,elasticsearch_os_load5,1.35
2023/4/12 23:00,1681311647,cc-cc408-hya,data-node-10,9.9.2.157,elasticsearch_os_load5,1.15
2023/4/12 23:01,1681311707,cc-cc408-hya,data-node-10,9.9.2.157,elasticsearch_os_load5,1.21
2023/4/12 23:02,1681311767,cc-cc408-hya,data-node-10,9.9.2.157,elasticsearch_os_load5,1.29
2023/4/12 23:03,1681311827,cc-cc408-hya,data-node-10,9.9.2.157,elasticsearch_os_load5,1.27
2023/4/12 23:04,1681311887,cc-cc408-hya,data-node-10,9.9.2.157,elasticsearch_os_load5,1.17
2023/4/12 23:05,1681311947,cc-cc408-hya,data-node-10,9.9.2.157,elasticsearch_os_load5,1.06
2023/4/12 23:06,1681312007,cc-cc408-hya,data-node-10,9.9.2.157,elasticsearch_os_load5,0.99
2023/4/12 23:07,1681312067,cc-cc408-hya,data-node-10,9.9.2.157,elasticsearch_os_load5,0.9
2023/4/12 23:08,1681312127,cc-cc408-hya,data-node-10,9.9.2.157,elasticsearch_os_load5,0.96
2023/4/12 23:09,1681312187,cc-cc408-hya,data-node-10,9.9.2.157,elasticsearch_os_load5,0.98
2023/4/12 23:10,1681312247,cc-cc408-hya,data-node-10,9.9.2.157,elasticsearch_os_load5,0.96
2023/4/12 23:11,1681312307,cc-cc408-hya,data-node-10,9.9.2.157,elasticsearch_os_load5,0.96
2023/4/12 23:12,1681312367,cc-cc408-hya,data-node-10,9.9.2.157,elasticsearch_os_load5,0.96
2023/4/12 23:13,1681312427,cc-cc408-hya,data-node-10,9.9.2.157,elasticsearch_os_load5,0.88
2023/4/12 23:14,1681312487,cc-cc408-hya,data-node-10,9.9.2.157,elasticsearch_os_load5,0.86
2023/4/12 23:15,1681312547,cc-cc408-hya,data-node-10,9.9.2.157,elasticsearch_os_load5,0.92
2023/4/12 23:16,1681312607,cc-cc408-hya,data-node-10,9.9.2.157,elasticsearch_os_load5,1.17
2023/4/12 23:17,1681312667,cc-cc408-hya,data-node-10,9.9.2.157,elasticsearch_os_load5,1.14
2023/4/12 23:18,1681312727,cc-cc408-hya,data-node-10,9.9.2.157,elasticsearch_os_load5,1.13
2023/4/12 23:19,1681312787,cc-cc408-hya,data-node-10,9.9.2.157,elasticsearch_os_load5,1.18
2023/4/12 23:20,1681312847,cc-cc408-hya,data-node-10,9.9.2.157,elasticsearch_os_load5,1.24
2023/4/12 23:21,1681312907,cc-cc408-hya,data-node-10,9.9.2.157,elasticsearch_os_load5,1.12
2023/4/12 23:22,1681312967,cc-cc408-hya,data-node-10,9.9.2.157,elasticsearch_os_load5,1.31
2023/4/12 23:23,1681313027,cc-cc408-hya,data-node-10,9.9.2.157,elasticsearch_os_load5,1.35
2023/4/12 23:24,1681313087,cc-cc408-hya,data-node-10,9.9.2.157,elasticsearch_os_load5,1.42
2023/4/12 23:25,1681313147,cc-cc408-hya,data-node-10,9.9.2.157,elasticsearch_os_load5,1.31
2023/4/12 23:26,1681313207,cc-cc408-hya,data-node-10,9.9.2.157,elasticsearch_os_load5,1.21
2023/4/12 23:27,1681313267,cc-cc408-hya,data-node-10,9.9.2.157,elasticsearch_os_load5,1.17
2023/4/12 23:28,1681313327,cc-cc408-hya,data-node-10,9.9.2.157,elasticsearch_os_load5,1.16
2023/4/12 23:29,1681313387,cc-cc408-hya,data-node-10,9.9.2.157,elasticsearch_os_load5,1.15
2023/4/12 23:30,1681313447,cc-cc408-hya,data-node-10,9.9.2.157,elasticsearch_os_load5,1.23
2023/4/12 23:31,1681313507,cc-cc408-hya,data-node-10,9.9.2.157,elasticsearch_os_load5,1.06
2023/4/12 23:32,1681313567,cc-cc408-hya,data-node-10,9.9.2.157,elasticsearch_os_load5,0.99
2023/4/12 23:33,1681313627,cc-cc408-hya,data-node-10,9.9.2.157,elasticsearch_os_load5,1.1
2023/4/12 23:34,1681313687,cc-cc408-hya,data-node-10,9.9.2.157,elasticsearch_os_load5,0.99
2023/4/12 23:35,1681313747,cc-cc408-hya,data-node-10,9.9.2.157,elasticsearch_os_load5,0.99
2023/4/12 23:36,1681313807,cc-cc408-hya,data-node-10,9.9.2.157,elasticsearch_os_load5,1.02
2023/4/12 23:37,1681313867,cc-cc408-hya,data-node-10,9.9.2.157,elasticsearch_os_load5,1.04
2023/4/12 23:38,1681313927,cc-cc408-hya,data-node-10,9.9.2.157,elasticsearch_os_load5,1.03
2023/4/12 23:39,1681313987,cc-cc408-hya,data-node-10,9.9.2.157,elasticsearch_os_load5,1.11
2023/4/12 23:40,1681314047,cc-cc408-hya,data-node-10,9.9.2.157,elasticsearch_os_load5,1.25
2023/4/12 23:41,1681314107,cc-cc408-hya,data-node-10,9.9.2.157,elasticsearch_os_load5,1.31
2023/4/12 23:42,1681314167,cc-cc408-hya,data-node-10,9.9.2.157,elasticsearch_os_load5,1.29
2023/4/12 23:43,1681314227,cc-cc408-hya,data-node-10,9.9.2.157,elasticsearch_os_load5,1.27
2023/4/12 23:44,1681314287,cc-cc408-hya,data-node-10,9.9.2.157,elasticsearch_os_load5,1.21
2023/4/12 23:45,1681314347,cc-cc408-hya,data-node-10,9.9.2.157,elasticsearch_os_load5,1.03
2023/4/12 23:46,1681314407,cc-cc408-hya,data-node-10,9.9.2.157,elasticsearch_os_load5,1.04
2023/4/12 23:47,1681314467,cc-cc408-hya,data-node-10,9.9.2.157,elasticsearch_os_load5,0.94
2023/4/12 23:48,1681314527,cc-cc408-hya,data-node-10,9.9.2.157,elasticsearch_os_load5,0.91
2023/4/12 23:49,1681314587,cc-cc408-hya,data-node-10,9.9.2.157,elasticsearch_os_load5,0.85
2023/4/12 23:50,1681314647,cc-cc408-hya,data-node-10,9.9.2.157,elasticsearch_os_load5,0.74
2023/4/12 23:51,1681314707,cc-cc408-hya,data-node-10,9.9.2.157,elasticsearch_os_load5,0.64
2023/4/12 23:52,1681314767,cc-cc408-hya,data-node-10,9.9.2.157,elasticsearch_os_load5,0.63
2023/4/12 23:53,1681314827,cc-cc408-hya,data-node-10,9.9.2.157,elasticsearch_os_load5,0.58
2023/4/12 23:54,1681314887,cc-cc408-hya,data-node-10,9.9.2.157,elasticsearch_os_load5,0.58
2023/4/12 23:55,1681314947,cc-cc408-hya,data-node-10,9.9.2.157,elasticsearch_os_load5,0.62
2023/4/12 23:56,1681315007,cc-cc408-hya,data-node-10,9.9.2.157,elasticsearch_os_load5,0.6
2023/4/12 23:57,1681315067,cc-cc408-hya,data-node-10,9.9.2.157,elasticsearch_os_load5,0.58
2023/4/12 23:58,1681315127,cc-cc408-hya,data-node-10,9.9.2.157,elasticsearch_os_load5,0.52
2023/4/12 23:59,1681315187,cc-cc408-hya,data-node-10,9.9.2.157,elasticsearch_os_load5,0.58
2023/4/13 0:00,1681315247,cc-cc408-hya,data-node-10,9.9.2.157,elasticsearch_os_load5,0.55
2023/4/13 0:01,1681315307,cc-cc408-hya,data-node-10,9.9.2.157,elasticsearch_os_load5,0.54
2023/4/13 0:02,1681315367,cc-cc408-hya,data-node-10,9.9.2.157,elasticsearch_os_load5,0.53
2023/4/13 0:03,1681315427,cc-cc408-hya,data-node-10,9.9.2.157,elasticsearch_os_load5,0.61
2023/4/13 0:04,1681315487,cc-cc408-hya,data-node-10,9.9.2.157,elasticsearch_os_load5,0.73
2023/4/13 0:05,1681315547,cc-cc408-hya,data-node-10,9.9.2.157,elasticsearch_os_load5,1.01
2023/4/13 0:06,1681315607,cc-cc408-hya,data-node-10,9.9.2.157,elasticsearch_os_load5,1.11
2023/4/13 0:07,1681315667,cc-cc408-hya,data-node-10,9.9.2.157,elasticsearch_os_load5,1
2023/4/13 0:08,1681315727,cc-cc408-hya,data-node-10,9.9.2.157,elasticsearch_os_load5,0.96
2023/4/13 0:09,1681315787,cc-cc408-hya,data-node-10,9.9.2.157,elasticsearch_os_load5,0.85
2023/4/13 0:10,1681315847,cc-cc408-hya,data-node-10,9.9.2.157,elasticsearch_os_load5,0.84
2023/4/13 0:11,1681315907,cc-cc408-hya,data-node-10,9.9.2.157,elasticsearch_os_load5,0.86
2023/4/13 0:12,1681315967,cc-cc408-hya,data-node-10,9.9.2.157,elasticsearch_os_load5,0.78
2023/4/13 0:13,1681316027,cc-cc408-hya,data-node-10,9.9.2.157,elasticsearch_os_load5,0.71
2023/4/13 0:14,1681316087,cc-cc408-hya,data-node-10,9.9.2.157,elasticsearch_os_load5,0.66
2023/4/13 0:15,1681316147,cc-cc408-hya,data-node-10,9.9.2.157,elasticsearch_os_load5,0.76
2023/4/13 0:16,1681316207,cc-cc408-hya,data-node-10,9.9.2.157,elasticsearch_os_load5,0.7
2023/4/13 0:17,1681316267,cc-cc408-hya,data-node-10,9.9.2.157,elasticsearch_os_load5,0.61
2023/4/13 0:18,1681316327,cc-cc408-hya,data-node-10,9.9.2.157,elasticsearch_os_load5,0.64
2023/4/13 0:19,1681316387,cc-cc408-hya,data-node-10,9.9.2.157,elasticsearch_os_load5,0.61
2023/4/13 0:20,1681316447,cc-cc408-hya,data-node-10,9.9.2.157,elasticsearch_os_load5,0.69
2023/4/13 0:21,1681316507,cc-cc408-hya,data-node-10,9.9.2.157,elasticsearch_os_load5,1.05
2023/4/13 0:22,1681316567,cc-cc408-hya,data-node-10,9.9.2.157,elasticsearch_os_load5,1.23
2023/4/13 0:23,1681316627,cc-cc408-hya,data-node-10,9.9.2.157,elasticsearch_os_load5,1.41
2023/4/13 0:24,1681316687,cc-cc408-hya,data-node-10,9.9.2.157,elasticsearch_os_load5,1.51
2023/4/13 0:25,1681316747,cc-cc408-hya,data-node-10,9.9.2.157,elasticsearch_os_load5,1.39
2023/4/13 0:26,1681316807,cc-cc408-hya,data-node-10,9.9.2.157,elasticsearch_os_load5,1.27
2023/4/13 0:27,1681316867,cc-cc408-hya,data-node-10,9.9.2.157,elasticsearch_os_load5,1.27
2023/4/13 0:28,1681316927,cc-cc408-hya,data-node-10,9.9.2.157,elasticsearch_os_load5,1.2
2023/4/13 0:29,1681316987,cc-cc408-hya,data-node-10,9.9.2.157,elasticsearch_os_load5,1.13
2023/4/13 0:30,1681317047,cc-cc408-hya,data-node-10,9.9.2.157,elasticsearch_os_load5,1.03
2023/4/13 0:31,1681317107,cc-cc408-hya,data-node-10,9.9.2.157,elasticsearch_os_load5,1.07
2023/4/13 0:32,1681317167,cc-cc408-hya,data-node-10,9.9.2.157,elasticsearch_os_load5,0.96
2023/4/13 0:33,1681317227,cc-cc408-hya,data-node-10,9.9.2.157,elasticsearch_os_load5,1.02
2023/4/13 0:34,1681317287,cc-cc408-hya,data-node-10,9.9.2.157,elasticsearch_os_load5,0.97
2023/4/13 0:35,1681317347,cc-cc408-hya,data-node-10,9.9.2.157,elasticsearch_os_load5,0.92
2023/4/13 0:36,1681317407,cc-cc408-hya,data-node-10,9.9.2.157,elasticsearch_os_load5,0.93
2023/4/13 0:37,1681317467,cc-cc408-hya,data-node-10,9.9.2.157,elasticsearch_os_load5,0.9
2023/4/13 0:38,1681317527,cc-cc408-hya,data-node-10,9.9.2.157,elasticsearch_os_load5,0.9
2023/4/13 0:39,1681317587,cc-cc408-hya,data-node-10,9.9.2.157,elasticsearch_os_load5,0.98
2023/4/13 0:40,1681317647,cc-cc408-hya,data-node-10,9.9.2.157,elasticsearch_os_load5,0.98
2023/4/13 0:41,1681317707,cc-cc408-hya,data-node-10,9.9.2.157,elasticsearch_os_load5,1.02
2023/4/13 0:42,1681317767,cc-cc408-hya,data-node-10,9.9.2.157,elasticsearch_os_load5,0.99
2023/4/13 0:43,1681317827,cc-cc408-hya,data-node-10,9.9.2.157,elasticsearch_os_load5,0.92
2023/4/13 0:44,1681317887,cc-cc408-hya,data-node-10,9.9.2.157,elasticsearch_os_load5,0.94
2023/4/13 0:45,1681317947,cc-cc408-hya,data-node-10,9.9.2.157,elasticsearch_os_load5,0.86
2023/4/13 0:46,1681318007,cc-cc408-hya,data-node-10,9.9.2.157,elasticsearch_os_load5,0.84
2023/4/13 0:47,1681318067,cc-cc408-hya,data-node-10,9.9.2.157,elasticsearch_os_load5,1.08
2023/4/13 0:48,1681318127,cc-cc408-hya,data-node-10,9.9.2.157,elasticsearch_os_load5,1.16
2023/4/13 0:49,1681318187,cc-cc408-hya,data-node-10,9.9.2.157,elasticsearch_os_load5,1.08
2023/4/13 0:50,1681318247,cc-cc408-hya,data-node-10,9.9.2.157,elasticsearch_os_load5,1.15
2023/4/13 0:51,1681318307,cc-cc408-hya,data-node-10,9.9.2.157,elasticsearch_os_load5,1.15
2023/4/13 0:52,1681318367,cc-cc408-hya,data-node-10,9.9.2.157,elasticsearch_os_load5,1.07
2023/4/13 0:53,1681318427,cc-cc408-hya,data-node-10,9.9.2.157,elasticsearch_os_load5,1.15
2023/4/13 0:54,1681318487,cc-cc408-hya,data-node-10,9.9.2.157,elasticsearch_os_load5,1.07
2023/4/13 0:55,1681318547,cc-cc408-hya,data-node-10,9.9.2.157,elasticsearch_os_load5,1.04
2023/4/13 0:56,1681318607,cc-cc408-hya,data-node-10,9.9.2.157,elasticsearch_os_load5,0.94
2023/4/13 0:57,1681318667,cc-cc408-hya,data-node-10,9.9.2.157,elasticsearch_os_load5,0.92
2023/4/13 0:58,1681318727,cc-cc408-hya,data-node-10,9.9.2.157,elasticsearch_os_load5,0.86
2023/4/13 0:59,1681318787,cc-cc408-hya,data-node-10,9.9.2.157,elasticsearch_os_load5,0.84
2023/4/13 1:00,1681318847,cc-cc408-hya,data-node-10,9.9.2.157,elasticsearch_os_load5,1.03
2023/4/13 1:01,1681318907,cc-cc408-hya,data-node-10,9.9.2.157,elasticsearch_os_load5,1.04
2023/4/13 1:02,1681318967,cc-cc408-hya,data-node-10,9.9.2.157,elasticsearch_os_load5,0.96
2023/4/13 1:03,1681319027,cc-cc408-hya,data-node-10,9.9.2.157,elasticsearch_os_load5,1.12
2023/4/13 1:04,1681319087,cc-cc408-hya,data-node-10,9.9.2.157,elasticsearch_os_load5,1.19
2023/4/13 1:05,1681319147,cc-cc408-hya,data-node-10,9.9.2.157,elasticsearch_os_load5,1.2
2023/4/13 1:06,1681319207,cc-cc408-hya,data-node-10,9.9.2.157,elasticsearch_os_load5,1.26
2023/4/13 1:07,1681319267,cc-cc408-hya,data-node-10,9.9.2.157,elasticsearch_os_load5,1.33
2023/4/13 1:08,1681319327,cc-cc408-hya,data-node-10,9.9.2.157,elasticsearch_os_load5,1.25
2023/4/13 1:09,1681319387,cc-cc408-hya,data-node-10,9.9.2.157,elasticsearch_os_load5,1.97
2023/4/13 1:10,1681319447,cc-cc408-hya,data-node-10,9.9.2.157,elasticsearch_os_load5,1.71
2023/4/13 1:11,1681319507,cc-cc408-hya,data-node-10,9.9.2.157,elasticsearch_os_load5,1.5
2023/4/13 1:12,1681319567,cc-cc408-hya,data-node-10,9.9.2.157,elasticsearch_os_load5,1.44
2023/4/13 1:13,1681319627,cc-cc408-hya,data-node-10,9.9.2.157,elasticsearch_os_load5,1.4
2023/4/13 1:14,1681319687,cc-cc408-hya,data-node-10,9.9.2.157,elasticsearch_os_load5,1.28
2023/4/13 1:15,1681319747,cc-cc408-hya,data-node-10,9.9.2.157,elasticsearch_os_load5,1.12
2023/4/13 1:16,1681319807,cc-cc408-hya,data-node-10,9.9.2.157,elasticsearch_os_load5,1.06
2023/4/13 1:17,1681319867,cc-cc408-hya,data-node-10,9.9.2.157,elasticsearch_os_load5,0.98
2023/4/13 1:18,1681319927,cc-cc408-hya,data-node-10,9.9.2.157,elasticsearch_os_load5,0.95
2023/4/13 1:19,1681319987,cc-cc408-hya,data-node-10,9.9.2.157,elasticsearch_os_load5,0.84
2023/4/13 1:20,1681320047,cc-cc408-hya,data-node-10,9.9.2.157,elasticsearch_os_load5,0.82
2023/4/13 1:21,1681320107,cc-cc408-hya,data-node-10,9.9.2.157,elasticsearch_os_load5,0.79
2023/4/13 1:22,1681320167,cc-cc408-hya,data-node-10,9.9.2.157,elasticsearch_os_load5,0.77
2023/4/13 1:23,1681320227,cc-cc408-hya,data-node-10,9.9.2.157,elasticsearch_os_load5,0.77
2023/4/13 1:24,1681320287,cc-cc408-hya,data-node-10,9.9.2.157,elasticsearch_os_load5,0.73
2023/4/13 1:25,1681320347,cc-cc408-hya,data-node-10,9.9.2.157,elasticsearch_os_load5,0.61
2023/4/13 1:26,1681320407,cc-cc408-hya,data-node-10,9.9.2.157,elasticsearch_os_load5,0.55
2023/4/13 1:27,1681320467,cc-cc408-hya,data-node-10,9.9.2.157,elasticsearch_os_load5,0.48
2023/4/13 1:28,1681320527,cc-cc408-hya,data-node-10,9.9.2.157,elasticsearch_os_load5,0.42
2023/4/13 1:29,1681320587,cc-cc408-hya,data-node-10,9.9.2.157,elasticsearch_os_load5,0.58
2023/4/13 1:30,1681320647,cc-cc408-hya,data-node-10,9.9.2.157,elasticsearch_os_load5,0.65
2023/4/13 1:31,1681320707,cc-cc408-hya,data-node-10,9.9.2.157,elasticsearch_os_load5,0.71
2023/4/13 1:32,1681320767,cc-cc408-hya,data-node-10,9.9.2.157,elasticsearch_os_load5,0.67
2023/4/13 1:33,1681320827,cc-cc408-hya,data-node-10,9.9.2.157,elasticsearch_os_load5,0.6
2023/4/13 1:34,1681320887,cc-cc408-hya,data-node-10,9.9.2.157,elasticsearch_os_load5,0.55
2023/4/13 1:35,1681320947,cc-cc408-hya,data-node-10,9.9.2.157,elasticsearch_os_load5,0.47
2023/4/13 1:36,1681321007,cc-cc408-hya,data-node-10,9.9.2.157,elasticsearch_os_load5,0.44
2023/4/13 1:37,1681321067,cc-cc408-hya,data-node-10,9.9.2.157,elasticsearch_os_load5,0.39
2023/4/13 1:38,1681321127,cc-cc408-hya,data-node-10,9.9.2.157,elasticsearch_os_load5,0.38
2023/4/13 1:39,1681321187,cc-cc408-hya,data-node-10,9.9.2.157,elasticsearch_os_load5,0.41
2023/4/13 1:40,1681321247,cc-cc408-hya,data-node-10,9.9.2.157,elasticsearch_os_load5,0.37
2023/4/13 1:41,1681321307,cc-cc408-hya,data-node-10,9.9.2.157,elasticsearch_os_load5,0.33
2023/4/13 1:42,1681321367,cc-cc408-hya,data-node-10,9.9.2.157,elasticsearch_os_load5,0.41
2023/4/13 1:43,1681321427,cc-cc408-hya,data-node-10,9.9.2.157,elasticsearch_os_load5,0.36
2023/4/13 1:44,1681321487,cc-cc408-hya,data-node-10,9.9.2.157,elasticsearch_os_load5,0.42
2023/4/13 1:45,1681321547,cc-cc408-hya,data-node-10,9.9.2.157,elasticsearch_os_load5,0.53
2023/4/13 1:46,1681321607,cc-cc408-hya,data-node-10,9.9.2.157,elasticsearch_os_load5,0.59
2023/4/13 1:47,1681321667,cc-cc408-hya,data-node-10,9.9.2.157,elasticsearch_os_load5,0.66
2023/4/13 1:48,1681321727,cc-cc408-hya,data-node-10,9.9.2.157,elasticsearch_os_load5,0.72
2023/4/13 1:49,1681321787,cc-cc408-hya,data-node-10,9.9.2.157,elasticsearch_os_load5,0.69
2023/4/13 1:50,1681321847,cc-cc408-hya,data-node-10,9.9.2.157,elasticsearch_os_load5,0.64
2023/4/13 1:51,1681321907,cc-cc408-hya,data-node-10,9.9.2.157,elasticsearch_os_load5,0.68
2023/4/13 1:52,1681321967,cc-cc408-hya,data-node-10,9.9.2.157,elasticsearch_os_load5,0.61
2023/4/13 1:53,1681322027,cc-cc408-hya,data-node-10,9.9.2.157,elasticsearch_os_load5,0.59
2023/4/13 1:54,1681322087,cc-cc408-hya,data-node-10,9.9.2.157,elasticsearch_os_load5,0.53
2023/4/13 1:55,1681322147,cc-cc408-hya,data-node-10,9.9.2.157,elasticsearch_os_load5,1.16
2023/4/13 1:56,1681322207,cc-cc408-hya,data-node-10,9.9.2.157,elasticsearch_os_load5,0.96
2023/4/13 1:57,1681322267,cc-cc408-hya,data-node-10,9.9.2.157,elasticsearch_os_load5,0.88
2023/4/13 1:58,1681322327,cc-cc408-hya,data-node-10,9.9.2.157,elasticsearch_os_load5,0.75
2023/4/13 1:59,1681322387,cc-cc408-hya,data-node-10,9.9.2.157,elasticsearch_os_load5,0.65
2023/4/13 2:00,1681322447,cc-cc408-hya,data-node-10,9.9.2.157,elasticsearch_os_load5,0.58
2023/4/13 2:01,1681322507,cc-cc408-hya,data-node-10,9.9.2.157,elasticsearch_os_load5,0.5
2023/4/13 2:02,1681322567,cc-cc408-hya,data-node-10,9.9.2.157,elasticsearch_os_load5,0.45
2023/4/13 2:03,1681322627,cc-cc408-hya,data-node-10,9.9.2.157,elasticsearch_os_load5,0.4
2023/4/13 2:04,1681322687,cc-cc408-hya,data-node-10,9.9.2.157,elasticsearch_os_load5,0.38
2023/4/13 2:05,1681322747,cc-cc408-hya,data-node-10,9.9.2.157,elasticsearch_os_load5,0.39
2023/4/13 2:06,1681322807,cc-cc408-hya,data-node-10,9.9.2.157,elasticsearch_os_load5,0.49
2023/4/13 2:07,1681322867,cc-cc408-hya,data-node-10,9.9.2.157,elasticsearch_os_load5,0.42
2023/4/13 2:08,1681322927,cc-cc408-hya,data-node-10,9.9.2.157,elasticsearch_os_load5,0.39
2023/4/13 2:09,1681322987,cc-cc408-hya,data-node-10,9.9.2.157,elasticsearch_os_load5,0.33
2023/4/13 2:10,1681323047,cc-cc408-hya,data-node-10,9.9.2.157,elasticsearch_os_load5,0.41
2023/4/13 2:11,1681323107,cc-cc408-hya,data-node-10,9.9.2.157,elasticsearch_os_load5,0.51
2023/4/13 2:12,1681323167,cc-cc408-hya,data-node-10,9.9.2.157,elasticsearch_os_load5,0.66
2023/4/13 2:13,1681323227,cc-cc408-hya,data-node-10,9.9.2.157,elasticsearch_os_load5,0.75
2023/4/13 2:14,1681323287,cc-cc408-hya,data-node-10,9.9.2.157,elasticsearch_os_load5,0.66
2023/4/13 2:15,1681323347,cc-cc408-hya,data-node-10,9.9.2.157,elasticsearch_os_load5,0.63
2023/4/13 2:16,1681323407,cc-cc408-hya,data-node-10,9.9.2.157,elasticsearch_os_load5,0.55
2023/4/13 2:17,1681323467,cc-cc408-hya,data-node-10,9.9.2.157,elasticsearch_os_load5,0.49
2023/4/13 2:18,1681323527,cc-cc408-hya,data-node-10,9.9.2.157,elasticsearch_os_load5,0.42
2023/4/13 2:19,1681323587,cc-cc408-hya,data-node-10,9.9.2.157,elasticsearch_os_load5,0.42
2023/4/13 2:20,1681323647,cc-cc408-hya,data-node-10,9.9.2.157,elasticsearch_os_load5,0.45
2023/4/13 2:21,1681323707,cc-cc408-hya,data-node-10,9.9.2.157,elasticsearch_os_load5,0.43
2023/4/13 2:22,1681323767,cc-cc408-hya,data-node-10,9.9.2.157,elasticsearch_os_load5,0.42
2023/4/13 2:23,1681323827,cc-cc408-hya,data-node-10,9.9.2.157,elasticsearch_os_load5,0.39
2023/4/13 2:24,1681323887,cc-cc408-hya,data-node-10,9.9.2.157,elasticsearch_os_load5,0.41
2023/4/13 2:25,1681323947,cc-cc408-hya,data-node-10,9.9.2.157,elasticsearch_os_load5,0.36
2023/4/13 2:26,1681324007,cc-cc408-hya,data-node-10,9.9.2.157,elasticsearch_os_load5,0.39
2023/4/13 2:27,1681324067,cc-cc408-hya,data-node-10,9.9.2.157,elasticsearch_os_load5,0.51
2023/4/13 2:28,1681324127,cc-cc408-hya,data-node-10,9.9.2.157,elasticsearch_os_load5,0.56
2023/4/13 2:29,1681324187,cc-cc408-hya,data-node-10,9.9.2.157,elasticsearch_os_load5,0.72
2023/4/13 2:30,1681324247,cc-cc408-hya,data-node-10,9.9.2.157,elasticsearch_os_load5,0.74
2023/4/13 2:31,1681324307,cc-cc408-hya,data-node-10,9.9.2.157,elasticsearch_os_load5,0.69
2023/4/13 2:32,1681324367,cc-cc408-hya,data-node-10,9.9.2.157,elasticsearch_os_load5,0.6
2023/4/13 2:33,1681324427,cc-cc408-hya,data-node-10,9.9.2.157,elasticsearch_os_load5,0.58
2023/4/13 2:34,1681324487,cc-cc408-hya,data-node-10,9.9.2.157,elasticsearch_os_load5,0.5
2023/4/13 2:35,1681324547,cc-cc408-hya,data-node-10,9.9.2.157,elasticsearch_os_load5,0.47
2023/4/13 2:36,1681324607,cc-cc408-hya,data-node-10,9.9.2.157,elasticsearch_os_load5,0.49
2023/4/13 2:37,1681324667,cc-cc408-hya,data-node-10,9.9.2.157,elasticsearch_os_load5,0.41
2023/4/13 2:38,1681324727,cc-cc408-hya,data-node-10,9.9.2.157,elasticsearch_os_load5,0.38
2023/4/13 2:39,1681324787,cc-cc408-hya,data-node-10,9.9.2.157,elasticsearch_os_load5,1.26
2023/4/13 2:40,1681324847,cc-cc408-hya,data-node-10,9.9.2.157,elasticsearch_os_load5,1.1
2023/4/13 2:41,1681324907,cc-cc408-hya,data-node-10,9.9.2.157,elasticsearch_os_load5,0.96
2023/4/13 2:42,1681324967,cc-cc408-hya,data-node-10,9.9.2.157,elasticsearch_os_load5,0.83
2023/4/13 2:43,1681325027,cc-cc408-hya,data-node-10,9.9.2.157,elasticsearch_os_load5,0.72
2023/4/13 2:44,1681325087,cc-cc408-hya,data-node-10,9.9.2.157,elasticsearch_os_load5,0.65
2023/4/13 2:45,1681325147,cc-cc408-hya,data-node-10,9.9.2.157,elasticsearch_os_load5,0.53
2023/4/13 2:46,1681325207,cc-cc408-hya,data-node-10,9.9.2.157,elasticsearch_os_load5,0.45
2023/4/13 2:47,1681325267,cc-cc408-hya,data-node-10,9.9.2.157,elasticsearch_os_load5,0.46
2023/4/13 2:48,1681325327,cc-cc408-hya,data-node-10,9.9.2.157,elasticsearch_os_load5,0.48
2023/4/13 2:49,1681325387,cc-cc408-hya,data-node-10,9.9.2.157,elasticsearch_os_load5,0.4
2023/4/13 2:50,1681325447,cc-cc408-hya,data-node-10,9.9.2.157,elasticsearch_os_load5,0.42
2023/4/13 2:51,1681325507,cc-cc408-hya,data-node-10,9.9.2.157,elasticsearch_os_load5,0.39
2023/4/13 2:52,1681325567,cc-cc408-hya,data-node-10,9.9.2.157,elasticsearch_os_load5,0.38
2023/4/13 2:53,1681325627,cc-cc408-hya,data-node-10,9.9.2.157,elasticsearch_os_load5,0.35
2023/4/13 2:54,1681325687,cc-cc408-hya,data-node-10,9.9.2.157,elasticsearch_os_load5,0.55
2023/4/13 2:55,1681325747,cc-cc408-hya,data-node-10,9.9.2.157,elasticsearch_os_load5,0.59
2023/4/13 2:56,1681325807,cc-cc408-hya,data-node-10,9.9.2.157,elasticsearch_os_load5,0.55
2023/4/13 2:57,1681325867,cc-cc408-hya,data-node-10,9.9.2.157,elasticsearch_os_load5,0.55
2023/4/13 2:58,1681325927,cc-cc408-hya,data-node-10,9.9.2.157,elasticsearch_os_load5,0.55
2023/4/13 2:59,1681325987,cc-cc408-hya,data-node-10,9.9.2.157,elasticsearch_os_load5,0.56
2023/4/13 3:00,1681326047,cc-cc408-hya,data-node-10,9.9.2.157,elasticsearch_os_load5,0.49
2023/4/13 3:01,1681326107,cc-cc408-hya,data-node-10,9.9.2.157,elasticsearch_os_load5,0.43
2023/4/13 3:02,1681326167,cc-cc408-hya,data-node-10,9.9.2.157,elasticsearch_os_load5,0.49
2023/4/13 3:03,1681326227,cc-cc408-hya,data-node-10,9.9.2.157,elasticsearch_os_load5,0.44
2023/4/13 3:04,1681326287,cc-cc408-hya,data-node-10,9.9.2.157,elasticsearch_os_load5,0.4
2023/4/13 3:05,1681326347,cc-cc408-hya,data-node-10,9.9.2.157,elasticsearch_os_load5,0.45
2023/4/13 3:06,1681326407,cc-cc408-hya,data-node-10,9.9.2.157,elasticsearch_os_load5,0.46
2023/4/13 3:07,1681326467,cc-cc408-hya,data-node-10,9.9.2.157,elasticsearch_os_load5,0.39
2023/4/13 3:08,1681326527,cc-cc408-hya,data-node-10,9.9.2.157,elasticsearch_os_load5,0.56
2023/4/13 3:09,1681326587,cc-cc408-hya,data-node-10,9.9.2.157,elasticsearch_os_load5,0.63
2023/4/13 3:10,1681326647,cc-cc408-hya,data-node-10,9.9.2.157,elasticsearch_os_load5,0.65
2023/4/13 3:11,1681326707,cc-cc408-hya,data-node-10,9.9.2.157,elasticsearch_os_load5,0.76
2023/4/13 3:12,1681326767,cc-cc408-hya,data-node-10,9.9.2.157,elasticsearch_os_load5,0.72
2023/4/13 3:13,1681326827,cc-cc408-hya,data-node-10,9.9.2.157,elasticsearch_os_load5,0.69
2023/4/13 3:14,1681326887,cc-cc408-hya,data-node-10,9.9.2.157,elasticsearch_os_load5,0.67
2023/4/13 3:15,1681326947,cc-cc408-hya,data-node-10,9.9.2.157,elasticsearch_os_load5,0.64
2023/4/13 3:16,1681327007,cc-cc408-hya,data-node-10,9.9.2.157,elasticsearch_os_load5,0.57
2023/4/13 3:17,1681327067,cc-cc408-hya,data-node-10,9.9.2.157,elasticsearch_os_load5,0.49
2023/4/13 3:18,1681327127,cc-cc408-hya,data-node-10,9.9.2.157,elasticsearch_os_load5,0.45
2023/4/13 3:19,1681327187,cc-cc408-hya,data-node-10,9.9.2.157,elasticsearch_os_load5,0.38
2023/4/13 3:20,1681327247,cc-cc408-hya,data-node-10,9.9.2.157,elasticsearch_os_load5,0.34
2023/4/13 3:21,1681327307,cc-cc408-hya,data-node-10,9.9.2.157,elasticsearch_os_load5,0.32
2023/4/13 3:22,1681327367,cc-cc408-hya,data-node-10,9.9.2.157,elasticsearch_os_load5,0.32
2023/4/13 3:23,1681327427,cc-cc408-hya,data-node-10,9.9.2.157,elasticsearch_os_load5,0.26
2023/4/13 3:24,1681327487,cc-cc408-hya,data-node-10,9.9.2.157,elasticsearch_os_load5,0.21
2023/4/13 3:25,1681327547,cc-cc408-hya,data-node-10,9.9.2.157,elasticsearch_os_load5,0.18
2023/4/13 3:26,1681327607,cc-cc408-hya,data-node-10,9.9.2.157,elasticsearch_os_load5,0.22
2023/4/13 3:27,1681327667,cc-cc408-hya,data-node-10,9.9.2.157,elasticsearch_os_load5,0.21
2023/4/13 3:28,1681327727,cc-cc408-hya,data-node-10,9.9.2.157,elasticsearch_os_load5,0.22
2023/4/13 3:29,1681327787,cc-cc408-hya,data-node-10,9.9.2.157,elasticsearch_os_load5,0.22
2023/4/13 3:30,1681327847,cc-cc408-hya,data-node-10,9.9.2.157,elasticsearch_os_load5,0.23
2023/4/13 3:31,1681327907,cc-cc408-hya,data-node-10,9.9.2.157,elasticsearch_os_load5,0.24
2023/4/13 3:32,1681327967,cc-cc408-hya,data-node-10,9.9.2.157,elasticsearch_os_load5,0.24
2023/4/13 3:33,1681328027,cc-cc408-hya,data-node-10,9.9.2.157,elasticsearch_os_load5,0.24
2023/4/13 3:34,1681328087,cc-cc408-hya,data-node-10,9.9.2.157,elasticsearch_os_load5,0.29
2023/4/13 3:35,1681328147,cc-cc408-hya,data-node-10,9.9.2.157,elasticsearch_os_load5,0.39
2023/4/13 3:36,1681328207,cc-cc408-hya,data-node-10,9.9.2.157,elasticsearch_os_load5,0.46
2023/4/13 3:37,1681328267,cc-cc408-hya,data-node-10,9.9.2.157,elasticsearch_os_load5,0.59
2023/4/13 3:38,1681328327,cc-cc408-hya,data-node-10,9.9.2.157,elasticsearch_os_load5,0.64
2023/4/13 3:39,1681328387,cc-cc408-hya,data-node-10,9.9.2.157,elasticsearch_os_load5,0.61
2023/4/13 3:40,1681328447,cc-cc408-hya,data-node-10,9.9.2.157,elasticsearch_os_load5,0.53
2023/4/13 3:41,1681328507,cc-cc408-hya,data-node-10,9.9.2.157,elasticsearch_os_load5,0.43
2023/4/13 3:42,1681328567,cc-cc408-hya,data-node-10,9.9.2.157,elasticsearch_os_load5,0.38
2023/4/13 3:43,1681328627,cc-cc408-hya,data-node-10,9.9.2.157,elasticsearch_os_load5,0.35
2023/4/13 3:44,1681328687,cc-cc408-hya,data-node-10,9.9.2.157,elasticsearch_os_load5,0.34
2023/4/13 3:45,1681328747,cc-cc408-hya,data-node-10,9.9.2.157,elasticsearch_os_load5,0.35
2023/4/13 3:46,1681328807,cc-cc408-hya,data-node-10,9.9.2.157,elasticsearch_os_load5,0.32
2023/4/13 3:47,1681328867,cc-cc408-hya,data-node-10,9.9.2.157,elasticsearch_os_load5,0.32
2023/4/13 3:48,1681328927,cc-cc408-hya,data-node-10,9.9.2.157,elasticsearch_os_load5,0.36
2023/4/13 3:49,1681328987,cc-cc408-hya,data-node-10,9.9.2.157,elasticsearch_os_load5,0.35
2023/4/13 3:50,1681329047,cc-cc408-hya,data-node-10,9.9.2.157,elasticsearch_os_load5,0.5
2023/4/13 3:51,1681329107,cc-cc408-hya,data-node-10,9.9.2.157,elasticsearch_os_load5,0.64
2023/4/13 3:52,1681329167,cc-cc408-hya,data-node-10,9.9.2.157,elasticsearch_os_load5,0.64
2023/4/13 3:53,1681329227,cc-cc408-hya,data-node-10,9.9.2.157,elasticsearch_os_load5,0.79
2023/4/13 3:54,1681329287,cc-cc408-hya,data-node-10,9.9.2.157,elasticsearch_os_load5,0.84
2023/4/13 3:55,1681329347,cc-cc408-hya,data-node-10,9.9.2.157,elasticsearch_os_load5,0.82
2023/4/13 3:56,1681329407,cc-cc408-hya,data-node-10,9.9.2.157,elasticsearch_os_load5,0.74
2023/4/13 3:57,1681329467,cc-cc408-hya,data-node-10,9.9.2.157,elasticsearch_os_load5,0.73
2023/4/13 3:58,1681329527,cc-cc408-hya,data-node-10,9.9.2.157,elasticsearch_os_load5,0.61
2023/4/13 3:59,1681329587,cc-cc408-hya,data-node-10,9.9.2.157,elasticsearch_os_load5,0.58
2023/4/13 4:00,1681329647,cc-cc408-hya,data-node-10,9.9.2.157,elasticsearch_os_load5,0.55
2023/4/13 4:01,1681329707,cc-cc408-hya,data-node-10,9.9.2.157,elasticsearch_os_load5,0.45
2023/4/13 4:02,1681329767,cc-cc408-hya,data-node-10,9.9.2.157,elasticsearch_os_load5,0.41
2023/4/13 4:03,1681329827,cc-cc408-hya,data-node-10,9.9.2.157,elasticsearch_os_load5,0.39
2023/4/13 4:04,1681329887,cc-cc408-hya,data-node-10,9.9.2.157,elasticsearch_os_load5,0.4
2023/4/13 4:05,1681329947,cc-cc408-hya,data-node-10,9.9.2.157,elasticsearch_os_load5,0.37
2023/4/13 4:06,1681330007,cc-cc408-hya,data-node-10,9.9.2.157,elasticsearch_os_load5,0.35
2023/4/13 4:07,1681330067,cc-cc408-hya,data-node-10,9.9.2.157,elasticsearch_os_load5,0.33
2023/4/13 4:08,1681330127,cc-cc408-hya,data-node-10,9.9.2.157,elasticsearch_os_load5,0.28
2023/4/13 4:09,1681330187,cc-cc408-hya,data-node-10,9.9.2.157,elasticsearch_os_load5,0.3
2023/4/13 4:10,1681330247,cc-cc408-hya,data-node-10,9.9.2.157,elasticsearch_os_load5,0.29
2023/4/13 4:11,1681330307,cc-cc408-hya,data-node-10,9.9.2.157,elasticsearch_os_load5,0.34
2023/4/13 4:12,1681330367,cc-cc408-hya,data-node-10,9.9.2.157,elasticsearch_os_load5,0.52
2023/4/13 4:13,1681330427,cc-cc408-hya,data-node-10,9.9.2.157,elasticsearch_os_load5,0.54
2023/4/13 4:14,1681330487,cc-cc408-hya,data-node-10,9.9.2.157,elasticsearch_os_load5,0.56
2023/4/13 4:15,1681330547,cc-cc408-hya,data-node-10,9.9.2.157,elasticsearch_os_load5,0.57
2023/4/13 4:16,1681330607,cc-cc408-hya,data-node-10,9.9.2.157,elasticsearch_os_load5,0.6
2023/4/13 4:17,1681330667,cc-cc408-hya,data-node-10,9.9.2.157,elasticsearch_os_load5,0.55
2023/4/13 4:18,1681330727,cc-cc408-hya,data-node-10,9.9.2.157,elasticsearch_os_load5,0.59
2023/4/13 4:19,1681330787,cc-cc408-hya,data-node-10,9.9.2.157,elasticsearch_os_load5,0.79
2023/4/13 4:20,1681330847,cc-cc408-hya,data-node-10,9.9.2.157,elasticsearch_os_load5,0.95
2023/4/13 4:21,1681330907,cc-cc408-hya,data-node-10,9.9.2.157,elasticsearch_os_load5,0.93
2023/4/13 4:22,1681330967,cc-cc408-hya,data-node-10,9.9.2.157,elasticsearch_os_load5,0.76
2023/4/13 4:23,1681331027,cc-cc408-hya,data-node-10,9.9.2.157,elasticsearch_os_load5,0.73
2023/4/13 4:24,1681331087,cc-cc408-hya,data-node-10,9.9.2.157,elasticsearch_os_load5,0.62
2023/4/13 4:25,1681331147,cc-cc408-hya,data-node-10,9.9.2.157,elasticsearch_os_load5,0.63
2023/4/13 4:26,1681331207,cc-cc408-hya,data-node-10,9.9.2.157,elasticsearch_os_load5,0.55
2023/4/13 4:27,1681331267,cc-cc408-hya,data-node-10,9.9.2.157,elasticsearch_os_load5,0.52
2023/4/13 4:28,1681331327,cc-cc408-hya,data-node-10,9.9.2.157,elasticsearch_os_load5,0.52
2023/4/13 4:29,1681331387,cc-cc408-hya,data-node-10,9.9.2.157,elasticsearch_os_load5,0.5
2023/4/13 4:30,1681331447,cc-cc408-hya,data-node-10,9.9.2.157,elasticsearch_os_load5,0.47
2023/4/13 4:31,1681331507,cc-cc408-hya,data-node-10,9.9.2.157,elasticsearch_os_load5,0.7
2023/4/13 4:32,1681331567,cc-cc408-hya,data-node-10,9.9.2.157,elasticsearch_os_load5,0.76
2023/4/13 4:33,1681331627,cc-cc408-hya,data-node-10,9.9.2.157,elasticsearch_os_load5,0.84
2023/4/13 4:34,1681331687,cc-cc408-hya,data-node-10,9.9.2.157,elasticsearch_os_load5,0.87
2023/4/13 4:35,1681331747,cc-cc408-hya,data-node-10,9.9.2.157,elasticsearch_os_load5,0.91
2023/4/13 4:36,1681331807,cc-cc408-hya,data-node-10,9.9.2.157,elasticsearch_os_load5,0.86
2023/4/13 4:37,1681331867,cc-cc408-hya,data-node-10,9.9.2.157,elasticsearch_os_load5,0.79
2023/4/13 4:38,1681331927,cc-cc408-hya,data-node-10,9.9.2.157,elasticsearch_os_load5,0.77
2023/4/13 4:39,1681331987,cc-cc408-hya,data-node-10,9.9.2.157,elasticsearch_os_load5,0.72
2023/4/13 4:40,1681332047,cc-cc408-hya,data-node-10,9.9.2.157,elasticsearch_os_load5,0.6
2023/4/13 4:41,1681332107,cc-cc408-hya,data-node-10,9.9.2.157,elasticsearch_os_load5,0.6
2023/4/13 4:42,1681332167,cc-cc408-hya,data-node-10,9.9.2.157,elasticsearch_os_load5,0.56
2023/4/13 4:43,1681332227,cc-cc408-hya,data-node-10,9.9.2.157,elasticsearch_os_load5,0.49
2023/4/13 4:44,1681332287,cc-cc408-hya,data-node-10,9.9.2.157,elasticsearch_os_load5,0.4
2023/4/13 4:45,1681332347,cc-cc408-hya,data-node-10,9.9.2.157,elasticsearch_os_load5,0.34
2023/4/13 4:46,1681332407,cc-cc408-hya,data-node-10,9.9.2.157,elasticsearch_os_load5,0.3
2023/4/13 4:47,1681332467,cc-cc408-hya,data-node-10,9.9.2.157,elasticsearch_os_load5,0.26
2023/4/13 4:48,1681332527,cc-cc408-hya,data-node-10,9.9.2.157,elasticsearch_os_load5,0.32
2023/4/13 4:49,1681332587,cc-cc408-hya,data-node-10,9.9.2.157,elasticsearch_os_load5,0.31
2023/4/13 4:50,1681332647,cc-cc408-hya,data-node-10,9.9.2.157,elasticsearch_os_load5,0.28
2023/4/13 4:51,1681332707,cc-cc408-hya,data-node-10,9.9.2.157,elasticsearch_os_load5,0.29
2023/4/13 4:52,1681332767,cc-cc408-hya,data-node-10,9.9.2.157,elasticsearch_os_load5,0.25
2023/4/13 4:53,1681332827,cc-cc408-hya,data-node-10,9.9.2.157,elasticsearch_os_load5,0.25
2023/4/13 4:54,1681332887,cc-cc408-hya,data-node-10,9.9.2.157,elasticsearch_os_load5,0.26
2023/4/13 4:55,1681332947,cc-cc408-hya,data-node-10,9.9.2.157,elasticsearch_os_load5,0.29
2023/4/13 4:56,1681333007,cc-cc408-hya,data-node-10,9.9.2.157,elasticsearch_os_load5,0.31
2023/4/13 4:57,1681333067,cc-cc408-hya,data-node-10,9.9.2.157,elasticsearch_os_load5,0.3
2023/4/13 4:58,1681333127,cc-cc408-hya,data-node-10,9.9.2.157,elasticsearch_os_load5,0.27
2023/4/13 4:59,1681333187,cc-cc408-hya,data-node-10,9.9.2.157,elasticsearch_os_load5,0.25
2023/4/13 5:00,1681333247,cc-cc408-hya,data-node-10,9.9.2.157,elasticsearch_os_load5,0.6
2023/4/13 5:01,1681333307,cc-cc408-hya,data-node-10,9.9.2.157,elasticsearch_os_load5,0.84
2023/4/13 5:02,1681333367,cc-cc408-hya,data-node-10,9.9.2.157,elasticsearch_os_load5,0.83
2023/4/13 5:03,1681333427,cc-cc408-hya,data-node-10,9.9.2.157,elasticsearch_os_load5,0.77
2023/4/13 5:04,1681333487,cc-cc408-hya,data-node-10,9.9.2.157,elasticsearch_os_load5,0.69
2023/4/13 5:05,1681333547,cc-cc408-hya,data-node-10,9.9.2.157,elasticsearch_os_load5,0.59
2023/4/13 5:06,1681333607,cc-cc408-hya,data-node-10,9.9.2.157,elasticsearch_os_load5,0.53
2023/4/13 5:07,1681333667,cc-cc408-hya,data-node-10,9.9.2.157,elasticsearch_os_load5,0.53
2023/4/13 5:08,1681333727,cc-cc408-hya,data-node-10,9.9.2.157,elasticsearch_os_load5,0.51
2023/4/13 5:09,1681333787,cc-cc408-hya,data-node-10,9.9.2.157,elasticsearch_os_load5,0.5
2023/4/13 5:10,1681333847,cc-cc408-hya,data-node-10,9.9.2.157,elasticsearch_os_load5,0.46
2023/4/13 5:11,1681333907,cc-cc408-hya,data-node-10,9.9.2.157,elasticsearch_os_load5,0.46
2023/4/13 5:12,1681333967,cc-cc408-hya,data-node-10,9.9.2.157,elasticsearch_os_load5,0.44
2023/4/13 5:13,1681334027,cc-cc408-hya,data-node-10,9.9.2.157,elasticsearch_os_load5,0.37
2023/4/13 5:14,1681334087,cc-cc408-hya,data-node-10,9.9.2.157,elasticsearch_os_load5,0.4
2023/4/13 5:15,1681334147,cc-cc408-hya,data-node-10,9.9.2.157,elasticsearch_os_load5,0.43
2023/4/13 5:16,1681334207,cc-cc408-hya,data-node-10,9.9.2.157,elasticsearch_os_load5,0.54
2023/4/13 5:17,1681334267,cc-cc408-hya,data-node-10,9.9.2.157,elasticsearch_os_load5,0.64
2023/4/13 5:18,1681334327,cc-cc408-hya,data-node-10,9.9.2.157,elasticsearch_os_load5,0.7
2023/4/13 5:19,1681334387,cc-cc408-hya,data-node-10,9.9.2.157,elasticsearch_os_load5,0.71
2023/4/13 5:20,1681334447,cc-cc408-hya,data-node-10,9.9.2.157,elasticsearch_os_load5,0.65
2023/4/13 5:21,1681334507,cc-cc408-hya,data-node-10,9.9.2.157,elasticsearch_os_load5,0.61
2023/4/13 5:22,1681334567,cc-cc408-hya,data-node-10,9.9.2.157,elasticsearch_os_load5,0.51
2023/4/13 5:23,1681334627,cc-cc408-hya,data-node-10,9.9.2.157,elasticsearch_os_load5,0.52
2023/4/13 5:24,1681334687,cc-cc408-hya,data-node-10,9.9.2.157,elasticsearch_os_load5,0.43
2023/4/13 5:25,1681334747,cc-cc408-hya,data-node-10,9.9.2.157,elasticsearch_os_load5,0.41
2023/4/13 5:26,1681334807,cc-cc408-hya,data-node-10,9.9.2.157,elasticsearch_os_load5,0.41
2023/4/13 5:27,1681334867,cc-cc408-hya,data-node-10,9.9.2.157,elasticsearch_os_load5,0.35
2023/4/13 5:28,1681334927,cc-cc408-hya,data-node-10,9.9.2.157,elasticsearch_os_load5,0.36
2023/4/13 5:29,1681334987,cc-cc408-hya,data-node-10,9.9.2.157,elasticsearch_os_load5,0.36
2023/4/13 5:30,1681335047,cc-cc408-hya,data-node-10,9.9.2.157,elasticsearch_os_load5,0.3
2023/4/13 5:31,1681335107,cc-cc408-hya,data-node-10,9.9.2.157,elasticsearch_os_load5,0.39
2023/4/13 5:32,1681335167,cc-cc408-hya,data-node-10,9.9.2.157,elasticsearch_os_load5,0.36
2023/4/13 5:33,1681335227,cc-cc408-hya,data-node-10,9.9.2.157,elasticsearch_os_load5,0.38
2023/4/13 5:34,1681335287,cc-cc408-hya,data-node-10,9.9.2.157,elasticsearch_os_load5,0.32
2023/4/13 5:35,1681335347,cc-cc408-hya,data-node-10,9.9.2.157,elasticsearch_os_load5,0.31
2023/4/13 5:36,1681335407,cc-cc408-hya,data-node-10,9.9.2.157,elasticsearch_os_load5,0.3
2023/4/13 5:37,1681335467,cc-cc408-hya,data-node-10,9.9.2.157,elasticsearch_os_load5,0.3
2023/4/13 5:38,1681335527,cc-cc408-hya,data-node-10,9.9.2.157,elasticsearch_os_load5,0.33
2023/4/13 5:39,1681335587,cc-cc408-hya,data-node-10,9.9.2.157,elasticsearch_os_load5,0.31
2023/4/13 5:40,1681335647,cc-cc408-hya,data-node-10,9.9.2.157,elasticsearch_os_load5,0.25
2023/4/13 5:41,1681335707,cc-cc408-hya,data-node-10,9.9.2.157,elasticsearch_os_load5,0.29
2023/4/13 5:42,1681335767,cc-cc408-hya,data-node-10,9.9.2.157,elasticsearch_os_load5,0.3
2023/4/13 5:43,1681335827,cc-cc408-hya,data-node-10,9.9.2.157,elasticsearch_os_load5,0.55
2023/4/13 5:44,1681335887,cc-cc408-hya,data-node-10,9.9.2.157,elasticsearch_os_load5,0.66
2023/4/13 5:45,1681335947,cc-cc408-hya,data-node-10,9.9.2.157,elasticsearch_os_load5,0.62
2023/4/13 5:46,1681336007,cc-cc408-hya,data-node-10,9.9.2.157,elasticsearch_os_load5,0.55
2023/4/13 5:47,1681336067,cc-cc408-hya,data-node-10,9.9.2.157,elasticsearch_os_load5,0.5
2023/4/13 5:48,1681336127,cc-cc408-hya,data-node-10,9.9.2.157,elasticsearch_os_load5,0.43
2023/4/13 5:49,1681336187,cc-cc408-hya,data-node-10,9.9.2.157,elasticsearch_os_load5,0.44
2023/4/13 5:50,1681336247,cc-cc408-hya,data-node-10,9.9.2.157,elasticsearch_os_load5,0.44
2023/4/13 5:51,1681336307,cc-cc408-hya,data-node-10,9.9.2.157,elasticsearch_os_load5,1.18
2023/4/13 5:52,1681336367,cc-cc408-hya,data-node-10,9.9.2.157,elasticsearch_os_load5,0.99
2023/4/13 5:53,1681336427,cc-cc408-hya,data-node-10,9.9.2.157,elasticsearch_os_load5,1.55
2023/4/13 5:54,1681336487,cc-cc408-hya,data-node-10,9.9.2.157,elasticsearch_os_load5,1.33
2023/4/13 5:55,1681336547,cc-cc408-hya,data-node-10,9.9.2.157,elasticsearch_os_load5,1.32
2023/4/13 5:56,1681336607,cc-cc408-hya,data-node-10,9.9.2.157,elasticsearch_os_load5,1.28
2023/4/13 5:57,1681336667,cc-cc408-hya,data-node-10,9.9.2.157,elasticsearch_os_load5,1.16
2023/4/13 5:58,1681336727,cc-cc408-hya,data-node-10,9.9.2.157,elasticsearch_os_load5,1.11
2023/4/13 5:59,1681336787,cc-cc408-hya,data-node-10,9.9.2.157,elasticsearch_os_load5,1.12
2023/4/13 6:00,1681336847,cc-cc408-hya,data-node-10,9.9.2.157,elasticsearch_os_load5,1.12
2023/4/13 6:01,1681336907,cc-cc408-hya,data-node-10,9.9.2.157,elasticsearch_os_load5,1.09
2023/4/13 6:02,1681336967,cc-cc408-hya,data-node-10,9.9.2.157,elasticsearch_os_load5,1.12
2023/4/13 6:03,1681337027,cc-cc408-hya,data-node-10,9.9.2.157,elasticsearch_os_load5,1.04
2023/4/13 6:04,1681337087,cc-cc408-hya,data-node-10,9.9.2.157,elasticsearch_os_load5,0.91
2023/4/13 6:05,1681337147,cc-cc408-hya,data-node-10,9.9.2.157,elasticsearch_os_load5,0.84
2023/4/13 6:06,1681337207,cc-cc408-hya,data-node-10,9.9.2.157,elasticsearch_os_load5,0.7
2023/4/13 6:07,1681337267,cc-cc408-hya,data-node-10,9.9.2.157,elasticsearch_os_load5,0.6
2023/4/13 6:08,1681337327,cc-cc408-hya,data-node-10,9.9.2.157,elasticsearch_os_load5,0.6
2023/4/13 6:09,1681337387,cc-cc408-hya,data-node-10,9.9.2.157,elasticsearch_os_load5,0.52
2023/4/13 6:10,1681337447,cc-cc408-hya,data-node-10,9.9.2.157,elasticsearch_os_load5,0.47
2023/4/13 6:11,1681337507,cc-cc408-hya,data-node-10,9.9.2.157,elasticsearch_os_load5,0.45
2023/4/13 6:12,1681337567,cc-cc408-hya,data-node-10,9.9.2.157,elasticsearch_os_load5,0.38
2023/4/13 6:13,1681337627,cc-cc408-hya,data-node-10,9.9.2.157,elasticsearch_os_load5,0.4
2023/4/13 6:14,1681337687,cc-cc408-hya,data-node-10,9.9.2.157,elasticsearch_os_load5,0.42
2023/4/13 6:15,1681337747,cc-cc408-hya,data-node-10,9.9.2.157,elasticsearch_os_load5,0.37
2023/4/13 6:16,1681337807,cc-cc408-hya,data-node-10,9.9.2.157,elasticsearch_os_load5,0.33
2023/4/13 6:17,1681337867,cc-cc408-hya,data-node-10,9.9.2.157,elasticsearch_os_load5,0.41
2023/4/13 6:18,1681337927,cc-cc408-hya,data-node-10,9.9.2.157,elasticsearch_os_load5,0.38
2023/4/13 6:19,1681337987,cc-cc408-hya,data-node-10,9.9.2.157,elasticsearch_os_load5,0.34
2023/4/13 6:20,1681338047,cc-cc408-hya,data-node-10,9.9.2.157,elasticsearch_os_load5,0.35
2023/4/13 6:21,1681338107,cc-cc408-hya,data-node-10,9.9.2.157,elasticsearch_os_load5,0.33
2023/4/13 6:22,1681338167,cc-cc408-hya,data-node-10,9.9.2.157,elasticsearch_os_load5,0.27
2023/4/13 6:23,1681338227,cc-cc408-hya,data-node-10,9.9.2.157,elasticsearch_os_load5,0.26
2023/4/13 6:24,1681338287,cc-cc408-hya,data-node-10,9.9.2.157,elasticsearch_os_load5,0.26
2023/4/13 6:25,1681338347,cc-cc408-hya,data-node-10,9.9.2.157,elasticsearch_os_load5,0.4
2023/4/13 6:26,1681338407,cc-cc408-hya,data-node-10,9.9.2.157,elasticsearch_os_load5,0.52
2023/4/13 6:27,1681338467,cc-cc408-hya,data-node-10,9.9.2.157,elasticsearch_os_load5,0.57
2023/4/13 6:28,1681338527,cc-cc408-hya,data-node-10,9.9.2.157,elasticsearch_os_load5,0.54
2023/4/13 6:29,1681338587,cc-cc408-hya,data-node-10,9.9.2.157,elasticsearch_os_load5,0.56
2023/4/13 6:30,1681338647,cc-cc408-hya,data-node-10,9.9.2.157,elasticsearch_os_load5,0.47
2023/4/13 6:31,1681338707,cc-cc408-hya,data-node-10,9.9.2.157,elasticsearch_os_load5,0.48
2023/4/13 6:32,1681338767,cc-cc408-hya,data-node-10,9.9.2.157,elasticsearch_os_load5,0.47
2023/4/13 6:33,1681338827,cc-cc408-hya,data-node-10,9.9.2.157,elasticsearch_os_load5,0.43
2023/4/13 6:34,1681338887,cc-cc408-hya,data-node-10,9.9.2.157,elasticsearch_os_load5,0.35
2023/4/13 6:35,1681338947,cc-cc408-hya,data-node-10,9.9.2.157,elasticsearch_os_load5,0.42
2023/4/13 6:36,1681339007,cc-cc408-hya,data-node-10,9.9.2.157,elasticsearch_os_load5,0.45
2023/4/13 6:37,1681339067,cc-cc408-hya,data-node-10,9.9.2.157,elasticsearch_os_load5,0.59
2023/4/13 6:38,1681339127,cc-cc408-hya,data-node-10,9.9.2.157,elasticsearch_os_load5,0.71
2023/4/13 6:39,1681339187,cc-cc408-hya,data-node-10,9.9.2.157,elasticsearch_os_load5,0.61
2023/4/13 6:40,1681339247,cc-cc408-hya,data-node-10,9.9.2.157,elasticsearch_os_load5,0.75
2023/4/13 6:41,1681339307,cc-cc408-hya,data-node-10,9.9.2.157,elasticsearch_os_load5,0.75
2023/4/13 6:42,1681339367,cc-cc408-hya,data-node-10,9.9.2.157,elasticsearch_os_load5,0.79
2023/4/13 6:43,1681339427,cc-cc408-hya,data-node-10,9.9.2.157,elasticsearch_os_load5,0.83
2023/4/13 6:44,1681339487,cc-cc408-hya,data-node-10,9.9.2.157,elasticsearch_os_load5,0.87
2023/4/13 6:45,1681339547,cc-cc408-hya,data-node-10,9.9.2.157,elasticsearch_os_load5,0.88
2023/4/13 6:46,1681339607,cc-cc408-hya,data-node-10,9.9.2.157,elasticsearch_os_load5,0.77
2023/4/13 6:47,1681339667,cc-cc408-hya,data-node-10,9.9.2.157,elasticsearch_os_load5,0.73
2023/4/13 6:48,1681339727,cc-cc408-hya,data-node-10,9.9.2.157,elasticsearch_os_load5,0.65
2023/4/13 6:49,1681339787,cc-cc408-hya,data-node-10,9.9.2.157,elasticsearch_os_load5,0.58
2023/4/13 6:50,1681339847,cc-cc408-hya,data-node-10,9.9.2.157,elasticsearch_os_load5,0.63
2023/4/13 6:51,1681339907,cc-cc408-hya,data-node-10,9.9.2.157,elasticsearch_os_load5,0.81
2023/4/13 6:52,1681339967,cc-cc408-hya,data-node-10,9.9.2.157,elasticsearch_os_load5,0.79
2023/4/13 6:53,1681340027,cc-cc408-hya,data-node-10,9.9.2.157,elasticsearch_os_load5,0.7
2023/4/13 6:54,1681340087,cc-cc408-hya,data-node-10,9.9.2.157,elasticsearch_os_load5,0.66
2023/4/13 6:55,1681340147,cc-cc408-hya,data-node-10,9.9.2.157,elasticsearch_os_load5,0.71
2023/4/13 6:56,1681340207,cc-cc408-hya,data-node-10,9.9.2.157,elasticsearch_os_load5,0.61
2023/4/13 6:57,1681340267,cc-cc408-hya,data-node-10,9.9.2.157,elasticsearch_os_load5,0.54
2023/4/13 6:58,1681340327,cc-cc408-hya,data-node-10,9.9.2.157,elasticsearch_os_load5,0.49
2023/4/13 6:59,1681340387,cc-cc408-hya,data-node-10,9.9.2.157,elasticsearch_os_load5,0.48
2023/4/13 7:00,1681340447,cc-cc408-hya,data-node-10,9.9.2.157,elasticsearch_os_load5,0.47
2023/4/13 7:01,1681340507,cc-cc408-hya,data-node-10,9.9.2.157,elasticsearch_os_load5,0.49
2023/4/13 7:02,1681340567,cc-cc408-hya,data-node-10,9.9.2.157,elasticsearch_os_load5,0.4
2023/4/13 7:03,1681340627,cc-cc408-hya,data-node-10,9.9.2.157,elasticsearch_os_load5,0.49
2023/4/13 7:04,1681340687,cc-cc408-hya,data-node-10,9.9.2.157,elasticsearch_os_load5,0.46
2023/4/13 7:05,1681340747,cc-cc408-hya,data-node-10,9.9.2.157,elasticsearch_os_load5,0.46
2023/4/13 7:06,1681340807,cc-cc408-hya,data-node-10,9.9.2.157,elasticsearch_os_load5,0.42
2023/4/13 7:07,1681340867,cc-cc408-hya,data-node-10,9.9.2.157,elasticsearch_os_load5,0.58
2023/4/13 7:08,1681340927,cc-cc408-hya,data-node-10,9.9.2.157,elasticsearch_os_load5,0.75
2023/4/13 7:09,1681340987,cc-cc408-hya,data-node-10,9.9.2.157,elasticsearch_os_load5,0.84
2023/4/13 7:10,1681341047,cc-cc408-hya,data-node-10,9.9.2.157,elasticsearch_os_load5,0.78
2023/4/13 7:11,1681341107,cc-cc408-hya,data-node-10,9.9.2.157,elasticsearch_os_load5,0.77
2023/4/13 7:12,1681341167,cc-cc408-hya,data-node-10,9.9.2.157,elasticsearch_os_load5,0.73
2023/4/13 7:13,1681341227,cc-cc408-hya,data-node-10,9.9.2.157,elasticsearch_os_load5,0.67
2023/4/13 7:14,1681341287,cc-cc408-hya,data-node-10,9.9.2.157,elasticsearch_os_load5,0.61
2023/4/13 7:15,1681341347,cc-cc408-hya,data-node-10,9.9.2.157,elasticsearch_os_load5,0.61
2023/4/13 7:16,1681341407,cc-cc408-hya,data-node-10,9.9.2.157,elasticsearch_os_load5,0.64
2023/4/13 7:17,1681341467,cc-cc408-hya,data-node-10,9.9.2.157,elasticsearch_os_load5,0.63
2023/4/13 7:18,1681341527,cc-cc408-hya,data-node-10,9.9.2.157,elasticsearch_os_load5,0.7
2023/4/13 7:19,1681341587,cc-cc408-hya,data-node-10,9.9.2.157,elasticsearch_os_load5,0.78
2023/4/13 7:20,1681341647,cc-cc408-hya,data-node-10,9.9.2.157,elasticsearch_os_load5,0.75
2023/4/13 7:21,1681341707,cc-cc408-hya,data-node-10,9.9.2.157,elasticsearch_os_load5,0.69
2023/4/13 7:22,1681341767,cc-cc408-hya,data-node-10,9.9.2.157,elasticsearch_os_load5,0.77
2023/4/13 7:23,1681341827,cc-cc408-hya,data-node-10,9.9.2.157,elasticsearch_os_load5,0.83
2023/4/13 7:24,1681341887,cc-cc408-hya,data-node-10,9.9.2.157,elasticsearch_os_load5,0.97
2023/4/13 7:25,1681341947,cc-cc408-hya,data-node-10,9.9.2.157,elasticsearch_os_load5,0.99
2023/4/13 7:26,1681342007,cc-cc408-hya,data-node-10,9.9.2.157,elasticsearch_os_load5,1.13
2023/4/13 7:27,1681342067,cc-cc408-hya,data-node-10,9.9.2.157,elasticsearch_os_load5,1.13
2023/4/13 7:28,1681342127,cc-cc408-hya,data-node-10,9.9.2.157,elasticsearch_os_load5,1.04
2023/4/13 7:29,1681342187,cc-cc408-hya,data-node-10,9.9.2.157,elasticsearch_os_load5,0.94
2023/4/13 7:30,1681342247,cc-cc408-hya,data-node-10,9.9.2.157,elasticsearch_os_load5,0.91
2023/4/13 7:31,1681342307,cc-cc408-hya,data-node-10,9.9.2.157,elasticsearch_os_load5,0.85
2023/4/13 7:32,1681342367,cc-cc408-hya,data-node-10,9.9.2.157,elasticsearch_os_load5,0.74
2023/4/13 7:33,1681342427,cc-cc408-hya,data-node-10,9.9.2.157,elasticsearch_os_load5,0.63
2023/4/13 7:34,1681342487,cc-cc408-hya,data-node-10,9.9.2.157,elasticsearch_os_load5,0.58
2023/4/13 7:35,1681342547,cc-cc408-hya,data-node-10,9.9.2.157,elasticsearch_os_load5,0.52
2023/4/13 7:36,1681342607,cc-cc408-hya,data-node-10,9.9.2.157,elasticsearch_os_load5,0.61
2023/4/13 7:37,1681342667,cc-cc408-hya,data-node-10,9.9.2.157,elasticsearch_os_load5,0.66
2023/4/13 7:38,1681342727,cc-cc408-hya,data-node-10,9.9.2.157,elasticsearch_os_load5,0.66
2023/4/13 7:39,1681342787,cc-cc408-hya,data-node-10,9.9.2.157,elasticsearch_os_load5,0.62
2023/4/13 7:40,1681342847,cc-cc408-hya,data-node-10,9.9.2.157,elasticsearch_os_load5,0.58
2023/4/13 7:41,1681342907,cc-cc408-hya,data-node-10,9.9.2.157,elasticsearch_os_load5,0.62
2023/4/13 7:42,1681342967,cc-cc408-hya,data-node-10,9.9.2.157,elasticsearch_os_load5,0.56
2023/4/13 7:43,1681343027,cc-cc408-hya,data-node-10,9.9.2.157,elasticsearch_os_load5,0.54
2023/4/13 7:44,1681343087,cc-cc408-hya,data-node-10,9.9.2.157,elasticsearch_os_load5,0.51
2023/4/13 7:45,1681343147,cc-cc408-hya,data-node-10,9.9.2.157,elasticsearch_os_load5,0.48
2023/4/13 7:46,1681343207,cc-cc408-hya,data-node-10,9.9.2.157,elasticsearch_os_load5,0.48
2023/4/13 7:47,1681343267,cc-cc408-hya,data-node-10,9.9.2.157,elasticsearch_os_load5,0.5
2023/4/13 7:48,1681343327,cc-cc408-hya,data-node-10,9.9.2.157,elasticsearch_os_load5,0.61
2023/4/13 7:49,1681343387,cc-cc408-hya,data-node-10,9.9.2.157,elasticsearch_os_load5,0.7
2023/4/13 7:50,1681343447,cc-cc408-hya,data-node-10,9.9.2.157,elasticsearch_os_load5,0.97
2023/4/13 7:51,1681343507,cc-cc408-hya,data-node-10,9.9.2.157,elasticsearch_os_load5,1.14
2023/4/13 7:52,1681343567,cc-cc408-hya,data-node-10,9.9.2.157,elasticsearch_os_load5,1.02
2023/4/13 7:53,1681343627,cc-cc408-hya,data-node-10,9.9.2.157,elasticsearch_os_load5,0.99
2023/4/13 7:54,1681343687,cc-cc408-hya,data-node-10,9.9.2.157,elasticsearch_os_load5,1.08
2023/4/13 7:55,1681343747,cc-cc408-hya,data-node-10,9.9.2.157,elasticsearch_os_load5,1.01
2023/4/13 7:56,1681343807,cc-cc408-hya,data-node-10,9.9.2.157,elasticsearch_os_load5,0.94
2023/4/13 7:57,1681343867,cc-cc408-hya,data-node-10,9.9.2.157,elasticsearch_os_load5,0.84
2023/4/13 7:58,1681343927,cc-cc408-hya,data-node-10,9.9.2.157,elasticsearch_os_load5,0.79
2023/4/13 7:59,1681343987,cc-cc408-hya,data-node-10,9.9.2.157,elasticsearch_os_load5,0.8
2023/4/13 8:00,1681344047,cc-cc408-hya,data-node-10,9.9.2.157,elasticsearch_os_load5,0.9
2023/4/13 8:01,1681344107,cc-cc408-hya,data-node-10,9.9.2.157,elasticsearch_os_load5,1.14
2023/4/13 8:02,1681344167,cc-cc408-hya,data-node-10,9.9.2.157,elasticsearch_os_load5,1.16
2023/4/13 8:03,1681344227,cc-cc408-hya,data-node-10,9.9.2.157,elasticsearch_os_load5,1.29
2023/4/13 8:04,1681344287,cc-cc408-hya,data-node-10,9.9.2.157,elasticsearch_os_load5,1.58
2023/4/13 8:05,1681344347,cc-cc408-hya,data-node-10,9.9.2.157,elasticsearch_os_load5,1.7
2023/4/13 8:06,1681344407,cc-cc408-hya,data-node-10,9.9.2.157,elasticsearch_os_load5,1.82
2023/4/13 8:07,1681344467,cc-cc408-hya,data-node-10,9.9.2.157,elasticsearch_os_load5,1.71
2023/4/13 8:08,1681344527,cc-cc408-hya,data-node-10,9.9.2.157,elasticsearch_os_load5,2.26
2023/4/13 8:09,1681344587,cc-cc408-hya,data-node-10,9.9.2.157,elasticsearch_os_load5,3.26
2023/4/13 8:10,1681344647,cc-cc408-hya,data-node-10,9.9.2.157,elasticsearch_os_load5,3.1
2023/4/13 8:11,1681344707,cc-cc408-hya,data-node-10,9.9.2.157,elasticsearch_os_load5,2.7
2023/4/13 8:12,1681344767,cc-cc408-hya,data-node-10,9.9.2.157,elasticsearch_os_load5,2.35
2023/4/13 8:13,1681344827,cc-cc408-hya,data-node-10,9.9.2.157,elasticsearch_os_load5,2.53
2023/4/13 8:14,1681344887,cc-cc408-hya,data-node-10,9.9.2.157,elasticsearch_os_load5,2.21
2023/4/13 8:15,1681344947,cc-cc408-hya,data-node-10,9.9.2.157,elasticsearch_os_load5,1.94
2023/4/13 8:16,1681345007,cc-cc408-hya,data-node-10,9.9.2.157,elasticsearch_os_load5,1.77
2023/4/13 8:17,1681345067,cc-cc408-hya,data-node-10,9.9.2.157,elasticsearch_os_load5,1.64
2023/4/13 8:18,1681345127,cc-cc408-hya,data-node-10,9.9.2.157,elasticsearch_os_load5,1.58
2023/4/13 8:19,1681345187,cc-cc408-hya,data-node-10,9.9.2.157,elasticsearch_os_load5,1.46
2023/4/13 8:20,1681345247,cc-cc408-hya,data-node-10,9.9.2.157,elasticsearch_os_load5,1.49
2023/4/13 8:21,1681345307,cc-cc408-hya,data-node-10,9.9.2.157,elasticsearch_os_load5,1.43
2023/4/13 8:22,1681345367,cc-cc408-hya,data-node-10,9.9.2.157,elasticsearch_os_load5,1.37
2023/4/13 8:23,1681345427,cc-cc408-hya,data-node-10,9.9.2.157,elasticsearch_os_load5,1.33
2023/4/13 8:24,1681345487,cc-cc408-hya,data-node-10,9.9.2.157,elasticsearch_os_load5,1.23
2023/4/13 8:25,1681345547,cc-cc408-hya,data-node-10,9.9.2.157,elasticsearch_os_load5,1.15
2023/4/13 8:26,1681345607,cc-cc408-hya,data-node-10,9.9.2.157,elasticsearch_os_load5,1.12
2023/4/13 8:27,1681345667,cc-cc408-hya,data-node-10,9.9.2.157,elasticsearch_os_load5,1.16
2023/4/13 8:28,1681345727,cc-cc408-hya,data-node-10,9.9.2.157,elasticsearch_os_load5,1.19
2023/4/13 8:29,1681345787,cc-cc408-hya,data-node-10,9.9.2.157,elasticsearch_os_load5,1.14
2023/4/13 8:30,1681345847,cc-cc408-hya,data-node-10,9.9.2.157,elasticsearch_os_load5,1.28
2023/4/13 8:31,1681345907,cc-cc408-hya,data-node-10,9.9.2.157,elasticsearch_os_load5,1.24
2023/4/13 8:32,1681345967,cc-cc408-hya,data-node-10,9.9.2.157,elasticsearch_os_load5,1.48
2023/4/13 8:33,1681346027,cc-cc408-hya,data-node-10,9.9.2.157,elasticsearch_os_load5,1.61
2023/4/13 8:34,1681346087,cc-cc408-hya,data-node-10,9.9.2.157,elasticsearch_os_load5,1.67
2023/4/13 8:35,1681346147,cc-cc408-hya,data-node-10,9.9.2.157,elasticsearch_os_load5,1.54
2023/4/13 8:36,1681346207,cc-cc408-hya,data-node-10,9.9.2.157,elasticsearch_os_load5,1.55
2023/4/13 8:37,1681346267,cc-cc408-hya,data-node-10,9.9.2.157,elasticsearch_os_load5,1.49
2023/4/13 8:38,1681346327,cc-cc408-hya,data-node-10,9.9.2.157,elasticsearch_os_load5,1.49
2023/4/13 8:39,1681346387,cc-cc408-hya,data-node-10,9.9.2.157,elasticsearch_os_load5,1.47
2023/4/13 8:40,1681346447,cc-cc408-hya,data-node-10,9.9.2.157,elasticsearch_os_load5,1.62
2023/4/13 8:41,1681346507,cc-cc408-hya,data-node-10,9.9.2.157,elasticsearch_os_load5,1.66
2023/4/13 8:42,1681346567,cc-cc408-hya,data-node-10,9.9.2.157,elasticsearch_os_load5,1.84
2023/4/13 8:43,1681346627,cc-cc408-hya,data-node-10,9.9.2.157,elasticsearch_os_load5,1.83
2023/4/13 8:44,1681346687,cc-cc408-hya,data-node-10,9.9.2.157,elasticsearch_os_load5,1.79
2023/4/13 8:45,1681346747,cc-cc408-hya,data-node-10,9.9.2.157,elasticsearch_os_load5,2
2023/4/13 8:46,1681346807,cc-cc408-hya,data-node-10,9.9.2.157,elasticsearch_os_load5,1.89
2023/4/13 8:47,1681346867,cc-cc408-hya,data-node-10,9.9.2.157,elasticsearch_os_load5,1.82
2023/4/13 8:48,1681346927,cc-cc408-hya,data-node-10,9.9.2.157,elasticsearch_os_load5,2.02
2023/4/13 8:49,1681346987,cc-cc408-hya,data-node-10,9.9.2.157,elasticsearch_os_load5,1.82
2023/4/13 8:50,1681347047,cc-cc408-hya,data-node-10,9.9.2.157,elasticsearch_os_load5,1.87
2023/4/13 8:51,1681347107,cc-cc408-hya,data-node-10,9.9.2.157,elasticsearch_os_load5,1.95
2023/4/13 8:52,1681347167,cc-cc408-hya,data-node-10,9.9.2.157,elasticsearch_os_load5,2.04
2023/4/13 8:53,1681347227,cc-cc408-hya,data-node-10,9.9.2.157,elasticsearch_os_load5,2.17
2023/4/13 8:54,1681347287,cc-cc408-hya,data-node-10,9.9.2.157,elasticsearch_os_load5,2.28
2023/4/13 8:55,1681347347,cc-cc408-hya,data-node-10,9.9.2.157,elasticsearch_os_load5,2.3
2023/4/13 8:56,1681347407,cc-cc408-hya,data-node-10,9.9.2.157,elasticsearch_os_load5,2.31
2023/4/13 8:57,1681347467,cc-cc408-hya,data-node-10,9.9.2.157,elasticsearch_os_load5,2.22
2023/4/13 8:58,1681347527,cc-cc408-hya,data-node-10,9.9.2.157,elasticsearch_os_load5,2.15
2023/4/13 8:59,1681347587,cc-cc408-hya,data-node-10,9.9.2.157,elasticsearch_os_load5,2.15
2023/4/13 9:00,1681347647,cc-cc408-hya,data-node-10,9.9.2.157,elasticsearch_os_load5,2.16
2023/4/13 9:01,1681347707,cc-cc408-hya,data-node-10,9.9.2.157,elasticsearch_os_load5,2.41
2023/4/13 9:02,1681347767,cc-cc408-hya,data-node-10,9.9.2.157,elasticsearch_os_load5,2.49
2023/4/13 9:03,1681347827,cc-cc408-hya,data-node-10,9.9.2.157,elasticsearch_os_load5,2.7
2023/4/13 9:04,1681347887,cc-cc408-hya,data-node-10,9.9.2.157,elasticsearch_os_load5,2.73
2023/4/13 9:05,1681347947,cc-cc408-hya,data-node-10,9.9.2.157,elasticsearch_os_load5,2.8
2023/4/13 9:06,1681348007,cc-cc408-hya,data-node-10,9.9.2.157,elasticsearch_os_load5,2.87
2023/4/13 9:07,1681348067,cc-cc408-hya,data-node-10,9.9.2.157,elasticsearch_os_load5,2.95
2023/4/13 9:08,1681348127,cc-cc408-hya,data-node-10,9.9.2.157,elasticsearch_os_load5,3.05
2023/4/13 9:09,1681348187,cc-cc408-hya,data-node-10,9.9.2.157,elasticsearch_os_load5,2.95
2023/4/13 9:10,1681348247,cc-cc408-hya,data-node-10,9.9.2.157,elasticsearch_os_load5,3.33
2023/4/13 9:11,1681348307,cc-cc408-hya,data-node-10,9.9.2.157,elasticsearch_os_load5,3.47
2023/4/13 9:12,1681348367,cc-cc408-hya,data-node-10,9.9.2.157,elasticsearch_os_load5,3.37
2023/4/13 9:13,1681348427,cc-cc408-hya,data-node-10,9.9.2.157,elasticsearch_os_load5,3.67
2023/4/13 9:14,1681348487,cc-cc408-hya,data-node-10,9.9.2.157,elasticsearch_os_load5,3.81
2023/4/13 9:15,1681348547,cc-cc408-hya,data-node-10,9.9.2.157,elasticsearch_os_load5,3.93
2023/4/13 9:16,1681348607,cc-cc408-hya,data-node-10,9.9.2.157,elasticsearch_os_load5,4.26
2023/4/13 9:17,1681348667,cc-cc408-hya,data-node-10,9.9.2.157,elasticsearch_os_load5,4.05
2023/4/13 9:18,1681348727,cc-cc408-hya,data-node-10,9.9.2.157,elasticsearch_os_load5,4.29
2023/4/13 9:19,1681348787,cc-cc408-hya,data-node-10,9.9.2.157,elasticsearch_os_load5,4.15
2023/4/13 9:20,1681348847,cc-cc408-hya,data-node-10,9.9.2.157,elasticsearch_os_load5,4.12
2023/4/13 9:21,1681348907,cc-cc408-hya,data-node-10,9.9.2.157,elasticsearch_os_load5,4.11
2023/4/13 9:22,1681348967,cc-cc408-hya,data-node-10,9.9.2.157,elasticsearch_os_load5,4.07
2023/4/13 9:23,1681349027,cc-cc408-hya,data-node-10,9.9.2.157,elasticsearch_os_load5,3.86
2023/4/13 9:24,1681349087,cc-cc408-hya,data-node-10,9.9.2.157,elasticsearch_os_load5,3.94
2023/4/13 9:25,1681349147,cc-cc408-hya,data-node-10,9.9.2.157,elasticsearch_os_load5,4
2023/4/13 9:26,1681349207,cc-cc408-hya,data-node-10,9.9.2.157,elasticsearch_os_load5,4.22
2023/4/13 9:27,1681349267,cc-cc408-hya,data-node-10,9.9.2.157,elasticsearch_os_load5,4.09
2023/4/13 9:28,1681349327,cc-cc408-hya,data-node-10,9.9.2.157,elasticsearch_os_load5,4.69
2023/4/13 9:29,1681349387,cc-cc408-hya,data-node-10,9.9.2.157,elasticsearch_os_load5,4.37
2023/4/13 9:30,1681349447,cc-cc408-hya,data-node-10,9.9.2.157,elasticsearch_os_load5,4.39
2023/4/13 9:31,1681349507,cc-cc408-hya,data-node-10,9.9.2.157,elasticsearch_os_load5,4.42
2023/4/13 9:32,1681349567,cc-cc408-hya,data-node-10,9.9.2.157,elasticsearch_os_load5,4.2
2023/4/13 9:33,1681349627,cc-cc408-hya,data-node-10,9.9.2.157,elasticsearch_os_load5,4.16
2023/4/13 9:34,1681349687,cc-cc408-hya,data-node-10,9.9.2.157,elasticsearch_os_load5,3.89
2023/4/13 9:35,1681349747,cc-cc408-hya,data-node-10,9.9.2.157,elasticsearch_os_load5,4.35
2023/4/13 9:36,1681349807,cc-cc408-hya,data-node-10,9.9.2.157,elasticsearch_os_load5,4.31
2023/4/13 9:37,1681349867,cc-cc408-hya,data-node-10,9.9.2.157,elasticsearch_os_load5,4.35
2023/4/13 9:38,1681349927,cc-cc408-hya,data-node-10,9.9.2.157,elasticsearch_os_load5,4.64
2023/4/13 9:39,1681349987,cc-cc408-hya,data-node-10,9.9.2.157,elasticsearch_os_load5,4.69
2023/4/13 9:40,1681350047,cc-cc408-hya,data-node-10,9.9.2.157,elasticsearch_os_load5,4.54
2023/4/13 9:41,1681350107,cc-cc408-hya,data-node-10,9.9.2.157,elasticsearch_os_load5,4.42
2023/4/13 9:42,1681350167,cc-cc408-hya,data-node-10,9.9.2.157,elasticsearch_os_load5,4.31
2023/4/13 9:43,1681350227,cc-cc408-hya,data-node-10,9.9.2.157,elasticsearch_os_load5,3.91
2023/4/13 9:44,1681350287,cc-cc408-hya,data-node-10,9.9.2.157,elasticsearch_os_load5,3.62
2023/4/13 9:45,1681350347,cc-cc408-hya,data-node-10,9.9.2.157,elasticsearch_os_load5,3.57
2023/4/13 9:46,1681350407,cc-cc408-hya,data-node-10,9.9.2.157,elasticsearch_os_load5,3.72
2023/4/13 9:47,1681350467,cc-cc408-hya,data-node-10,9.9.2.157,elasticsearch_os_load5,3.86
2023/4/13 9:48,1681350527,cc-cc408-hya,data-node-10,9.9.2.157,elasticsearch_os_load5,4.01
2023/4/13 9:49,1681350587,cc-cc408-hya,data-node-10,9.9.2.157,elasticsearch_os_load5,4.08
2023/4/13 9:50,1681350647,cc-cc408-hya,data-node-10,9.9.2.157,elasticsearch_os_load5,4.15
2023/4/13 9:51,1681350707,cc-cc408-hya,data-node-10,9.9.2.157,elasticsearch_os_load5,3.89
2023/4/13 9:52,1681350767,cc-cc408-hya,data-node-10,9.9.2.157,elasticsearch_os_load5,4
2023/4/13 9:53,1681350827,cc-cc408-hya,data-node-10,9.9.2.157,elasticsearch_os_load5,3.93
2023/4/13 9:54,1681350887,cc-cc408-hya,data-node-10,9.9.2.157,elasticsearch_os_load5,3.98
2023/4/13 9:55,1681350947,cc-cc408-hya,data-node-10,9.9.2.157,elasticsearch_os_load5,4.13
2023/4/13 9:56,1681351007,cc-cc408-hya,data-node-10,9.9.2.157,elasticsearch_os_load5,4.15
2023/4/13 9:57,1681351067,cc-cc408-hya,data-node-10,9.9.2.157,elasticsearch_os_load5,4.5
2023/4/13 9:58,1681351127,cc-cc408-hya,data-node-10,9.9.2.157,elasticsearch_os_load5,4.44
2023/4/13 9:59,1681351187,cc-cc408-hya,data-node-10,9.9.2.157,elasticsearch_os_load5,4.42
2023/4/13 10:00,1681351247,cc-cc408-hya,data-node-10,9.9.2.157,elasticsearch_os_load5,4.39
2023/4/13 10:01,1681351307,cc-cc408-hya,data-node-10,9.9.2.157,elasticsearch_os_load5,4.13
2023/4/13 10:02,1681351367,cc-cc408-hya,data-node-10,9.9.2.157,elasticsearch_os_load5,4.33
2023/4/13 10:03,1681351427,cc-cc408-hya,data-node-10,9.9.2.157,elasticsearch_os_load5,4.47
2023/4/13 10:04,1681351487,cc-cc408-hya,data-node-10,9.9.2.157,elasticsearch_os_load5,4.48
2023/4/13 10:05,1681351547,cc-cc408-hya,data-node-10,9.9.2.157,elasticsearch_os_load5,4.7
2023/4/13 10:06,1681351607,cc-cc408-hya,data-node-10,9.9.2.157,elasticsearch_os_load5,4.76
2023/4/13 10:07,1681351667,cc-cc408-hya,data-node-10,9.9.2.157,elasticsearch_os_load5,4.57
2023/4/13 10:08,1681351727,cc-cc408-hya,data-node-10,9.9.2.157,elasticsearch_os_load5,4.68
2023/4/13 10:09,1681351787,cc-cc408-hya,data-node-10,9.9.2.157,elasticsearch_os_load5,4.8
2023/4/13 10:10,1681351847,cc-cc408-hya,data-node-10,9.9.2.157,elasticsearch_os_load5,4.92
2023/4/13 10:11,1681351907,cc-cc408-hya,data-node-10,9.9.2.157,elasticsearch_os_load5,4.51
2023/4/13 10:12,1681351967,cc-cc408-hya,data-node-10,9.9.2.157,elasticsearch_os_load5,4.47
2023/4/13 10:13,1681352027,cc-cc408-hya,data-node-10,9.9.2.157,elasticsearch_os_load5,4.42
2023/4/13 10:14,1681352087,cc-cc408-hya,data-node-10,9.9.2.157,elasticsearch_os_load5,4.36
2023/4/13 10:15,1681352147,cc-cc408-hya,data-node-10,9.9.2.157,elasticsearch_os_load5,4.38
2023/4/13 10:16,1681352207,cc-cc408-hya,data-node-10,9.9.2.157,elasticsearch_os_load5,4.66
2023/4/13 10:17,1681352267,cc-cc408-hya,data-node-10,9.9.2.157,elasticsearch_os_load5,4.41
2023/4/13 10:18,1681352327,cc-cc408-hya,data-node-10,9.9.2.157,elasticsearch_os_load5,4.27
2023/4/13 10:19,1681352387,cc-cc408-hya,data-node-10,9.9.2.157,elasticsearch_os_load5,4.21
2023/4/13 10:20,1681352447,cc-cc408-hya,data-node-10,9.9.2.157,elasticsearch_os_load5,4.1
2023/4/13 10:21,1681352507,cc-cc408-hya,data-node-10,9.9.2.157,elasticsearch_os_load5,4.37
2023/4/13 10:22,1681352567,cc-cc408-hya,data-node-10,9.9.2.157,elasticsearch_os_load5,4.32
2023/4/13 10:23,1681352627,cc-cc408-hya,data-node-10,9.9.2.157,elasticsearch_os_load5,4.16
2023/4/13 10:24,1681352687,cc-cc408-hya,data-node-10,9.9.2.157,elasticsearch_os_load5,4.16
2023/4/13 10:25,1681352747,cc-cc408-hya,data-node-10,9.9.2.157,elasticsearch_os_load5,4.24
2023/4/13 10:26,1681352807,cc-cc408-hya,data-node-10,9.9.2.157,elasticsearch_os_load5,4.12
2023/4/13 10:27,1681352867,cc-cc408-hya,data-node-10,9.9.2.157,elasticsearch_os_load5,4.12
2023/4/13 10:28,1681352927,cc-cc408-hya,data-node-10,9.9.2.157,elasticsearch_os_load5,4.25
2023/4/13 10:29,1681352987,cc-cc408-hya,data-node-10,9.9.2.157,elasticsearch_os_load5,4.37
2023/4/13 10:30,1681353047,cc-cc408-hya,data-node-10,9.9.2.157,elasticsearch_os_load5,4.4
2023/4/13 10:31,1681353107,cc-cc408-hya,data-node-10,9.9.2.157,elasticsearch_os_load5,4.08
2023/4/13 10:32,1681353167,cc-cc408-hya,data-node-10,9.9.2.157,elasticsearch_os_load5,4.4
2023/4/13 10:33,1681353227,cc-cc408-hya,data-node-10,9.9.2.157,elasticsearch_os_load5,4.37
2023/4/13 10:34,1681353287,cc-cc408-hya,data-node-10,9.9.2.157,elasticsearch_os_load5,4.72
2023/4/13 10:35,1681353347,cc-cc408-hya,data-node-10,9.9.2.157,elasticsearch_os_load5,4.58
2023/4/13 10:36,1681353407,cc-cc408-hya,data-node-10,9.9.2.157,elasticsearch_os_load5,4.75
2023/4/13 10:37,1681353467,cc-cc408-hya,data-node-10,9.9.2.157,elasticsearch_os_load5,4.63
2023/4/13 10:38,1681353527,cc-cc408-hya,data-node-10,9.9.2.157,elasticsearch_os_load5,4.45
2023/4/13 10:39,1681353587,cc-cc408-hya,data-node-10,9.9.2.157,elasticsearch_os_load5,4.48
2023/4/13 10:40,1681353647,cc-cc408-hya,data-node-10,9.9.2.157,elasticsearch_os_load5,4.52
2023/4/13 10:41,1681353707,cc-cc408-hya,data-node-10,9.9.2.157,elasticsearch_os_load5,4.61
2023/4/13 10:42,1681353767,cc-cc408-hya,data-node-10,9.9.2.157,elasticsearch_os_load5,4.63
2023/4/13 10:43,1681353827,cc-cc408-hya,data-node-10,9.9.2.157,elasticsearch_os_load5,4.54
2023/4/13 10:44,1681353887,cc-cc408-hya,data-node-10,9.9.2.157,elasticsearch_os_load5,4.63
2023/4/13 10:45,1681353947,cc-cc408-hya,data-node-10,9.9.2.157,elasticsearch_os_load5,4.53
2023/4/13 10:46,1681354007,cc-cc408-hya,data-node-10,9.9.2.157,elasticsearch_os_load5,4.38
2023/4/13 10:47,1681354067,cc-cc408-hya,data-node-10,9.9.2.157,elasticsearch_os_load5,4.56
2023/4/13 10:48,1681354127,cc-cc408-hya,data-node-10,9.9.2.157,elasticsearch_os_load5,4.75
2023/4/13 10:49,1681354187,cc-cc408-hya,data-node-10,9.9.2.157,elasticsearch_os_load5,4.99
2023/4/13 10:50,1681354247,cc-cc408-hya,data-node-10,9.9.2.157,elasticsearch_os_load5,4.98
2023/4/13 10:51,1681354307,cc-cc408-hya,data-node-10,9.9.2.157,elasticsearch_os_load5,5.01
2023/4/13 10:52,1681354367,cc-cc408-hya,data-node-10,9.9.2.157,elasticsearch_os_load5,4.92
2023/4/13 10:53,1681354427,cc-cc408-hya,data-node-10,9.9.2.157,elasticsearch_os_load5,5
2023/4/13 10:54,1681354487,cc-cc408-hya,data-node-10,9.9.2.157,elasticsearch_os_load5,4.95
2023/4/13 10:55,1681354547,cc-cc408-hya,data-node-10,9.9.2.157,elasticsearch_os_load5,5.47
2023/4/13 10:56,1681354607,cc-cc408-hya,data-node-10,9.9.2.157,elasticsearch_os_load5,5.29
2023/4/13 10:57,1681354667,cc-cc408-hya,data-node-10,9.9.2.157,elasticsearch_os_load5,5.17
2023/4/13 10:58,1681354727,cc-cc408-hya,data-node-10,9.9.2.157,elasticsearch_os_load5,5.08
2023/4/13 10:59,1681354787,cc-cc408-hya,data-node-10,9.9.2.157,elasticsearch_os_load5,5.09
2023/4/13 11:00,1681354847,cc-cc408-hya,data-node-10,9.9.2.157,elasticsearch_os_load5,5.09
2023/4/13 11:01,1681354907,cc-cc408-hya,data-node-10,9.9.2.157,elasticsearch_os_load5,4.72
2023/4/13 11:02,1681354967,cc-cc408-hya,data-node-10,9.9.2.157,elasticsearch_os_load5,4.73
2023/4/13 11:03,1681355027,cc-cc408-hya,data-node-10,9.9.2.157,elasticsearch_os_load5,5
2023/4/13 11:04,1681355087,cc-cc408-hya,data-node-10,9.9.2.157,elasticsearch_os_load5,4.6
2023/4/13 11:05,1681355147,cc-cc408-hya,data-node-10,9.9.2.157,elasticsearch_os_load5,4.54
2023/4/13 11:06,1681355207,cc-cc408-hya,data-node-10,9.9.2.157,elasticsearch_os_load5,5.03
2023/4/13 11:07,1681355267,cc-cc408-hya,data-node-10,9.9.2.157,elasticsearch_os_load5,4.78
2023/4/13 11:08,1681355327,cc-cc408-hya,data-node-10,9.9.2.157,elasticsearch_os_load5,4.68
2023/4/13 11:09,1681355387,cc-cc408-hya,data-node-10,9.9.2.157,elasticsearch_os_load5,4.39
2023/4/13 11:10,1681355447,cc-cc408-hya,data-node-10,9.9.2.157,elasticsearch_os_load5,4.19
2023/4/13 11:11,1681355507,cc-cc408-hya,data-node-10,9.9.2.157,elasticsearch_os_load5,4.5
2023/4/13 11:12,1681355567,cc-cc408-hya,data-node-10,9.9.2.157,elasticsearch_os_load5,4.73
2023/4/13 11:13,1681355627,cc-cc408-hya,data-node-10,9.9.2.157,elasticsearch_os_load5,4.89
2023/4/13 11:14,1681355687,cc-cc408-hya,data-node-10,9.9.2.157,elasticsearch_os_load5,5.05
2023/4/13 11:15,1681355747,cc-cc408-hya,data-node-10,9.9.2.157,elasticsearch_os_load5,4.94
2023/4/13 11:16,1681355807,cc-cc408-hya,data-node-10,9.9.2.157,elasticsearch_os_load5,4.92
2023/4/13 11:17,1681355867,cc-cc408-hya,data-node-10,9.9.2.157,elasticsearch_os_load5,4.81
2023/4/13 11:18,1681355927,cc-cc408-hya,data-node-10,9.9.2.157,elasticsearch_os_load5,5.04
2023/4/13 11:19,1681355987,cc-cc408-hya,data-node-10,9.9.2.157,elasticsearch_os_load5,4.76
2023/4/13 11:20,1681356047,cc-cc408-hya,data-node-10,9.9.2.157,elasticsearch_os_load5,4.74
2023/4/13 11:21,1681356107,cc-cc408-hya,data-node-10,9.9.2.157,elasticsearch_os_load5,5.05
2023/4/13 11:22,1681356167,cc-cc408-hya,data-node-10,9.9.2.157,elasticsearch_os_load5,5.5
2023/4/13 11:23,1681356227,cc-cc408-hya,data-node-10,9.9.2.157,elasticsearch_os_load5,5.72
2023/4/13 11:24,1681356287,cc-cc408-hya,data-node-10,9.9.2.157,elasticsearch_os_load5,6.04
2023/4/13 11:25,1681356347,cc-cc408-hya,data-node-10,9.9.2.157,elasticsearch_os_load5,5.43
2023/4/13 11:26,1681356407,cc-cc408-hya,data-node-10,9.9.2.157,elasticsearch_os_load5,5.2
2023/4/13 11:27,1681356467,cc-cc408-hya,data-node-10,9.9.2.157,elasticsearch_os_load5,5.25
2023/4/13 11:28,1681356527,cc-cc408-hya,data-node-10,9.9.2.157,elasticsearch_os_load5,5.8
2023/4/13 11:29,1681356587,cc-cc408-hya,data-node-10,9.9.2.157,elasticsearch_os_load5,6.18
2023/4/13 11:30,1681356647,cc-cc408-hya,data-node-10,9.9.2.157,elasticsearch_os_load5,5.75
2023/4/13 11:31,1681356707,cc-cc408-hya,data-node-10,9.9.2.157,elasticsearch_os_load5,5.45
2023/4/13 11:32,1681356767,cc-cc408-hya,data-node-10,9.9.2.157,elasticsearch_os_load5,5.23
2023/4/13 11:33,1681356827,cc-cc408-hya,data-node-10,9.9.2.157,elasticsearch_os_load5,4.87
2023/4/13 11:34,1681356887,cc-cc408-hya,data-node-10,9.9.2.157,elasticsearch_os_load5,4.79
2023/4/13 11:35,1681356947,cc-cc408-hya,data-node-10,9.9.2.157,elasticsearch_os_load5,5.02
2023/4/13 11:36,1681357007,cc-cc408-hya,data-node-10,9.9.2.157,elasticsearch_os_load5,4.72
2023/4/13 11:37,1681357067,cc-cc408-hya,data-node-10,9.9.2.157,elasticsearch_os_load5,4.59
2023/4/13 11:38,1681357127,cc-cc408-hya,data-node-10,9.9.2.157,elasticsearch_os_load5,5.43
2023/4/13 11:39,1681357187,cc-cc408-hya,data-node-10,9.9.2.157,elasticsearch_os_load5,5.05
2023/4/13 11:40,1681357247,cc-cc408-hya,data-node-10,9.9.2.157,elasticsearch_os_load5,4.68
2023/4/13 11:41,1681357307,cc-cc408-hya,data-node-10,9.9.2.157,elasticsearch_os_load5,4.72
2023/4/13 11:42,1681357367,cc-cc408-hya,data-node-10,9.9.2.157,elasticsearch_os_load5,4.67
2023/4/13 11:43,1681357427,cc-cc408-hya,data-node-10,9.9.2.157,elasticsearch_os_load5,4.78
2023/4/13 11:44,1681357487,cc-cc408-hya,data-node-10,9.9.2.157,elasticsearch_os_load5,4.65
2023/4/13 11:45,1681357547,cc-cc408-hya,data-node-10,9.9.2.157,elasticsearch_os_load5,4.51
2023/4/13 11:46,1681357607,cc-cc408-hya,data-node-10,9.9.2.157,elasticsearch_os_load5,4.99
2023/4/13 11:47,1681357667,cc-cc408-hya,data-node-10,9.9.2.157,elasticsearch_os_load5,4.97
2023/4/13 11:48,1681357727,cc-cc408-hya,data-node-10,9.9.2.157,elasticsearch_os_load5,5.37
2023/4/13 11:49,1681357787,cc-cc408-hya,data-node-10,9.9.2.157,elasticsearch_os_load5,5
2023/4/13 11:50,1681357847,cc-cc408-hya,data-node-10,9.9.2.157,elasticsearch_os_load5,4.91
2023/4/13 11:51,1681357907,cc-cc408-hya,data-node-10,9.9.2.157,elasticsearch_os_load5,5.16
2023/4/13 11:52,1681357967,cc-cc408-hya,data-node-10,9.9.2.157,elasticsearch_os_load5,5.09
2023/4/13 11:53,1681358027,cc-cc408-hya,data-node-10,9.9.2.157,elasticsearch_os_load5,5.13
2023/4/13 11:54,1681358087,cc-cc408-hya,data-node-10,9.9.2.157,elasticsearch_os_load5,5.35
2023/4/13 11:55,1681358147,cc-cc408-hya,data-node-10,9.9.2.157,elasticsearch_os_load5,5.23
2023/4/13 11:56,1681358207,cc-cc408-hya,data-node-10,9.9.2.157,elasticsearch_os_load5,5.31
2023/4/13 11:57,1681358267,cc-cc408-hya,data-node-10,9.9.2.157,elasticsearch_os_load5,5.11
2023/4/13 11:58,1681358327,cc-cc408-hya,data-node-10,9.9.2.157,elasticsearch_os_load5,4.96
2023/4/13 11:59,1681358387,cc-cc408-hya,data-node-10,9.9.2.157,elasticsearch_os_load5,4.87
2023/4/13 12:00,1681358447,cc-cc408-hya,data-node-10,9.9.2.157,elasticsearch_os_load5,5.19
2023/4/13 12:01,1681358507,cc-cc408-hya,data-node-10,9.9.2.157,elasticsearch_os_load5,4.94
2023/4/13 12:02,1681358567,cc-cc408-hya,data-node-10,9.9.2.157,elasticsearch_os_load5,4.77
2023/4/13 12:03,1681358627,cc-cc408-hya,data-node-10,9.9.2.157,elasticsearch_os_load5,4.44
2023/4/13 12:04,1681358687,cc-cc408-hya,data-node-10,9.9.2.157,elasticsearch_os_load5,4.27
2023/4/13 12:05,1681358747,cc-cc408-hya,data-node-10,9.9.2.157,elasticsearch_os_load5,4.19
2023/4/13 12:06,1681358807,cc-cc408-hya,data-node-10,9.9.2.157,elasticsearch_os_load5,4.17
2023/4/13 12:07,1681358867,cc-cc408-hya,data-node-10,9.9.2.157,elasticsearch_os_load5,4.05
2023/4/13 12:08,1681358927,cc-cc408-hya,data-node-10,9.9.2.157,elasticsearch_os_load5,3.9
2023/4/13 12:09,1681358987,cc-cc408-hya,data-node-10,9.9.2.157,elasticsearch_os_load5,3.63
2023/4/13 12:10,1681359047,cc-cc408-hya,data-node-10,9.9.2.157,elasticsearch_os_load5,3.48
2023/4/13 12:11,1681359107,cc-cc408-hya,data-node-10,9.9.2.157,elasticsearch_os_load5,3.69
2023/4/13 12:12,1681359167,cc-cc408-hya,data-node-10,9.9.2.157,elasticsearch_os_load5,3.48
2023/4/13 12:13,1681359227,cc-cc408-hya,data-node-10,9.9.2.157,elasticsearch_os_load5,3.39
2023/4/13 12:14,1681359287,cc-cc408-hya,data-node-10,9.9.2.157,elasticsearch_os_load5,3.31
2023/4/13 12:15,1681359347,cc-cc408-hya,data-node-10,9.9.2.157,elasticsearch_os_load5,3.2
2023/4/13 12:16,1681359407,cc-cc408-hya,data-node-10,9.9.2.157,elasticsearch_os_load5,3.39
2023/4/13 12:17,1681359467,cc-cc408-hya,data-node-10,9.9.2.157,elasticsearch_os_load5,3.23
2023/4/13 12:18,1681359527,cc-cc408-hya,data-node-10,9.9.2.157,elasticsearch_os_load5,3.14
2023/4/13 12:19,1681359587,cc-cc408-hya,data-node-10,9.9.2.157,elasticsearch_os_load5,3.14
2023/4/13 12:20,1681359647,cc-cc408-hya,data-node-10,9.9.2.157,elasticsearch_os_load5,3.18
2023/4/13 12:21,1681359707,cc-cc408-hya,data-node-10,9.9.2.157,elasticsearch_os_load5,3.03
2023/4/13 12:22,1681359767,cc-cc408-hya,data-node-10,9.9.2.157,elasticsearch_os_load5,2.97
2023/4/13 12:23,1681359827,cc-cc408-hya,data-node-10,9.9.2.157,elasticsearch_os_load5,3.55
2023/4/13 12:24,1681359887,cc-cc408-hya,data-node-10,9.9.2.157,elasticsearch_os_load5,3.7
2023/4/13 12:25,1681359947,cc-cc408-hya,data-node-10,9.9.2.157,elasticsearch_os_load5,3.54
2023/4/13 12:26,1681360007,cc-cc408-hya,data-node-10,9.9.2.157,elasticsearch_os_load5,3.45
2023/4/13 12:27,1681360067,cc-cc408-hya,data-node-10,9.9.2.157,elasticsearch_os_load5,3.37
2023/4/13 12:28,1681360127,cc-cc408-hya,data-node-10,9.9.2.157,elasticsearch_os_load5,3.4
2023/4/13 12:29,1681360187,cc-cc408-hya,data-node-10,9.9.2.157,elasticsearch_os_load5,3.17
2023/4/13 12:30,1681360247,cc-cc408-hya,data-node-10,9.9.2.157,elasticsearch_os_load5,2.99
2023/4/13 12:31,1681360307,cc-cc408-hya,data-node-10,9.9.2.157,elasticsearch_os_load5,2.71
2023/4/13 12:32,1681360367,cc-cc408-hya,data-node-10,9.9.2.157,elasticsearch_os_load5,2.62
2023/4/13 12:33,1681360427,cc-cc408-hya,data-node-10,9.9.2.157,elasticsearch_os_load5,2.63
2023/4/13 12:34,1681360487,cc-cc408-hya,data-node-10,9.9.2.157,elasticsearch_os_load5,2.58
2023/4/13 12:35,1681360547,cc-cc408-hya,data-node-10,9.9.2.157,elasticsearch_os_load5,2.63
2023/4/13 12:36,1681360607,cc-cc408-hya,data-node-10,9.9.2.157,elasticsearch_os_load5,2.56
2023/4/13 12:37,1681360667,cc-cc408-hya,data-node-10,9.9.2.157,elasticsearch_os_load5,2.4
2023/4/13 12:38,1681360727,cc-cc408-hya,data-node-10,9.9.2.157,elasticsearch_os_load5,2.23
2023/4/13 12:39,1681360787,cc-cc408-hya,data-node-10,9.9.2.157,elasticsearch_os_load5,2.27
2023/4/13 12:40,1681360847,cc-cc408-hya,data-node-10,9.9.2.157,elasticsearch_os_load5,2.21
2023/4/13 12:41,1681360907,cc-cc408-hya,data-node-10,9.9.2.157,elasticsearch_os_load5,2.2
2023/4/13 12:42,1681360967,cc-cc408-hya,data-node-10,9.9.2.157,elasticsearch_os_load5,2.29
2023/4/13 12:43,1681361027,cc-cc408-hya,data-node-10,9.9.2.157,elasticsearch_os_load5,2.51
2023/4/13 12:44,1681361087,cc-cc408-hya,data-node-10,9.9.2.157,elasticsearch_os_load5,2.42
2023/4/13 12:45,1681361147,cc-cc408-hya,data-node-10,9.9.2.157,elasticsearch_os_load5,2.44
2023/4/13 12:46,1681361207,cc-cc408-hya,data-node-10,9.9.2.157,elasticsearch_os_load5,2.56
2023/4/13 12:47,1681361267,cc-cc408-hya,data-node-10,9.9.2.157,elasticsearch_os_load5,2.79
2023/4/13 12:48,1681361327,cc-cc408-hya,data-node-10,9.9.2.157,elasticsearch_os_load5,2.86
2023/4/13 12:49,1681361387,cc-cc408-hya,data-node-10,9.9.2.157,elasticsearch_os_load5,2.95
2023/4/13 12:50,1681361447,cc-cc408-hya,data-node-10,9.9.2.157,elasticsearch_os_load5,2.94
2023/4/13 12:51,1681361507,cc-cc408-hya,data-node-10,9.9.2.157,elasticsearch_os_load5,2.77
2023/4/13 12:52,1681361567,cc-cc408-hya,data-node-10,9.9.2.157,elasticsearch_os_load5,2.59
2023/4/13 12:53,1681361627,cc-cc408-hya,data-node-10,9.9.2.157,elasticsearch_os_load5,2.82
2023/4/13 12:54,1681361687,cc-cc408-hya,data-node-10,9.9.2.157,elasticsearch_os_load5,3.34
2023/4/13 12:55,1681361747,cc-cc408-hya,data-node-10,9.9.2.157,elasticsearch_os_load5,3.13
2023/4/13 12:56,1681361807,cc-cc408-hya,data-node-10,9.9.2.157,elasticsearch_os_load5,3.23
2023/4/13 12:57,1681361867,cc-cc408-hya,data-node-10,9.9.2.157,elasticsearch_os_load5,3.22
2023/4/13 12:58,1681361927,cc-cc408-hya,data-node-10,9.9.2.157,elasticsearch_os_load5,3.34
2023/4/13 12:59,1681361987,cc-cc408-hya,data-node-10,9.9.2.157,elasticsearch_os_load5,3.19
2023/4/13 13:00,1681362047,cc-cc408-hya,data-node-10,9.9.2.157,elasticsearch_os_load5,2.98
2023/4/13 13:01,1681362107,cc-cc408-hya,data-node-10,9.9.2.157,elasticsearch_os_load5,2.81
2023/4/13 13:02,1681362167,cc-cc408-hya,data-node-10,9.9.2.157,elasticsearch_os_load5,2.78
2023/4/13 13:03,1681362227,cc-cc408-hya,data-node-10,9.9.2.157,elasticsearch_os_load5,2.53
2023/4/13 13:04,1681362287,cc-cc408-hya,data-node-10,9.9.2.157,elasticsearch_os_load5,2.46
2023/4/13 13:05,1681362347,cc-cc408-hya,data-node-10,9.9.2.157,elasticsearch_os_load5,2.65
2023/4/13 13:06,1681362407,cc-cc408-hya,data-node-10,9.9.2.157,elasticsearch_os_load5,2.82
2023/4/13 13:07,1681362467,cc-cc408-hya,data-node-10,9.9.2.157,elasticsearch_os_load5,2.77
2023/4/13 13:08,1681362527,cc-cc408-hya,data-node-10,9.9.2.157,elasticsearch_os_load5,2.58
2023/4/13 13:09,1681362587,cc-cc408-hya,data-node-10,9.9.2.157,elasticsearch_os_load5,2.79
2023/4/13 13:10,1681362647,cc-cc408-hya,data-node-10,9.9.2.157,elasticsearch_os_load5,2.89
2023/4/13 13:11,1681362707,cc-cc408-hya,data-node-10,9.9.2.157,elasticsearch_os_load5,2.78
2023/4/13 13:12,1681362767,cc-cc408-hya,data-node-10,9.9.2.157,elasticsearch_os_load5,2.65
2023/4/13 13:13,1681362827,cc-cc408-hya,data-node-10,9.9.2.157,elasticsearch_os_load5,2.53
2023/4/13 13:14,1681362887,cc-cc408-hya,data-node-10,9.9.2.157,elasticsearch_os_load5,2.53
2023/4/13 13:15,1681362947,cc-cc408-hya,data-node-10,9.9.2.157,elasticsearch_os_load5,2.43
2023/4/13 13:16,1681363007,cc-cc408-hya,data-node-10,9.9.2.157,elasticsearch_os_load5,2.46
2023/4/13 13:17,1681363067,cc-cc408-hya,data-node-10,9.9.2.157,elasticsearch_os_load5,2.32
2023/4/13 13:18,1681363127,cc-cc408-hya,data-node-10,9.9.2.157,elasticsearch_os_load5,2.46
2023/4/13 13:19,1681363187,cc-cc408-hya,data-node-10,9.9.2.157,elasticsearch_os_load5,2.81
2023/4/13 13:20,1681363247,cc-cc408-hya,data-node-10,9.9.2.157,elasticsearch_os_load5,2.62
2023/4/13 13:21,1681363307,cc-cc408-hya,data-node-10,9.9.2.157,elasticsearch_os_load5,2.63
2023/4/13 13:22,1681363367,cc-cc408-hya,data-node-10,9.9.2.157,elasticsearch_os_load5,2.67
2023/4/13 13:23,1681363427,cc-cc408-hya,data-node-10,9.9.2.157,elasticsearch_os_load5,2.66
2023/4/13 13:24,1681363487,cc-cc408-hya,data-node-10,9.9.2.157,elasticsearch_os_load5,2.71
2023/4/13 13:25,1681363547,cc-cc408-hya,data-node-10,9.9.2.157,elasticsearch_os_load5,2.61
2023/4/13 13:26,1681363607,cc-cc408-hya,data-node-10,9.9.2.157,elasticsearch_os_load5,2.52
2023/4/13 13:27,1681363667,cc-cc408-hya,data-node-10,9.9.2.157,elasticsearch_os_load5,2.49
2023/4/13 13:28,1681363727,cc-cc408-hya,data-node-10,9.9.2.157,elasticsearch_os_load5,2.77
2023/4/13 13:29,1681363787,cc-cc408-hya,data-node-10,9.9.2.157,elasticsearch_os_load5,3
2023/4/13 13:30,1681363847,cc-cc408-hya,data-node-10,9.9.2.157,elasticsearch_os_load5,2.94
2023/4/13 13:31,1681363907,cc-cc408-hya,data-node-10,9.9.2.157,elasticsearch_os_load5,3.06
2023/4/13 13:32,1681363967,cc-cc408-hya,data-node-10,9.9.2.157,elasticsearch_os_load5,3.15
2023/4/13 13:33,1681364027,cc-cc408-hya,data-node-10,9.9.2.157,elasticsearch_os_load5,3.09
2023/4/13 13:34,1681364087,cc-cc408-hya,data-node-10,9.9.2.157,elasticsearch_os_load5,3.16
2023/4/13 13:35,1681364147,cc-cc408-hya,data-node-10,9.9.2.157,elasticsearch_os_load5,3.12
2023/4/13 13:36,1681364207,cc-cc408-hya,data-node-10,9.9.2.157,elasticsearch_os_load5,3.37
2023/4/13 13:37,1681364267,cc-cc408-hya,data-node-10,9.9.2.157,elasticsearch_os_load5,3.44
2023/4/13 13:38,1681364327,cc-cc408-hya,data-node-10,9.9.2.157,elasticsearch_os_load5,3.21
2023/4/13 13:39,1681364387,cc-cc408-hya,data-node-10,9.9.2.157,elasticsearch_os_load5,3.49
2023/4/13 13:40,1681364447,cc-cc408-hya,data-node-10,9.9.2.157,elasticsearch_os_load5,3.36
2023/4/13 13:41,1681364507,cc-cc408-hya,data-node-10,9.9.2.157,elasticsearch_os_load5,3.13
2023/4/13 13:42,1681364567,cc-cc408-hya,data-node-10,9.9.2.157,elasticsearch_os_load5,3
2023/4/13 13:43,1681364627,cc-cc408-hya,data-node-10,9.9.2.157,elasticsearch_os_load5,2.97
2023/4/13 13:44,1681364687,cc-cc408-hya,data-node-10,9.9.2.157,elasticsearch_os_load5,3.07
2023/4/13 13:45,1681364747,cc-cc408-hya,data-node-10,9.9.2.157,elasticsearch_os_load5,3.15
2023/4/13 13:46,1681364807,cc-cc408-hya,data-node-10,9.9.2.157,elasticsearch_os_load5,3.06
2023/4/13 13:47,1681364867,cc-cc408-hya,data-node-10,9.9.2.157,elasticsearch_os_load5,3.25
2023/4/13 13:48,1681364927,cc-cc408-hya,data-node-10,9.9.2.157,elasticsearch_os_load5,3.4
2023/4/13 13:49,1681364987,cc-cc408-hya,data-node-10,9.9.2.157,elasticsearch_os_load5,3.44
2023/4/13 13:50,1681365047,cc-cc408-hya,data-node-10,9.9.2.157,elasticsearch_os_load5,3.36
2023/4/13 13:51,1681365107,cc-cc408-hya,data-node-10,9.9.2.157,elasticsearch_os_load5,3.33
2023/4/13 13:52,1681365167,cc-cc408-hya,data-node-10,9.9.2.157,elasticsearch_os_load5,3.28
2023/4/13 13:53,1681365227,cc-cc408-hya,data-node-10,9.9.2.157,elasticsearch_os_load5,3.23
2023/4/13 13:54,1681365287,cc-cc408-hya,data-node-10,9.9.2.157,elasticsearch_os_load5,3.11
2023/4/13 13:55,1681365347,cc-cc408-hya,data-node-10,9.9.2.157,elasticsearch_os_load5,3.28
2023/4/13 13:56,1681365407,cc-cc408-hya,data-node-10,9.9.2.157,elasticsearch_os_load5,3.14
2023/4/13 13:57,1681365467,cc-cc408-hya,data-node-10,9.9.2.157,elasticsearch_os_load5,2.99
2023/4/13 13:58,1681365527,cc-cc408-hya,data-node-10,9.9.2.157,elasticsearch_os_load5,3.22
2023/4/13 13:59,1681365587,cc-cc408-hya,data-node-10,9.9.2.157,elasticsearch_os_load5,3.19
2023/4/13 14:00,1681365647,cc-cc408-hya,data-node-10,9.9.2.157,elasticsearch_os_load5,3.15
2023/4/13 14:01,1681365707,cc-cc408-hya,data-node-10,9.9.2.157,elasticsearch_os_load5,3.32
2023/4/13 14:02,1681365767,cc-cc408-hya,data-node-10,9.9.2.157,elasticsearch_os_load5,3.47
2023/4/13 14:03,1681365827,cc-cc408-hya,data-node-10,9.9.2.157,elasticsearch_os_load5,3.7
2023/4/13 14:04,1681365887,cc-cc408-hya,data-node-10,9.9.2.157,elasticsearch_os_load5,3.85
2023/4/13 14:05,1681365947,cc-cc408-hya,data-node-10,9.9.2.157,elasticsearch_os_load5,3.94
2023/4/13 14:06,1681366007,cc-cc408-hya,data-node-10,9.9.2.157,elasticsearch_os_load5,3.74
2023/4/13 14:07,1681366067,cc-cc408-hya,data-node-10,9.9.2.157,elasticsearch_os_load5,3.66
2023/4/13 14:08,1681366127,cc-cc408-hya,data-node-10,9.9.2.157,elasticsearch_os_load5,3.57
2023/4/13 14:09,1681366187,cc-cc408-hya,data-node-10,9.9.2.157,elasticsearch_os_load5,4.15
2023/4/13 14:10,1681366247,cc-cc408-hya,data-node-10,9.9.2.157,elasticsearch_os_load5,4.22
2023/4/13 14:11,1681366307,cc-cc408-hya,data-node-10,9.9.2.157,elasticsearch_os_load5,4.37
2023/4/13 14:12,1681366367,cc-cc408-hya,data-node-10,9.9.2.157,elasticsearch_os_load5,4.33
2023/4/13 14:13,1681366427,cc-cc408-hya,data-node-10,9.9.2.157,elasticsearch_os_load5,4.41
2023/4/13 14:14,1681366487,cc-cc408-hya,data-node-10,9.9.2.157,elasticsearch_os_load5,4.73
2023/4/13 14:15,1681366547,cc-cc408-hya,data-node-10,9.9.2.157,elasticsearch_os_load5,4.68
2023/4/13 14:16,1681366607,cc-cc408-hya,data-node-10,9.9.2.157,elasticsearch_os_load5,4.44
2023/4/13 14:17,1681366667,cc-cc408-hya,data-node-10,9.9.2.157,elasticsearch_os_load5,4.63
2023/4/13 14:18,1681366727,cc-cc408-hya,data-node-10,9.9.2.157,elasticsearch_os_load5,5.18
2023/4/13 14:19,1681366787,cc-cc408-hya,data-node-10,9.9.2.157,elasticsearch_os_load5,5.03
2023/4/13 14:20,1681366847,cc-cc408-hya,data-node-10,9.9.2.157,elasticsearch_os_load5,4.8
2023/4/13 14:21,1681366907,cc-cc408-hya,data-node-10,9.9.2.157,elasticsearch_os_load5,4.7
2023/4/13 14:22,1681366967,cc-cc408-hya,data-node-10,9.9.2.157,elasticsearch_os_load5,4.45
2023/4/13 14:23,1681367027,cc-cc408-hya,data-node-10,9.9.2.157,elasticsearch_os_load5,4.41
2023/4/13 14:24,1681367087,cc-cc408-hya,data-node-10,9.9.2.157,elasticsearch_os_load5,4.46
2023/4/13 14:25,1681367147,cc-cc408-hya,data-node-10,9.9.2.157,elasticsearch_os_load5,3.87
2023/4/13 14:26,1681367207,cc-cc408-hya,data-node-10,9.9.2.157,elasticsearch_os_load5,3.98
2023/4/13 14:27,1681367267,cc-cc408-hya,data-node-10,9.9.2.157,elasticsearch_os_load5,4.15
2023/4/13 14:28,1681367327,cc-cc408-hya,data-node-10,9.9.2.157,elasticsearch_os_load5,4.22
2023/4/13 14:29,1681367387,cc-cc408-hya,data-node-10,9.9.2.157,elasticsearch_os_load5,4.68
2023/4/13 14:30,1681367447,cc-cc408-hya,data-node-10,9.9.2.157,elasticsearch_os_load5,4.65
2023/4/13 14:31,1681367507,cc-cc408-hya,data-node-10,9.9.2.157,elasticsearch_os_load5,4.47
2023/4/13 14:32,1681367567,cc-cc408-hya,data-node-10,9.9.2.157,elasticsearch_os_load5,4.44
2023/4/13 14:33,1681367627,cc-cc408-hya,data-node-10,9.9.2.157,elasticsearch_os_load5,4.83
2023/4/13 14:34,1681367687,cc-cc408-hya,data-node-10,9.9.2.157,elasticsearch_os_load5,5.05
2023/4/13 14:35,1681367747,cc-cc408-hya,data-node-10,9.9.2.157,elasticsearch_os_load5,5.01
2023/4/13 14:36,1681367807,cc-cc408-hya,data-node-10,9.9.2.157,elasticsearch_os_load5,4.85
2023/4/13 14:37,1681367867,cc-cc408-hya,data-node-10,9.9.2.157,elasticsearch_os_load5,4.83
2023/4/13 14:38,1681367927,cc-cc408-hya,data-node-10,9.9.2.157,elasticsearch_os_load5,4.59
2023/4/13 14:39,1681367987,cc-cc408-hya,data-node-10,9.9.2.157,elasticsearch_os_load5,4.71
2023/4/13 14:40,1681368047,cc-cc408-hya,data-node-10,9.9.2.157,elasticsearch_os_load5,4.53
2023/4/13 14:41,1681368107,cc-cc408-hya,data-node-10,9.9.2.157,elasticsearch_os_load5,4.27
2023/4/13 14:42,1681368167,cc-cc408-hya,data-node-10,9.9.2.157,elasticsearch_os_load5,4.43
2023/4/13 14:43,1681368227,cc-cc408-hya,data-node-10,9.9.2.157,elasticsearch_os_load5,4.25
2023/4/13 14:44,1681368287,cc-cc408-hya,data-node-10,9.9.2.157,elasticsearch_os_load5,4.45
2023/4/13 14:45,1681368347,cc-cc408-hya,data-node-10,9.9.2.157,elasticsearch_os_load5,4.35
2023/4/13 14:46,1681368407,cc-cc408-hya,data-node-10,9.9.2.157,elasticsearch_os_load5,4.2
2023/4/13 14:47,1681368467,cc-cc408-hya,data-node-10,9.9.2.157,elasticsearch_os_load5,4.18
2023/4/13 14:48,1681368527,cc-cc408-hya,data-node-10,9.9.2.157,elasticsearch_os_load5,4.82
2023/4/13 14:49,1681368587,cc-cc408-hya,data-node-10,9.9.2.157,elasticsearch_os_load5,4.77
2023/4/13 14:50,1681368647,cc-cc408-hya,data-node-10,9.9.2.157,elasticsearch_os_load5,4.64
2023/4/13 14:51,1681368707,cc-cc408-hya,data-node-10,9.9.2.157,elasticsearch_os_load5,4.8
2023/4/13 14:52,1681368767,cc-cc408-hya,data-node-10,9.9.2.157,elasticsearch_os_load5,5.19
2023/4/13 14:53,1681368827,cc-cc408-hya,data-node-10,9.9.2.157,elasticsearch_os_load5,5.14
2023/4/13 14:54,1681368887,cc-cc408-hya,data-node-10,9.9.2.157,elasticsearch_os_load5,4.96
2023/4/13 14:55,1681368947,cc-cc408-hya,data-node-10,9.9.2.157,elasticsearch_os_load5,4.93
2023/4/13 14:56,1681369007,cc-cc408-hya,data-node-10,9.9.2.157,elasticsearch_os_load5,4.96
2023/4/13 14:57,1681369067,cc-cc408-hya,data-node-10,9.9.2.157,elasticsearch_os_load5,5.13
2023/4/13 14:58,1681369127,cc-cc408-hya,data-node-10,9.9.2.157,elasticsearch_os_load5,4.99
2023/4/13 14:59,1681369187,cc-cc408-hya,data-node-10,9.9.2.157,elasticsearch_os_load5,5.2
2023/4/13 15:00,1681369247,cc-cc408-hya,data-node-10,9.9.2.157,elasticsearch_os_load5,5.06
2023/4/13 15:01,1681369307,cc-cc408-hya,data-node-10,9.9.2.157,elasticsearch_os_load5,4.81
2023/4/13 15:02,1681369367,cc-cc408-hya,data-node-10,9.9.2.157,elasticsearch_os_load5,4.54
2023/4/13 15:03,1681369427,cc-cc408-hya,data-node-10,9.9.2.157,elasticsearch_os_load5,4.48
2023/4/13 15:04,1681369487,cc-cc408-hya,data-node-10,9.9.2.157,elasticsearch_os_load5,4.62
2023/4/13 15:05,1681369547,cc-cc408-hya,data-node-10,9.9.2.157,elasticsearch_os_load5,4.9
2023/4/13 15:06,1681369607,cc-cc408-hya,data-node-10,9.9.2.157,elasticsearch_os_load5,5.01
2023/4/13 15:07,1681369667,cc-cc408-hya,data-node-10,9.9.2.157,elasticsearch_os_load5,5.09
2023/4/13 15:08,1681369727,cc-cc408-hya,data-node-10,9.9.2.157,elasticsearch_os_load5,5.01
2023/4/13 15:09,1681369787,cc-cc408-hya,data-node-10,9.9.2.157,elasticsearch_os_load5,5.16
2023/4/13 15:10,1681369847,cc-cc408-hya,data-node-10,9.9.2.157,elasticsearch_os_load5,5.01
2023/4/13 15:11,1681369907,cc-cc408-hya,data-node-10,9.9.2.157,elasticsearch_os_load5,4.84
2023/4/13 15:12,1681369967,cc-cc408-hya,data-node-10,9.9.2.157,elasticsearch_os_load5,5.01
2023/4/13 15:13,1681370027,cc-cc408-hya,data-node-10,9.9.2.157,elasticsearch_os_load5,5.1
2023/4/13 15:14,1681370087,cc-cc408-hya,data-node-10,9.9.2.157,elasticsearch_os_load5,4.9
2023/4/13 15:15,1681370147,cc-cc408-hya,data-node-10,9.9.2.157,elasticsearch_os_load5,5.08
2023/4/13 15:16,1681370207,cc-cc408-hya,data-node-10,9.9.2.157,elasticsearch_os_load5,4.92
2023/4/13 15:17,1681370267,cc-cc408-hya,data-node-10,9.9.2.157,elasticsearch_os_load5,5.17
2023/4/13 15:18,1681370327,cc-cc408-hya,data-node-10,9.9.2.157,elasticsearch_os_load5,5.11
2023/4/13 15:19,1681370387,cc-cc408-hya,data-node-10,9.9.2.157,elasticsearch_os_load5,4.91
2023/4/13 15:20,1681370447,cc-cc408-hya,data-node-10,9.9.2.157,elasticsearch_os_load5,4.77
2023/4/13 15:21,1681370507,cc-cc408-hya,data-node-10,9.9.2.157,elasticsearch_os_load5,4.97
2023/4/13 15:22,1681370567,cc-cc408-hya,data-node-10,9.9.2.157,elasticsearch_os_load5,4.64
2023/4/13 15:23,1681370627,cc-cc408-hya,data-node-10,9.9.2.157,elasticsearch_os_load5,4.37
2023/4/13 15:24,1681370687,cc-cc408-hya,data-node-10,9.9.2.157,elasticsearch_os_load5,4.39
2023/4/13 15:25,1681370747,cc-cc408-hya,data-node-10,9.9.2.157,elasticsearch_os_load5,4.46
2023/4/13 15:26,1681370807,cc-cc408-hya,data-node-10,9.9.2.157,elasticsearch_os_load5,4.57
2023/4/13 15:27,1681370867,cc-cc408-hya,data-node-10,9.9.2.157,elasticsearch_os_load5,4.78
2023/4/13 15:28,1681370927,cc-cc408-hya,data-node-10,9.9.2.157,elasticsearch_os_load5,4.49
2023/4/13 15:29,1681370987,cc-cc408-hya,data-node-10,9.9.2.157,elasticsearch_os_load5,4.3
2023/4/13 15:30,1681371047,cc-cc408-hya,data-node-10,9.9.2.157,elasticsearch_os_load5,4.82
2023/4/13 15:31,1681371107,cc-cc408-hya,data-node-10,9.9.2.157,elasticsearch_os_load5,5.12
2023/4/13 15:32,1681371167,cc-cc408-hya,data-node-10,9.9.2.157,elasticsearch_os_load5,5.22
2023/4/13 15:33,1681371227,cc-cc408-hya,data-node-10,9.9.2.157,elasticsearch_os_load5,5.37
2023/4/13 15:34,1681371287,cc-cc408-hya,data-node-10,9.9.2.157,elasticsearch_os_load5,5.22
2023/4/13 15:35,1681371347,cc-cc408-hya,data-node-10,9.9.2.157,elasticsearch_os_load5,5.19
2023/4/13 15:36,1681371407,cc-cc408-hya,data-node-10,9.9.2.157,elasticsearch_os_load5,5.05
2023/4/13 15:37,1681371467,cc-cc408-hya,data-node-10,9.9.2.157,elasticsearch_os_load5,5.26
2023/4/13 15:38,1681371527,cc-cc408-hya,data-node-10,9.9.2.157,elasticsearch_os_load5,5.4
2023/4/13 15:39,1681371587,cc-cc408-hya,data-node-10,9.9.2.157,elasticsearch_os_load5,5.3
2023/4/13 15:40,1681371647,cc-cc408-hya,data-node-10,9.9.2.157,elasticsearch_os_load5,5.21
2023/4/13 15:41,1681371707,cc-cc408-hya,data-node-10,9.9.2.157,elasticsearch_os_load5,5.24
2023/4/13 15:42,1681371767,cc-cc408-hya,data-node-10,9.9.2.157,elasticsearch_os_load5,5.22
2023/4/13 15:43,1681371827,cc-cc408-hya,data-node-10,9.9.2.157,elasticsearch_os_load5,5.44
2023/4/13 15:44,1681371887,cc-cc408-hya,data-node-10,9.9.2.157,elasticsearch_os_load5,5.22
2023/4/13 15:45,1681371947,cc-cc408-hya,data-node-10,9.9.2.157,elasticsearch_os_load5,5.35
2023/4/13 15:46,1681372007,cc-cc408-hya,data-node-10,9.9.2.157,elasticsearch_os_load5,5.98
2023/4/13 15:47,1681372067,cc-cc408-hya,data-node-10,9.9.2.157,elasticsearch_os_load5,5.87
2023/4/13 15:48,1681372127,cc-cc408-hya,data-node-10,9.9.2.157,elasticsearch_os_load5,5.66
2023/4/13 15:49,1681372187,cc-cc408-hya,data-node-10,9.9.2.157,elasticsearch_os_load5,5.71
2023/4/13 15:50,1681372247,cc-cc408-hya,data-node-10,9.9.2.157,elasticsearch_os_load5,5.23
2023/4/13 15:51,1681372307,cc-cc408-hya,data-node-10,9.9.2.157,elasticsearch_os_load5,4.91
2023/4/13 15:52,1681372367,cc-cc408-hya,data-node-10,9.9.2.157,elasticsearch_os_load5,4.6
2023/4/13 15:53,1681372427,cc-cc408-hya,data-node-10,9.9.2.157,elasticsearch_os_load5,5.02
2023/4/13 15:54,1681372487,cc-cc408-hya,data-node-10,9.9.2.157,elasticsearch_os_load5,4.97
2023/4/13 15:55,1681372547,cc-cc408-hya,data-node-10,9.9.2.157,elasticsearch_os_load5,4.84
2023/4/13 15:56,1681372607,cc-cc408-hya,data-node-10,9.9.2.157,elasticsearch_os_load5,4.69
2023/4/13 15:57,1681372667,cc-cc408-hya,data-node-10,9.9.2.157,elasticsearch_os_load5,4.65
2023/4/13 15:58,1681372727,cc-cc408-hya,data-node-10,9.9.2.157,elasticsearch_os_load5,5.02
2023/4/13 15:59,1681372787,cc-cc408-hya,data-node-10,9.9.2.157,elasticsearch_os_load5,4.98
2023/4/13 16:00,1681372847,cc-cc408-hya,data-node-10,9.9.2.157,elasticsearch_os_load5,5.16
2023/4/13 16:01,1681372907,cc-cc408-hya,data-node-10,9.9.2.157,elasticsearch_os_load5,5.41
2023/4/13 16:02,1681372967,cc-cc408-hya,data-node-10,9.9.2.157,elasticsearch_os_load5,5.58
2023/4/13 16:03,1681373027,cc-cc408-hya,data-node-10,9.9.2.157,elasticsearch_os_load5,5.6
2023/4/13 16:04,1681373087,cc-cc408-hya,data-node-10,9.9.2.157,elasticsearch_os_load5,5.78
2023/4/13 16:05,1681373147,cc-cc408-hya,data-node-10,9.9.2.157,elasticsearch_os_load5,5.74
2023/4/13 16:06,1681373207,cc-cc408-hya,data-node-10,9.9.2.157,elasticsearch_os_load5,6.35
2023/4/13 16:07,1681373267,cc-cc408-hya,data-node-10,9.9.2.157,elasticsearch_os_load5,6.43
2023/4/13 16:08,1681373327,cc-cc408-hya,data-node-10,9.9.2.157,elasticsearch_os_load5,5.95
2023/4/13 16:09,1681373387,cc-cc408-hya,data-node-10,9.9.2.157,elasticsearch_os_load5,6.03
2023/4/13 16:10,1681373447,cc-cc408-hya,data-node-10,9.9.2.157,elasticsearch_os_load5,5.87
2023/4/13 16:11,1681373507,cc-cc408-hya,data-node-10,9.9.2.157,elasticsearch_os_load5,5.78
2023/4/13 16:12,1681373567,cc-cc408-hya,data-node-10,9.9.2.157,elasticsearch_os_load5,5.76
2023/4/13 16:13,1681373627,cc-cc408-hya,data-node-10,9.9.2.157,elasticsearch_os_load5,5.9
2023/4/13 16:14,1681373687,cc-cc408-hya,data-node-10,9.9.2.157,elasticsearch_os_load5,5.91
2023/4/13 16:15,1681373747,cc-cc408-hya,data-node-10,9.9.2.157,elasticsearch_os_load5,6.26
2023/4/13 16:16,1681373807,cc-cc408-hya,data-node-10,9.9.2.157,elasticsearch_os_load5,6.11
2023/4/13 16:17,1681373867,cc-cc408-hya,data-node-10,9.9.2.157,elasticsearch_os_load5,5.9
2023/4/13 16:18,1681373927,cc-cc408-hya,data-node-10,9.9.2.157,elasticsearch_os_load5,5.7
2023/4/13 16:19,1681373987,cc-cc408-hya,data-node-10,9.9.2.157,elasticsearch_os_load5,5.92
2023/4/13 16:20,1681374047,cc-cc408-hya,data-node-10,9.9.2.157,elasticsearch_os_load5,6.04
2023/4/13 16:21,1681374107,cc-cc408-hya,data-node-10,9.9.2.157,elasticsearch_os_load5,6.1
2023/4/13 16:22,1681374167,cc-cc408-hya,data-node-10,9.9.2.157,elasticsearch_os_load5,5.93
2023/4/13 16:23,1681374227,cc-cc408-hya,data-node-10,9.9.2.157,elasticsearch_os_load5,5.71
2023/4/13 16:24,1681374287,cc-cc408-hya,data-node-10,9.9.2.157,elasticsearch_os_load5,5.6
2023/4/13 16:25,1681374347,cc-cc408-hya,data-node-10,9.9.2.157,elasticsearch_os_load5,5.34
2023/4/13 16:26,1681374407,cc-cc408-hya,data-node-10,9.9.2.157,elasticsearch_os_load5,5.14
2023/4/13 16:27,1681374467,cc-cc408-hya,data-node-10,9.9.2.157,elasticsearch_os_load5,5.16
2023/4/13 16:28,1681374527,cc-cc408-hya,data-node-10,9.9.2.157,elasticsearch_os_load5,5.1
2023/4/13 16:29,1681374587,cc-cc408-hya,data-node-10,9.9.2.157,elasticsearch_os_load5,4.99
2023/4/13 16:30,1681374647,cc-cc408-hya,data-node-10,9.9.2.157,elasticsearch_os_load5,5.26
2023/4/13 16:31,1681374707,cc-cc408-hya,data-node-10,9.9.2.157,elasticsearch_os_load5,5.76
2023/4/13 16:32,1681374767,cc-cc408-hya,data-node-10,9.9.2.157,elasticsearch_os_load5,5.94
2023/4/13 16:33,1681374827,cc-cc408-hya,data-node-10,9.9.2.157,elasticsearch_os_load5,5.89
2023/4/13 16:34,1681374887,cc-cc408-hya,data-node-10,9.9.2.157,elasticsearch_os_load5,5.73
2023/4/13 16:35,1681374947,cc-cc408-hya,data-node-10,9.9.2.157,elasticsearch_os_load5,6.69
2023/4/13 16:36,1681375007,cc-cc408-hya,data-node-10,9.9.2.157,elasticsearch_os_load5,6.79
2023/4/13 16:37,1681375067,cc-cc408-hya,data-node-10,9.9.2.157,elasticsearch_os_load5,6.24
2023/4/13 16:38,1681375127,cc-cc408-hya,data-node-10,9.9.2.157,elasticsearch_os_load5,6.14
2023/4/13 16:39,1681375187,cc-cc408-hya,data-node-10,9.9.2.157,elasticsearch_os_load5,6.14
2023/4/13 16:40,1681375247,cc-cc408-hya,data-node-10,9.9.2.157,elasticsearch_os_load5,6.12
2023/4/13 16:41,1681375307,cc-cc408-hya,data-node-10,9.9.2.157,elasticsearch_os_load5,5.93
2023/4/13 16:42,1681375367,cc-cc408-hya,data-node-10,9.9.2.157,elasticsearch_os_load5,5.91
2023/4/13 16:43,1681375427,cc-cc408-hya,data-node-10,9.9.2.157,elasticsearch_os_load5,5.67
2023/4/13 16:44,1681375487,cc-cc408-hya,data-node-10,9.9.2.157,elasticsearch_os_load5,5.51
2023/4/13 16:45,1681375547,cc-cc408-hya,data-node-10,9.9.2.157,elasticsearch_os_load5,5.41
2023/4/13 16:46,1681375607,cc-cc408-hya,data-node-10,9.9.2.157,elasticsearch_os_load5,5.68
2023/4/13 16:47,1681375667,cc-cc408-hya,data-node-10,9.9.2.157,elasticsearch_os_load5,5.5
2023/4/13 16:48,1681375727,cc-cc408-hya,data-node-10,9.9.2.157,elasticsearch_os_load5,5.82
2023/4/13 16:49,1681375787,cc-cc408-hya,data-node-10,9.9.2.157,elasticsearch_os_load5,5.99
2023/4/13 16:50,1681375847,cc-cc408-hya,data-node-10,9.9.2.157,elasticsearch_os_load5,6.35
2023/4/13 16:51,1681375907,cc-cc408-hya,data-node-10,9.9.2.157,elasticsearch_os_load5,6.09
2023/4/13 16:52,1681375967,cc-cc408-hya,data-node-10,9.9.2.157,elasticsearch_os_load5,6.15
2023/4/13 16:53,1681376027,cc-cc408-hya,data-node-10,9.9.2.157,elasticsearch_os_load5,6.46
2023/4/13 16:54,1681376087,cc-cc408-hya,data-node-10,9.9.2.157,elasticsearch_os_load5,6.09
2023/4/13 16:55,1681376147,cc-cc408-hya,data-node-10,9.9.2.157,elasticsearch_os_load5,5.74
2023/4/13 16:56,1681376207,cc-cc408-hya,data-node-10,9.9.2.157,elasticsearch_os_load5,5.58
2023/4/13 16:57,1681376267,cc-cc408-hya,data-node-10,9.9.2.157,elasticsearch_os_load5,5.68
2023/4/13 16:58,1681376327,cc-cc408-hya,data-node-10,9.9.2.157,elasticsearch_os_load5,5.8
2023/4/13 16:59,1681376387,cc-cc408-hya,data-node-10,9.9.2.157,elasticsearch_os_load5,5.71
2023/4/13 17:00,1681376447,cc-cc408-hya,data-node-10,9.9.2.157,elasticsearch_os_load5,6.04
2023/4/13 17:01,1681376507,cc-cc408-hya,data-node-10,9.9.2.157,elasticsearch_os_load5,6.3
2023/4/13 17:02,1681376567,cc-cc408-hya,data-node-10,9.9.2.157,elasticsearch_os_load5,6.48
2023/4/13 17:03,1681376627,cc-cc408-hya,data-node-10,9.9.2.157,elasticsearch_os_load5,6.63
2023/4/13 17:04,1681376687,cc-cc408-hya,data-node-10,9.9.2.157,elasticsearch_os_load5,6.51
2023/4/13 17:05,1681376747,cc-cc408-hya,data-node-10,9.9.2.157,elasticsearch_os_load5,6.33
2023/4/13 17:06,1681376807,cc-cc408-hya,data-node-10,9.9.2.157,elasticsearch_os_load5,6.09
2023/4/13 17:07,1681376867,cc-cc408-hya,data-node-10,9.9.2.157,elasticsearch_os_load5,5.97
2023/4/13 17:08,1681376927,cc-cc408-hya,data-node-10,9.9.2.157,elasticsearch_os_load5,6.07
2023/4/13 17:09,1681376987,cc-cc408-hya,data-node-10,9.9.2.157,elasticsearch_os_load5,5.92
2023/4/13 17:10,1681377047,cc-cc408-hya,data-node-10,9.9.2.157,elasticsearch_os_load5,5.85
2023/4/13 17:11,1681377107,cc-cc408-hya,data-node-10,9.9.2.157,elasticsearch_os_load5,5.84
2023/4/13 17:12,1681377167,cc-cc408-hya,data-node-10,9.9.2.157,elasticsearch_os_load5,5.86
2023/4/13 17:13,1681377227,cc-cc408-hya,data-node-10,9.9.2.157,elasticsearch_os_load5,5.9
2023/4/13 17:14,1681377287,cc-cc408-hya,data-node-10,9.9.2.157,elasticsearch_os_load5,6
2023/4/13 17:15,1681377347,cc-cc408-hya,data-node-10,9.9.2.157,elasticsearch_os_load5,5.91
2023/4/13 17:16,1681377407,cc-cc408-hya,data-node-10,9.9.2.157,elasticsearch_os_load5,5.74
2023/4/13 17:17,1681377467,cc-cc408-hya,data-node-10,9.9.2.157,elasticsearch_os_load5,5.91
2023/4/13 17:18,1681377527,cc-cc408-hya,data-node-10,9.9.2.157,elasticsearch_os_load5,5.99
2023/4/13 17:19,1681377587,cc-cc408-hya,data-node-10,9.9.2.157,elasticsearch_os_load5,6.44
2023/4/13 17:20,1681377647,cc-cc408-hya,data-node-10,9.9.2.157,elasticsearch_os_load5,6.6
2023/4/13 17:21,1681377707,cc-cc408-hya,data-node-10,9.9.2.157,elasticsearch_os_load5,6.5
2023/4/13 17:22,1681377767,cc-cc408-hya,data-node-10,9.9.2.157,elasticsearch_os_load5,6.33
2023/4/13 17:23,1681377827,cc-cc408-hya,data-node-10,9.9.2.157,elasticsearch_os_load5,6.12
2023/4/13 17:24,1681377887,cc-cc408-hya,data-node-10,9.9.2.157,elasticsearch_os_load5,5.86
2023/4/13 17:25,1681377947,cc-cc408-hya,data-node-10,9.9.2.157,elasticsearch_os_load5,5.61
2023/4/13 17:26,1681378007,cc-cc408-hya,data-node-10,9.9.2.157,elasticsearch_os_load5,5.55
2023/4/13 17:27,1681378067,cc-cc408-hya,data-node-10,9.9.2.157,elasticsearch_os_load5,5.86
2023/4/13 17:28,1681378127,cc-cc408-hya,data-node-10,9.9.2.157,elasticsearch_os_load5,6.55
2023/4/13 17:29,1681378187,cc-cc408-hya,data-node-10,9.9.2.157,elasticsearch_os_load5,6.21
2023/4/13 17:30,1681378247,cc-cc408-hya,data-node-10,9.9.2.157,elasticsearch_os_load5,6.16
2023/4/12 17:30,1681291847,cc-cc408-hya,data-node-15,9.9.2.157,elasticsearch_os_load5,6.21
2023/4/12 17:31,1681291907,cc-cc408-hya,data-node-15,9.9.2.157,elasticsearch_os_load5,6.05
2023/4/12 17:32,1681291967,cc-cc408-hya,data-node-15,9.9.2.157,elasticsearch_os_load5,6.15
2023/4/12 17:33,1681292027,cc-cc408-hya,data-node-15,9.9.2.157,elasticsearch_os_load5,5.95
2023/4/12 17:34,1681292087,cc-cc408-hya,data-node-15,9.9.2.157,elasticsearch_os_load5,5.99
2023/4/12 17:35,1681292147,cc-cc408-hya,data-node-15,9.9.2.157,elasticsearch_os_load5,5.94
2023/4/12 17:36,1681292207,cc-cc408-hya,data-node-15,9.9.2.157,elasticsearch_os_load5,5.51
2023/4/12 17:37,1681292267,cc-cc408-hya,data-node-15,9.9.2.157,elasticsearch_os_load5,5.39
2023/4/12 17:38,1681292327,cc-cc408-hya,data-node-15,9.9.2.157,elasticsearch_os_load5,5.57
2023/4/12 17:39,1681292387,cc-cc408-hya,data-node-15,9.9.2.157,elasticsearch_os_load5,5.4
2023/4/12 17:40,1681292447,cc-cc408-hya,data-node-15,9.9.2.157,elasticsearch_os_load5,5.57
2023/4/12 17:41,1681292507,cc-cc408-hya,data-node-15,9.9.2.157,elasticsearch_os_load5,5.64
2023/4/12 17:42,1681292567,cc-cc408-hya,data-node-15,9.9.2.157,elasticsearch_os_load5,5.81
2023/4/12 17:43,1681292627,cc-cc408-hya,data-node-15,9.9.2.157,elasticsearch_os_load5,5.65
2023/4/12 17:44,1681292687,cc-cc408-hya,data-node-15,9.9.2.157,elasticsearch_os_load5,5.72
2023/4/12 17:45,1681292747,cc-cc408-hya,data-node-15,9.9.2.157,elasticsearch_os_load5,5.83
2023/4/12 17:46,1681292807,cc-cc408-hya,data-node-15,9.9.2.157,elasticsearch_os_load5,5.87
2023/4/12 17:47,1681292867,cc-cc408-hya,data-node-15,9.9.2.157,elasticsearch_os_load5,5.71
2023/4/12 17:48,1681292927,cc-cc408-hya,data-node-15,9.9.2.157,elasticsearch_os_load5,5.73
2023/4/12 17:49,1681292987,cc-cc408-hya,data-node-15,9.9.2.157,elasticsearch_os_load5,5.54
2023/4/12 17:50,1681293047,cc-cc408-hya,data-node-15,9.9.2.157,elasticsearch_os_load5,5.39
2023/4/12 17:51,1681293107,cc-cc408-hya,data-node-15,9.9.2.157,elasticsearch_os_load5,5.33
2023/4/12 17:52,1681293167,cc-cc408-hya,data-node-15,9.9.2.157,elasticsearch_os_load5,5.2
2023/4/12 17:53,1681293227,cc-cc408-hya,data-node-15,9.9.2.157,elasticsearch_os_load5,5.48
2023/4/12 17:54,1681293287,cc-cc408-hya,data-node-15,9.9.2.157,elasticsearch_os_load5,5.21
2023/4/12 17:55,1681293347,cc-cc408-hya,data-node-15,9.9.2.157,elasticsearch_os_load5,5.33
2023/4/12 17:56,1681293407,cc-cc408-hya,data-node-15,9.9.2.157,elasticsearch_os_load5,5.42
2023/4/12 17:57,1681293467,cc-cc408-hya,data-node-15,9.9.2.157,elasticsearch_os_load5,5.31
2023/4/12 17:58,1681293527,cc-cc408-hya,data-node-15,9.9.2.157,elasticsearch_os_load5,5.4
2023/4/12 17:59,1681293587,cc-cc408-hya,data-node-15,9.9.2.157,elasticsearch_os_load5,5.61
2023/4/12 18:00,1681293647,cc-cc408-hya,data-node-15,9.9.2.157,elasticsearch_os_load5,5.67
2023/4/12 18:01,1681293707,cc-cc408-hya,data-node-15,9.9.2.157,elasticsearch_os_load5,5.99
2023/4/12 18:02,1681293767,cc-cc408-hya,data-node-15,9.9.2.157,elasticsearch_os_load5,6.19
2023/4/12 18:03,1681293827,cc-cc408-hya,data-node-15,9.9.2.157,elasticsearch_os_load5,6.27
2023/4/12 18:04,1681293887,cc-cc408-hya,data-node-15,9.9.2.157,elasticsearch_os_load5,6.1
2023/4/12 18:05,1681293947,cc-cc408-hya,data-node-15,9.9.2.157,elasticsearch_os_load5,5.92
2023/4/12 18:06,1681294007,cc-cc408-hya,data-node-15,9.9.2.157,elasticsearch_os_load5,6.23
2023/4/12 18:07,1681294067,cc-cc408-hya,data-node-15,9.9.2.157,elasticsearch_os_load5,6.07
2023/4/12 18:08,1681294127,cc-cc408-hya,data-node-15,9.9.2.157,elasticsearch_os_load5,5.71
2023/4/12 18:09,1681294187,cc-cc408-hya,data-node-15,9.9.2.157,elasticsearch_os_load5,5.5
2023/4/12 18:10,1681294247,cc-cc408-hya,data-node-15,9.9.2.157,elasticsearch_os_load5,5.66
2023/4/12 18:11,1681294307,cc-cc408-hya,data-node-15,9.9.2.157,elasticsearch_os_load5,5.57
2023/4/12 18:12,1681294367,cc-cc408-hya,data-node-15,9.9.2.157,elasticsearch_os_load5,5.34
2023/4/12 18:13,1681294427,cc-cc408-hya,data-node-15,9.9.2.157,elasticsearch_os_load5,5.31
2023/4/12 18:14,1681294487,cc-cc408-hya,data-node-15,9.9.2.157,elasticsearch_os_load5,5.58
2023/4/12 18:15,1681294547,cc-cc408-hya,data-node-15,9.9.2.157,elasticsearch_os_load5,5.64
2023/4/12 18:16,1681294607,cc-cc408-hya,data-node-15,9.9.2.157,elasticsearch_os_load5,5.67
2023/4/12 18:17,1681294667,cc-cc408-hya,data-node-15,9.9.2.157,elasticsearch_os_load5,5.32
2023/4/12 18:18,1681294727,cc-cc408-hya,data-node-15,9.9.2.157,elasticsearch_os_load5,5.24
2023/4/12 18:19,1681294787,cc-cc408-hya,data-node-15,9.9.2.157,elasticsearch_os_load5,5.15
2023/4/12 18:20,1681294847,cc-cc408-hya,data-node-15,9.9.2.157,elasticsearch_os_load5,4.97
2023/4/12 18:21,1681294907,cc-cc408-hya,data-node-15,9.9.2.157,elasticsearch_os_load5,5.75
2023/4/12 18:22,1681294967,cc-cc408-hya,data-node-15,9.9.2.157,elasticsearch_os_load5,5.64
2023/4/12 18:23,1681295027,cc-cc408-hya,data-node-15,9.9.2.157,elasticsearch_os_load5,5.34
2023/4/12 18:24,1681295087,cc-cc408-hya,data-node-15,9.9.2.157,elasticsearch_os_load5,5.14
2023/4/12 18:25,1681295147,cc-cc408-hya,data-node-15,9.9.2.157,elasticsearch_os_load5,5.33
2023/4/12 18:26,1681295207,cc-cc408-hya,data-node-15,9.9.2.157,elasticsearch_os_load5,5.53
2023/4/12 18:27,1681295267,cc-cc408-hya,data-node-15,9.9.2.157,elasticsearch_os_load5,5.86
2023/4/12 18:28,1681295327,cc-cc408-hya,data-node-15,9.9.2.157,elasticsearch_os_load5,5.67
2023/4/12 18:29,1681295387,cc-cc408-hya,data-node-15,9.9.2.157,elasticsearch_os_load5,5.39
2023/4/12 18:30,1681295447,cc-cc408-hya,data-node-15,9.9.2.157,elasticsearch_os_load5,5.36
2023/4/12 18:31,1681295507,cc-cc408-hya,data-node-15,9.9.2.157,elasticsearch_os_load5,5.01
2023/4/12 18:32,1681295567,cc-cc408-hya,data-node-15,9.9.2.157,elasticsearch_os_load5,5.02
2023/4/12 18:33,1681295627,cc-cc408-hya,data-node-15,9.9.2.157,elasticsearch_os_load5,4.68
2023/4/12 18:34,1681295687,cc-cc408-hya,data-node-15,9.9.2.157,elasticsearch_os_load5,4.55
2023/4/12 18:35,1681295747,cc-cc408-hya,data-node-15,9.9.2.157,elasticsearch_os_load5,4.66
2023/4/12 18:36,1681295807,cc-cc408-hya,data-node-15,9.9.2.157,elasticsearch_os_load5,4.79
2023/4/12 18:37,1681295867,cc-cc408-hya,data-node-15,9.9.2.157,elasticsearch_os_load5,5.51
2023/4/12 18:38,1681295927,cc-cc408-hya,data-node-15,9.9.2.157,elasticsearch_os_load5,5.07
2023/4/12 18:39,1681295987,cc-cc408-hya,data-node-15,9.9.2.157,elasticsearch_os_load5,4.94
2023/4/12 18:40,1681296047,cc-cc408-hya,data-node-15,9.9.2.157,elasticsearch_os_load5,5.05
2023/4/12 18:41,1681296107,cc-cc408-hya,data-node-15,9.9.2.157,elasticsearch_os_load5,5.36
2023/4/12 18:42,1681296167,cc-cc408-hya,data-node-15,9.9.2.157,elasticsearch_os_load5,5.35
2023/4/12 18:43,1681296227,cc-cc408-hya,data-node-15,9.9.2.157,elasticsearch_os_load5,5.4
2023/4/12 18:44,1681296287,cc-cc408-hya,data-node-15,9.9.2.157,elasticsearch_os_load5,6.06
2023/4/12 18:45,1681296347,cc-cc408-hya,data-node-15,9.9.2.157,elasticsearch_os_load5,5.72
2023/4/12 18:46,1681296407,cc-cc408-hya,data-node-15,9.9.2.157,elasticsearch_os_load5,5.76
2023/4/12 18:47,1681296467,cc-cc408-hya,data-node-15,9.9.2.157,elasticsearch_os_load5,5.71
2023/4/12 18:48,1681296527,cc-cc408-hya,data-node-15,9.9.2.157,elasticsearch_os_load5,5.42
2023/4/12 18:49,1681296587,cc-cc408-hya,data-node-15,9.9.2.157,elasticsearch_os_load5,5.43
2023/4/12 18:50,1681296647,cc-cc408-hya,data-node-15,9.9.2.157,elasticsearch_os_load5,5.31
2023/4/12 18:51,1681296707,cc-cc408-hya,data-node-15,9.9.2.157,elasticsearch_os_load5,5.19
2023/4/12 18:52,1681296767,cc-cc408-hya,data-node-15,9.9.2.157,elasticsearch_os_load5,5.15
2023/4/12 18:53,1681296827,cc-cc408-hya,data-node-15,9.9.2.157,elasticsearch_os_load5,5.01
2023/4/12 18:54,1681296887,cc-cc408-hya,data-node-15,9.9.2.157,elasticsearch_os_load5,4.69
2023/4/12 18:55,1681296947,cc-cc408-hya,data-node-15,9.9.2.157,elasticsearch_os_load5,4.83
2023/4/12 18:56,1681297007,cc-cc408-hya,data-node-15,9.9.2.157,elasticsearch_os_load5,4.81
2023/4/12 18:57,1681297067,cc-cc408-hya,data-node-15,9.9.2.157,elasticsearch_os_load5,4.65
2023/4/12 18:58,1681297127,cc-cc408-hya,data-node-15,9.9.2.157,elasticsearch_os_load5,4.69
2023/4/12 18:59,1681297187,cc-cc408-hya,data-node-15,9.9.2.157,elasticsearch_os_load5,4.87
2023/4/12 19:00,1681297247,cc-cc408-hya,data-node-15,9.9.2.157,elasticsearch_os_load5,4.64
2023/4/12 19:01,1681297307,cc-cc408-hya,data-node-15,9.9.2.157,elasticsearch_os_load5,4.86
2023/4/12 19:02,1681297367,cc-cc408-hya,data-node-15,9.9.2.157,elasticsearch_os_load5,4.67
2023/4/12 19:03,1681297427,cc-cc408-hya,data-node-15,9.9.2.157,elasticsearch_os_load5,4.82
2023/4/12 19:04,1681297487,cc-cc408-hya,data-node-15,9.9.2.157,elasticsearch_os_load5,4.79
2023/4/12 19:05,1681297547,cc-cc408-hya,data-node-15,9.9.2.157,elasticsearch_os_load5,4.78
2023/4/12 19:06,1681297607,cc-cc408-hya,data-node-15,9.9.2.157,elasticsearch_os_load5,5.39
2023/4/12 19:07,1681297667,cc-cc408-hya,data-node-15,9.9.2.157,elasticsearch_os_load5,5.36
2023/4/12 19:08,1681297727,cc-cc408-hya,data-node-15,9.9.2.157,elasticsearch_os_load5,5.42
2023/4/12 19:09,1681297787,cc-cc408-hya,data-node-15,9.9.2.157,elasticsearch_os_load5,5.62
2023/4/12 19:10,1681297847,cc-cc408-hya,data-node-15,9.9.2.157,elasticsearch_os_load5,5.44
2023/4/12 19:11,1681297907,cc-cc408-hya,data-node-15,9.9.2.157,elasticsearch_os_load5,5.17
2023/4/12 19:12,1681297967,cc-cc408-hya,data-node-15,9.9.2.157,elasticsearch_os_load5,5.04
2023/4/12 19:13,1681298027,cc-cc408-hya,data-node-15,9.9.2.157,elasticsearch_os_load5,4.91
2023/4/12 19:14,1681298087,cc-cc408-hya,data-node-15,9.9.2.157,elasticsearch_os_load5,5.16
2023/4/12 19:15,1681298147,cc-cc408-hya,data-node-15,9.9.2.157,elasticsearch_os_load5,5.29
2023/4/12 19:16,1681298207,cc-cc408-hya,data-node-15,9.9.2.157,elasticsearch_os_load5,5.18
2023/4/12 19:17,1681298267,cc-cc408-hya,data-node-15,9.9.2.157,elasticsearch_os_load5,4.98
2023/4/12 19:18,1681298327,cc-cc408-hya,data-node-15,9.9.2.157,elasticsearch_os_load5,4.89
2023/4/12 19:19,1681298387,cc-cc408-hya,data-node-15,9.9.2.157,elasticsearch_os_load5,4.75
2023/4/12 19:20,1681298447,cc-cc408-hya,data-node-15,9.9.2.157,elasticsearch_os_load5,4.53
2023/4/12 19:21,1681298507,cc-cc408-hya,data-node-15,9.9.2.157,elasticsearch_os_load5,4.46
2023/4/12 19:22,1681298567,cc-cc408-hya,data-node-15,9.9.2.157,elasticsearch_os_load5,4.3
2023/4/12 19:23,1681298627,cc-cc408-hya,data-node-15,9.9.2.157,elasticsearch_os_load5,4.18
2023/4/12 19:24,1681298687,cc-cc408-hya,data-node-15,9.9.2.157,elasticsearch_os_load5,4.4
2023/4/12 19:25,1681298747,cc-cc408-hya,data-node-15,9.9.2.157,elasticsearch_os_load5,4.38
2023/4/12 19:26,1681298807,cc-cc408-hya,data-node-15,9.9.2.157,elasticsearch_os_load5,4.3
2023/4/12 19:27,1681298867,cc-cc408-hya,data-node-15,9.9.2.157,elasticsearch_os_load5,4.49
2023/4/12 19:28,1681298927,cc-cc408-hya,data-node-15,9.9.2.157,elasticsearch_os_load5,4.42
2023/4/12 19:29,1681298987,cc-cc408-hya,data-node-15,9.9.2.157,elasticsearch_os_load5,4.44
2023/4/12 19:30,1681299047,cc-cc408-hya,data-node-15,9.9.2.157,elasticsearch_os_load5,4.44
2023/4/12 19:31,1681299107,cc-cc408-hya,data-node-15,9.9.2.157,elasticsearch_os_load5,4.58
2023/4/12 19:32,1681299167,cc-cc408-hya,data-node-15,9.9.2.157,elasticsearch_os_load5,4.56
2023/4/12 19:33,1681299227,cc-cc408-hya,data-node-15,9.9.2.157,elasticsearch_os_load5,4.47
2023/4/12 19:34,1681299287,cc-cc408-hya,data-node-15,9.9.2.157,elasticsearch_os_load5,4.64
2023/4/12 19:35,1681299347,cc-cc408-hya,data-node-15,9.9.2.157,elasticsearch_os_load5,4.32
2023/4/12 19:36,1681299407,cc-cc408-hya,data-node-15,9.9.2.157,elasticsearch_os_load5,4.42
2023/4/12 19:37,1681299467,cc-cc408-hya,data-node-15,9.9.2.157,elasticsearch_os_load5,4.95
2023/4/12 19:38,1681299527,cc-cc408-hya,data-node-15,9.9.2.157,elasticsearch_os_load5,4.72
2023/4/12 19:39,1681299587,cc-cc408-hya,data-node-15,9.9.2.157,elasticsearch_os_load5,4.55
2023/4/12 19:40,1681299647,cc-cc408-hya,data-node-15,9.9.2.157,elasticsearch_os_load5,4.35
2023/4/12 19:41,1681299707,cc-cc408-hya,data-node-15,9.9.2.157,elasticsearch_os_load5,4.08
2023/4/12 19:42,1681299767,cc-cc408-hya,data-node-15,9.9.2.157,elasticsearch_os_load5,3.98
2023/4/12 19:43,1681299827,cc-cc408-hya,data-node-15,9.9.2.157,elasticsearch_os_load5,3.82
2023/4/12 19:44,1681299887,cc-cc408-hya,data-node-15,9.9.2.157,elasticsearch_os_load5,3.73
2023/4/12 19:45,1681299947,cc-cc408-hya,data-node-15,9.9.2.157,elasticsearch_os_load5,3.62
2023/4/12 19:46,1681300007,cc-cc408-hya,data-node-15,9.9.2.157,elasticsearch_os_load5,3.54
2023/4/12 19:47,1681300067,cc-cc408-hya,data-node-15,9.9.2.157,elasticsearch_os_load5,3.41
2023/4/12 19:48,1681300127,cc-cc408-hya,data-node-15,9.9.2.157,elasticsearch_os_load5,3.14
2023/4/12 19:49,1681300187,cc-cc408-hya,data-node-15,9.9.2.157,elasticsearch_os_load5,3.03
2023/4/12 19:50,1681300247,cc-cc408-hya,data-node-15,9.9.2.157,elasticsearch_os_load5,3.22
2023/4/12 19:51,1681300307,cc-cc408-hya,data-node-15,9.9.2.157,elasticsearch_os_load5,3.49
2023/4/12 19:52,1681300367,cc-cc408-hya,data-node-15,9.9.2.157,elasticsearch_os_load5,3.53
2023/4/12 19:53,1681300427,cc-cc408-hya,data-node-15,9.9.2.157,elasticsearch_os_load5,3.29
2023/4/12 19:54,1681300487,cc-cc408-hya,data-node-15,9.9.2.157,elasticsearch_os_load5,3.24
2023/4/12 19:55,1681300547,cc-cc408-hya,data-node-15,9.9.2.157,elasticsearch_os_load5,2.98
2023/4/12 19:56,1681300607,cc-cc408-hya,data-node-15,9.9.2.157,elasticsearch_os_load5,2.73
2023/4/12 19:57,1681300667,cc-cc408-hya,data-node-15,9.9.2.157,elasticsearch_os_load5,2.67
2023/4/12 19:58,1681300727,cc-cc408-hya,data-node-15,9.9.2.157,elasticsearch_os_load5,2.58
2023/4/12 19:59,1681300787,cc-cc408-hya,data-node-15,9.9.2.157,elasticsearch_os_load5,2.64
2023/4/12 20:00,1681300847,cc-cc408-hya,data-node-15,9.9.2.157,elasticsearch_os_load5,2.62
2023/4/12 20:01,1681300907,cc-cc408-hya,data-node-15,9.9.2.157,elasticsearch_os_load5,2.58
2023/4/12 20:02,1681300967,cc-cc408-hya,data-node-15,9.9.2.157,elasticsearch_os_load5,2.72
2023/4/12 20:03,1681301027,cc-cc408-hya,data-node-15,9.9.2.157,elasticsearch_os_load5,2.95
2023/4/12 20:04,1681301087,cc-cc408-hya,data-node-15,9.9.2.157,elasticsearch_os_load5,2.88
2023/4/12 20:05,1681301147,cc-cc408-hya,data-node-15,9.9.2.157,elasticsearch_os_load5,2.81
2023/4/12 20:06,1681301207,cc-cc408-hya,data-node-15,9.9.2.157,elasticsearch_os_load5,2.82
2023/4/12 20:07,1681301267,cc-cc408-hya,data-node-15,9.9.2.157,elasticsearch_os_load5,2.89
2023/4/12 20:08,1681301327,cc-cc408-hya,data-node-15,9.9.2.157,elasticsearch_os_load5,2.8
2023/4/12 20:09,1681301387,cc-cc408-hya,data-node-15,9.9.2.157,elasticsearch_os_load5,2.84
2023/4/12 20:10,1681301447,cc-cc408-hya,data-node-15,9.9.2.157,elasticsearch_os_load5,2.82
2023/4/12 20:11,1681301507,cc-cc408-hya,data-node-15,9.9.2.157,elasticsearch_os_load5,2.95
2023/4/12 20:12,1681301567,cc-cc408-hya,data-node-15,9.9.2.157,elasticsearch_os_load5,3.11
2023/4/12 20:13,1681301627,cc-cc408-hya,data-node-15,9.9.2.157,elasticsearch_os_load5,3.12
2023/4/12 20:14,1681301687,cc-cc408-hya,data-node-15,9.9.2.157,elasticsearch_os_load5,2.92
2023/4/12 20:15,1681301747,cc-cc408-hya,data-node-15,9.9.2.157,elasticsearch_os_load5,2.8
2023/4/12 20:16,1681301807,cc-cc408-hya,data-node-15,9.9.2.157,elasticsearch_os_load5,2.91
2023/4/12 20:17,1681301867,cc-cc408-hya,data-node-15,9.9.2.157,elasticsearch_os_load5,2.9
2023/4/12 20:18,1681301927,cc-cc408-hya,data-node-15,9.9.2.157,elasticsearch_os_load5,2.83
2023/4/12 20:19,1681301987,cc-cc408-hya,data-node-15,9.9.2.157,elasticsearch_os_load5,2.63
2023/4/12 20:20,1681302047,cc-cc408-hya,data-node-15,9.9.2.157,elasticsearch_os_load5,2.69
2023/4/12 20:21,1681302107,cc-cc408-hya,data-node-15,9.9.2.157,elasticsearch_os_load5,2.73
2023/4/12 20:22,1681302167,cc-cc408-hya,data-node-15,9.9.2.157,elasticsearch_os_load5,2.62
2023/4/12 20:23,1681302227,cc-cc408-hya,data-node-15,9.9.2.157,elasticsearch_os_load5,2.49
2023/4/12 20:24,1681302287,cc-cc408-hya,data-node-15,9.9.2.157,elasticsearch_os_load5,2.34
2023/4/12 20:25,1681302347,cc-cc408-hya,data-node-15,9.9.2.157,elasticsearch_os_load5,2.35
2023/4/12 20:26,1681302407,cc-cc408-hya,data-node-15,9.9.2.157,elasticsearch_os_load5,2.26
2023/4/12 20:27,1681302467,cc-cc408-hya,data-node-15,9.9.2.157,elasticsearch_os_load5,2.1
2023/4/12 20:28,1681302527,cc-cc408-hya,data-node-15,9.9.2.157,elasticsearch_os_load5,2.2
2023/4/12 20:29,1681302587,cc-cc408-hya,data-node-15,9.9.2.157,elasticsearch_os_load5,2.26
2023/4/12 20:30,1681302647,cc-cc408-hya,data-node-15,9.9.2.157,elasticsearch_os_load5,2.18
2023/4/12 20:31,1681302707,cc-cc408-hya,data-node-15,9.9.2.157,elasticsearch_os_load5,2.06
2023/4/12 20:32,1681302767,cc-cc408-hya,data-node-15,9.9.2.157,elasticsearch_os_load5,2.09
2023/4/12 20:33,1681302827,cc-cc408-hya,data-node-15,9.9.2.157,elasticsearch_os_load5,2.15
2023/4/12 20:34,1681302887,cc-cc408-hya,data-node-15,9.9.2.157,elasticsearch_os_load5,2.24
2023/4/12 20:35,1681302947,cc-cc408-hya,data-node-15,9.9.2.157,elasticsearch_os_load5,2.04
2023/4/12 20:36,1681303007,cc-cc408-hya,data-node-15,9.9.2.157,elasticsearch_os_load5,1.81
2023/4/12 20:37,1681303067,cc-cc408-hya,data-node-15,9.9.2.157,elasticsearch_os_load5,1.67
2023/4/12 20:38,1681303127,cc-cc408-hya,data-node-15,9.9.2.157,elasticsearch_os_load5,1.47
2023/4/12 20:39,1681303187,cc-cc408-hya,data-node-15,9.9.2.157,elasticsearch_os_load5,1.35
2023/4/12 20:40,1681303247,cc-cc408-hya,data-node-15,9.9.2.157,elasticsearch_os_load5,1.26
2023/4/12 20:41,1681303307,cc-cc408-hya,data-node-15,9.9.2.157,elasticsearch_os_load5,1.34
2023/4/12 20:42,1681303367,cc-cc408-hya,data-node-15,9.9.2.157,elasticsearch_os_load5,1.44
2023/4/12 20:43,1681303427,cc-cc408-hya,data-node-15,9.9.2.157,elasticsearch_os_load5,1.37
2023/4/12 20:44,1681303487,cc-cc408-hya,data-node-15,9.9.2.157,elasticsearch_os_load5,1.32
2023/4/12 20:45,1681303547,cc-cc408-hya,data-node-15,9.9.2.157,elasticsearch_os_load5,1.51
2023/4/12 20:46,1681303607,cc-cc408-hya,data-node-15,9.9.2.157,elasticsearch_os_load5,1.48
2023/4/12 20:47,1681303667,cc-cc408-hya,data-node-15,9.9.2.157,elasticsearch_os_load5,1.42
2023/4/12 20:48,1681303727,cc-cc408-hya,data-node-15,9.9.2.157,elasticsearch_os_load5,1.38
2023/4/12 20:49,1681303787,cc-cc408-hya,data-node-15,9.9.2.157,elasticsearch_os_load5,1.56
2023/4/12 20:50,1681303847,cc-cc408-hya,data-node-15,9.9.2.157,elasticsearch_os_load5,1.57
2023/4/12 20:51,1681303907,cc-cc408-hya,data-node-15,9.9.2.157,elasticsearch_os_load5,1.46
2023/4/12 20:52,1681303967,cc-cc408-hya,data-node-15,9.9.2.157,elasticsearch_os_load5,1.43
2023/4/12 20:53,1681304027,cc-cc408-hya,data-node-15,9.9.2.157,elasticsearch_os_load5,1.68
2023/4/12 20:54,1681304087,cc-cc408-hya,data-node-15,9.9.2.157,elasticsearch_os_load5,1.48
2023/4/12 20:55,1681304147,cc-cc408-hya,data-node-15,9.9.2.157,elasticsearch_os_load5,1.42
2023/4/12 20:56,1681304207,cc-cc408-hya,data-node-15,9.9.2.157,elasticsearch_os_load5,1.43
2023/4/12 20:57,1681304267,cc-cc408-hya,data-node-15,9.9.2.157,elasticsearch_os_load5,1.38
2023/4/12 20:58,1681304327,cc-cc408-hya,data-node-15,9.9.2.157,elasticsearch_os_load5,1.3
2023/4/12 20:59,1681304387,cc-cc408-hya,data-node-15,9.9.2.157,elasticsearch_os_load5,1.32
2023/4/12 21:00,1681304447,cc-cc408-hya,data-node-15,9.9.2.157,elasticsearch_os_load5,1.19
2023/4/12 21:01,1681304507,cc-cc408-hya,data-node-15,9.9.2.157,elasticsearch_os_load5,1.16
2023/4/12 21:02,1681304567,cc-cc408-hya,data-node-15,9.9.2.157,elasticsearch_os_load5,1.1
2023/4/12 21:03,1681304627,cc-cc408-hya,data-node-15,9.9.2.157,elasticsearch_os_load5,1.03
2023/4/12 21:04,1681304687,cc-cc408-hya,data-node-15,9.9.2.157,elasticsearch_os_load5,0.95
2023/4/12 21:05,1681304747,cc-cc408-hya,data-node-15,9.9.2.157,elasticsearch_os_load5,1.01
2023/4/12 21:06,1681304807,cc-cc408-hya,data-node-15,9.9.2.157,elasticsearch_os_load5,0.89
2023/4/12 21:07,1681304867,cc-cc408-hya,data-node-15,9.9.2.157,elasticsearch_os_load5,0.92
2023/4/12 21:08,1681304927,cc-cc408-hya,data-node-15,9.9.2.157,elasticsearch_os_load5,0.84
2023/4/12 21:09,1681304987,cc-cc408-hya,data-node-15,9.9.2.157,elasticsearch_os_load5,0.81
2023/4/12 21:10,1681305047,cc-cc408-hya,data-node-15,9.9.2.157,elasticsearch_os_load5,0.9
2023/4/12 21:11,1681305107,cc-cc408-hya,data-node-15,9.9.2.157,elasticsearch_os_load5,1.1
2023/4/12 21:12,1681305167,cc-cc408-hya,data-node-15,9.9.2.157,elasticsearch_os_load5,1.1
2023/4/12 21:13,1681305227,cc-cc408-hya,data-node-15,9.9.2.157,elasticsearch_os_load5,1.04
2023/4/12 21:14,1681305287,cc-cc408-hya,data-node-15,9.9.2.157,elasticsearch_os_load5,1.27
2023/4/12 21:15,1681305347,cc-cc408-hya,data-node-15,9.9.2.157,elasticsearch_os_load5,1.39
2023/4/12 21:16,1681305407,cc-cc408-hya,data-node-15,9.9.2.157,elasticsearch_os_load5,1.57
2023/4/12 21:17,1681305467,cc-cc408-hya,data-node-15,9.9.2.157,elasticsearch_os_load5,1.41
2023/4/12 21:18,1681305527,cc-cc408-hya,data-node-15,9.9.2.157,elasticsearch_os_load5,1.44
2023/4/12 21:19,1681305587,cc-cc408-hya,data-node-15,9.9.2.157,elasticsearch_os_load5,1.39
2023/4/12 21:20,1681305647,cc-cc408-hya,data-node-15,9.9.2.157,elasticsearch_os_load5,1.29
2023/4/12 21:21,1681305707,cc-cc408-hya,data-node-15,9.9.2.157,elasticsearch_os_load5,1.23
2023/4/12 21:22,1681305767,cc-cc408-hya,data-node-15,9.9.2.157,elasticsearch_os_load5,1.13
2023/4/12 21:23,1681305827,cc-cc408-hya,data-node-15,9.9.2.157,elasticsearch_os_load5,1.12
2023/4/12 21:24,1681305887,cc-cc408-hya,data-node-15,9.9.2.157,elasticsearch_os_load5,0.97
2023/4/12 21:25,1681305947,cc-cc408-hya,data-node-15,9.9.2.157,elasticsearch_os_load5,0.96
2023/4/12 21:26,1681306007,cc-cc408-hya,data-node-15,9.9.2.157,elasticsearch_os_load5,1.21
2023/4/12 21:27,1681306067,cc-cc408-hya,data-node-15,9.9.2.157,elasticsearch_os_load5,1.13
2023/4/12 21:28,1681306127,cc-cc408-hya,data-node-15,9.9.2.157,elasticsearch_os_load5,1.14
2023/4/12 21:29,1681306187,cc-cc408-hya,data-node-15,9.9.2.157,elasticsearch_os_load5,1.07
2023/4/12 21:30,1681306247,cc-cc408-hya,data-node-15,9.9.2.157,elasticsearch_os_load5,1.11
2023/4/12 21:31,1681306307,cc-cc408-hya,data-node-15,9.9.2.157,elasticsearch_os_load5,1.17
2023/4/12 21:32,1681306367,cc-cc408-hya,data-node-15,9.9.2.157,elasticsearch_os_load5,1.09
2023/4/12 21:33,1681306427,cc-cc408-hya,data-node-15,9.9.2.157,elasticsearch_os_load5,1.18
2023/4/12 21:34,1681306487,cc-cc408-hya,data-node-15,9.9.2.157,elasticsearch_os_load5,1.32
2023/4/12 21:35,1681306547,cc-cc408-hya,data-node-15,9.9.2.157,elasticsearch_os_load5,1.7
2023/4/12 21:36,1681306607,cc-cc408-hya,data-node-15,9.9.2.157,elasticsearch_os_load5,1.7
2023/4/12 21:37,1681306667,cc-cc408-hya,data-node-15,9.9.2.157,elasticsearch_os_load5,1.6
2023/4/12 21:38,1681306727,cc-cc408-hya,data-node-15,9.9.2.157,elasticsearch_os_load5,1.49
2023/4/12 21:39,1681306787,cc-cc408-hya,data-node-15,9.9.2.157,elasticsearch_os_load5,1.33
2023/4/12 21:40,1681306847,cc-cc408-hya,data-node-15,9.9.2.157,elasticsearch_os_load5,1.28
2023/4/12 21:41,1681306907,cc-cc408-hya,data-node-15,9.9.2.157,elasticsearch_os_load5,1.4
2023/4/12 21:42,1681306967,cc-cc408-hya,data-node-15,9.9.2.157,elasticsearch_os_load5,1.28
2023/4/12 21:43,1681307027,cc-cc408-hya,data-node-15,9.9.2.157,elasticsearch_os_load5,1.19
2023/4/12 21:44,1681307087,cc-cc408-hya,data-node-15,9.9.2.157,elasticsearch_os_load5,1.22
2023/4/12 21:45,1681307147,cc-cc408-hya,data-node-15,9.9.2.157,elasticsearch_os_load5,1.18
2023/4/12 21:46,1681307207,cc-cc408-hya,data-node-15,9.9.2.157,elasticsearch_os_load5,1.1
2023/4/12 21:47,1681307267,cc-cc408-hya,data-node-15,9.9.2.157,elasticsearch_os_load5,1.08
2023/4/12 21:48,1681307327,cc-cc408-hya,data-node-15,9.9.2.157,elasticsearch_os_load5,1.04
2023/4/12 21:49,1681307387,cc-cc408-hya,data-node-15,9.9.2.157,elasticsearch_os_load5,1.04
2023/4/12 21:50,1681307447,cc-cc408-hya,data-node-15,9.9.2.157,elasticsearch_os_load5,1.43
2023/4/12 21:51,1681307507,cc-cc408-hya,data-node-15,9.9.2.157,elasticsearch_os_load5,1.32
2023/4/12 21:52,1681307567,cc-cc408-hya,data-node-15,9.9.2.157,elasticsearch_os_load5,1.31
2023/4/12 21:53,1681307627,cc-cc408-hya,data-node-15,9.9.2.157,elasticsearch_os_load5,1.19
2023/4/12 21:54,1681307687,cc-cc408-hya,data-node-15,9.9.2.157,elasticsearch_os_load5,1.19
2023/4/12 21:55,1681307747,cc-cc408-hya,data-node-15,9.9.2.157,elasticsearch_os_load5,1.13
2023/4/12 21:56,1681307807,cc-cc408-hya,data-node-15,9.9.2.157,elasticsearch_os_load5,1.16
2023/4/12 21:57,1681307867,cc-cc408-hya,data-node-15,9.9.2.157,elasticsearch_os_load5,1.3
2023/4/12 21:58,1681307927,cc-cc408-hya,data-node-15,9.9.2.157,elasticsearch_os_load5,1.29
2023/4/12 21:59,1681307987,cc-cc408-hya,data-node-15,9.9.2.157,elasticsearch_os_load5,1.27
2023/4/12 22:00,1681308047,cc-cc408-hya,data-node-15,9.9.2.157,elasticsearch_os_load5,1.28
2023/4/12 22:01,1681308107,cc-cc408-hya,data-node-15,9.9.2.157,elasticsearch_os_load5,1.18
2023/4/12 22:02,1681308167,cc-cc408-hya,data-node-15,9.9.2.157,elasticsearch_os_load5,1.22
2023/4/12 22:03,1681308227,cc-cc408-hya,data-node-15,9.9.2.157,elasticsearch_os_load5,1.28
2023/4/12 22:04,1681308287,cc-cc408-hya,data-node-15,9.9.2.157,elasticsearch_os_load5,1.15
2023/4/12 22:05,1681308347,cc-cc408-hya,data-node-15,9.9.2.157,elasticsearch_os_load5,1.25
2023/4/12 22:06,1681308407,cc-cc408-hya,data-node-15,9.9.2.157,elasticsearch_os_load5,1.31
2023/4/12 22:07,1681308467,cc-cc408-hya,data-node-15,9.9.2.157,elasticsearch_os_load5,1.27
2023/4/12 22:08,1681308527,cc-cc408-hya,data-node-15,9.9.2.157,elasticsearch_os_load5,1.23
2023/4/12 22:09,1681308587,cc-cc408-hya,data-node-15,9.9.2.157,elasticsearch_os_load5,1.2
2023/4/12 22:10,1681308647,cc-cc408-hya,data-node-15,9.9.2.157,elasticsearch_os_load5,1.21
2023/4/12 22:11,1681308707,cc-cc408-hya,data-node-15,9.9.2.157,elasticsearch_os_load5,1.11
2023/4/12 22:12,1681308767,cc-cc408-hya,data-node-15,9.9.2.157,elasticsearch_os_load5,1.12
2023/4/12 22:13,1681308827,cc-cc408-hya,data-node-15,9.9.2.157,elasticsearch_os_load5,1.23
2023/4/12 22:14,1681308887,cc-cc408-hya,data-node-15,9.9.2.157,elasticsearch_os_load5,1.24
2023/4/12 22:15,1681308947,cc-cc408-hya,data-node-15,9.9.2.157,elasticsearch_os_load5,1.2
2023/4/12 22:16,1681309007,cc-cc408-hya,data-node-15,9.9.2.157,elasticsearch_os_load5,1.34
2023/4/12 22:17,1681309067,cc-cc408-hya,data-node-15,9.9.2.157,elasticsearch_os_load5,1.28
2023/4/12 22:18,1681309127,cc-cc408-hya,data-node-15,9.9.2.157,elasticsearch_os_load5,1.26
2023/4/12 22:19,1681309187,cc-cc408-hya,data-node-15,9.9.2.157,elasticsearch_os_load5,1.21
2023/4/12 22:20,1681309247,cc-cc408-hya,data-node-15,9.9.2.157,elasticsearch_os_load5,1.19
2023/4/12 22:21,1681309307,cc-cc408-hya,data-node-15,9.9.2.157,elasticsearch_os_load5,1.24
2023/4/12 22:22,1681309367,cc-cc408-hya,data-node-15,9.9.2.157,elasticsearch_os_load5,1.2
2023/4/12 22:23,1681309427,cc-cc408-hya,data-node-15,9.9.2.157,elasticsearch_os_load5,1.18
2023/4/12 22:24,1681309487,cc-cc408-hya,data-node-15,9.9.2.157,elasticsearch_os_load5,1.11
2023/4/12 22:25,1681309547,cc-cc408-hya,data-node-15,9.9.2.157,elasticsearch_os_load5,1.14
2023/4/12 22:26,1681309607,cc-cc408-hya,data-node-15,9.9.2.157,elasticsearch_os_load5,1.1
2023/4/12 22:27,1681309667,cc-cc408-hya,data-node-15,9.9.2.157,elasticsearch_os_load5,1.14
2023/4/12 22:28,1681309727,cc-cc408-hya,data-node-15,9.9.2.157,elasticsearch_os_load5,1.23
2023/4/12 22:29,1681309787,cc-cc408-hya,data-node-15,9.9.2.157,elasticsearch_os_load5,1.19
2023/4/12 22:30,1681309847,cc-cc408-hya,data-node-15,9.9.2.157,elasticsearch_os_load5,1
2023/4/12 22:31,1681309907,cc-cc408-hya,data-node-15,9.9.2.157,elasticsearch_os_load5,1.04
2023/4/12 22:32,1681309967,cc-cc408-hya,data-node-15,9.9.2.157,elasticsearch_os_load5,1.02
2023/4/12 22:33,1681310027,cc-cc408-hya,data-node-15,9.9.2.157,elasticsearch_os_load5,1
2023/4/12 22:34,1681310087,cc-cc408-hya,data-node-15,9.9.2.157,elasticsearch_os_load5,1.08
2023/4/12 22:35,1681310147,cc-cc408-hya,data-node-15,9.9.2.157,elasticsearch_os_load5,1.05
2023/4/12 22:36,1681310207,cc-cc408-hya,data-node-15,9.9.2.157,elasticsearch_os_load5,1.04
2023/4/12 22:37,1681310267,cc-cc408-hya,data-node-15,9.9.2.157,elasticsearch_os_load5,0.96
2023/4/12 22:38,1681310327,cc-cc408-hya,data-node-15,9.9.2.157,elasticsearch_os_load5,0.95
2023/4/12 22:39,1681310387,cc-cc408-hya,data-node-15,9.9.2.157,elasticsearch_os_load5,1.17
2023/4/12 22:40,1681310447,cc-cc408-hya,data-node-15,9.9.2.157,elasticsearch_os_load5,1.33
2023/4/12 22:41,1681310507,cc-cc408-hya,data-node-15,9.9.2.157,elasticsearch_os_load5,1.43
2023/4/12 22:42,1681310567,cc-cc408-hya,data-node-15,9.9.2.157,elasticsearch_os_load5,1.37
2023/4/12 22:43,1681310627,cc-cc408-hya,data-node-15,9.9.2.157,elasticsearch_os_load5,1.38
2023/4/12 22:44,1681310687,cc-cc408-hya,data-node-15,9.9.2.157,elasticsearch_os_load5,1.25
2023/4/12 22:45,1681310747,cc-cc408-hya,data-node-15,9.9.2.157,elasticsearch_os_load5,1.18
2023/4/12 22:46,1681310807,cc-cc408-hya,data-node-15,9.9.2.157,elasticsearch_os_load5,1.17
2023/4/12 22:47,1681310867,cc-cc408-hya,data-node-15,9.9.2.157,elasticsearch_os_load5,1.29
2023/4/12 22:48,1681310927,cc-cc408-hya,data-node-15,9.9.2.157,elasticsearch_os_load5,1.16
2023/4/12 22:49,1681310987,cc-cc408-hya,data-node-15,9.9.2.157,elasticsearch_os_load5,1.12
2023/4/12 22:50,1681311047,cc-cc408-hya,data-node-15,9.9.2.157,elasticsearch_os_load5,1.05
2023/4/12 22:51,1681311107,cc-cc408-hya,data-node-15,9.9.2.157,elasticsearch_os_load5,1.17
2023/4/12 22:52,1681311167,cc-cc408-hya,data-node-15,9.9.2.157,elasticsearch_os_load5,1.17
2023/4/12 22:53,1681311227,cc-cc408-hya,data-node-15,9.9.2.157,elasticsearch_os_load5,1.01
2023/4/12 22:54,1681311287,cc-cc408-hya,data-node-15,9.9.2.157,elasticsearch_os_load5,1.43
2023/4/12 22:55,1681311347,cc-cc408-hya,data-node-15,9.9.2.157,elasticsearch_os_load5,1.46
2023/4/12 22:56,1681311407,cc-cc408-hya,data-node-15,9.9.2.157,elasticsearch_os_load5,1.45
2023/4/12 22:57,1681311467,cc-cc408-hya,data-node-15,9.9.2.157,elasticsearch_os_load5,1.38
2023/4/12 22:58,1681311527,cc-cc408-hya,data-node-15,9.9.2.157,elasticsearch_os_load5,1.41
2023/4/12 22:59,1681311587,cc-cc408-hya,data-node-15,9.9.2.157,elasticsearch_os_load5,1.35
2023/4/12 23:00,1681311647,cc-cc408-hya,data-node-15,9.9.2.157,elasticsearch_os_load5,1.22
2023/4/12 23:01,1681311707,cc-cc408-hya,data-node-15,9.9.2.157,elasticsearch_os_load5,1.21
2023/4/12 23:02,1681311767,cc-cc408-hya,data-node-15,9.9.2.157,elasticsearch_os_load5,1.29
2023/4/12 23:03,1681311827,cc-cc408-hya,data-node-15,9.9.2.157,elasticsearch_os_load5,1.27
2023/4/12 23:04,1681311887,cc-cc408-hya,data-node-15,9.9.2.157,elasticsearch_os_load5,1.17
2023/4/12 23:05,1681311947,cc-cc408-hya,data-node-15,9.9.2.157,elasticsearch_os_load5,1.06
2023/4/12 23:06,1681312007,cc-cc408-hya,data-node-15,9.9.2.157,elasticsearch_os_load5,0.99
2023/4/12 23:07,1681312067,cc-cc408-hya,data-node-15,9.9.2.157,elasticsearch_os_load5,0.9
2023/4/12 23:08,1681312127,cc-cc408-hya,data-node-15,9.9.2.157,elasticsearch_os_load5,0.96
2023/4/12 23:09,1681312187,cc-cc408-hya,data-node-15,9.9.2.157,elasticsearch_os_load5,0.98
2023/4/12 23:10,1681312247,cc-cc408-hya,data-node-15,9.9.2.157,elasticsearch_os_load5,0.96
2023/4/12 23:11,1681312307,cc-cc408-hya,data-node-15,9.9.2.157,elasticsearch_os_load5,0.96
2023/4/12 23:12,1681312367,cc-cc408-hya,data-node-15,9.9.2.157,elasticsearch_os_load5,0.96
2023/4/12 23:13,1681312427,cc-cc408-hya,data-node-15,9.9.2.157,elasticsearch_os_load5,0.88
2023/4/12 23:14,1681312487,cc-cc408-hya,data-node-15,9.9.2.157,elasticsearch_os_load5,0.86
2023/4/12 23:15,1681312547,cc-cc408-hya,data-node-15,9.9.2.157,elasticsearch_os_load5,0.92
2023/4/12 23:16,1681312607,cc-cc408-hya,data-node-15,9.9.2.157,elasticsearch_os_load5,1.17
2023/4/12 23:17,1681312667,cc-cc408-hya,data-node-15,9.9.2.157,elasticsearch_os_load5,1.14
2023/4/12 23:18,1681312727,cc-cc408-hya,data-node-15,9.9.2.157,elasticsearch_os_load5,1.13
2023/4/12 23:19,1681312787,cc-cc408-hya,data-node-15,9.9.2.157,elasticsearch_os_load5,1.18
2023/4/12 23:20,1681312847,cc-cc408-hya,data-node-15,9.9.2.157,elasticsearch_os_load5,1.24
2023/4/12 23:21,1681312907,cc-cc408-hya,data-node-15,9.9.2.157,elasticsearch_os_load5,1.12
2023/4/12 23:22,1681312967,cc-cc408-hya,data-node-15,9.9.2.157,elasticsearch_os_load5,1.31
2023/4/12 23:23,1681313027,cc-cc408-hya,data-node-15,9.9.2.157,elasticsearch_os_load5,1.35
2023/4/12 23:24,1681313087,cc-cc408-hya,data-node-15,9.9.2.157,elasticsearch_os_load5,1.42
2023/4/12 23:25,1681313147,cc-cc408-hya,data-node-15,9.9.2.157,elasticsearch_os_load5,1.31
2023/4/12 23:26,1681313207,cc-cc408-hya,data-node-15,9.9.2.157,elasticsearch_os_load5,1.21
2023/4/12 23:27,1681313267,cc-cc408-hya,data-node-15,9.9.2.157,elasticsearch_os_load5,1.17
2023/4/12 23:28,1681313327,cc-cc408-hya,data-node-15,9.9.2.157,elasticsearch_os_load5,1.16
2023/4/12 23:29,1681313387,cc-cc408-hya,data-node-15,9.9.2.157,elasticsearch_os_load5,1.15
2023/4/12 23:30,1681313447,cc-cc408-hya,data-node-15,9.9.2.157,elasticsearch_os_load5,1.23
2023/4/12 23:31,1681313507,cc-cc408-hya,data-node-15,9.9.2.157,elasticsearch_os_load5,1.06
2023/4/12 23:32,1681313567,cc-cc408-hya,data-node-15,9.9.2.157,elasticsearch_os_load5,0.99
2023/4/12 23:33,1681313627,cc-cc408-hya,data-node-15,9.9.2.157,elasticsearch_os_load5,1.1
2023/4/12 23:34,1681313687,cc-cc408-hya,data-node-15,9.9.2.157,elasticsearch_os_load5,0.99
2023/4/12 23:35,1681313747,cc-cc408-hya,data-node-15,9.9.2.157,elasticsearch_os_load5,0.99
2023/4/12 23:36,1681313807,cc-cc408-hya,data-node-15,9.9.2.157,elasticsearch_os_load5,1.02
2023/4/12 23:37,1681313867,cc-cc408-hya,data-node-15,9.9.2.157,elasticsearch_os_load5,1.04
2023/4/12 23:38,1681313927,cc-cc408-hya,data-node-15,9.9.2.157,elasticsearch_os_load5,1.03
2023/4/12 23:39,1681313987,cc-cc408-hya,data-node-15,9.9.2.157,elasticsearch_os_load5,1.11
2023/4/12 23:40,1681314047,cc-cc408-hya,data-node-15,9.9.2.157,elasticsearch_os_load5,1.25
2023/4/12 23:41,1681314107,cc-cc408-hya,data-node-15,9.9.2.157,elasticsearch_os_load5,1.31
2023/4/12 23:42,1681314167,cc-cc408-hya,data-node-15,9.9.2.157,elasticsearch_os_load5,1.29
2023/4/12 23:43,1681314227,cc-cc408-hya,data-node-15,9.9.2.157,elasticsearch_os_load5,1.27
2023/4/12 23:44,1681314287,cc-cc408-hya,data-node-15,9.9.2.157,elasticsearch_os_load5,1.21
2023/4/12 23:45,1681314347,cc-cc408-hya,data-node-15,9.9.2.157,elasticsearch_os_load5,1.03
2023/4/12 23:46,1681314407,cc-cc408-hya,data-node-15,9.9.2.157,elasticsearch_os_load5,1.04
2023/4/12 23:47,1681314467,cc-cc408-hya,data-node-15,9.9.2.157,elasticsearch_os_load5,0.94
2023/4/12 23:48,1681314527,cc-cc408-hya,data-node-15,9.9.2.157,elasticsearch_os_load5,0.91
2023/4/12 23:49,1681314587,cc-cc408-hya,data-node-15,9.9.2.157,elasticsearch_os_load5,0.85
2023/4/12 23:50,1681314647,cc-cc408-hya,data-node-15,9.9.2.157,elasticsearch_os_load5,0.74
2023/4/12 23:51,1681314707,cc-cc408-hya,data-node-15,9.9.2.157,elasticsearch_os_load5,0.64
2023/4/12 23:52,1681314767,cc-cc408-hya,data-node-15,9.9.2.157,elasticsearch_os_load5,0.63
2023/4/12 23:53,1681314827,cc-cc408-hya,data-node-15,9.9.2.157,elasticsearch_os_load5,0.58
2023/4/12 23:54,1681314887,cc-cc408-hya,data-node-15,9.9.2.157,elasticsearch_os_load5,0.58
2023/4/12 23:55,1681314947,cc-cc408-hya,data-node-15,9.9.2.157,elasticsearch_os_load5,0.62
2023/4/12 23:56,1681315007,cc-cc408-hya,data-node-15,9.9.2.157,elasticsearch_os_load5,0.6
2023/4/12 23:57,1681315067,cc-cc408-hya,data-node-15,9.9.2.157,elasticsearch_os_load5,0.58
2023/4/12 23:58,1681315127,cc-cc408-hya,data-node-15,9.9.2.157,elasticsearch_os_load5,0.52
2023/4/12 23:59,1681315187,cc-cc408-hya,data-node-15,9.9.2.157,elasticsearch_os_load5,0.58
2023/4/13 0:00,1681315247,cc-cc408-hya,data-node-15,9.9.2.157,elasticsearch_os_load5,0.55
2023/4/13 0:01,1681315307,cc-cc408-hya,data-node-15,9.9.2.157,elasticsearch_os_load5,0.54
2023/4/13 0:02,1681315367,cc-cc408-hya,data-node-15,9.9.2.157,elasticsearch_os_load5,0.53
2023/4/13 0:03,1681315427,cc-cc408-hya,data-node-15,9.9.2.157,elasticsearch_os_load5,0.61
2023/4/13 0:04,1681315487,cc-cc408-hya,data-node-15,9.9.2.157,elasticsearch_os_load5,0.73
2023/4/13 0:05,1681315547,cc-cc408-hya,data-node-15,9.9.2.157,elasticsearch_os_load5,1.01
2023/4/13 0:06,1681315607,cc-cc408-hya,data-node-15,9.9.2.157,elasticsearch_os_load5,1.11
2023/4/13 0:07,1681315667,cc-cc408-hya,data-node-15,9.9.2.157,elasticsearch_os_load5,1
2023/4/13 0:08,1681315727,cc-cc408-hya,data-node-15,9.9.2.157,elasticsearch_os_load5,0.96
2023/4/13 0:09,1681315787,cc-cc408-hya,data-node-15,9.9.2.157,elasticsearch_os_load5,0.85
2023/4/13 0:10,1681315847,cc-cc408-hya,data-node-15,9.9.2.157,elasticsearch_os_load5,0.84
2023/4/13 0:11,1681315907,cc-cc408-hya,data-node-15,9.9.2.157,elasticsearch_os_load5,0.86
2023/4/13 0:12,1681315967,cc-cc408-hya,data-node-15,9.9.2.157,elasticsearch_os_load5,0.78
2023/4/13 0:13,1681316027,cc-cc408-hya,data-node-15,9.9.2.157,elasticsearch_os_load5,0.71
2023/4/13 0:14,1681316087,cc-cc408-hya,data-node-15,9.9.2.157,elasticsearch_os_load5,0.66
2023/4/13 0:15,1681316147,cc-cc408-hya,data-node-15,9.9.2.157,elasticsearch_os_load5,0.76
2023/4/13 0:16,1681316207,cc-cc408-hya,data-node-15,9.9.2.157,elasticsearch_os_load5,0.7
2023/4/13 0:17,1681316267,cc-cc408-hya,data-node-15,9.9.2.157,elasticsearch_os_load5,0.61
2023/4/13 0:18,1681316327,cc-cc408-hya,data-node-15,9.9.2.157,elasticsearch_os_load5,0.64
2023/4/13 0:19,1681316387,cc-cc408-hya,data-node-15,9.9.2.157,elasticsearch_os_load5,0.61
2023/4/13 0:20,1681316447,cc-cc408-hya,data-node-15,9.9.2.157,elasticsearch_os_load5,0.69
2023/4/13 0:21,1681316507,cc-cc408-hya,data-node-15,9.9.2.157,elasticsearch_os_load5,1.05
2023/4/13 0:22,1681316567,cc-cc408-hya,data-node-15,9.9.2.157,elasticsearch_os_load5,1.23
2023/4/13 0:23,1681316627,cc-cc408-hya,data-node-15,9.9.2.157,elasticsearch_os_load5,1.56
2023/4/13 0:24,1681316687,cc-cc408-hya,data-node-15,9.9.2.157,elasticsearch_os_load5,1.52
2023/4/13 0:25,1681316747,cc-cc408-hya,data-node-15,9.9.2.157,elasticsearch_os_load5,1.39
2023/4/13 0:26,1681316807,cc-cc408-hya,data-node-15,9.9.2.157,elasticsearch_os_load5,1.27
2023/4/13 0:27,1681316867,cc-cc408-hya,data-node-15,9.9.2.157,elasticsearch_os_load5,1.27
2023/4/13 0:28,1681316927,cc-cc408-hya,data-node-15,9.9.2.157,elasticsearch_os_load5,1.2
2023/4/13 0:29,1681316987,cc-cc408-hya,data-node-15,9.9.2.157,elasticsearch_os_load5,1.13
2023/4/13 0:30,1681317047,cc-cc408-hya,data-node-15,9.9.2.157,elasticsearch_os_load5,1.03
2023/4/13 0:31,1681317107,cc-cc408-hya,data-node-15,9.9.2.157,elasticsearch_os_load5,1.07
2023/4/13 0:32,1681317167,cc-cc408-hya,data-node-15,9.9.2.157,elasticsearch_os_load5,0.96
2023/4/13 0:33,1681317227,cc-cc408-hya,data-node-15,9.9.2.157,elasticsearch_os_load5,1.02
2023/4/13 0:34,1681317287,cc-cc408-hya,data-node-15,9.9.2.157,elasticsearch_os_load5,0.97
2023/4/13 0:35,1681317347,cc-cc408-hya,data-node-15,9.9.2.157,elasticsearch_os_load5,0.92
2023/4/13 0:36,1681317407,cc-cc408-hya,data-node-15,9.9.2.157,elasticsearch_os_load5,0.93
2023/4/13 0:37,1681317467,cc-cc408-hya,data-node-15,9.9.2.157,elasticsearch_os_load5,0.9
2023/4/13 0:38,1681317527,cc-cc408-hya,data-node-15,9.9.2.157,elasticsearch_os_load5,0.9
2023/4/13 0:39,1681317587,cc-cc408-hya,data-node-15,9.9.2.157,elasticsearch_os_load5,0.98
2023/4/13 0:40,1681317647,cc-cc408-hya,data-node-15,9.9.2.157,elasticsearch_os_load5,0.98
2023/4/13 0:41,1681317707,cc-cc408-hya,data-node-15,9.9.2.157,elasticsearch_os_load5,1.02
2023/4/13 0:42,1681317767,cc-cc408-hya,data-node-15,9.9.2.157,elasticsearch_os_load5,0.99
2023/4/13 0:43,1681317827,cc-cc408-hya,data-node-15,9.9.2.157,elasticsearch_os_load5,0.92
2023/4/13 0:44,1681317887,cc-cc408-hya,data-node-15,9.9.2.157,elasticsearch_os_load5,0.94
2023/4/13 0:45,1681317947,cc-cc408-hya,data-node-15,9.9.2.157,elasticsearch_os_load5,0.86
2023/4/13 0:46,1681318007,cc-cc408-hya,data-node-15,9.9.2.157,elasticsearch_os_load5,0.84
2023/4/13 0:47,1681318067,cc-cc408-hya,data-node-15,9.9.2.157,elasticsearch_os_load5,1.08
2023/4/13 0:48,1681318127,cc-cc408-hya,data-node-15,9.9.2.157,elasticsearch_os_load5,1.16
2023/4/13 0:49,1681318187,cc-cc408-hya,data-node-15,9.9.2.157,elasticsearch_os_load5,1.08
2023/4/13 0:50,1681318247,cc-cc408-hya,data-node-15,9.9.2.157,elasticsearch_os_load5,1.15
2023/4/13 0:51,1681318307,cc-cc408-hya,data-node-15,9.9.2.157,elasticsearch_os_load5,1.15
2023/4/13 0:52,1681318367,cc-cc408-hya,data-node-15,9.9.2.157,elasticsearch_os_load5,1.07
2023/4/13 0:53,1681318427,cc-cc408-hya,data-node-15,9.9.2.157,elasticsearch_os_load5,1.15
2023/4/13 0:54,1681318487,cc-cc408-hya,data-node-15,9.9.2.157,elasticsearch_os_load5,1.07
2023/4/13 0:55,1681318547,cc-cc408-hya,data-node-15,9.9.2.157,elasticsearch_os_load5,1.04
2023/4/13 0:56,1681318607,cc-cc408-hya,data-node-15,9.9.2.157,elasticsearch_os_load5,0.94
2023/4/13 0:57,1681318667,cc-cc408-hya,data-node-15,9.9.2.157,elasticsearch_os_load5,0.92
2023/4/13 0:58,1681318727,cc-cc408-hya,data-node-15,9.9.2.157,elasticsearch_os_load5,0.86
2023/4/13 0:59,1681318787,cc-cc408-hya,data-node-15,9.9.2.157,elasticsearch_os_load5,0.84
2023/4/13 1:00,1681318847,cc-cc408-hya,data-node-15,9.9.2.157,elasticsearch_os_load5,1.03
2023/4/13 1:01,1681318907,cc-cc408-hya,data-node-15,9.9.2.157,elasticsearch_os_load5,1.04
2023/4/13 1:02,1681318967,cc-cc408-hya,data-node-15,9.9.2.157,elasticsearch_os_load5,0.96
2023/4/13 1:03,1681319027,cc-cc408-hya,data-node-15,9.9.2.157,elasticsearch_os_load5,1.12
2023/4/13 1:04,1681319087,cc-cc408-hya,data-node-15,9.9.2.157,elasticsearch_os_load5,1.19
2023/4/13 1:05,1681319147,cc-cc408-hya,data-node-15,9.9.2.157,elasticsearch_os_load5,1.32
2023/4/13 1:06,1681319207,cc-cc408-hya,data-node-15,9.9.2.157,elasticsearch_os_load5,1.26
2023/4/13 1:07,1681319267,cc-cc408-hya,data-node-15,9.9.2.157,elasticsearch_os_load5,1.33
2023/4/13 1:08,1681319327,cc-cc408-hya,data-node-15,9.9.2.157,elasticsearch_os_load5,1.25
2023/4/13 1:09,1681319387,cc-cc408-hya,data-node-15,9.9.2.157,elasticsearch_os_load5,1.97
2023/4/13 1:10,1681319447,cc-cc408-hya,data-node-15,9.9.2.157,elasticsearch_os_load5,1.71
2023/4/13 1:11,1681319507,cc-cc408-hya,data-node-15,9.9.2.157,elasticsearch_os_load5,1.5
2023/4/13 1:12,1681319567,cc-cc408-hya,data-node-15,9.9.2.157,elasticsearch_os_load5,1.44
2023/4/13 1:13,1681319627,cc-cc408-hya,data-node-15,9.9.2.157,elasticsearch_os_load5,1.4
2023/4/13 1:14,1681319687,cc-cc408-hya,data-node-15,9.9.2.157,elasticsearch_os_load5,1.28
2023/4/13 1:15,1681319747,cc-cc408-hya,data-node-15,9.9.2.157,elasticsearch_os_load5,1.12
2023/4/13 1:16,1681319807,cc-cc408-hya,data-node-15,9.9.2.157,elasticsearch_os_load5,1.06
2023/4/13 1:17,1681319867,cc-cc408-hya,data-node-15,9.9.2.157,elasticsearch_os_load5,0.98
2023/4/13 1:18,1681319927,cc-cc408-hya,data-node-15,9.9.2.157,elasticsearch_os_load5,0.95
2023/4/13 1:19,1681319987,cc-cc408-hya,data-node-15,9.9.2.157,elasticsearch_os_load5,0.84
2023/4/13 1:20,1681320047,cc-cc408-hya,data-node-15,9.9.2.157,elasticsearch_os_load5,0.82
2023/4/13 1:21,1681320107,cc-cc408-hya,data-node-15,9.9.2.157,elasticsearch_os_load5,0.79
2023/4/13 1:22,1681320167,cc-cc408-hya,data-node-15,9.9.2.157,elasticsearch_os_load5,0.77
2023/4/13 1:23,1681320227,cc-cc408-hya,data-node-15,9.9.2.157,elasticsearch_os_load5,0.77
2023/4/13 1:24,1681320287,cc-cc408-hya,data-node-15,9.9.2.157,elasticsearch_os_load5,0.73
2023/4/13 1:25,1681320347,cc-cc408-hya,data-node-15,9.9.2.157,elasticsearch_os_load5,0.61
2023/4/13 1:26,1681320407,cc-cc408-hya,data-node-15,9.9.2.157,elasticsearch_os_load5,0.55
2023/4/13 1:27,1681320467,cc-cc408-hya,data-node-15,9.9.2.157,elasticsearch_os_load5,0.48
2023/4/13 1:28,1681320527,cc-cc408-hya,data-node-15,9.9.2.157,elasticsearch_os_load5,0.42
2023/4/13 1:29,1681320587,cc-cc408-hya,data-node-15,9.9.2.157,elasticsearch_os_load5,0.58
2023/4/13 1:30,1681320647,cc-cc408-hya,data-node-15,9.9.2.157,elasticsearch_os_load5,0.65
2023/4/13 1:31,1681320707,cc-cc408-hya,data-node-15,9.9.2.157,elasticsearch_os_load5,0.71
2023/4/13 1:32,1681320767,cc-cc408-hya,data-node-15,9.9.2.157,elasticsearch_os_load5,0.67
2023/4/13 1:33,1681320827,cc-cc408-hya,data-node-15,9.9.2.157,elasticsearch_os_load5,0.6
2023/4/13 1:34,1681320887,cc-cc408-hya,data-node-15,9.9.2.157,elasticsearch_os_load5,0.55
2023/4/13 1:35,1681320947,cc-cc408-hya,data-node-15,9.9.2.157,elasticsearch_os_load5,0.47
2023/4/13 1:36,1681321007,cc-cc408-hya,data-node-15,9.9.2.157,elasticsearch_os_load5,0.44
2023/4/13 1:37,1681321067,cc-cc408-hya,data-node-15,9.9.2.157,elasticsearch_os_load5,0.39
2023/4/13 1:38,1681321127,cc-cc408-hya,data-node-15,9.9.2.157,elasticsearch_os_load5,0.38
2023/4/13 1:39,1681321187,cc-cc408-hya,data-node-15,9.9.2.157,elasticsearch_os_load5,0.41
2023/4/13 1:40,1681321247,cc-cc408-hya,data-node-15,9.9.2.157,elasticsearch_os_load5,0.37
2023/4/13 1:41,1681321307,cc-cc408-hya,data-node-15,9.9.2.157,elasticsearch_os_load5,0.33
2023/4/13 1:42,1681321367,cc-cc408-hya,data-node-15,9.9.2.157,elasticsearch_os_load5,0.41
2023/4/13 1:43,1681321427,cc-cc408-hya,data-node-15,9.9.2.157,elasticsearch_os_load5,0.36
2023/4/13 1:44,1681321487,cc-cc408-hya,data-node-15,9.9.2.157,elasticsearch_os_load5,0.42
2023/4/13 1:45,1681321547,cc-cc408-hya,data-node-15,9.9.2.157,elasticsearch_os_load5,0.53
2023/4/13 1:46,1681321607,cc-cc408-hya,data-node-15,9.9.2.157,elasticsearch_os_load5,0.59
2023/4/13 1:47,1681321667,cc-cc408-hya,data-node-15,9.9.2.157,elasticsearch_os_load5,0.72
2023/4/13 1:48,1681321727,cc-cc408-hya,data-node-15,9.9.2.157,elasticsearch_os_load5,0.72
2023/4/13 1:49,1681321787,cc-cc408-hya,data-node-15,9.9.2.157,elasticsearch_os_load5,0.69
2023/4/13 1:50,1681321847,cc-cc408-hya,data-node-15,9.9.2.157,elasticsearch_os_load5,0.64
2023/4/13 1:51,1681321907,cc-cc408-hya,data-node-15,9.9.2.157,elasticsearch_os_load5,0.68
2023/4/13 1:52,1681321967,cc-cc408-hya,data-node-15,9.9.2.157,elasticsearch_os_load5,0.61
2023/4/13 1:53,1681322027,cc-cc408-hya,data-node-15,9.9.2.157,elasticsearch_os_load5,0.59
2023/4/13 1:54,1681322087,cc-cc408-hya,data-node-15,9.9.2.157,elasticsearch_os_load5,0.53
2023/4/13 1:55,1681322147,cc-cc408-hya,data-node-15,9.9.2.157,elasticsearch_os_load5,1.16
2023/4/13 1:56,1681322207,cc-cc408-hya,data-node-15,9.9.2.157,elasticsearch_os_load5,0.96
2023/4/13 1:57,1681322267,cc-cc408-hya,data-node-15,9.9.2.157,elasticsearch_os_load5,0.88
2023/4/13 1:58,1681322327,cc-cc408-hya,data-node-15,9.9.2.157,elasticsearch_os_load5,0.75
2023/4/13 1:59,1681322387,cc-cc408-hya,data-node-15,9.9.2.157,elasticsearch_os_load5,0.65
2023/4/13 2:00,1681322447,cc-cc408-hya,data-node-15,9.9.2.157,elasticsearch_os_load5,0.58
2023/4/13 2:01,1681322507,cc-cc408-hya,data-node-15,9.9.2.157,elasticsearch_os_load5,0.5
2023/4/13 2:02,1681322567,cc-cc408-hya,data-node-15,9.9.2.157,elasticsearch_os_load5,0.45
2023/4/13 2:03,1681322627,cc-cc408-hya,data-node-15,9.9.2.157,elasticsearch_os_load5,0.4
2023/4/13 2:04,1681322687,cc-cc408-hya,data-node-15,9.9.2.157,elasticsearch_os_load5,0.38
2023/4/13 2:05,1681322747,cc-cc408-hya,data-node-15,9.9.2.157,elasticsearch_os_load5,0.39
2023/4/13 2:06,1681322807,cc-cc408-hya,data-node-15,9.9.2.157,elasticsearch_os_load5,0.49
2023/4/13 2:07,1681322867,cc-cc408-hya,data-node-15,9.9.2.157,elasticsearch_os_load5,0.42
2023/4/13 2:08,1681322927,cc-cc408-hya,data-node-15,9.9.2.157,elasticsearch_os_load5,0.39
2023/4/13 2:09,1681322987,cc-cc408-hya,data-node-15,9.9.2.157,elasticsearch_os_load5,0.33
2023/4/13 2:10,1681323047,cc-cc408-hya,data-node-15,9.9.2.157,elasticsearch_os_load5,0.41
2023/4/13 2:11,1681323107,cc-cc408-hya,data-node-15,9.9.2.157,elasticsearch_os_load5,0.51
2023/4/13 2:12,1681323167,cc-cc408-hya,data-node-15,9.9.2.157,elasticsearch_os_load5,0.66
2023/4/13 2:13,1681323227,cc-cc408-hya,data-node-15,9.9.2.157,elasticsearch_os_load5,0.75
2023/4/13 2:14,1681323287,cc-cc408-hya,data-node-15,9.9.2.157,elasticsearch_os_load5,0.66
2023/4/13 2:15,1681323347,cc-cc408-hya,data-node-15,9.9.2.157,elasticsearch_os_load5,0.63
2023/4/13 2:16,1681323407,cc-cc408-hya,data-node-15,9.9.2.157,elasticsearch_os_load5,0.55
2023/4/13 2:17,1681323467,cc-cc408-hya,data-node-15,9.9.2.157,elasticsearch_os_load5,0.49
2023/4/13 2:18,1681323527,cc-cc408-hya,data-node-15,9.9.2.157,elasticsearch_os_load5,0.42
2023/4/13 2:19,1681323587,cc-cc408-hya,data-node-15,9.9.2.157,elasticsearch_os_load5,0.42
2023/4/13 2:20,1681323647,cc-cc408-hya,data-node-15,9.9.2.157,elasticsearch_os_load5,0.45
2023/4/13 2:21,1681323707,cc-cc408-hya,data-node-15,9.9.2.157,elasticsearch_os_load5,0.43
2023/4/13 2:22,1681323767,cc-cc408-hya,data-node-15,9.9.2.157,elasticsearch_os_load5,0.42
2023/4/13 2:23,1681323827,cc-cc408-hya,data-node-15,9.9.2.157,elasticsearch_os_load5,0.39
2023/4/13 2:24,1681323887,cc-cc408-hya,data-node-15,9.9.2.157,elasticsearch_os_load5,0.41
2023/4/13 2:25,1681323947,cc-cc408-hya,data-node-15,9.9.2.157,elasticsearch_os_load5,0.36
2023/4/13 2:26,1681324007,cc-cc408-hya,data-node-15,9.9.2.157,elasticsearch_os_load5,0.39
2023/4/13 2:27,1681324067,cc-cc408-hya,data-node-15,9.9.2.157,elasticsearch_os_load5,0.51
2023/4/13 2:28,1681324127,cc-cc408-hya,data-node-15,9.9.2.157,elasticsearch_os_load5,0.63
2023/4/13 2:29,1681324187,cc-cc408-hya,data-node-15,9.9.2.157,elasticsearch_os_load5,0.75
2023/4/13 2:30,1681324247,cc-cc408-hya,data-node-15,9.9.2.157,elasticsearch_os_load5,0.74
2023/4/13 2:31,1681324307,cc-cc408-hya,data-node-15,9.9.2.157,elasticsearch_os_load5,0.69
2023/4/13 2:32,1681324367,cc-cc408-hya,data-node-15,9.9.2.157,elasticsearch_os_load5,0.6
2023/4/13 2:33,1681324427,cc-cc408-hya,data-node-15,9.9.2.157,elasticsearch_os_load5,0.58
2023/4/13 2:34,1681324487,cc-cc408-hya,data-node-15,9.9.2.157,elasticsearch_os_load5,0.5
2023/4/13 2:35,1681324547,cc-cc408-hya,data-node-15,9.9.2.157,elasticsearch_os_load5,0.47
2023/4/13 2:36,1681324607,cc-cc408-hya,data-node-15,9.9.2.157,elasticsearch_os_load5,0.49
2023/4/13 2:37,1681324667,cc-cc408-hya,data-node-15,9.9.2.157,elasticsearch_os_load5,0.41
2023/4/13 2:38,1681324727,cc-cc408-hya,data-node-15,9.9.2.157,elasticsearch_os_load5,0.38
2023/4/13 2:39,1681324787,cc-cc408-hya,data-node-15,9.9.2.157,elasticsearch_os_load5,1.26
2023/4/13 2:40,1681324847,cc-cc408-hya,data-node-15,9.9.2.157,elasticsearch_os_load5,1.1
2023/4/13 2:41,1681324907,cc-cc408-hya,data-node-15,9.9.2.157,elasticsearch_os_load5,0.96
2023/4/13 2:42,1681324967,cc-cc408-hya,data-node-15,9.9.2.157,elasticsearch_os_load5,0.83
2023/4/13 2:43,1681325027,cc-cc408-hya,data-node-15,9.9.2.157,elasticsearch_os_load5,0.72
2023/4/13 2:44,1681325087,cc-cc408-hya,data-node-15,9.9.2.157,elasticsearch_os_load5,0.65
2023/4/13 2:45,1681325147,cc-cc408-hya,data-node-15,9.9.2.157,elasticsearch_os_load5,0.53
2023/4/13 2:46,1681325207,cc-cc408-hya,data-node-15,9.9.2.157,elasticsearch_os_load5,0.45
2023/4/13 2:47,1681325267,cc-cc408-hya,data-node-15,9.9.2.157,elasticsearch_os_load5,0.46
2023/4/13 2:48,1681325327,cc-cc408-hya,data-node-15,9.9.2.157,elasticsearch_os_load5,0.48
2023/4/13 2:49,1681325387,cc-cc408-hya,data-node-15,9.9.2.157,elasticsearch_os_load5,0.4
2023/4/13 2:50,1681325447,cc-cc408-hya,data-node-15,9.9.2.157,elasticsearch_os_load5,0.42
2023/4/13 2:51,1681325507,cc-cc408-hya,data-node-15,9.9.2.157,elasticsearch_os_load5,0.39
2023/4/13 2:52,1681325567,cc-cc408-hya,data-node-15,9.9.2.157,elasticsearch_os_load5,0.38
2023/4/13 2:53,1681325627,cc-cc408-hya,data-node-15,9.9.2.157,elasticsearch_os_load5,0.35
2023/4/13 2:54,1681325687,cc-cc408-hya,data-node-15,9.9.2.157,elasticsearch_os_load5,0.55
2023/4/13 2:55,1681325747,cc-cc408-hya,data-node-15,9.9.2.157,elasticsearch_os_load5,0.59
2023/4/13 2:56,1681325807,cc-cc408-hya,data-node-15,9.9.2.157,elasticsearch_os_load5,0.55
2023/4/13 2:57,1681325867,cc-cc408-hya,data-node-15,9.9.2.157,elasticsearch_os_load5,0.55
2023/4/13 2:58,1681325927,cc-cc408-hya,data-node-15,9.9.2.157,elasticsearch_os_load5,0.55
2023/4/13 2:59,1681325987,cc-cc408-hya,data-node-15,9.9.2.157,elasticsearch_os_load5,0.56
2023/4/13 3:00,1681326047,cc-cc408-hya,data-node-15,9.9.2.157,elasticsearch_os_load5,0.49
2023/4/13 3:01,1681326107,cc-cc408-hya,data-node-15,9.9.2.157,elasticsearch_os_load5,0.43
2023/4/13 3:02,1681326167,cc-cc408-hya,data-node-15,9.9.2.157,elasticsearch_os_load5,0.49
2023/4/13 3:03,1681326227,cc-cc408-hya,data-node-15,9.9.2.157,elasticsearch_os_load5,0.44
2023/4/13 3:04,1681326287,cc-cc408-hya,data-node-15,9.9.2.157,elasticsearch_os_load5,0.4
2023/4/13 3:05,1681326347,cc-cc408-hya,data-node-15,9.9.2.157,elasticsearch_os_load5,0.45
2023/4/13 3:06,1681326407,cc-cc408-hya,data-node-15,9.9.2.157,elasticsearch_os_load5,0.46
2023/4/13 3:07,1681326467,cc-cc408-hya,data-node-15,9.9.2.157,elasticsearch_os_load5,0.39
2023/4/13 3:08,1681326527,cc-cc408-hya,data-node-15,9.9.2.157,elasticsearch_os_load5,0.56
2023/4/13 3:09,1681326587,cc-cc408-hya,data-node-15,9.9.2.157,elasticsearch_os_load5,0.63
2023/4/13 3:10,1681326647,cc-cc408-hya,data-node-15,9.9.2.157,elasticsearch_os_load5,0.71
2023/4/13 3:11,1681326707,cc-cc408-hya,data-node-15,9.9.2.157,elasticsearch_os_load5,0.76
2023/4/13 3:12,1681326767,cc-cc408-hya,data-node-15,9.9.2.157,elasticsearch_os_load5,0.72
2023/4/13 3:13,1681326827,cc-cc408-hya,data-node-15,9.9.2.157,elasticsearch_os_load5,0.69
2023/4/13 3:14,1681326887,cc-cc408-hya,data-node-15,9.9.2.157,elasticsearch_os_load5,0.67
2023/4/13 3:15,1681326947,cc-cc408-hya,data-node-15,9.9.2.157,elasticsearch_os_load5,0.64
2023/4/13 3:16,1681327007,cc-cc408-hya,data-node-15,9.9.2.157,elasticsearch_os_load5,0.57
2023/4/13 3:17,1681327067,cc-cc408-hya,data-node-15,9.9.2.157,elasticsearch_os_load5,0.49
2023/4/13 3:18,1681327127,cc-cc408-hya,data-node-15,9.9.2.157,elasticsearch_os_load5,0.45
2023/4/13 3:19,1681327187,cc-cc408-hya,data-node-15,9.9.2.157,elasticsearch_os_load5,0.38
2023/4/13 3:20,1681327247,cc-cc408-hya,data-node-15,9.9.2.157,elasticsearch_os_load5,0.34
2023/4/13 3:21,1681327307,cc-cc408-hya,data-node-15,9.9.2.157,elasticsearch_os_load5,0.32
2023/4/13 3:22,1681327367,cc-cc408-hya,data-node-15,9.9.2.157,elasticsearch_os_load5,0.32
2023/4/13 3:23,1681327427,cc-cc408-hya,data-node-15,9.9.2.157,elasticsearch_os_load5,0.26
2023/4/13 3:24,1681327487,cc-cc408-hya,data-node-15,9.9.2.157,elasticsearch_os_load5,0.21
2023/4/13 3:25,1681327547,cc-cc408-hya,data-node-15,9.9.2.157,elasticsearch_os_load5,0.18
2023/4/13 3:26,1681327607,cc-cc408-hya,data-node-15,9.9.2.157,elasticsearch_os_load5,0.22
2023/4/13 3:27,1681327667,cc-cc408-hya,data-node-15,9.9.2.157,elasticsearch_os_load5,0.21
2023/4/13 3:28,1681327727,cc-cc408-hya,data-node-15,9.9.2.157,elasticsearch_os_load5,0.22
2023/4/13 3:29,1681327787,cc-cc408-hya,data-node-15,9.9.2.157,elasticsearch_os_load5,0.22
2023/4/13 3:30,1681327847,cc-cc408-hya,data-node-15,9.9.2.157,elasticsearch_os_load5,0.23
2023/4/13 3:31,1681327907,cc-cc408-hya,data-node-15,9.9.2.157,elasticsearch_os_load5,0.24
2023/4/13 3:32,1681327967,cc-cc408-hya,data-node-15,9.9.2.157,elasticsearch_os_load5,0.24
2023/4/13 3:33,1681328027,cc-cc408-hya,data-node-15,9.9.2.157,elasticsearch_os_load5,0.24
2023/4/13 3:34,1681328087,cc-cc408-hya,data-node-15,9.9.2.157,elasticsearch_os_load5,0.29
2023/4/13 3:35,1681328147,cc-cc408-hya,data-node-15,9.9.2.157,elasticsearch_os_load5,0.39
2023/4/13 3:36,1681328207,cc-cc408-hya,data-node-15,9.9.2.157,elasticsearch_os_load5,0.46
2023/4/13 3:37,1681328267,cc-cc408-hya,data-node-15,9.9.2.157,elasticsearch_os_load5,0.59
2023/4/13 3:38,1681328327,cc-cc408-hya,data-node-15,9.9.2.157,elasticsearch_os_load5,0.64
2023/4/13 3:39,1681328387,cc-cc408-hya,data-node-15,9.9.2.157,elasticsearch_os_load5,0.61
2023/4/13 3:40,1681328447,cc-cc408-hya,data-node-15,9.9.2.157,elasticsearch_os_load5,0.53
2023/4/13 3:41,1681328507,cc-cc408-hya,data-node-15,9.9.2.157,elasticsearch_os_load5,0.43
2023/4/13 3:42,1681328567,cc-cc408-hya,data-node-15,9.9.2.157,elasticsearch_os_load5,0.38
2023/4/13 3:43,1681328627,cc-cc408-hya,data-node-15,9.9.2.157,elasticsearch_os_load5,0.35
2023/4/13 3:44,1681328687,cc-cc408-hya,data-node-15,9.9.2.157,elasticsearch_os_load5,0.34
2023/4/13 3:45,1681328747,cc-cc408-hya,data-node-15,9.9.2.157,elasticsearch_os_load5,0.35
2023/4/13 3:46,1681328807,cc-cc408-hya,data-node-15,9.9.2.157,elasticsearch_os_load5,0.32
2023/4/13 3:47,1681328867,cc-cc408-hya,data-node-15,9.9.2.157,elasticsearch_os_load5,0.32
2023/4/13 3:48,1681328927,cc-cc408-hya,data-node-15,9.9.2.157,elasticsearch_os_load5,0.36
2023/4/13 3:49,1681328987,cc-cc408-hya,data-node-15,9.9.2.157,elasticsearch_os_load5,0.35
2023/4/13 3:50,1681329047,cc-cc408-hya,data-node-15,9.9.2.157,elasticsearch_os_load5,0.5
2023/4/13 3:51,1681329107,cc-cc408-hya,data-node-15,9.9.2.157,elasticsearch_os_load5,0.64
2023/4/13 3:52,1681329167,cc-cc408-hya,data-node-15,9.9.2.157,elasticsearch_os_load5,0.74
2023/4/13 3:53,1681329227,cc-cc408-hya,data-node-15,9.9.2.157,elasticsearch_os_load5,0.79
2023/4/13 3:54,1681329287,cc-cc408-hya,data-node-15,9.9.2.157,elasticsearch_os_load5,0.84
2023/4/13 3:55,1681329347,cc-cc408-hya,data-node-15,9.9.2.157,elasticsearch_os_load5,0.82
2023/4/13 3:56,1681329407,cc-cc408-hya,data-node-15,9.9.2.157,elasticsearch_os_load5,0.74
2023/4/13 3:57,1681329467,cc-cc408-hya,data-node-15,9.9.2.157,elasticsearch_os_load5,0.73
2023/4/13 3:58,1681329527,cc-cc408-hya,data-node-15,9.9.2.157,elasticsearch_os_load5,0.61
2023/4/13 3:59,1681329587,cc-cc408-hya,data-node-15,9.9.2.157,elasticsearch_os_load5,0.58
2023/4/13 4:00,1681329647,cc-cc408-hya,data-node-15,9.9.2.157,elasticsearch_os_load5,0.55
2023/4/13 4:01,1681329707,cc-cc408-hya,data-node-15,9.9.2.157,elasticsearch_os_load5,0.45
2023/4/13 4:02,1681329767,cc-cc408-hya,data-node-15,9.9.2.157,elasticsearch_os_load5,0.41
2023/4/13 4:03,1681329827,cc-cc408-hya,data-node-15,9.9.2.157,elasticsearch_os_load5,0.39
2023/4/13 4:04,1681329887,cc-cc408-hya,data-node-15,9.9.2.157,elasticsearch_os_load5,0.4
2023/4/13 4:05,1681329947,cc-cc408-hya,data-node-15,9.9.2.157,elasticsearch_os_load5,0.37
2023/4/13 4:06,1681330007,cc-cc408-hya,data-node-15,9.9.2.157,elasticsearch_os_load5,0.35
2023/4/13 4:07,1681330067,cc-cc408-hya,data-node-15,9.9.2.157,elasticsearch_os_load5,0.33
2023/4/13 4:08,1681330127,cc-cc408-hya,data-node-15,9.9.2.157,elasticsearch_os_load5,0.28
2023/4/13 4:09,1681330187,cc-cc408-hya,data-node-15,9.9.2.157,elasticsearch_os_load5,0.3
2023/4/13 4:10,1681330247,cc-cc408-hya,data-node-15,9.9.2.157,elasticsearch_os_load5,0.29
2023/4/13 4:11,1681330307,cc-cc408-hya,data-node-15,9.9.2.157,elasticsearch_os_load5,0.34
2023/4/13 4:12,1681330367,cc-cc408-hya,data-node-15,9.9.2.157,elasticsearch_os_load5,0.52
2023/4/13 4:13,1681330427,cc-cc408-hya,data-node-15,9.9.2.157,elasticsearch_os_load5,0.54
2023/4/13 4:14,1681330487,cc-cc408-hya,data-node-15,9.9.2.157,elasticsearch_os_load5,0.56
2023/4/13 4:15,1681330547,cc-cc408-hya,data-node-15,9.9.2.157,elasticsearch_os_load5,0.57
2023/4/13 4:16,1681330607,cc-cc408-hya,data-node-15,9.9.2.157,elasticsearch_os_load5,0.6
2023/4/13 4:17,1681330667,cc-cc408-hya,data-node-15,9.9.2.157,elasticsearch_os_load5,0.55
2023/4/13 4:18,1681330727,cc-cc408-hya,data-node-15,9.9.2.157,elasticsearch_os_load5,0.59
2023/4/13 4:19,1681330787,cc-cc408-hya,data-node-15,9.9.2.157,elasticsearch_os_load5,0.79
2023/4/13 4:20,1681330847,cc-cc408-hya,data-node-15,9.9.2.157,elasticsearch_os_load5,0.95
2023/4/13 4:21,1681330907,cc-cc408-hya,data-node-15,9.9.2.157,elasticsearch_os_load5,0.93
2023/4/13 4:22,1681330967,cc-cc408-hya,data-node-15,9.9.2.157,elasticsearch_os_load5,0.76
2023/4/13 4:23,1681331027,cc-cc408-hya,data-node-15,9.9.2.157,elasticsearch_os_load5,0.73
2023/4/13 4:24,1681331087,cc-cc408-hya,data-node-15,9.9.2.157,elasticsearch_os_load5,0.62
2023/4/13 4:25,1681331147,cc-cc408-hya,data-node-15,9.9.2.157,elasticsearch_os_load5,0.63
2023/4/13 4:26,1681331207,cc-cc408-hya,data-node-15,9.9.2.157,elasticsearch_os_load5,0.55
2023/4/13 4:27,1681331267,cc-cc408-hya,data-node-15,9.9.2.157,elasticsearch_os_load5,0.52
2023/4/13 4:28,1681331327,cc-cc408-hya,data-node-15,9.9.2.157,elasticsearch_os_load5,0.52
2023/4/13 4:29,1681331387,cc-cc408-hya,data-node-15,9.9.2.157,elasticsearch_os_load5,0.5
2023/4/13 4:30,1681331447,cc-cc408-hya,data-node-15,9.9.2.157,elasticsearch_os_load5,0.47
2023/4/13 4:31,1681331507,cc-cc408-hya,data-node-15,9.9.2.157,elasticsearch_os_load5,0.7
2023/4/13 4:32,1681331567,cc-cc408-hya,data-node-15,9.9.2.157,elasticsearch_os_load5,0.76
2023/4/13 4:33,1681331627,cc-cc408-hya,data-node-15,9.9.2.157,elasticsearch_os_load5,0.84
2023/4/13 4:34,1681331687,cc-cc408-hya,data-node-15,9.9.2.157,elasticsearch_os_load5,0.9
2023/4/13 4:35,1681331747,cc-cc408-hya,data-node-15,9.9.2.157,elasticsearch_os_load5,0.91
2023/4/13 4:36,1681331807,cc-cc408-hya,data-node-15,9.9.2.157,elasticsearch_os_load5,0.86
2023/4/13 4:37,1681331867,cc-cc408-hya,data-node-15,9.9.2.157,elasticsearch_os_load5,0.79
2023/4/13 4:38,1681331927,cc-cc408-hya,data-node-15,9.9.2.157,elasticsearch_os_load5,0.77
2023/4/13 4:39,1681331987,cc-cc408-hya,data-node-15,9.9.2.157,elasticsearch_os_load5,0.72
2023/4/13 4:40,1681332047,cc-cc408-hya,data-node-15,9.9.2.157,elasticsearch_os_load5,0.6
2023/4/13 4:41,1681332107,cc-cc408-hya,data-node-15,9.9.2.157,elasticsearch_os_load5,0.6
2023/4/13 4:42,1681332167,cc-cc408-hya,data-node-15,9.9.2.157,elasticsearch_os_load5,0.56
2023/4/13 4:43,1681332227,cc-cc408-hya,data-node-15,9.9.2.157,elasticsearch_os_load5,0.49
2023/4/13 4:44,1681332287,cc-cc408-hya,data-node-15,9.9.2.157,elasticsearch_os_load5,0.4
2023/4/13 4:45,1681332347,cc-cc408-hya,data-node-15,9.9.2.157,elasticsearch_os_load5,0.34
2023/4/13 4:46,1681332407,cc-cc408-hya,data-node-15,9.9.2.157,elasticsearch_os_load5,0.3
2023/4/13 4:47,1681332467,cc-cc408-hya,data-node-15,9.9.2.157,elasticsearch_os_load5,0.26
2023/4/13 4:48,1681332527,cc-cc408-hya,data-node-15,9.9.2.157,elasticsearch_os_load5,0.32
2023/4/13 4:49,1681332587,cc-cc408-hya,data-node-15,9.9.2.157,elasticsearch_os_load5,0.31
2023/4/13 4:50,1681332647,cc-cc408-hya,data-node-15,9.9.2.157,elasticsearch_os_load5,0.28
2023/4/13 4:51,1681332707,cc-cc408-hya,data-node-15,9.9.2.157,elasticsearch_os_load5,0.29
2023/4/13 4:52,1681332767,cc-cc408-hya,data-node-15,9.9.2.157,elasticsearch_os_load5,0.25
2023/4/13 4:53,1681332827,cc-cc408-hya,data-node-15,9.9.2.157,elasticsearch_os_load5,0.25
2023/4/13 4:54,1681332887,cc-cc408-hya,data-node-15,9.9.2.157,elasticsearch_os_load5,0.26
2023/4/13 4:55,1681332947,cc-cc408-hya,data-node-15,9.9.2.157,elasticsearch_os_load5,0.29
2023/4/13 4:56,1681333007,cc-cc408-hya,data-node-15,9.9.2.157,elasticsearch_os_load5,0.31
2023/4/13 4:57,1681333067,cc-cc408-hya,data-node-15,9.9.2.157,elasticsearch_os_load5,0.3
2023/4/13 4:58,1681333127,cc-cc408-hya,data-node-15,9.9.2.157,elasticsearch_os_load5,0.27
2023/4/13 4:59,1681333187,cc-cc408-hya,data-node-15,9.9.2.157,elasticsearch_os_load5,0.25
2023/4/13 5:00,1681333247,cc-cc408-hya,data-node-15,9.9.2.157,elasticsearch_os_load5,0.6
2023/4/13 5:01,1681333307,cc-cc408-hya,data-node-15,9.9.2.157,elasticsearch_os_load5,0.84
2023/4/13 5:02,1681333367,cc-cc408-hya,data-node-15,9.9.2.157,elasticsearch_os_load5,0.83
2023/4/13 5:03,1681333427,cc-cc408-hya,data-node-15,9.9.2.157,elasticsearch_os_load5,0.77
2023/4/13 5:04,1681333487,cc-cc408-hya,data-node-15,9.9.2.157,elasticsearch_os_load5,0.69
2023/4/13 5:05,1681333547,cc-cc408-hya,data-node-15,9.9.2.157,elasticsearch_os_load5,0.59
2023/4/13 5:06,1681333607,cc-cc408-hya,data-node-15,9.9.2.157,elasticsearch_os_load5,0.53
2023/4/13 5:07,1681333667,cc-cc408-hya,data-node-15,9.9.2.157,elasticsearch_os_load5,0.53
2023/4/13 5:08,1681333727,cc-cc408-hya,data-node-15,9.9.2.157,elasticsearch_os_load5,0.51
2023/4/13 5:09,1681333787,cc-cc408-hya,data-node-15,9.9.2.157,elasticsearch_os_load5,0.5
2023/4/13 5:10,1681333847,cc-cc408-hya,data-node-15,9.9.2.157,elasticsearch_os_load5,0.46
2023/4/13 5:11,1681333907,cc-cc408-hya,data-node-15,9.9.2.157,elasticsearch_os_load5,0.46
2023/4/13 5:12,1681333967,cc-cc408-hya,data-node-15,9.9.2.157,elasticsearch_os_load5,0.44
2023/4/13 5:13,1681334027,cc-cc408-hya,data-node-15,9.9.2.157,elasticsearch_os_load5,0.37
2023/4/13 5:14,1681334087,cc-cc408-hya,data-node-15,9.9.2.157,elasticsearch_os_load5,0.4
2023/4/13 5:15,1681334147,cc-cc408-hya,data-node-15,9.9.2.157,elasticsearch_os_load5,0.5
2023/4/13 5:16,1681334207,cc-cc408-hya,data-node-15,9.9.2.157,elasticsearch_os_load5,0.58
2023/4/13 5:17,1681334267,cc-cc408-hya,data-node-15,9.9.2.157,elasticsearch_os_load5,0.64
2023/4/13 5:18,1681334327,cc-cc408-hya,data-node-15,9.9.2.157,elasticsearch_os_load5,0.7
2023/4/13 5:19,1681334387,cc-cc408-hya,data-node-15,9.9.2.157,elasticsearch_os_load5,0.71
2023/4/13 5:20,1681334447,cc-cc408-hya,data-node-15,9.9.2.157,elasticsearch_os_load5,0.65
2023/4/13 5:21,1681334507,cc-cc408-hya,data-node-15,9.9.2.157,elasticsearch_os_load5,0.61
2023/4/13 5:22,1681334567,cc-cc408-hya,data-node-15,9.9.2.157,elasticsearch_os_load5,0.51
2023/4/13 5:23,1681334627,cc-cc408-hya,data-node-15,9.9.2.157,elasticsearch_os_load5,0.52
2023/4/13 5:24,1681334687,cc-cc408-hya,data-node-15,9.9.2.157,elasticsearch_os_load5,0.43
2023/4/13 5:25,1681334747,cc-cc408-hya,data-node-15,9.9.2.157,elasticsearch_os_load5,0.41
2023/4/13 5:26,1681334807,cc-cc408-hya,data-node-15,9.9.2.157,elasticsearch_os_load5,0.41
2023/4/13 5:27,1681334867,cc-cc408-hya,data-node-15,9.9.2.157,elasticsearch_os_load5,0.35
2023/4/13 5:28,1681334927,cc-cc408-hya,data-node-15,9.9.2.157,elasticsearch_os_load5,0.36
2023/4/13 5:29,1681334987,cc-cc408-hya,data-node-15,9.9.2.157,elasticsearch_os_load5,0.36
2023/4/13 5:30,1681335047,cc-cc408-hya,data-node-15,9.9.2.157,elasticsearch_os_load5,0.3
2023/4/13 5:31,1681335107,cc-cc408-hya,data-node-15,9.9.2.157,elasticsearch_os_load5,0.39
2023/4/13 5:32,1681335167,cc-cc408-hya,data-node-15,9.9.2.157,elasticsearch_os_load5,0.36
2023/4/13 5:33,1681335227,cc-cc408-hya,data-node-15,9.9.2.157,elasticsearch_os_load5,0.38
2023/4/13 5:34,1681335287,cc-cc408-hya,data-node-15,9.9.2.157,elasticsearch_os_load5,0.32
2023/4/13 5:35,1681335347,cc-cc408-hya,data-node-15,9.9.2.157,elasticsearch_os_load5,0.31
2023/4/13 5:36,1681335407,cc-cc408-hya,data-node-15,9.9.2.157,elasticsearch_os_load5,0.3
2023/4/13 5:37,1681335467,cc-cc408-hya,data-node-15,9.9.2.157,elasticsearch_os_load5,0.3
2023/4/13 5:38,1681335527,cc-cc408-hya,data-node-15,9.9.2.157,elasticsearch_os_load5,0.33
2023/4/13 5:39,1681335587,cc-cc408-hya,data-node-15,9.9.2.157,elasticsearch_os_load5,0.31
2023/4/13 5:40,1681335647,cc-cc408-hya,data-node-15,9.9.2.157,elasticsearch_os_load5,0.25
2023/4/13 5:41,1681335707,cc-cc408-hya,data-node-15,9.9.2.157,elasticsearch_os_load5,0.29
2023/4/13 5:42,1681335767,cc-cc408-hya,data-node-15,9.9.2.157,elasticsearch_os_load5,0.3
2023/4/13 5:43,1681335827,cc-cc408-hya,data-node-15,9.9.2.157,elasticsearch_os_load5,0.55
2023/4/13 5:44,1681335887,cc-cc408-hya,data-node-15,9.9.2.157,elasticsearch_os_load5,0.66
2023/4/13 5:45,1681335947,cc-cc408-hya,data-node-15,9.9.2.157,elasticsearch_os_load5,0.62
2023/4/13 5:46,1681336007,cc-cc408-hya,data-node-15,9.9.2.157,elasticsearch_os_load5,0.55
2023/4/13 5:47,1681336067,cc-cc408-hya,data-node-15,9.9.2.157,elasticsearch_os_load5,0.5
2023/4/13 5:48,1681336127,cc-cc408-hya,data-node-15,9.9.2.157,elasticsearch_os_load5,0.43
2023/4/13 5:49,1681336187,cc-cc408-hya,data-node-15,9.9.2.157,elasticsearch_os_load5,0.44
2023/4/13 5:50,1681336247,cc-cc408-hya,data-node-15,9.9.2.157,elasticsearch_os_load5,0.44
2023/4/13 5:51,1681336307,cc-cc408-hya,data-node-15,9.9.2.157,elasticsearch_os_load5,1.18
2023/4/13 5:52,1681336367,cc-cc408-hya,data-node-15,9.9.2.157,elasticsearch_os_load5,0.99
2023/4/13 5:53,1681336427,cc-cc408-hya,data-node-15,9.9.2.157,elasticsearch_os_load5,1.55
2023/4/13 5:54,1681336487,cc-cc408-hya,data-node-15,9.9.2.157,elasticsearch_os_load5,1.33
2023/4/13 5:55,1681336547,cc-cc408-hya,data-node-15,9.9.2.157,elasticsearch_os_load5,1.32
2023/4/13 5:56,1681336607,cc-cc408-hya,data-node-15,9.9.2.157,elasticsearch_os_load5,1.28
2023/4/13 5:57,1681336667,cc-cc408-hya,data-node-15,9.9.2.157,elasticsearch_os_load5,1.17
2023/4/13 5:58,1681336727,cc-cc408-hya,data-node-15,9.9.2.157,elasticsearch_os_load5,1.12
2023/4/13 5:59,1681336787,cc-cc408-hya,data-node-15,9.9.2.157,elasticsearch_os_load5,1.12
2023/4/13 6:00,1681336847,cc-cc408-hya,data-node-15,9.9.2.157,elasticsearch_os_load5,1.12
2023/4/13 6:01,1681336907,cc-cc408-hya,data-node-15,9.9.2.157,elasticsearch_os_load5,1.09
2023/4/13 6:02,1681336967,cc-cc408-hya,data-node-15,9.9.2.157,elasticsearch_os_load5,1.12
2023/4/13 6:03,1681337027,cc-cc408-hya,data-node-15,9.9.2.157,elasticsearch_os_load5,1.04
2023/4/13 6:04,1681337087,cc-cc408-hya,data-node-15,9.9.2.157,elasticsearch_os_load5,0.91
2023/4/13 6:05,1681337147,cc-cc408-hya,data-node-15,9.9.2.157,elasticsearch_os_load5,0.84
2023/4/13 6:06,1681337207,cc-cc408-hya,data-node-15,9.9.2.157,elasticsearch_os_load5,0.7
2023/4/13 6:07,1681337267,cc-cc408-hya,data-node-15,9.9.2.157,elasticsearch_os_load5,0.6
2023/4/13 6:08,1681337327,cc-cc408-hya,data-node-15,9.9.2.157,elasticsearch_os_load5,0.6
2023/4/13 6:09,1681337387,cc-cc408-hya,data-node-15,9.9.2.157,elasticsearch_os_load5,0.52
2023/4/13 6:10,1681337447,cc-cc408-hya,data-node-15,9.9.2.157,elasticsearch_os_load5,0.47
2023/4/13 6:11,1681337507,cc-cc408-hya,data-node-15,9.9.2.157,elasticsearch_os_load5,0.45
2023/4/13 6:12,1681337567,cc-cc408-hya,data-node-15,9.9.2.157,elasticsearch_os_load5,0.38
2023/4/13 6:13,1681337627,cc-cc408-hya,data-node-15,9.9.2.157,elasticsearch_os_load5,0.4
2023/4/13 6:14,1681337687,cc-cc408-hya,data-node-15,9.9.2.157,elasticsearch_os_load5,0.42
2023/4/13 6:15,1681337747,cc-cc408-hya,data-node-15,9.9.2.157,elasticsearch_os_load5,0.37
2023/4/13 6:16,1681337807,cc-cc408-hya,data-node-15,9.9.2.157,elasticsearch_os_load5,0.33
2023/4/13 6:17,1681337867,cc-cc408-hya,data-node-15,9.9.2.157,elasticsearch_os_load5,0.41
2023/4/13 6:18,1681337927,cc-cc408-hya,data-node-15,9.9.2.157,elasticsearch_os_load5,0.38
2023/4/13 6:19,1681337987,cc-cc408-hya,data-node-15,9.9.2.157,elasticsearch_os_load5,0.34
2023/4/13 6:20,1681338047,cc-cc408-hya,data-node-15,9.9.2.157,elasticsearch_os_load5,0.35
2023/4/13 6:21,1681338107,cc-cc408-hya,data-node-15,9.9.2.157,elasticsearch_os_load5,0.33
2023/4/13 6:22,1681338167,cc-cc408-hya,data-node-15,9.9.2.157,elasticsearch_os_load5,0.27
2023/4/13 6:23,1681338227,cc-cc408-hya,data-node-15,9.9.2.157,elasticsearch_os_load5,0.26
2023/4/13 6:24,1681338287,cc-cc408-hya,data-node-15,9.9.2.157,elasticsearch_os_load5,0.26
2023/4/13 6:25,1681338347,cc-cc408-hya,data-node-15,9.9.2.157,elasticsearch_os_load5,0.4
2023/4/13 6:26,1681338407,cc-cc408-hya,data-node-15,9.9.2.157,elasticsearch_os_load5,0.52
2023/4/13 6:27,1681338467,cc-cc408-hya,data-node-15,9.9.2.157,elasticsearch_os_load5,0.57
2023/4/13 6:28,1681338527,cc-cc408-hya,data-node-15,9.9.2.157,elasticsearch_os_load5,0.54
2023/4/13 6:29,1681338587,cc-cc408-hya,data-node-15,9.9.2.157,elasticsearch_os_load5,0.56
2023/4/13 6:30,1681338647,cc-cc408-hya,data-node-15,9.9.2.157,elasticsearch_os_load5,0.47
2023/4/13 6:31,1681338707,cc-cc408-hya,data-node-15,9.9.2.157,elasticsearch_os_load5,0.48
2023/4/13 6:32,1681338767,cc-cc408-hya,data-node-15,9.9.2.157,elasticsearch_os_load5,0.47
2023/4/13 6:33,1681338827,cc-cc408-hya,data-node-15,9.9.2.157,elasticsearch_os_load5,0.43
2023/4/13 6:34,1681338887,cc-cc408-hya,data-node-15,9.9.2.157,elasticsearch_os_load5,0.35
2023/4/13 6:35,1681338947,cc-cc408-hya,data-node-15,9.9.2.157,elasticsearch_os_load5,0.42
2023/4/13 6:36,1681339007,cc-cc408-hya,data-node-15,9.9.2.157,elasticsearch_os_load5,0.45
2023/4/13 6:37,1681339067,cc-cc408-hya,data-node-15,9.9.2.157,elasticsearch_os_load5,0.59
2023/4/13 6:38,1681339127,cc-cc408-hya,data-node-15,9.9.2.157,elasticsearch_os_load5,0.71
2023/4/13 6:39,1681339187,cc-cc408-hya,data-node-15,9.9.2.157,elasticsearch_os_load5,0.71
2023/4/13 6:40,1681339247,cc-cc408-hya,data-node-15,9.9.2.157,elasticsearch_os_load5,0.75
2023/4/13 6:41,1681339307,cc-cc408-hya,data-node-15,9.9.2.157,elasticsearch_os_load5,0.75
2023/4/13 6:42,1681339367,cc-cc408-hya,data-node-15,9.9.2.157,elasticsearch_os_load5,0.79
2023/4/13 6:43,1681339427,cc-cc408-hya,data-node-15,9.9.2.157,elasticsearch_os_load5,0.83
2023/4/13 6:44,1681339487,cc-cc408-hya,data-node-15,9.9.2.157,elasticsearch_os_load5,0.87
2023/4/13 6:45,1681339547,cc-cc408-hya,data-node-15,9.9.2.157,elasticsearch_os_load5,0.88
2023/4/13 6:46,1681339607,cc-cc408-hya,data-node-15,9.9.2.157,elasticsearch_os_load5,0.77
2023/4/13 6:47,1681339667,cc-cc408-hya,data-node-15,9.9.2.157,elasticsearch_os_load5,0.73
2023/4/13 6:48,1681339727,cc-cc408-hya,data-node-15,9.9.2.157,elasticsearch_os_load5,0.65
2023/4/13 6:49,1681339787,cc-cc408-hya,data-node-15,9.9.2.157,elasticsearch_os_load5,0.58
2023/4/13 6:50,1681339847,cc-cc408-hya,data-node-15,9.9.2.157,elasticsearch_os_load5,0.63
2023/4/13 6:51,1681339907,cc-cc408-hya,data-node-15,9.9.2.157,elasticsearch_os_load5,0.81
2023/4/13 6:52,1681339967,cc-cc408-hya,data-node-15,9.9.2.157,elasticsearch_os_load5,0.79
2023/4/13 6:53,1681340027,cc-cc408-hya,data-node-15,9.9.2.157,elasticsearch_os_load5,0.7
2023/4/13 6:54,1681340087,cc-cc408-hya,data-node-15,9.9.2.157,elasticsearch_os_load5,0.66
2023/4/13 6:55,1681340147,cc-cc408-hya,data-node-15,9.9.2.157,elasticsearch_os_load5,0.71
2023/4/13 6:56,1681340207,cc-cc408-hya,data-node-15,9.9.2.157,elasticsearch_os_load5,0.61
2023/4/13 6:57,1681340267,cc-cc408-hya,data-node-15,9.9.2.157,elasticsearch_os_load5,0.54
2023/4/13 6:58,1681340327,cc-cc408-hya,data-node-15,9.9.2.157,elasticsearch_os_load5,0.49
2023/4/13 6:59,1681340387,cc-cc408-hya,data-node-15,9.9.2.157,elasticsearch_os_load5,0.48
2023/4/13 7:00,1681340447,cc-cc408-hya,data-node-15,9.9.2.157,elasticsearch_os_load5,0.47
2023/4/13 7:01,1681340507,cc-cc408-hya,data-node-15,9.9.2.157,elasticsearch_os_load5,0.49
2023/4/13 7:02,1681340567,cc-cc408-hya,data-node-15,9.9.2.157,elasticsearch_os_load5,0.4
2023/4/13 7:03,1681340627,cc-cc408-hya,data-node-15,9.9.2.157,elasticsearch_os_load5,0.49
2023/4/13 7:04,1681340687,cc-cc408-hya,data-node-15,9.9.2.157,elasticsearch_os_load5,0.46
2023/4/13 7:05,1681340747,cc-cc408-hya,data-node-15,9.9.2.157,elasticsearch_os_load5,0.46
2023/4/13 7:06,1681340807,cc-cc408-hya,data-node-15,9.9.2.157,elasticsearch_os_load5,0.42
2023/4/13 7:07,1681340867,cc-cc408-hya,data-node-15,9.9.2.157,elasticsearch_os_load5,0.58
2023/4/13 7:08,1681340927,cc-cc408-hya,data-node-15,9.9.2.157,elasticsearch_os_load5,0.75
2023/4/13 7:09,1681340987,cc-cc408-hya,data-node-15,9.9.2.157,elasticsearch_os_load5,0.84
2023/4/13 7:10,1681341047,cc-cc408-hya,data-node-15,9.9.2.157,elasticsearch_os_load5,0.78
2023/4/13 7:11,1681341107,cc-cc408-hya,data-node-15,9.9.2.157,elasticsearch_os_load5,0.77
2023/4/13 7:12,1681341167,cc-cc408-hya,data-node-15,9.9.2.157,elasticsearch_os_load5,0.73
2023/4/13 7:13,1681341227,cc-cc408-hya,data-node-15,9.9.2.157,elasticsearch_os_load5,0.67
2023/4/13 7:14,1681341287,cc-cc408-hya,data-node-15,9.9.2.157,elasticsearch_os_load5,0.61
2023/4/13 7:15,1681341347,cc-cc408-hya,data-node-15,9.9.2.157,elasticsearch_os_load5,0.61
2023/4/13 7:16,1681341407,cc-cc408-hya,data-node-15,9.9.2.157,elasticsearch_os_load5,0.64
2023/4/13 7:17,1681341467,cc-cc408-hya,data-node-15,9.9.2.157,elasticsearch_os_load5,0.63
2023/4/13 7:18,1681341527,cc-cc408-hya,data-node-15,9.9.2.157,elasticsearch_os_load5,0.7
2023/4/13 7:19,1681341587,cc-cc408-hya,data-node-15,9.9.2.157,elasticsearch_os_load5,0.78
2023/4/13 7:20,1681341647,cc-cc408-hya,data-node-15,9.9.2.157,elasticsearch_os_load5,0.75
2023/4/13 7:21,1681341707,cc-cc408-hya,data-node-15,9.9.2.157,elasticsearch_os_load5,0.72
2023/4/13 7:22,1681341767,cc-cc408-hya,data-node-15,9.9.2.157,elasticsearch_os_load5,0.77
2023/4/13 7:23,1681341827,cc-cc408-hya,data-node-15,9.9.2.157,elasticsearch_os_load5,0.83
2023/4/13 7:24,1681341887,cc-cc408-hya,data-node-15,9.9.2.157,elasticsearch_os_load5,0.97
2023/4/13 7:25,1681341947,cc-cc408-hya,data-node-15,9.9.2.157,elasticsearch_os_load5,0.99
2023/4/13 7:26,1681342007,cc-cc408-hya,data-node-15,9.9.2.157,elasticsearch_os_load5,1.13
2023/4/13 7:27,1681342067,cc-cc408-hya,data-node-15,9.9.2.157,elasticsearch_os_load5,1.13
2023/4/13 7:28,1681342127,cc-cc408-hya,data-node-15,9.9.2.157,elasticsearch_os_load5,1.04
2023/4/13 7:29,1681342187,cc-cc408-hya,data-node-15,9.9.2.157,elasticsearch_os_load5,0.94
2023/4/13 7:30,1681342247,cc-cc408-hya,data-node-15,9.9.2.157,elasticsearch_os_load5,0.91
2023/4/13 7:31,1681342307,cc-cc408-hya,data-node-15,9.9.2.157,elasticsearch_os_load5,0.85
2023/4/13 7:32,1681342367,cc-cc408-hya,data-node-15,9.9.2.157,elasticsearch_os_load5,0.74
2023/4/13 7:33,1681342427,cc-cc408-hya,data-node-15,9.9.2.157,elasticsearch_os_load5,0.63
2023/4/13 7:34,1681342487,cc-cc408-hya,data-node-15,9.9.2.157,elasticsearch_os_load5,0.58
2023/4/13 7:35,1681342547,cc-cc408-hya,data-node-15,9.9.2.157,elasticsearch_os_load5,0.52
2023/4/13 7:36,1681342607,cc-cc408-hya,data-node-15,9.9.2.157,elasticsearch_os_load5,0.61
2023/4/13 7:37,1681342667,cc-cc408-hya,data-node-15,9.9.2.157,elasticsearch_os_load5,0.66
2023/4/13 7:38,1681342727,cc-cc408-hya,data-node-15,9.9.2.157,elasticsearch_os_load5,0.66
2023/4/13 7:39,1681342787,cc-cc408-hya,data-node-15,9.9.2.157,elasticsearch_os_load5,0.62
2023/4/13 7:40,1681342847,cc-cc408-hya,data-node-15,9.9.2.157,elasticsearch_os_load5,0.58
2023/4/13 7:41,1681342907,cc-cc408-hya,data-node-15,9.9.2.157,elasticsearch_os_load5,0.62
2023/4/13 7:42,1681342967,cc-cc408-hya,data-node-15,9.9.2.157,elasticsearch_os_load5,0.56
2023/4/13 7:43,1681343027,cc-cc408-hya,data-node-15,9.9.2.157,elasticsearch_os_load5,0.54
2023/4/13 7:44,1681343087,cc-cc408-hya,data-node-15,9.9.2.157,elasticsearch_os_load5,0.51
2023/4/13 7:45,1681343147,cc-cc408-hya,data-node-15,9.9.2.157,elasticsearch_os_load5,0.48
2023/4/13 7:46,1681343207,cc-cc408-hya,data-node-15,9.9.2.157,elasticsearch_os_load5,0.48
2023/4/13 7:47,1681343267,cc-cc408-hya,data-node-15,9.9.2.157,elasticsearch_os_load5,0.5
2023/4/13 7:48,1681343327,cc-cc408-hya,data-node-15,9.9.2.157,elasticsearch_os_load5,0.61
2023/4/13 7:49,1681343387,cc-cc408-hya,data-node-15,9.9.2.157,elasticsearch_os_load5,0.7
2023/4/13 7:50,1681343447,cc-cc408-hya,data-node-15,9.9.2.157,elasticsearch_os_load5,0.97
2023/4/13 7:51,1681343507,cc-cc408-hya,data-node-15,9.9.2.157,elasticsearch_os_load5,1.14
2023/4/13 7:52,1681343567,cc-cc408-hya,data-node-15,9.9.2.157,elasticsearch_os_load5,1.02
2023/4/13 7:53,1681343627,cc-cc408-hya,data-node-15,9.9.2.157,elasticsearch_os_load5,0.99
2023/4/13 7:54,1681343687,cc-cc408-hya,data-node-15,9.9.2.157,elasticsearch_os_load5,1.08
2023/4/13 7:55,1681343747,cc-cc408-hya,data-node-15,9.9.2.157,elasticsearch_os_load5,1.01
2023/4/13 7:56,1681343807,cc-cc408-hya,data-node-15,9.9.2.157,elasticsearch_os_load5,0.94
2023/4/13 7:57,1681343867,cc-cc408-hya,data-node-15,9.9.2.157,elasticsearch_os_load5,0.84
2023/4/13 7:58,1681343927,cc-cc408-hya,data-node-15,9.9.2.157,elasticsearch_os_load5,0.79
2023/4/13 7:59,1681343987,cc-cc408-hya,data-node-15,9.9.2.157,elasticsearch_os_load5,0.8
2023/4/13 8:00,1681344047,cc-cc408-hya,data-node-15,9.9.2.157,elasticsearch_os_load5,0.9
2023/4/13 8:01,1681344107,cc-cc408-hya,data-node-15,9.9.2.157,elasticsearch_os_load5,1.14
2023/4/13 8:02,1681344167,cc-cc408-hya,data-node-15,9.9.2.157,elasticsearch_os_load5,1.16
2023/4/13 8:03,1681344227,cc-cc408-hya,data-node-15,9.9.2.157,elasticsearch_os_load5,1.28
2023/4/13 8:04,1681344287,cc-cc408-hya,data-node-15,9.9.2.157,elasticsearch_os_load5,1.58
2023/4/13 8:05,1681344347,cc-cc408-hya,data-node-15,9.9.2.157,elasticsearch_os_load5,1.75
2023/4/13 8:06,1681344407,cc-cc408-hya,data-node-15,9.9.2.157,elasticsearch_os_load5,1.82
2023/4/13 8:07,1681344467,cc-cc408-hya,data-node-15,9.9.2.157,elasticsearch_os_load5,1.71
2023/4/13 8:08,1681344527,cc-cc408-hya,data-node-15,9.9.2.157,elasticsearch_os_load5,2.26
2023/4/13 8:09,1681344587,cc-cc408-hya,data-node-15,9.9.2.157,elasticsearch_os_load5,3.26
2023/4/13 8:10,1681344647,cc-cc408-hya,data-node-15,9.9.2.157,elasticsearch_os_load5,3.1
2023/4/13 8:11,1681344707,cc-cc408-hya,data-node-15,9.9.2.157,elasticsearch_os_load5,2.7
2023/4/13 8:12,1681344767,cc-cc408-hya,data-node-15,9.9.2.157,elasticsearch_os_load5,2.35
2023/4/13 8:13,1681344827,cc-cc408-hya,data-node-15,9.9.2.157,elasticsearch_os_load5,2.53
2023/4/13 8:14,1681344887,cc-cc408-hya,data-node-15,9.9.2.157,elasticsearch_os_load5,2.21
2023/4/13 8:15,1681344947,cc-cc408-hya,data-node-15,9.9.2.157,elasticsearch_os_load5,1.94
2023/4/13 8:16,1681345007,cc-cc408-hya,data-node-15,9.9.2.157,elasticsearch_os_load5,1.77
2023/4/13 8:17,1681345067,cc-cc408-hya,data-node-15,9.9.2.157,elasticsearch_os_load5,1.64
2023/4/13 8:18,1681345127,cc-cc408-hya,data-node-15,9.9.2.157,elasticsearch_os_load5,1.58
2023/4/13 8:19,1681345187,cc-cc408-hya,data-node-15,9.9.2.157,elasticsearch_os_load5,1.46
2023/4/13 8:20,1681345247,cc-cc408-hya,data-node-15,9.9.2.157,elasticsearch_os_load5,1.49
2023/4/13 8:21,1681345307,cc-cc408-hya,data-node-15,9.9.2.157,elasticsearch_os_load5,1.43
2023/4/13 8:22,1681345367,cc-cc408-hya,data-node-15,9.9.2.157,elasticsearch_os_load5,1.37
2023/4/13 8:23,1681345427,cc-cc408-hya,data-node-15,9.9.2.157,elasticsearch_os_load5,1.33
2023/4/13 8:24,1681345487,cc-cc408-hya,data-node-15,9.9.2.157,elasticsearch_os_load5,1.23
2023/4/13 8:25,1681345547,cc-cc408-hya,data-node-15,9.9.2.157,elasticsearch_os_load5,1.15
2023/4/13 8:26,1681345607,cc-cc408-hya,data-node-15,9.9.2.157,elasticsearch_os_load5,1.12
2023/4/13 8:27,1681345667,cc-cc408-hya,data-node-15,9.9.2.157,elasticsearch_os_load5,1.16
2023/4/13 8:28,1681345727,cc-cc408-hya,data-node-15,9.9.2.157,elasticsearch_os_load5,1.19
2023/4/13 8:29,1681345787,cc-cc408-hya,data-node-15,9.9.2.157,elasticsearch_os_load5,1.14
2023/4/13 8:30,1681345847,cc-cc408-hya,data-node-15,9.9.2.157,elasticsearch_os_load5,1.28
2023/4/13 8:31,1681345907,cc-cc408-hya,data-node-15,9.9.2.157,elasticsearch_os_load5,1.24
2023/4/13 8:32,1681345967,cc-cc408-hya,data-node-15,9.9.2.157,elasticsearch_os_load5,1.48
2023/4/13 8:33,1681346027,cc-cc408-hya,data-node-15,9.9.2.157,elasticsearch_os_load5,1.61
2023/4/13 8:34,1681346087,cc-cc408-hya,data-node-15,9.9.2.157,elasticsearch_os_load5,1.67
2023/4/13 8:35,1681346147,cc-cc408-hya,data-node-15,9.9.2.157,elasticsearch_os_load5,1.54
2023/4/13 8:36,1681346207,cc-cc408-hya,data-node-15,9.9.2.157,elasticsearch_os_load5,1.55
2023/4/13 8:37,1681346267,cc-cc408-hya,data-node-15,9.9.2.157,elasticsearch_os_load5,1.49
2023/4/13 8:38,1681346327,cc-cc408-hya,data-node-15,9.9.2.157,elasticsearch_os_load5,1.49
2023/4/13 8:39,1681346387,cc-cc408-hya,data-node-15,9.9.2.157,elasticsearch_os_load5,1.47
2023/4/13 8:40,1681346447,cc-cc408-hya,data-node-15,9.9.2.157,elasticsearch_os_load5,1.62
2023/4/13 8:41,1681346507,cc-cc408-hya,data-node-15,9.9.2.157,elasticsearch_os_load5,1.66
2023/4/13 8:42,1681346567,cc-cc408-hya,data-node-15,9.9.2.157,elasticsearch_os_load5,1.84
2023/4/13 8:43,1681346627,cc-cc408-hya,data-node-15,9.9.2.157,elasticsearch_os_load5,1.83
2023/4/13 8:44,1681346687,cc-cc408-hya,data-node-15,9.9.2.157,elasticsearch_os_load5,1.86
2023/4/13 8:45,1681346747,cc-cc408-hya,data-node-15,9.9.2.157,elasticsearch_os_load5,2
2023/4/13 8:46,1681346807,cc-cc408-hya,data-node-15,9.9.2.157,elasticsearch_os_load5,1.89
2023/4/13 8:47,1681346867,cc-cc408-hya,data-node-15,9.9.2.157,elasticsearch_os_load5,1.82
2023/4/13 8:48,1681346927,cc-cc408-hya,data-node-15,9.9.2.157,elasticsearch_os_load5,2.02
2023/4/13 8:49,1681346987,cc-cc408-hya,data-node-15,9.9.2.157,elasticsearch_os_load5,1.82
2023/4/13 8:50,1681347047,cc-cc408-hya,data-node-15,9.9.2.157,elasticsearch_os_load5,1.87
2023/4/13 8:51,1681347107,cc-cc408-hya,data-node-15,9.9.2.157,elasticsearch_os_load5,1.95
2023/4/13 8:52,1681347167,cc-cc408-hya,data-node-15,9.9.2.157,elasticsearch_os_load5,2.04
2023/4/13 8:53,1681347227,cc-cc408-hya,data-node-15,9.9.2.157,elasticsearch_os_load5,2.17
2023/4/13 8:54,1681347287,cc-cc408-hya,data-node-15,9.9.2.157,elasticsearch_os_load5,2.28
2023/4/13 8:55,1681347347,cc-cc408-hya,data-node-15,9.9.2.157,elasticsearch_os_load5,2.3
2023/4/13 8:56,1681347407,cc-cc408-hya,data-node-15,9.9.2.157,elasticsearch_os_load5,2.31
2023/4/13 8:57,1681347467,cc-cc408-hya,data-node-15,9.9.2.157,elasticsearch_os_load5,2.22
2023/4/13 8:58,1681347527,cc-cc408-hya,data-node-15,9.9.2.157,elasticsearch_os_load5,2.15
2023/4/13 8:59,1681347587,cc-cc408-hya,data-node-15,9.9.2.157,elasticsearch_os_load5,2.15
2023/4/13 9:00,1681347647,cc-cc408-hya,data-node-15,9.9.2.157,elasticsearch_os_load5,2.16
2023/4/13 9:01,1681347707,cc-cc408-hya,data-node-15,9.9.2.157,elasticsearch_os_load5,2.41
2023/4/13 9:02,1681347767,cc-cc408-hya,data-node-15,9.9.2.157,elasticsearch_os_load5,2.49
2023/4/13 9:03,1681347827,cc-cc408-hya,data-node-15,9.9.2.157,elasticsearch_os_load5,2.7
2023/4/13 9:04,1681347887,cc-cc408-hya,data-node-15,9.9.2.157,elasticsearch_os_load5,2.73
2023/4/13 9:05,1681347947,cc-cc408-hya,data-node-15,9.9.2.157,elasticsearch_os_load5,2.8
2023/4/13 9:06,1681348007,cc-cc408-hya,data-node-15,9.9.2.157,elasticsearch_os_load5,2.87
2023/4/13 9:07,1681348067,cc-cc408-hya,data-node-15,9.9.2.157,elasticsearch_os_load5,2.95
2023/4/13 9:08,1681348127,cc-cc408-hya,data-node-15,9.9.2.157,elasticsearch_os_load5,3.05
2023/4/13 9:09,1681348187,cc-cc408-hya,data-node-15,9.9.2.157,elasticsearch_os_load5,2.95
2023/4/13 9:10,1681348247,cc-cc408-hya,data-node-15,9.9.2.157,elasticsearch_os_load5,3.33
2023/4/13 9:11,1681348307,cc-cc408-hya,data-node-15,9.9.2.157,elasticsearch_os_load5,3.47
2023/4/13 9:12,1681348367,cc-cc408-hya,data-node-15,9.9.2.157,elasticsearch_os_load5,3.37
2023/4/13 9:13,1681348427,cc-cc408-hya,data-node-15,9.9.2.157,elasticsearch_os_load5,3.67
2023/4/13 9:14,1681348487,cc-cc408-hya,data-node-15,9.9.2.157,elasticsearch_os_load5,3.81
2023/4/13 9:15,1681348547,cc-cc408-hya,data-node-15,9.9.2.157,elasticsearch_os_load5,3.93
2023/4/13 9:16,1681348607,cc-cc408-hya,data-node-15,9.9.2.157,elasticsearch_os_load5,4.26
2023/4/13 9:17,1681348667,cc-cc408-hya,data-node-15,9.9.2.157,elasticsearch_os_load5,4.05
2023/4/13 9:18,1681348727,cc-cc408-hya,data-node-15,9.9.2.157,elasticsearch_os_load5,4.29
2023/4/13 9:19,1681348787,cc-cc408-hya,data-node-15,9.9.2.157,elasticsearch_os_load5,4.15
2023/4/13 9:20,1681348847,cc-cc408-hya,data-node-15,9.9.2.157,elasticsearch_os_load5,4.12
2023/4/13 9:21,1681348907,cc-cc408-hya,data-node-15,9.9.2.157,elasticsearch_os_load5,4.11
2023/4/13 9:22,1681348967,cc-cc408-hya,data-node-15,9.9.2.157,elasticsearch_os_load5,4.07
2023/4/13 9:23,1681349027,cc-cc408-hya,data-node-15,9.9.2.157,elasticsearch_os_load5,3.86
2023/4/13 9:24,1681349087,cc-cc408-hya,data-node-15,9.9.2.157,elasticsearch_os_load5,3.94
2023/4/13 9:25,1681349147,cc-cc408-hya,data-node-15,9.9.2.157,elasticsearch_os_load5,4
2023/4/13 9:26,1681349207,cc-cc408-hya,data-node-15,9.9.2.157,elasticsearch_os_load5,4.22
2023/4/13 9:27,1681349267,cc-cc408-hya,data-node-15,9.9.2.157,elasticsearch_os_load5,4.14
2023/4/13 9:28,1681349327,cc-cc408-hya,data-node-15,9.9.2.157,elasticsearch_os_load5,4.69
2023/4/13 9:29,1681349387,cc-cc408-hya,data-node-15,9.9.2.157,elasticsearch_os_load5,4.37
2023/4/13 9:30,1681349447,cc-cc408-hya,data-node-15,9.9.2.157,elasticsearch_os_load5,4.39
2023/4/13 9:31,1681349507,cc-cc408-hya,data-node-15,9.9.2.157,elasticsearch_os_load5,4.42
2023/4/13 9:32,1681349567,cc-cc408-hya,data-node-15,9.9.2.157,elasticsearch_os_load5,4.2
2023/4/13 9:33,1681349627,cc-cc408-hya,data-node-15,9.9.2.157,elasticsearch_os_load5,4.16
2023/4/13 9:34,1681349687,cc-cc408-hya,data-node-15,9.9.2.157,elasticsearch_os_load5,3.89
2023/4/13 9:35,1681349747,cc-cc408-hya,data-node-15,9.9.2.157,elasticsearch_os_load5,4.35
2023/4/13 9:36,1681349807,cc-cc408-hya,data-node-15,9.9.2.157,elasticsearch_os_load5,4.31
2023/4/13 9:37,1681349867,cc-cc408-hya,data-node-15,9.9.2.157,elasticsearch_os_load5,4.35
2023/4/13 9:38,1681349927,cc-cc408-hya,data-node-15,9.9.2.157,elasticsearch_os_load5,4.64
2023/4/13 9:39,1681349987,cc-cc408-hya,data-node-15,9.9.2.157,elasticsearch_os_load5,4.69
2023/4/13 9:40,1681350047,cc-cc408-hya,data-node-15,9.9.2.157,elasticsearch_os_load5,4.54
2023/4/13 9:41,1681350107,cc-cc408-hya,data-node-15,9.9.2.157,elasticsearch_os_load5,4.42
2023/4/13 9:42,1681350167,cc-cc408-hya,data-node-15,9.9.2.157,elasticsearch_os_load5,4.31
2023/4/13 9:43,1681350227,cc-cc408-hya,data-node-15,9.9.2.157,elasticsearch_os_load5,3.91
2023/4/13 9:44,1681350287,cc-cc408-hya,data-node-15,9.9.2.157,elasticsearch_os_load5,3.62
2023/4/13 9:45,1681350347,cc-cc408-hya,data-node-15,9.9.2.157,elasticsearch_os_load5,3.57
2023/4/13 9:46,1681350407,cc-cc408-hya,data-node-15,9.9.2.157,elasticsearch_os_load5,3.72
2023/4/13 9:47,1681350467,cc-cc408-hya,data-node-15,9.9.2.157,elasticsearch_os_load5,3.86
2023/4/13 9:48,1681350527,cc-cc408-hya,data-node-15,9.9.2.157,elasticsearch_os_load5,4.01
2023/4/13 9:49,1681350587,cc-cc408-hya,data-node-15,9.9.2.157,elasticsearch_os_load5,4.08
2023/4/13 9:50,1681350647,cc-cc408-hya,data-node-15,9.9.2.157,elasticsearch_os_load5,4.15
2023/4/13 9:51,1681350707,cc-cc408-hya,data-node-15,9.9.2.157,elasticsearch_os_load5,3.89
2023/4/13 9:52,1681350767,cc-cc408-hya,data-node-15,9.9.2.157,elasticsearch_os_load5,4
2023/4/13 9:53,1681350827,cc-cc408-hya,data-node-15,9.9.2.157,elasticsearch_os_load5,3.93
2023/4/13 9:54,1681350887,cc-cc408-hya,data-node-15,9.9.2.157,elasticsearch_os_load5,3.98
2023/4/13 9:55,1681350947,cc-cc408-hya,data-node-15,9.9.2.157,elasticsearch_os_load5,4.13
2023/4/13 9:56,1681351007,cc-cc408-hya,data-node-15,9.9.2.157,elasticsearch_os_load5,4.15
2023/4/13 9:57,1681351067,cc-cc408-hya,data-node-15,9.9.2.157,elasticsearch_os_load5,4.5
2023/4/13 9:58,1681351127,cc-cc408-hya,data-node-15,9.9.2.157,elasticsearch_os_load5,4.44
2023/4/13 9:59,1681351187,cc-cc408-hya,data-node-15,9.9.2.157,elasticsearch_os_load5,4.42
2023/4/13 10:00,1681351247,cc-cc408-hya,data-node-15,9.9.2.157,elasticsearch_os_load5,4.39
2023/4/13 10:01,1681351307,cc-cc408-hya,data-node-15,9.9.2.157,elasticsearch_os_load5,4.13
2023/4/13 10:02,1681351367,cc-cc408-hya,data-node-15,9.9.2.157,elasticsearch_os_load5,4.33
2023/4/13 10:03,1681351427,cc-cc408-hya,data-node-15,9.9.2.157,elasticsearch_os_load5,4.47
2023/4/13 10:04,1681351487,cc-cc408-hya,data-node-15,9.9.2.157,elasticsearch_os_load5,4.48
2023/4/13 10:05,1681351547,cc-cc408-hya,data-node-15,9.9.2.157,elasticsearch_os_load5,4.7
2023/4/13 10:06,1681351607,cc-cc408-hya,data-node-15,9.9.2.157,elasticsearch_os_load5,4.76
2023/4/13 10:07,1681351667,cc-cc408-hya,data-node-15,9.9.2.157,elasticsearch_os_load5,4.57
2023/4/13 10:08,1681351727,cc-cc408-hya,data-node-15,9.9.2.157,elasticsearch_os_load5,4.65
2023/4/13 10:09,1681351787,cc-cc408-hya,data-node-15,9.9.2.157,elasticsearch_os_load5,4.8
2023/4/13 10:10,1681351847,cc-cc408-hya,data-node-15,9.9.2.157,elasticsearch_os_load5,4.92
2023/4/13 10:11,1681351907,cc-cc408-hya,data-node-15,9.9.2.157,elasticsearch_os_load5,4.51
2023/4/13 10:12,1681351967,cc-cc408-hya,data-node-15,9.9.2.157,elasticsearch_os_load5,4.47
2023/4/13 10:13,1681352027,cc-cc408-hya,data-node-15,9.9.2.157,elasticsearch_os_load5,4.42
2023/4/13 10:14,1681352087,cc-cc408-hya,data-node-15,9.9.2.157,elasticsearch_os_load5,4.36
2023/4/13 10:15,1681352147,cc-cc408-hya,data-node-15,9.9.2.157,elasticsearch_os_load5,4.38
2023/4/13 10:16,1681352207,cc-cc408-hya,data-node-15,9.9.2.157,elasticsearch_os_load5,4.66
2023/4/13 10:17,1681352267,cc-cc408-hya,data-node-15,9.9.2.157,elasticsearch_os_load5,4.41
2023/4/13 10:18,1681352327,cc-cc408-hya,data-node-15,9.9.2.157,elasticsearch_os_load5,4.27
2023/4/13 10:19,1681352387,cc-cc408-hya,data-node-15,9.9.2.157,elasticsearch_os_load5,4.21
2023/4/13 10:20,1681352447,cc-cc408-hya,data-node-15,9.9.2.157,elasticsearch_os_load5,4.1
2023/4/13 10:21,1681352507,cc-cc408-hya,data-node-15,9.9.2.157,elasticsearch_os_load5,4.37
2023/4/13 10:22,1681352567,cc-cc408-hya,data-node-15,9.9.2.157,elasticsearch_os_load5,4.32
2023/4/13 10:23,1681352627,cc-cc408-hya,data-node-15,9.9.2.157,elasticsearch_os_load5,4.16
2023/4/13 10:24,1681352687,cc-cc408-hya,data-node-15,9.9.2.157,elasticsearch_os_load5,4.16
2023/4/13 10:25,1681352747,cc-cc408-hya,data-node-15,9.9.2.157,elasticsearch_os_load5,4.24
2023/4/13 10:26,1681352807,cc-cc408-hya,data-node-15,9.9.2.157,elasticsearch_os_load5,4.12
2023/4/13 10:27,1681352867,cc-cc408-hya,data-node-15,9.9.2.157,elasticsearch_os_load5,4.12
2023/4/13 10:28,1681352927,cc-cc408-hya,data-node-15,9.9.2.157,elasticsearch_os_load5,4.25
2023/4/13 10:29,1681352987,cc-cc408-hya,data-node-15,9.9.2.157,elasticsearch_os_load5,4.37
2023/4/13 10:30,1681353047,cc-cc408-hya,data-node-15,9.9.2.157,elasticsearch_os_load5,4.4
2023/4/13 10:31,1681353107,cc-cc408-hya,data-node-15,9.9.2.157,elasticsearch_os_load5,4.08
2023/4/13 10:32,1681353167,cc-cc408-hya,data-node-15,9.9.2.157,elasticsearch_os_load5,4.4
2023/4/13 10:33,1681353227,cc-cc408-hya,data-node-15,9.9.2.157,elasticsearch_os_load5,4.37
2023/4/13 10:34,1681353287,cc-cc408-hya,data-node-15,9.9.2.157,elasticsearch_os_load5,4.72
2023/4/13 10:35,1681353347,cc-cc408-hya,data-node-15,9.9.2.157,elasticsearch_os_load5,4.58
2023/4/13 10:36,1681353407,cc-cc408-hya,data-node-15,9.9.2.157,elasticsearch_os_load5,4.75
2023/4/13 10:37,1681353467,cc-cc408-hya,data-node-15,9.9.2.157,elasticsearch_os_load5,4.63
2023/4/13 10:38,1681353527,cc-cc408-hya,data-node-15,9.9.2.157,elasticsearch_os_load5,4.45
2023/4/13 10:39,1681353587,cc-cc408-hya,data-node-15,9.9.2.157,elasticsearch_os_load5,4.48
2023/4/13 10:40,1681353647,cc-cc408-hya,data-node-15,9.9.2.157,elasticsearch_os_load5,4.52
2023/4/13 10:41,1681353707,cc-cc408-hya,data-node-15,9.9.2.157,elasticsearch_os_load5,4.61
2023/4/13 10:42,1681353767,cc-cc408-hya,data-node-15,9.9.2.157,elasticsearch_os_load5,4.63
2023/4/13 10:43,1681353827,cc-cc408-hya,data-node-15,9.9.2.157,elasticsearch_os_load5,4.54
2023/4/13 10:44,1681353887,cc-cc408-hya,data-node-15,9.9.2.157,elasticsearch_os_load5,4.63
2023/4/13 10:45,1681353947,cc-cc408-hya,data-node-15,9.9.2.157,elasticsearch_os_load5,4.53
2023/4/13 10:46,1681354007,cc-cc408-hya,data-node-15,9.9.2.157,elasticsearch_os_load5,4.38
2023/4/13 10:47,1681354067,cc-cc408-hya,data-node-15,9.9.2.157,elasticsearch_os_load5,4.56
2023/4/13 10:48,1681354127,cc-cc408-hya,data-node-15,9.9.2.157,elasticsearch_os_load5,4.75
2023/4/13 10:49,1681354187,cc-cc408-hya,data-node-15,9.9.2.157,elasticsearch_os_load5,4.99
2023/4/13 10:50,1681354247,cc-cc408-hya,data-node-15,9.9.2.157,elasticsearch_os_load5,5.06
2023/4/13 10:51,1681354307,cc-cc408-hya,data-node-15,9.9.2.157,elasticsearch_os_load5,5.01
2023/4/13 10:52,1681354367,cc-cc408-hya,data-node-15,9.9.2.157,elasticsearch_os_load5,4.92
2023/4/13 10:53,1681354427,cc-cc408-hya,data-node-15,9.9.2.157,elasticsearch_os_load5,5
2023/4/13 10:54,1681354487,cc-cc408-hya,data-node-15,9.9.2.157,elasticsearch_os_load5,4.95
2023/4/13 10:55,1681354547,cc-cc408-hya,data-node-15,9.9.2.157,elasticsearch_os_load5,5.47
2023/4/13 10:56,1681354607,cc-cc408-hya,data-node-15,9.9.2.157,elasticsearch_os_load5,5.29
2023/4/13 10:57,1681354667,cc-cc408-hya,data-node-15,9.9.2.157,elasticsearch_os_load5,5.17
2023/4/13 10:58,1681354727,cc-cc408-hya,data-node-15,9.9.2.157,elasticsearch_os_load5,5.08
2023/4/13 10:59,1681354787,cc-cc408-hya,data-node-15,9.9.2.157,elasticsearch_os_load5,5.09
2023/4/13 11:00,1681354847,cc-cc408-hya,data-node-15,9.9.2.157,elasticsearch_os_load5,5.09
2023/4/13 11:01,1681354907,cc-cc408-hya,data-node-15,9.9.2.157,elasticsearch_os_load5,4.72
2023/4/13 11:02,1681354967,cc-cc408-hya,data-node-15,9.9.2.157,elasticsearch_os_load5,4.73
2023/4/13 11:03,1681355027,cc-cc408-hya,data-node-15,9.9.2.157,elasticsearch_os_load5,5
2023/4/13 11:04,1681355087,cc-cc408-hya,data-node-15,9.9.2.157,elasticsearch_os_load5,4.6
2023/4/13 11:05,1681355147,cc-cc408-hya,data-node-15,9.9.2.157,elasticsearch_os_load5,4.54
2023/4/13 11:06,1681355207,cc-cc408-hya,data-node-15,9.9.2.157,elasticsearch_os_load5,5.03
2023/4/13 11:07,1681355267,cc-cc408-hya,data-node-15,9.9.2.157,elasticsearch_os_load5,4.78
2023/4/13 11:08,1681355327,cc-cc408-hya,data-node-15,9.9.2.157,elasticsearch_os_load5,4.68
2023/4/13 11:09,1681355387,cc-cc408-hya,data-node-15,9.9.2.157,elasticsearch_os_load5,4.39
2023/4/13 11:10,1681355447,cc-cc408-hya,data-node-15,9.9.2.157,elasticsearch_os_load5,4.19
2023/4/13 11:11,1681355507,cc-cc408-hya,data-node-15,9.9.2.157,elasticsearch_os_load5,4.5
2023/4/13 11:12,1681355567,cc-cc408-hya,data-node-15,9.9.2.157,elasticsearch_os_load5,4.73
2023/4/13 11:13,1681355627,cc-cc408-hya,data-node-15,9.9.2.157,elasticsearch_os_load5,4.89
2023/4/13 11:14,1681355687,cc-cc408-hya,data-node-15,9.9.2.157,elasticsearch_os_load5,5.05
2023/4/13 11:15,1681355747,cc-cc408-hya,data-node-15,9.9.2.157,elasticsearch_os_load5,4.94
2023/4/13 11:16,1681355807,cc-cc408-hya,data-node-15,9.9.2.157,elasticsearch_os_load5,4.92
2023/4/13 11:17,1681355867,cc-cc408-hya,data-node-15,9.9.2.157,elasticsearch_os_load5,4.81
2023/4/13 11:18,1681355927,cc-cc408-hya,data-node-15,9.9.2.157,elasticsearch_os_load5,5.04
2023/4/13 11:19,1681355987,cc-cc408-hya,data-node-15,9.9.2.157,elasticsearch_os_load5,4.76
2023/4/13 11:20,1681356047,cc-cc408-hya,data-node-15,9.9.2.157,elasticsearch_os_load5,4.74
2023/4/13 11:21,1681356107,cc-cc408-hya,data-node-15,9.9.2.157,elasticsearch_os_load5,5.05
2023/4/13 11:22,1681356167,cc-cc408-hya,data-node-15,9.9.2.157,elasticsearch_os_load5,5.5
2023/4/13 11:23,1681356227,cc-cc408-hya,data-node-15,9.9.2.157,elasticsearch_os_load5,5.72
2023/4/13 11:24,1681356287,cc-cc408-hya,data-node-15,9.9.2.157,elasticsearch_os_load5,6.04
2023/4/13 11:25,1681356347,cc-cc408-hya,data-node-15,9.9.2.157,elasticsearch_os_load5,5.43
2023/4/13 11:26,1681356407,cc-cc408-hya,data-node-15,9.9.2.157,elasticsearch_os_load5,5.2
2023/4/13 11:27,1681356467,cc-cc408-hya,data-node-15,9.9.2.157,elasticsearch_os_load5,5.25
2023/4/13 11:28,1681356527,cc-cc408-hya,data-node-15,9.9.2.157,elasticsearch_os_load5,5.8
2023/4/13 11:29,1681356587,cc-cc408-hya,data-node-15,9.9.2.157,elasticsearch_os_load5,6.18
2023/4/13 11:30,1681356647,cc-cc408-hya,data-node-15,9.9.2.157,elasticsearch_os_load5,5.75
2023/4/13 11:31,1681356707,cc-cc408-hya,data-node-15,9.9.2.157,elasticsearch_os_load5,5.41
2023/4/13 11:32,1681356767,cc-cc408-hya,data-node-15,9.9.2.157,elasticsearch_os_load5,5.24
2023/4/13 11:33,1681356827,cc-cc408-hya,data-node-15,9.9.2.157,elasticsearch_os_load5,4.87
2023/4/13 11:34,1681356887,cc-cc408-hya,data-node-15,9.9.2.157,elasticsearch_os_load5,4.79
2023/4/13 11:35,1681356947,cc-cc408-hya,data-node-15,9.9.2.157,elasticsearch_os_load5,5.02
2023/4/13 11:36,1681357007,cc-cc408-hya,data-node-15,9.9.2.157,elasticsearch_os_load5,4.72
2023/4/13 11:37,1681357067,cc-cc408-hya,data-node-15,9.9.2.157,elasticsearch_os_load5,4.59
2023/4/13 11:38,1681357127,cc-cc408-hya,data-node-15,9.9.2.157,elasticsearch_os_load5,5.43
2023/4/13 11:39,1681357187,cc-cc408-hya,data-node-15,9.9.2.157,elasticsearch_os_load5,5.05
2023/4/13 11:40,1681357247,cc-cc408-hya,data-node-15,9.9.2.157,elasticsearch_os_load5,4.68
2023/4/13 11:41,1681357307,cc-cc408-hya,data-node-15,9.9.2.157,elasticsearch_os_load5,4.72
2023/4/13 11:42,1681357367,cc-cc408-hya,data-node-15,9.9.2.157,elasticsearch_os_load5,4.67
2023/4/13 11:43,1681357427,cc-cc408-hya,data-node-15,9.9.2.157,elasticsearch_os_load5,4.78
2023/4/13 11:44,1681357487,cc-cc408-hya,data-node-15,9.9.2.157,elasticsearch_os_load5,4.65
2023/4/13 11:45,1681357547,cc-cc408-hya,data-node-15,9.9.2.157,elasticsearch_os_load5,4.51
2023/4/13 11:46,1681357607,cc-cc408-hya,data-node-15,9.9.2.157,elasticsearch_os_load5,4.99
2023/4/13 11:47,1681357667,cc-cc408-hya,data-node-15,9.9.2.157,elasticsearch_os_load5,4.97
2023/4/13 11:48,1681357727,cc-cc408-hya,data-node-15,9.9.2.157,elasticsearch_os_load5,5.37
2023/4/13 11:49,1681357787,cc-cc408-hya,data-node-15,9.9.2.157,elasticsearch_os_load5,5
2023/4/13 11:50,1681357847,cc-cc408-hya,data-node-15,9.9.2.157,elasticsearch_os_load5,4.91
2023/4/13 11:51,1681357907,cc-cc408-hya,data-node-15,9.9.2.157,elasticsearch_os_load5,5.16
2023/4/13 11:52,1681357967,cc-cc408-hya,data-node-15,9.9.2.157,elasticsearch_os_load5,5.09
2023/4/13 11:53,1681358027,cc-cc408-hya,data-node-15,9.9.2.157,elasticsearch_os_load5,5.13
2023/4/13 11:54,1681358087,cc-cc408-hya,data-node-15,9.9.2.157,elasticsearch_os_load5,5.35
2023/4/13 11:55,1681358147,cc-cc408-hya,data-node-15,9.9.2.157,elasticsearch_os_load5,5.23
2023/4/13 11:56,1681358207,cc-cc408-hya,data-node-15,9.9.2.157,elasticsearch_os_load5,5.31
2023/4/13 11:57,1681358267,cc-cc408-hya,data-node-15,9.9.2.157,elasticsearch_os_load5,5.11
2023/4/13 11:58,1681358327,cc-cc408-hya,data-node-15,9.9.2.157,elasticsearch_os_load5,4.96
2023/4/13 11:59,1681358387,cc-cc408-hya,data-node-15,9.9.2.157,elasticsearch_os_load5,4.87
2023/4/13 12:00,1681358447,cc-cc408-hya,data-node-15,9.9.2.157,elasticsearch_os_load5,5.19
2023/4/13 12:01,1681358507,cc-cc408-hya,data-node-15,9.9.2.157,elasticsearch_os_load5,4.94
2023/4/13 12:02,1681358567,cc-cc408-hya,data-node-15,9.9.2.157,elasticsearch_os_load5,4.77
2023/4/13 12:03,1681358627,cc-cc408-hya,data-node-15,9.9.2.157,elasticsearch_os_load5,4.44
2023/4/13 12:04,1681358687,cc-cc408-hya,data-node-15,9.9.2.157,elasticsearch_os_load5,4.27
2023/4/13 12:05,1681358747,cc-cc408-hya,data-node-15,9.9.2.157,elasticsearch_os_load5,4.19
2023/4/13 12:06,1681358807,cc-cc408-hya,data-node-15,9.9.2.157,elasticsearch_os_load5,4.17
2023/4/13 12:07,1681358867,cc-cc408-hya,data-node-15,9.9.2.157,elasticsearch_os_load5,4.05
2023/4/13 12:08,1681358927,cc-cc408-hya,data-node-15,9.9.2.157,elasticsearch_os_load5,3.9
2023/4/13 12:09,1681358987,cc-cc408-hya,data-node-15,9.9.2.157,elasticsearch_os_load5,3.63
2023/4/13 12:10,1681359047,cc-cc408-hya,data-node-15,9.9.2.157,elasticsearch_os_load5,3.48
2023/4/13 12:11,1681359107,cc-cc408-hya,data-node-15,9.9.2.157,elasticsearch_os_load5,3.69
2023/4/13 12:12,1681359167,cc-cc408-hya,data-node-15,9.9.2.157,elasticsearch_os_load5,3.48
2023/4/13 12:13,1681359227,cc-cc408-hya,data-node-15,9.9.2.157,elasticsearch_os_load5,3.55
2023/4/13 12:14,1681359287,cc-cc408-hya,data-node-15,9.9.2.157,elasticsearch_os_load5,3.31
2023/4/13 12:15,1681359347,cc-cc408-hya,data-node-15,9.9.2.157,elasticsearch_os_load5,3.2
2023/4/13 12:16,1681359407,cc-cc408-hya,data-node-15,9.9.2.157,elasticsearch_os_load5,3.39
2023/4/13 12:17,1681359467,cc-cc408-hya,data-node-15,9.9.2.157,elasticsearch_os_load5,3.23
2023/4/13 12:18,1681359527,cc-cc408-hya,data-node-15,9.9.2.157,elasticsearch_os_load5,3.14
2023/4/13 12:19,1681359587,cc-cc408-hya,data-node-15,9.9.2.157,elasticsearch_os_load5,3.14
2023/4/13 12:20,1681359647,cc-cc408-hya,data-node-15,9.9.2.157,elasticsearch_os_load5,3.18
2023/4/13 12:21,1681359707,cc-cc408-hya,data-node-15,9.9.2.157,elasticsearch_os_load5,3.03
2023/4/13 12:22,1681359767,cc-cc408-hya,data-node-15,9.9.2.157,elasticsearch_os_load5,2.97
2023/4/13 12:23,1681359827,cc-cc408-hya,data-node-15,9.9.2.157,elasticsearch_os_load5,3.55
2023/4/13 12:24,1681359887,cc-cc408-hya,data-node-15,9.9.2.157,elasticsearch_os_load5,3.7
2023/4/13 12:25,1681359947,cc-cc408-hya,data-node-15,9.9.2.157,elasticsearch_os_load5,3.54
2023/4/13 12:26,1681360007,cc-cc408-hya,data-node-15,9.9.2.157,elasticsearch_os_load5,3.45
2023/4/13 12:27,1681360067,cc-cc408-hya,data-node-15,9.9.2.157,elasticsearch_os_load5,3.37
2023/4/13 12:28,1681360127,cc-cc408-hya,data-node-15,9.9.2.157,elasticsearch_os_load5,3.4
2023/4/13 12:29,1681360187,cc-cc408-hya,data-node-15,9.9.2.157,elasticsearch_os_load5,3.17
2023/4/13 12:30,1681360247,cc-cc408-hya,data-node-15,9.9.2.157,elasticsearch_os_load5,2.99
2023/4/13 12:31,1681360307,cc-cc408-hya,data-node-15,9.9.2.157,elasticsearch_os_load5,2.71
2023/4/13 12:32,1681360367,cc-cc408-hya,data-node-15,9.9.2.157,elasticsearch_os_load5,2.62
2023/4/13 12:33,1681360427,cc-cc408-hya,data-node-15,9.9.2.157,elasticsearch_os_load5,2.63
2023/4/13 12:34,1681360487,cc-cc408-hya,data-node-15,9.9.2.157,elasticsearch_os_load5,2.58
2023/4/13 12:35,1681360547,cc-cc408-hya,data-node-15,9.9.2.157,elasticsearch_os_load5,2.63
2023/4/13 12:36,1681360607,cc-cc408-hya,data-node-15,9.9.2.157,elasticsearch_os_load5,2.56
2023/4/13 12:37,1681360667,cc-cc408-hya,data-node-15,9.9.2.157,elasticsearch_os_load5,2.4
2023/4/13 12:38,1681360727,cc-cc408-hya,data-node-15,9.9.2.157,elasticsearch_os_load5,2.23
2023/4/13 12:39,1681360787,cc-cc408-hya,data-node-15,9.9.2.157,elasticsearch_os_load5,2.27
2023/4/13 12:40,1681360847,cc-cc408-hya,data-node-15,9.9.2.157,elasticsearch_os_load5,2.21
2023/4/13 12:41,1681360907,cc-cc408-hya,data-node-15,9.9.2.157,elasticsearch_os_load5,2.2
2023/4/13 12:42,1681360967,cc-cc408-hya,data-node-15,9.9.2.157,elasticsearch_os_load5,2.29
2023/4/13 12:43,1681361027,cc-cc408-hya,data-node-15,9.9.2.157,elasticsearch_os_load5,2.51
2023/4/13 12:44,1681361087,cc-cc408-hya,data-node-15,9.9.2.157,elasticsearch_os_load5,2.42
2023/4/13 12:45,1681361147,cc-cc408-hya,data-node-15,9.9.2.157,elasticsearch_os_load5,2.44
2023/4/13 12:46,1681361207,cc-cc408-hya,data-node-15,9.9.2.157,elasticsearch_os_load5,2.56
2023/4/13 12:47,1681361267,cc-cc408-hya,data-node-15,9.9.2.157,elasticsearch_os_load5,2.79
2023/4/13 12:48,1681361327,cc-cc408-hya,data-node-15,9.9.2.157,elasticsearch_os_load5,2.94
2023/4/13 12:49,1681361387,cc-cc408-hya,data-node-15,9.9.2.157,elasticsearch_os_load5,2.95
2023/4/13 12:50,1681361447,cc-cc408-hya,data-node-15,9.9.2.157,elasticsearch_os_load5,2.94
2023/4/13 12:51,1681361507,cc-cc408-hya,data-node-15,9.9.2.157,elasticsearch_os_load5,2.76
2023/4/13 12:52,1681361567,cc-cc408-hya,data-node-15,9.9.2.157,elasticsearch_os_load5,2.55
2023/4/13 12:53,1681361627,cc-cc408-hya,data-node-15,9.9.2.157,elasticsearch_os_load5,2.82
2023/4/13 12:54,1681361687,cc-cc408-hya,data-node-15,9.9.2.157,elasticsearch_os_load5,3.39
2023/4/13 12:55,1681361747,cc-cc408-hya,data-node-15,9.9.2.157,elasticsearch_os_load5,3.13
2023/4/13 12:56,1681361807,cc-cc408-hya,data-node-15,9.9.2.157,elasticsearch_os_load5,3.23
2023/4/13 12:57,1681361867,cc-cc408-hya,data-node-15,9.9.2.157,elasticsearch_os_load5,3.22
2023/4/13 12:58,1681361927,cc-cc408-hya,data-node-15,9.9.2.157,elasticsearch_os_load5,3.34
2023/4/13 12:59,1681361987,cc-cc408-hya,data-node-15,9.9.2.157,elasticsearch_os_load5,3.19
2023/4/13 13:00,1681362047,cc-cc408-hya,data-node-15,9.9.2.157,elasticsearch_os_load5,2.98
2023/4/13 13:01,1681362107,cc-cc408-hya,data-node-15,9.9.2.157,elasticsearch_os_load5,2.81
2023/4/13 13:02,1681362167,cc-cc408-hya,data-node-15,9.9.2.157,elasticsearch_os_load5,2.78
2023/4/13 13:03,1681362227,cc-cc408-hya,data-node-15,9.9.2.157,elasticsearch_os_load5,2.53
2023/4/13 13:04,1681362287,cc-cc408-hya,data-node-15,9.9.2.157,elasticsearch_os_load5,2.46
2023/4/13 13:05,1681362347,cc-cc408-hya,data-node-15,9.9.2.157,elasticsearch_os_load5,2.65
2023/4/13 13:06,1681362407,cc-cc408-hya,data-node-15,9.9.2.157,elasticsearch_os_load5,2.82
2023/4/13 13:07,1681362467,cc-cc408-hya,data-node-15,9.9.2.157,elasticsearch_os_load5,2.77
2023/4/13 13:08,1681362527,cc-cc408-hya,data-node-15,9.9.2.157,elasticsearch_os_load5,2.58
2023/4/13 13:09,1681362587,cc-cc408-hya,data-node-15,9.9.2.157,elasticsearch_os_load5,2.79
2023/4/13 13:10,1681362647,cc-cc408-hya,data-node-15,9.9.2.157,elasticsearch_os_load5,2.89
2023/4/13 13:11,1681362707,cc-cc408-hya,data-node-15,9.9.2.157,elasticsearch_os_load5,2.78
2023/4/13 13:12,1681362767,cc-cc408-hya,data-node-15,9.9.2.157,elasticsearch_os_load5,2.65
2023/4/13 13:13,1681362827,cc-cc408-hya,data-node-15,9.9.2.157,elasticsearch_os_load5,2.53
2023/4/13 13:14,1681362887,cc-cc408-hya,data-node-15,9.9.2.157,elasticsearch_os_load5,2.53
2023/4/13 13:15,1681362947,cc-cc408-hya,data-node-15,9.9.2.157,elasticsearch_os_load5,2.43
2023/4/13 13:16,1681363007,cc-cc408-hya,data-node-15,9.9.2.157,elasticsearch_os_load5,2.46
2023/4/13 13:17,1681363067,cc-cc408-hya,data-node-15,9.9.2.157,elasticsearch_os_load5,2.32
2023/4/13 13:18,1681363127,cc-cc408-hya,data-node-15,9.9.2.157,elasticsearch_os_load5,2.46
2023/4/13 13:19,1681363187,cc-cc408-hya,data-node-15,9.9.2.157,elasticsearch_os_load5,2.81
2023/4/13 13:20,1681363247,cc-cc408-hya,data-node-15,9.9.2.157,elasticsearch_os_load5,2.62
2023/4/13 13:21,1681363307,cc-cc408-hya,data-node-15,9.9.2.157,elasticsearch_os_load5,2.63
2023/4/13 13:22,1681363367,cc-cc408-hya,data-node-15,9.9.2.157,elasticsearch_os_load5,2.67
2023/4/13 13:23,1681363427,cc-cc408-hya,data-node-15,9.9.2.157,elasticsearch_os_load5,2.66
2023/4/13 13:24,1681363487,cc-cc408-hya,data-node-15,9.9.2.157,elasticsearch_os_load5,2.71
2023/4/13 13:25,1681363547,cc-cc408-hya,data-node-15,9.9.2.157,elasticsearch_os_load5,2.61
2023/4/13 13:26,1681363607,cc-cc408-hya,data-node-15,9.9.2.157,elasticsearch_os_load5,2.52
2023/4/13 13:27,1681363667,cc-cc408-hya,data-node-15,9.9.2.157,elasticsearch_os_load5,2.49
2023/4/13 13:28,1681363727,cc-cc408-hya,data-node-15,9.9.2.157,elasticsearch_os_load5,2.77
2023/4/13 13:29,1681363787,cc-cc408-hya,data-node-15,9.9.2.157,elasticsearch_os_load5,2.96
2023/4/13 13:30,1681363847,cc-cc408-hya,data-node-15,9.9.2.157,elasticsearch_os_load5,2.94
2023/4/13 13:31,1681363907,cc-cc408-hya,data-node-15,9.9.2.157,elasticsearch_os_load5,3.04
2023/4/13 13:32,1681363967,cc-cc408-hya,data-node-15,9.9.2.157,elasticsearch_os_load5,3.15
2023/4/13 13:33,1681364027,cc-cc408-hya,data-node-15,9.9.2.157,elasticsearch_os_load5,3.09
2023/4/13 13:34,1681364087,cc-cc408-hya,data-node-15,9.9.2.157,elasticsearch_os_load5,3.12
2023/4/13 13:35,1681364147,cc-cc408-hya,data-node-15,9.9.2.157,elasticsearch_os_load5,3.24
2023/4/13 13:36,1681364207,cc-cc408-hya,data-node-15,9.9.2.157,elasticsearch_os_load5,3.37
2023/4/13 13:37,1681364267,cc-cc408-hya,data-node-15,9.9.2.157,elasticsearch_os_load5,3.43
2023/4/13 13:38,1681364327,cc-cc408-hya,data-node-15,9.9.2.157,elasticsearch_os_load5,3.21
2023/4/13 13:39,1681364387,cc-cc408-hya,data-node-15,9.9.2.157,elasticsearch_os_load5,3.49
2023/4/13 13:40,1681364447,cc-cc408-hya,data-node-15,9.9.2.157,elasticsearch_os_load5,3.36
2023/4/13 13:41,1681364507,cc-cc408-hya,data-node-15,9.9.2.157,elasticsearch_os_load5,3.13
2023/4/13 13:42,1681364567,cc-cc408-hya,data-node-15,9.9.2.157,elasticsearch_os_load5,3
2023/4/13 13:43,1681364627,cc-cc408-hya,data-node-15,9.9.2.157,elasticsearch_os_load5,2.97
2023/4/13 13:44,1681364687,cc-cc408-hya,data-node-15,9.9.2.157,elasticsearch_os_load5,3.07
2023/4/13 13:45,1681364747,cc-cc408-hya,data-node-15,9.9.2.157,elasticsearch_os_load5,3.15
2023/4/13 13:46,1681364807,cc-cc408-hya,data-node-15,9.9.2.157,elasticsearch_os_load5,3.06
2023/4/13 13:47,1681364867,cc-cc408-hya,data-node-15,9.9.2.157,elasticsearch_os_load5,3.25
2023/4/13 13:48,1681364927,cc-cc408-hya,data-node-15,9.9.2.157,elasticsearch_os_load5,3.4
2023/4/13 13:49,1681364987,cc-cc408-hya,data-node-15,9.9.2.157,elasticsearch_os_load5,3.44
2023/4/13 13:50,1681365047,cc-cc408-hya,data-node-15,9.9.2.157,elasticsearch_os_load5,3.36
2023/4/13 13:51,1681365107,cc-cc408-hya,data-node-15,9.9.2.157,elasticsearch_os_load5,3.33
2023/4/13 13:52,1681365167,cc-cc408-hya,data-node-15,9.9.2.157,elasticsearch_os_load5,3.28
2023/4/13 13:53,1681365227,cc-cc408-hya,data-node-15,9.9.2.157,elasticsearch_os_load5,3.23
2023/4/13 13:54,1681365287,cc-cc408-hya,data-node-15,9.9.2.157,elasticsearch_os_load5,3.11
2023/4/13 13:55,1681365347,cc-cc408-hya,data-node-15,9.9.2.157,elasticsearch_os_load5,3.28
2023/4/13 13:56,1681365407,cc-cc408-hya,data-node-15,9.9.2.157,elasticsearch_os_load5,3.14
2023/4/13 13:57,1681365467,cc-cc408-hya,data-node-15,9.9.2.157,elasticsearch_os_load5,2.99
2023/4/13 13:58,1681365527,cc-cc408-hya,data-node-15,9.9.2.157,elasticsearch_os_load5,3.22
2023/4/13 13:59,1681365587,cc-cc408-hya,data-node-15,9.9.2.157,elasticsearch_os_load5,3.19
2023/4/13 14:00,1681365647,cc-cc408-hya,data-node-15,9.9.2.157,elasticsearch_os_load5,3.15
2023/4/13 14:01,1681365707,cc-cc408-hya,data-node-15,9.9.2.157,elasticsearch_os_load5,3.32
2023/4/13 14:02,1681365767,cc-cc408-hya,data-node-15,9.9.2.157,elasticsearch_os_load5,3.47
2023/4/13 14:03,1681365827,cc-cc408-hya,data-node-15,9.9.2.157,elasticsearch_os_load5,3.7
2023/4/13 14:04,1681365887,cc-cc408-hya,data-node-15,9.9.2.157,elasticsearch_os_load5,3.85
2023/4/13 14:05,1681365947,cc-cc408-hya,data-node-15,9.9.2.157,elasticsearch_os_load5,3.94
2023/4/13 14:06,1681366007,cc-cc408-hya,data-node-15,9.9.2.157,elasticsearch_os_load5,3.74
2023/4/13 14:07,1681366067,cc-cc408-hya,data-node-15,9.9.2.157,elasticsearch_os_load5,3.66
2023/4/13 14:08,1681366127,cc-cc408-hya,data-node-15,9.9.2.157,elasticsearch_os_load5,3.57
2023/4/13 14:09,1681366187,cc-cc408-hya,data-node-15,9.9.2.157,elasticsearch_os_load5,4.15
2023/4/13 14:10,1681366247,cc-cc408-hya,data-node-15,9.9.2.157,elasticsearch_os_load5,4.22
2023/4/13 14:11,1681366307,cc-cc408-hya,data-node-15,9.9.2.157,elasticsearch_os_load5,4.37
2023/4/13 14:12,1681366367,cc-cc408-hya,data-node-15,9.9.2.157,elasticsearch_os_load5,4.33
2023/4/13 14:13,1681366427,cc-cc408-hya,data-node-15,9.9.2.157,elasticsearch_os_load5,4.43
2023/4/13 14:14,1681366487,cc-cc408-hya,data-node-15,9.9.2.157,elasticsearch_os_load5,4.73
2023/4/13 14:15,1681366547,cc-cc408-hya,data-node-15,9.9.2.157,elasticsearch_os_load5,4.68
2023/4/13 14:16,1681366607,cc-cc408-hya,data-node-15,9.9.2.157,elasticsearch_os_load5,4.44
2023/4/13 14:17,1681366667,cc-cc408-hya,data-node-15,9.9.2.157,elasticsearch_os_load5,4.74
2023/4/13 14:18,1681366727,cc-cc408-hya,data-node-15,9.9.2.157,elasticsearch_os_load5,5.22
2023/4/13 14:19,1681366787,cc-cc408-hya,data-node-15,9.9.2.157,elasticsearch_os_load5,5.03
2023/4/13 14:20,1681366847,cc-cc408-hya,data-node-15,9.9.2.157,elasticsearch_os_load5,4.8
2023/4/13 14:21,1681366907,cc-cc408-hya,data-node-15,9.9.2.157,elasticsearch_os_load5,4.7
2023/4/13 14:22,1681366967,cc-cc408-hya,data-node-15,9.9.2.157,elasticsearch_os_load5,4.45
2023/4/13 14:23,1681367027,cc-cc408-hya,data-node-15,9.9.2.157,elasticsearch_os_load5,4.41
2023/4/13 14:24,1681367087,cc-cc408-hya,data-node-15,9.9.2.157,elasticsearch_os_load5,4.46
2023/4/13 14:25,1681367147,cc-cc408-hya,data-node-15,9.9.2.157,elasticsearch_os_load5,3.87
2023/4/13 14:26,1681367207,cc-cc408-hya,data-node-15,9.9.2.157,elasticsearch_os_load5,3.98
2023/4/13 14:27,1681367267,cc-cc408-hya,data-node-15,9.9.2.157,elasticsearch_os_load5,4.15
2023/4/13 14:28,1681367327,cc-cc408-hya,data-node-15,9.9.2.157,elasticsearch_os_load5,4.22
2023/4/13 14:29,1681367387,cc-cc408-hya,data-node-15,9.9.2.157,elasticsearch_os_load5,4.68
2023/4/13 14:30,1681367447,cc-cc408-hya,data-node-15,9.9.2.157,elasticsearch_os_load5,4.65
2023/4/13 14:31,1681367507,cc-cc408-hya,data-node-15,9.9.2.157,elasticsearch_os_load5,4.47
2023/4/13 14:32,1681367567,cc-cc408-hya,data-node-15,9.9.2.157,elasticsearch_os_load5,4.44
2023/4/13 14:33,1681367627,cc-cc408-hya,data-node-15,9.9.2.157,elasticsearch_os_load5,4.83
2023/4/13 14:34,1681367687,cc-cc408-hya,data-node-15,9.9.2.157,elasticsearch_os_load5,5.05
2023/4/13 14:35,1681367747,cc-cc408-hya,data-node-15,9.9.2.157,elasticsearch_os_load5,5.01
2023/4/13 14:36,1681367807,cc-cc408-hya,data-node-15,9.9.2.157,elasticsearch_os_load5,4.85
2023/4/13 14:37,1681367867,cc-cc408-hya,data-node-15,9.9.2.157,elasticsearch_os_load5,4.83
2023/4/13 14:38,1681367927,cc-cc408-hya,data-node-15,9.9.2.157,elasticsearch_os_load5,4.59
2023/4/13 14:39,1681367987,cc-cc408-hya,data-node-15,9.9.2.157,elasticsearch_os_load5,4.71
2023/4/13 14:40,1681368047,cc-cc408-hya,data-node-15,9.9.2.157,elasticsearch_os_load5,4.53
2023/4/13 14:41,1681368107,cc-cc408-hya,data-node-15,9.9.2.157,elasticsearch_os_load5,4.27
2023/4/13 14:42,1681368167,cc-cc408-hya,data-node-15,9.9.2.157,elasticsearch_os_load5,4.43
2023/4/13 14:43,1681368227,cc-cc408-hya,data-node-15,9.9.2.157,elasticsearch_os_load5,4.25
2023/4/13 14:44,1681368287,cc-cc408-hya,data-node-15,9.9.2.157,elasticsearch_os_load5,4.45
2023/4/13 14:45,1681368347,cc-cc408-hya,data-node-15,9.9.2.157,elasticsearch_os_load5,4.35
2023/4/13 14:46,1681368407,cc-cc408-hya,data-node-15,9.9.2.157,elasticsearch_os_load5,4.2
2023/4/13 14:47,1681368467,cc-cc408-hya,data-node-15,9.9.2.157,elasticsearch_os_load5,4.18
2023/4/13 14:48,1681368527,cc-cc408-hya,data-node-15,9.9.2.157,elasticsearch_os_load5,4.82
2023/4/13 14:49,1681368587,cc-cc408-hya,data-node-15,9.9.2.157,elasticsearch_os_load5,4.77
2023/4/13 14:50,1681368647,cc-cc408-hya,data-node-15,9.9.2.157,elasticsearch_os_load5,4.64
2023/4/13 14:51,1681368707,cc-cc408-hya,data-node-15,9.9.2.157,elasticsearch_os_load5,4.8
2023/4/13 14:52,1681368767,cc-cc408-hya,data-node-15,9.9.2.157,elasticsearch_os_load5,5.19
2023/4/13 14:53,1681368827,cc-cc408-hya,data-node-15,9.9.2.157,elasticsearch_os_load5,5.14
2023/4/13 14:54,1681368887,cc-cc408-hya,data-node-15,9.9.2.157,elasticsearch_os_load5,4.96
2023/4/13 14:55,1681368947,cc-cc408-hya,data-node-15,9.9.2.157,elasticsearch_os_load5,4.93
2023/4/13 14:56,1681369007,cc-cc408-hya,data-node-15,9.9.2.157,elasticsearch_os_load5,5.24
2023/4/13 14:57,1681369067,cc-cc408-hya,data-node-15,9.9.2.157,elasticsearch_os_load5,5.15
2023/4/13 14:58,1681369127,cc-cc408-hya,data-node-15,9.9.2.157,elasticsearch_os_load5,4.99
2023/4/13 14:59,1681369187,cc-cc408-hya,data-node-15,9.9.2.157,elasticsearch_os_load5,5.26
2023/4/13 15:00,1681369247,cc-cc408-hya,data-node-15,9.9.2.157,elasticsearch_os_load5,5.06
2023/4/13 15:01,1681369307,cc-cc408-hya,data-node-15,9.9.2.157,elasticsearch_os_load5,4.74
2023/4/13 15:02,1681369367,cc-cc408-hya,data-node-15,9.9.2.157,elasticsearch_os_load5,4.54
2023/4/13 15:03,1681369427,cc-cc408-hya,data-node-15,9.9.2.157,elasticsearch_os_load5,4.48
2023/4/13 15:04,1681369487,cc-cc408-hya,data-node-15,9.9.2.157,elasticsearch_os_load5,4.62
2023/4/13 15:05,1681369547,cc-cc408-hya,data-node-15,9.9.2.157,elasticsearch_os_load5,4.9
2023/4/13 15:06,1681369607,cc-cc408-hya,data-node-15,9.9.2.157,elasticsearch_os_load5,5.01
2023/4/13 15:07,1681369667,cc-cc408-hya,data-node-15,9.9.2.157,elasticsearch_os_load5,5.09
2023/4/13 15:08,1681369727,cc-cc408-hya,data-node-15,9.9.2.157,elasticsearch_os_load5,5.01
2023/4/13 15:09,1681369787,cc-cc408-hya,data-node-15,9.9.2.157,elasticsearch_os_load5,5.16
2023/4/13 15:10,1681369847,cc-cc408-hya,data-node-15,9.9.2.157,elasticsearch_os_load5,5.01
2023/4/13 15:11,1681369907,cc-cc408-hya,data-node-15,9.9.2.157,elasticsearch_os_load5,4.84
2023/4/13 15:12,1681369967,cc-cc408-hya,data-node-15,9.9.2.157,elasticsearch_os_load5,5.01
2023/4/13 15:13,1681370027,cc-cc408-hya,data-node-15,9.9.2.157,elasticsearch_os_load5,5.1
2023/4/13 15:14,1681370087,cc-cc408-hya,data-node-15,9.9.2.157,elasticsearch_os_load5,4.9
2023/4/13 15:15,1681370147,cc-cc408-hya,data-node-15,9.9.2.157,elasticsearch_os_load5,5.08
2023/4/13 15:16,1681370207,cc-cc408-hya,data-node-15,9.9.2.157,elasticsearch_os_load5,4.92
2023/4/13 15:17,1681370267,cc-cc408-hya,data-node-15,9.9.2.157,elasticsearch_os_load5,5.17
2023/4/13 15:18,1681370327,cc-cc408-hya,data-node-15,9.9.2.157,elasticsearch_os_load5,5.11
2023/4/13 15:19,1681370387,cc-cc408-hya,data-node-15,9.9.2.157,elasticsearch_os_load5,4.91
2023/4/13 15:20,1681370447,cc-cc408-hya,data-node-15,9.9.2.157,elasticsearch_os_load5,4.77
2023/4/13 15:21,1681370507,cc-cc408-hya,data-node-15,9.9.2.157,elasticsearch_os_load5,4.97
2023/4/13 15:22,1681370567,cc-cc408-hya,data-node-15,9.9.2.157,elasticsearch_os_load5,4.64
2023/4/13 15:23,1681370627,cc-cc408-hya,data-node-15,9.9.2.157,elasticsearch_os_load5,4.37
2023/4/13 15:24,1681370687,cc-cc408-hya,data-node-15,9.9.2.157,elasticsearch_os_load5,4.39
2023/4/13 15:25,1681370747,cc-cc408-hya,data-node-15,9.9.2.157,elasticsearch_os_load5,4.46
2023/4/13 15:26,1681370807,cc-cc408-hya,data-node-15,9.9.2.157,elasticsearch_os_load5,4.57
2023/4/13 15:27,1681370867,cc-cc408-hya,data-node-15,9.9.2.157,elasticsearch_os_load5,4.78
2023/4/13 15:28,1681370927,cc-cc408-hya,data-node-15,9.9.2.157,elasticsearch_os_load5,4.49
2023/4/13 15:29,1681370987,cc-cc408-hya,data-node-15,9.9.2.157,elasticsearch_os_load5,4.3
2023/4/13 15:30,1681371047,cc-cc408-hya,data-node-15,9.9.2.157,elasticsearch_os_load5,4.82
2023/4/13 15:31,1681371107,cc-cc408-hya,data-node-15,9.9.2.157,elasticsearch_os_load5,5.12
2023/4/13 15:32,1681371167,cc-cc408-hya,data-node-15,9.9.2.157,elasticsearch_os_load5,5.22
2023/4/13 15:33,1681371227,cc-cc408-hya,data-node-15,9.9.2.157,elasticsearch_os_load5,5.37
2023/4/13 15:34,1681371287,cc-cc408-hya,data-node-15,9.9.2.157,elasticsearch_os_load5,5.22
2023/4/13 15:35,1681371347,cc-cc408-hya,data-node-15,9.9.2.157,elasticsearch_os_load5,5.19
2023/4/13 15:36,1681371407,cc-cc408-hya,data-node-15,9.9.2.157,elasticsearch_os_load5,5.05
2023/4/13 15:37,1681371467,cc-cc408-hya,data-node-15,9.9.2.157,elasticsearch_os_load5,5.26
2023/4/13 15:38,1681371527,cc-cc408-hya,data-node-15,9.9.2.157,elasticsearch_os_load5,5.4
2023/4/13 15:39,1681371587,cc-cc408-hya,data-node-15,9.9.2.157,elasticsearch_os_load5,5.3
2023/4/13 15:40,1681371647,cc-cc408-hya,data-node-15,9.9.2.157,elasticsearch_os_load5,5.21
2023/4/13 15:41,1681371707,cc-cc408-hya,data-node-15,9.9.2.157,elasticsearch_os_load5,5.39
2023/4/13 15:42,1681371767,cc-cc408-hya,data-node-15,9.9.2.157,elasticsearch_os_load5,5.22
2023/4/13 15:43,1681371827,cc-cc408-hya,data-node-15,9.9.2.157,elasticsearch_os_load5,5.44
2023/4/13 15:44,1681371887,cc-cc408-hya,data-node-15,9.9.2.157,elasticsearch_os_load5,5.22
2023/4/13 15:45,1681371947,cc-cc408-hya,data-node-15,9.9.2.157,elasticsearch_os_load5,5.35
2023/4/13 15:46,1681372007,cc-cc408-hya,data-node-15,9.9.2.157,elasticsearch_os_load5,5.98
2023/4/13 15:47,1681372067,cc-cc408-hya,data-node-15,9.9.2.157,elasticsearch_os_load5,5.87
2023/4/13 15:48,1681372127,cc-cc408-hya,data-node-15,9.9.2.157,elasticsearch_os_load5,5.66
2023/4/13 15:49,1681372187,cc-cc408-hya,data-node-15,9.9.2.157,elasticsearch_os_load5,5.71
2023/4/13 15:50,1681372247,cc-cc408-hya,data-node-15,9.9.2.157,elasticsearch_os_load5,5.23
2023/4/13 15:51,1681372307,cc-cc408-hya,data-node-15,9.9.2.157,elasticsearch_os_load5,4.91
2023/4/13 15:52,1681372367,cc-cc408-hya,data-node-15,9.9.2.157,elasticsearch_os_load5,4.6
2023/4/13 15:53,1681372427,cc-cc408-hya,data-node-15,9.9.2.157,elasticsearch_os_load5,5.02
2023/4/13 15:54,1681372487,cc-cc408-hya,data-node-15,9.9.2.157,elasticsearch_os_load5,4.97
2023/4/13 15:55,1681372547,cc-cc408-hya,data-node-15,9.9.2.157,elasticsearch_os_load5,4.84
2023/4/13 15:56,1681372607,cc-cc408-hya,data-node-15,9.9.2.157,elasticsearch_os_load5,4.69
2023/4/13 15:57,1681372667,cc-cc408-hya,data-node-15,9.9.2.157,elasticsearch_os_load5,4.65
2023/4/13 15:58,1681372727,cc-cc408-hya,data-node-15,9.9.2.157,elasticsearch_os_load5,5.02
2023/4/13 15:59,1681372787,cc-cc408-hya,data-node-15,9.9.2.157,elasticsearch_os_load5,4.98
2023/4/13 16:00,1681372847,cc-cc408-hya,data-node-15,9.9.2.157,elasticsearch_os_load5,5.16
2023/4/13 16:01,1681372907,cc-cc408-hya,data-node-15,9.9.2.157,elasticsearch_os_load5,5.41
2023/4/13 16:02,1681372967,cc-cc408-hya,data-node-15,9.9.2.157,elasticsearch_os_load5,5.58
2023/4/13 16:03,1681373027,cc-cc408-hya,data-node-15,9.9.2.157,elasticsearch_os_load5,5.6
2023/4/13 16:04,1681373087,cc-cc408-hya,data-node-15,9.9.2.157,elasticsearch_os_load5,5.78
2023/4/13 16:05,1681373147,cc-cc408-hya,data-node-15,9.9.2.157,elasticsearch_os_load5,5.74
2023/4/13 16:06,1681373207,cc-cc408-hya,data-node-15,9.9.2.157,elasticsearch_os_load5,6.35
2023/4/13 16:07,1681373267,cc-cc408-hya,data-node-15,9.9.2.157,elasticsearch_os_load5,6.43
2023/4/13 16:08,1681373327,cc-cc408-hya,data-node-15,9.9.2.157,elasticsearch_os_load5,5.95
2023/4/13 16:09,1681373387,cc-cc408-hya,data-node-15,9.9.2.157,elasticsearch_os_load5,6.03
2023/4/13 16:10,1681373447,cc-cc408-hya,data-node-15,9.9.2.157,elasticsearch_os_load5,5.87
2023/4/13 16:11,1681373507,cc-cc408-hya,data-node-15,9.9.2.157,elasticsearch_os_load5,5.78
2023/4/13 16:12,1681373567,cc-cc408-hya,data-node-15,9.9.2.157,elasticsearch_os_load5,5.76
2023/4/13 16:13,1681373627,cc-cc408-hya,data-node-15,9.9.2.157,elasticsearch_os_load5,5.9
2023/4/13 16:14,1681373687,cc-cc408-hya,data-node-15,9.9.2.157,elasticsearch_os_load5,5.91
2023/4/13 16:15,1681373747,cc-cc408-hya,data-node-15,9.9.2.157,elasticsearch_os_load5,6.26
2023/4/13 16:16,1681373807,cc-cc408-hya,data-node-15,9.9.2.157,elasticsearch_os_load5,6.11
2023/4/13 16:17,1681373867,cc-cc408-hya,data-node-15,9.9.2.157,elasticsearch_os_load5,5.9
2023/4/13 16:18,1681373927,cc-cc408-hya,data-node-15,9.9.2.157,elasticsearch_os_load5,5.7
2023/4/13 16:19,1681373987,cc-cc408-hya,data-node-15,9.9.2.157,elasticsearch_os_load5,5.92
2023/4/13 16:20,1681374047,cc-cc408-hya,data-node-15,9.9.2.157,elasticsearch_os_load5,6.04
2023/4/13 16:21,1681374107,cc-cc408-hya,data-node-15,9.9.2.157,elasticsearch_os_load5,6.1
2023/4/13 16:22,1681374167,cc-cc408-hya,data-node-15,9.9.2.157,elasticsearch_os_load5,5.93
2023/4/13 16:23,1681374227,cc-cc408-hya,data-node-15,9.9.2.157,elasticsearch_os_load5,5.71
2023/4/13 16:24,1681374287,cc-cc408-hya,data-node-15,9.9.2.157,elasticsearch_os_load5,5.6
2023/4/13 16:25,1681374347,cc-cc408-hya,data-node-15,9.9.2.157,elasticsearch_os_load5,5.34
2023/4/13 16:26,1681374407,cc-cc408-hya,data-node-15,9.9.2.157,elasticsearch_os_load5,5.14
2023/4/13 16:27,1681374467,cc-cc408-hya,data-node-15,9.9.2.157,elasticsearch_os_load5,5.16
2023/4/13 16:28,1681374527,cc-cc408-hya,data-node-15,9.9.2.157,elasticsearch_os_load5,5.1
2023/4/13 16:29,1681374587,cc-cc408-hya,data-node-15,9.9.2.157,elasticsearch_os_load5,4.99
2023/4/13 16:30,1681374647,cc-cc408-hya,data-node-15,9.9.2.157,elasticsearch_os_load5,5.26
2023/4/13 16:31,1681374707,cc-cc408-hya,data-node-15,9.9.2.157,elasticsearch_os_load5,5.76
2023/4/13 16:32,1681374767,cc-cc408-hya,data-node-15,9.9.2.157,elasticsearch_os_load5,5.94
2023/4/13 16:33,1681374827,cc-cc408-hya,data-node-15,9.9.2.157,elasticsearch_os_load5,5.89
2023/4/13 16:34,1681374887,cc-cc408-hya,data-node-15,9.9.2.157,elasticsearch_os_load5,5.73
2023/4/13 16:35,1681374947,cc-cc408-hya,data-node-15,9.9.2.157,elasticsearch_os_load5,6.69
2023/4/13 16:36,1681375007,cc-cc408-hya,data-node-15,9.9.2.157,elasticsearch_os_load5,6.79
2023/4/13 16:37,1681375067,cc-cc408-hya,data-node-15,9.9.2.157,elasticsearch_os_load5,6.24
2023/4/13 16:38,1681375127,cc-cc408-hya,data-node-15,9.9.2.157,elasticsearch_os_load5,6.14
2023/4/13 16:39,1681375187,cc-cc408-hya,data-node-15,9.9.2.157,elasticsearch_os_load5,6.14
2023/4/13 16:40,1681375247,cc-cc408-hya,data-node-15,9.9.2.157,elasticsearch_os_load5,6.12
2023/4/13 16:41,1681375307,cc-cc408-hya,data-node-15,9.9.2.157,elasticsearch_os_load5,5.93
2023/4/13 16:42,1681375367,cc-cc408-hya,data-node-15,9.9.2.157,elasticsearch_os_load5,5.91
2023/4/13 16:43,1681375427,cc-cc408-hya,data-node-15,9.9.2.157,elasticsearch_os_load5,5.67
2023/4/13 16:44,1681375487,cc-cc408-hya,data-node-15,9.9.2.157,elasticsearch_os_load5,5.51
2023/4/13 16:45,1681375547,cc-cc408-hya,data-node-15,9.9.2.157,elasticsearch_os_load5,5.41
2023/4/13 16:46,1681375607,cc-cc408-hya,data-node-15,9.9.2.157,elasticsearch_os_load5,5.68
2023/4/13 16:47,1681375667,cc-cc408-hya,data-node-15,9.9.2.157,elasticsearch_os_load5,5.5
2023/4/13 16:48,1681375727,cc-cc408-hya,data-node-15,9.9.2.157,elasticsearch_os_load5,5.82
2023/4/13 16:49,1681375787,cc-cc408-hya,data-node-15,9.9.2.157,elasticsearch_os_load5,5.99
2023/4/13 16:50,1681375847,cc-cc408-hya,data-node-15,9.9.2.157,elasticsearch_os_load5,6.35
2023/4/13 16:51,1681375907,cc-cc408-hya,data-node-15,9.9.2.157,elasticsearch_os_load5,6.09
2023/4/13 16:52,1681375967,cc-cc408-hya,data-node-15,9.9.2.157,elasticsearch_os_load5,6.15
2023/4/13 16:53,1681376027,cc-cc408-hya,data-node-15,9.9.2.157,elasticsearch_os_load5,6.46
2023/4/13 16:54,1681376087,cc-cc408-hya,data-node-15,9.9.2.157,elasticsearch_os_load5,6.09
2023/4/13 16:55,1681376147,cc-cc408-hya,data-node-15,9.9.2.157,elasticsearch_os_load5,5.74
2023/4/13 16:56,1681376207,cc-cc408-hya,data-node-15,9.9.2.157,elasticsearch_os_load5,5.58
2023/4/13 16:57,1681376267,cc-cc408-hya,data-node-15,9.9.2.157,elasticsearch_os_load5,5.68
2023/4/13 16:58,1681376327,cc-cc408-hya,data-node-15,9.9.2.157,elasticsearch_os_load5,5.8
2023/4/13 16:59,1681376387,cc-cc408-hya,data-node-15,9.9.2.157,elasticsearch_os_load5,5.71
2023/4/13 17:00,1681376447,cc-cc408-hya,data-node-15,9.9.2.157,elasticsearch_os_load5,6.04
2023/4/13 17:01,1681376507,cc-cc408-hya,data-node-15,9.9.2.157,elasticsearch_os_load5,6.3
2023/4/13 17:02,1681376567,cc-cc408-hya,data-node-15,9.9.2.157,elasticsearch_os_load5,6.48
2023/4/13 17:03,1681376627,cc-cc408-hya,data-node-15,9.9.2.157,elasticsearch_os_load5,6.63
2023/4/13 17:04,1681376687,cc-cc408-hya,data-node-15,9.9.2.157,elasticsearch_os_load5,6.51
2023/4/13 17:05,1681376747,cc-cc408-hya,data-node-15,9.9.2.157,elasticsearch_os_load5,6.33
2023/4/13 17:06,1681376807,cc-cc408-hya,data-node-15,9.9.2.157,elasticsearch_os_load5,6.09
2023/4/13 17:07,1681376867,cc-cc408-hya,data-node-15,9.9.2.157,elasticsearch_os_load5,5.97
2023/4/13 17:08,1681376927,cc-cc408-hya,data-node-15,9.9.2.157,elasticsearch_os_load5,6.07
2023/4/13 17:09,1681376987,cc-cc408-hya,data-node-15,9.9.2.157,elasticsearch_os_load5,5.92
2023/4/13 17:10,1681377047,cc-cc408-hya,data-node-15,9.9.2.157,elasticsearch_os_load5,5.85
2023/4/13 17:11,1681377107,cc-cc408-hya,data-node-15,9.9.2.157,elasticsearch_os_load5,5.84
2023/4/13 17:12,1681377167,cc-cc408-hya,data-node-15,9.9.2.157,elasticsearch_os_load5,5.86
2023/4/13 17:13,1681377227,cc-cc408-hya,data-node-15,9.9.2.157,elasticsearch_os_load5,5.9
2023/4/13 17:14,1681377287,cc-cc408-hya,data-node-15,9.9.2.157,elasticsearch_os_load5,6
2023/4/13 17:15,1681377347,cc-cc408-hya,data-node-15,9.9.2.157,elasticsearch_os_load5,5.91
2023/4/13 17:16,1681377407,cc-cc408-hya,data-node-15,9.9.2.157,elasticsearch_os_load5,5.74
2023/4/13 17:17,1681377467,cc-cc408-hya,data-node-15,9.9.2.157,elasticsearch_os_load5,5.91
2023/4/13 17:18,1681377527,cc-cc408-hya,data-node-15,9.9.2.157,elasticsearch_os_load5,5.99
2023/4/13 17:19,1681377587,cc-cc408-hya,data-node-15,9.9.2.157,elasticsearch_os_load5,6.44
2023/4/13 17:20,1681377647,cc-cc408-hya,data-node-15,9.9.2.157,elasticsearch_os_load5,6.6
2023/4/13 17:21,1681377707,cc-cc408-hya,data-node-15,9.9.2.157,elasticsearch_os_load5,6.5
2023/4/13 17:22,1681377767,cc-cc408-hya,data-node-15,9.9.2.157,elasticsearch_os_load5,6.33
2023/4/13 17:23,1681377827,cc-cc408-hya,data-node-15,9.9.2.157,elasticsearch_os_load5,6.12
2023/4/13 17:24,1681377887,cc-cc408-hya,data-node-15,9.9.2.157,elasticsearch_os_load5,5.86
2023/4/13 17:25,1681377947,cc-cc408-hya,data-node-15,9.9.2.157,elasticsearch_os_load5,5.61
2023/4/13 17:26,1681378007,cc-cc408-hya,data-node-15,9.9.2.157,elasticsearch_os_load5,5.55
2023/4/13 17:27,1681378067,cc-cc408-hya,data-node-15,9.9.2.157,elasticsearch_os_load5,5.86
2023/4/13 17:28,1681378127,cc-cc408-hya,data-node-15,9.9.2.157,elasticsearch_os_load5,6.55
2023/4/13 17:29,1681378187,cc-cc408-hya,data-node-15,9.9.2.157,elasticsearch_os_load5,6.21
2023/4/13 17:30,1681378247,cc-cc408-hya,data-node-15,9.9.2.157,elasticsearch_os_load5,6.16
2023/4/12 17:30,1681291847,cc-cc408-hya,data-node-20,9.9.2.157,elasticsearch_os_load5,6.21
2023/4/12 17:31,1681291907,cc-cc408-hya,data-node-20,9.9.2.157,elasticsearch_os_load5,6.05
2023/4/12 17:32,1681291967,cc-cc408-hya,data-node-20,9.9.2.157,elasticsearch_os_load5,6.15
2023/4/12 17:33,1681292027,cc-cc408-hya,data-node-20,9.9.2.157,elasticsearch_os_load5,5.95
2023/4/12 17:34,1681292087,cc-cc408-hya,data-node-20,9.9.2.157,elasticsearch_os_load5,5.99
2023/4/12 17:35,1681292147,cc-cc408-hya,data-node-20,9.9.2.157,elasticsearch_os_load5,5.94
2023/4/12 17:36,1681292207,cc-cc408-hya,data-node-20,9.9.2.157,elasticsearch_os_load5,5.51
2023/4/12 17:37,1681292267,cc-cc408-hya,data-node-20,9.9.2.157,elasticsearch_os_load5,5.39
2023/4/12 17:38,1681292327,cc-cc408-hya,data-node-20,9.9.2.157,elasticsearch_os_load5,5.57
2023/4/12 17:39,1681292387,cc-cc408-hya,data-node-20,9.9.2.157,elasticsearch_os_load5,5.4
2023/4/12 17:40,1681292447,cc-cc408-hya,data-node-20,9.9.2.157,elasticsearch_os_load5,5.57
2023/4/12 17:41,1681292507,cc-cc408-hya,data-node-20,9.9.2.157,elasticsearch_os_load5,5.64
2023/4/12 17:42,1681292567,cc-cc408-hya,data-node-20,9.9.2.157,elasticsearch_os_load5,5.81
2023/4/12 17:43,1681292627,cc-cc408-hya,data-node-20,9.9.2.157,elasticsearch_os_load5,5.65
2023/4/12 17:44,1681292687,cc-cc408-hya,data-node-20,9.9.2.157,elasticsearch_os_load5,5.72
2023/4/12 17:45,1681292747,cc-cc408-hya,data-node-20,9.9.2.157,elasticsearch_os_load5,5.83
2023/4/12 17:46,1681292807,cc-cc408-hya,data-node-20,9.9.2.157,elasticsearch_os_load5,5.87
2023/4/12 17:47,1681292867,cc-cc408-hya,data-node-20,9.9.2.157,elasticsearch_os_load5,5.71
2023/4/12 17:48,1681292927,cc-cc408-hya,data-node-20,9.9.2.157,elasticsearch_os_load5,5.73
2023/4/12 17:49,1681292987,cc-cc408-hya,data-node-20,9.9.2.157,elasticsearch_os_load5,5.54
2023/4/12 17:50,1681293047,cc-cc408-hya,data-node-20,9.9.2.157,elasticsearch_os_load5,5.39
2023/4/12 17:51,1681293107,cc-cc408-hya,data-node-20,9.9.2.157,elasticsearch_os_load5,5.33
2023/4/12 17:52,1681293167,cc-cc408-hya,data-node-20,9.9.2.157,elasticsearch_os_load5,5.2
2023/4/12 17:53,1681293227,cc-cc408-hya,data-node-20,9.9.2.157,elasticsearch_os_load5,5.48
2023/4/12 17:54,1681293287,cc-cc408-hya,data-node-20,9.9.2.157,elasticsearch_os_load5,5.21
2023/4/12 17:55,1681293347,cc-cc408-hya,data-node-20,9.9.2.157,elasticsearch_os_load5,5.33
2023/4/12 17:56,1681293407,cc-cc408-hya,data-node-20,9.9.2.157,elasticsearch_os_load5,5.42
2023/4/12 17:57,1681293467,cc-cc408-hya,data-node-20,9.9.2.157,elasticsearch_os_load5,5.31
2023/4/12 17:58,1681293527,cc-cc408-hya,data-node-20,9.9.2.157,elasticsearch_os_load5,5.4
2023/4/12 17:59,1681293587,cc-cc408-hya,data-node-20,9.9.2.157,elasticsearch_os_load5,5.61
2023/4/12 18:00,1681293647,cc-cc408-hya,data-node-20,9.9.2.157,elasticsearch_os_load5,5.67
2023/4/12 18:01,1681293707,cc-cc408-hya,data-node-20,9.9.2.157,elasticsearch_os_load5,5.99
2023/4/12 18:02,1681293767,cc-cc408-hya,data-node-20,9.9.2.157,elasticsearch_os_load5,6.19
2023/4/12 18:03,1681293827,cc-cc408-hya,data-node-20,9.9.2.157,elasticsearch_os_load5,6.27
2023/4/12 18:04,1681293887,cc-cc408-hya,data-node-20,9.9.2.157,elasticsearch_os_load5,6.1
2023/4/12 18:05,1681293947,cc-cc408-hya,data-node-20,9.9.2.157,elasticsearch_os_load5,5.92
2023/4/12 18:06,1681294007,cc-cc408-hya,data-node-20,9.9.2.157,elasticsearch_os_load5,6.23
2023/4/12 18:07,1681294067,cc-cc408-hya,data-node-20,9.9.2.157,elasticsearch_os_load5,6.07
2023/4/12 18:08,1681294127,cc-cc408-hya,data-node-20,9.9.2.157,elasticsearch_os_load5,5.71
2023/4/12 18:09,1681294187,cc-cc408-hya,data-node-20,9.9.2.157,elasticsearch_os_load5,5.58
2023/4/12 18:10,1681294247,cc-cc408-hya,data-node-20,9.9.2.157,elasticsearch_os_load5,5.71
2023/4/12 18:11,1681294307,cc-cc408-hya,data-node-20,9.9.2.157,elasticsearch_os_load5,5.63
2023/4/12 18:12,1681294367,cc-cc408-hya,data-node-20,9.9.2.157,elasticsearch_os_load5,5.34
2023/4/12 18:13,1681294427,cc-cc408-hya,data-node-20,9.9.2.157,elasticsearch_os_load5,5.31
2023/4/12 18:14,1681294487,cc-cc408-hya,data-node-20,9.9.2.157,elasticsearch_os_load5,5.58
2023/4/12 18:15,1681294547,cc-cc408-hya,data-node-20,9.9.2.157,elasticsearch_os_load5,5.64
2023/4/12 18:16,1681294607,cc-cc408-hya,data-node-20,9.9.2.157,elasticsearch_os_load5,5.67
2023/4/12 18:17,1681294667,cc-cc408-hya,data-node-20,9.9.2.157,elasticsearch_os_load5,5.32
2023/4/12 18:18,1681294727,cc-cc408-hya,data-node-20,9.9.2.157,elasticsearch_os_load5,5.24
2023/4/12 18:19,1681294787,cc-cc408-hya,data-node-20,9.9.2.157,elasticsearch_os_load5,5.15
2023/4/12 18:20,1681294847,cc-cc408-hya,data-node-20,9.9.2.157,elasticsearch_os_load5,4.97
2023/4/12 18:21,1681294907,cc-cc408-hya,data-node-20,9.9.2.157,elasticsearch_os_load5,5.75
2023/4/12 18:22,1681294967,cc-cc408-hya,data-node-20,9.9.2.157,elasticsearch_os_load5,5.64
2023/4/12 18:23,1681295027,cc-cc408-hya,data-node-20,9.9.2.157,elasticsearch_os_load5,5.34
2023/4/12 18:24,1681295087,cc-cc408-hya,data-node-20,9.9.2.157,elasticsearch_os_load5,5.14
2023/4/12 18:25,1681295147,cc-cc408-hya,data-node-20,9.9.2.157,elasticsearch_os_load5,5.33
2023/4/12 18:26,1681295207,cc-cc408-hya,data-node-20,9.9.2.157,elasticsearch_os_load5,5.53
2023/4/12 18:27,1681295267,cc-cc408-hya,data-node-20,9.9.2.157,elasticsearch_os_load5,5.86
2023/4/12 18:28,1681295327,cc-cc408-hya,data-node-20,9.9.2.157,elasticsearch_os_load5,5.67
2023/4/12 18:29,1681295387,cc-cc408-hya,data-node-20,9.9.2.157,elasticsearch_os_load5,5.39
2023/4/12 18:30,1681295447,cc-cc408-hya,data-node-20,9.9.2.157,elasticsearch_os_load5,5.36
2023/4/12 18:31,1681295507,cc-cc408-hya,data-node-20,9.9.2.157,elasticsearch_os_load5,5.01
2023/4/12 18:32,1681295567,cc-cc408-hya,data-node-20,9.9.2.157,elasticsearch_os_load5,5.02
2023/4/12 18:33,1681295627,cc-cc408-hya,data-node-20,9.9.2.157,elasticsearch_os_load5,4.68
2023/4/12 18:34,1681295687,cc-cc408-hya,data-node-20,9.9.2.157,elasticsearch_os_load5,4.55
2023/4/12 18:35,1681295747,cc-cc408-hya,data-node-20,9.9.2.157,elasticsearch_os_load5,4.66
2023/4/12 18:36,1681295807,cc-cc408-hya,data-node-20,9.9.2.157,elasticsearch_os_load5,4.79
2023/4/12 18:37,1681295867,cc-cc408-hya,data-node-20,9.9.2.157,elasticsearch_os_load5,5.51
2023/4/12 18:38,1681295927,cc-cc408-hya,data-node-20,9.9.2.157,elasticsearch_os_load5,5.07
2023/4/12 18:39,1681295987,cc-cc408-hya,data-node-20,9.9.2.157,elasticsearch_os_load5,4.94
2023/4/12 18:40,1681296047,cc-cc408-hya,data-node-20,9.9.2.157,elasticsearch_os_load5,5.05
2023/4/12 18:41,1681296107,cc-cc408-hya,data-node-20,9.9.2.157,elasticsearch_os_load5,5.36
2023/4/12 18:42,1681296167,cc-cc408-hya,data-node-20,9.9.2.157,elasticsearch_os_load5,5.35
2023/4/12 18:43,1681296227,cc-cc408-hya,data-node-20,9.9.2.157,elasticsearch_os_load5,5.4
2023/4/12 18:44,1681296287,cc-cc408-hya,data-node-20,9.9.2.157,elasticsearch_os_load5,6.06
2023/4/12 18:45,1681296347,cc-cc408-hya,data-node-20,9.9.2.157,elasticsearch_os_load5,5.72
2023/4/12 18:46,1681296407,cc-cc408-hya,data-node-20,9.9.2.157,elasticsearch_os_load5,5.76
2023/4/12 18:47,1681296467,cc-cc408-hya,data-node-20,9.9.2.157,elasticsearch_os_load5,5.71
2023/4/12 18:48,1681296527,cc-cc408-hya,data-node-20,9.9.2.157,elasticsearch_os_load5,5.42
2023/4/12 18:49,1681296587,cc-cc408-hya,data-node-20,9.9.2.157,elasticsearch_os_load5,5.43
2023/4/12 18:50,1681296647,cc-cc408-hya,data-node-20,9.9.2.157,elasticsearch_os_load5,5.31
2023/4/12 18:51,1681296707,cc-cc408-hya,data-node-20,9.9.2.157,elasticsearch_os_load5,5.15
2023/4/12 18:52,1681296767,cc-cc408-hya,data-node-20,9.9.2.157,elasticsearch_os_load5,5.15
2023/4/12 18:53,1681296827,cc-cc408-hya,data-node-20,9.9.2.157,elasticsearch_os_load5,5.01
2023/4/12 18:54,1681296887,cc-cc408-hya,data-node-20,9.9.2.157,elasticsearch_os_load5,4.69
2023/4/12 18:55,1681296947,cc-cc408-hya,data-node-20,9.9.2.157,elasticsearch_os_load5,4.83
2023/4/12 18:56,1681297007,cc-cc408-hya,data-node-20,9.9.2.157,elasticsearch_os_load5,4.81
2023/4/12 18:57,1681297067,cc-cc408-hya,data-node-20,9.9.2.157,elasticsearch_os_load5,4.65
2023/4/12 18:58,1681297127,cc-cc408-hya,data-node-20,9.9.2.157,elasticsearch_os_load5,4.69
2023/4/12 18:59,1681297187,cc-cc408-hya,data-node-20,9.9.2.157,elasticsearch_os_load5,4.87
2023/4/12 19:00,1681297247,cc-cc408-hya,data-node-20,9.9.2.157,elasticsearch_os_load5,4.64
2023/4/12 19:01,1681297307,cc-cc408-hya,data-node-20,9.9.2.157,elasticsearch_os_load5,4.86
2023/4/12 19:02,1681297367,cc-cc408-hya,data-node-20,9.9.2.157,elasticsearch_os_load5,4.67
2023/4/12 19:03,1681297427,cc-cc408-hya,data-node-20,9.9.2.157,elasticsearch_os_load5,4.82
2023/4/12 19:04,1681297487,cc-cc408-hya,data-node-20,9.9.2.157,elasticsearch_os_load5,4.79
2023/4/12 19:05,1681297547,cc-cc408-hya,data-node-20,9.9.2.157,elasticsearch_os_load5,4.78
2023/4/12 19:06,1681297607,cc-cc408-hya,data-node-20,9.9.2.157,elasticsearch_os_load5,5.39
2023/4/12 19:07,1681297667,cc-cc408-hya,data-node-20,9.9.2.157,elasticsearch_os_load5,5.36
2023/4/12 19:08,1681297727,cc-cc408-hya,data-node-20,9.9.2.157,elasticsearch_os_load5,5.42
2023/4/12 19:09,1681297787,cc-cc408-hya,data-node-20,9.9.2.157,elasticsearch_os_load5,5.62
2023/4/12 19:10,1681297847,cc-cc408-hya,data-node-20,9.9.2.157,elasticsearch_os_load5,5.44
2023/4/12 19:11,1681297907,cc-cc408-hya,data-node-20,9.9.2.157,elasticsearch_os_load5,5.17
2023/4/12 19:12,1681297967,cc-cc408-hya,data-node-20,9.9.2.157,elasticsearch_os_load5,5.04
2023/4/12 19:13,1681298027,cc-cc408-hya,data-node-20,9.9.2.157,elasticsearch_os_load5,4.91
2023/4/12 19:14,1681298087,cc-cc408-hya,data-node-20,9.9.2.157,elasticsearch_os_load5,5.16
2023/4/12 19:15,1681298147,cc-cc408-hya,data-node-20,9.9.2.157,elasticsearch_os_load5,5.29
2023/4/12 19:16,1681298207,cc-cc408-hya,data-node-20,9.9.2.157,elasticsearch_os_load5,5.18
2023/4/12 19:17,1681298267,cc-cc408-hya,data-node-20,9.9.2.157,elasticsearch_os_load5,4.98
2023/4/12 19:18,1681298327,cc-cc408-hya,data-node-20,9.9.2.157,elasticsearch_os_load5,4.89
2023/4/12 19:19,1681298387,cc-cc408-hya,data-node-20,9.9.2.157,elasticsearch_os_load5,4.75
2023/4/12 19:20,1681298447,cc-cc408-hya,data-node-20,9.9.2.157,elasticsearch_os_load5,4.53
2023/4/12 19:21,1681298507,cc-cc408-hya,data-node-20,9.9.2.157,elasticsearch_os_load5,4.46
2023/4/12 19:22,1681298567,cc-cc408-hya,data-node-20,9.9.2.157,elasticsearch_os_load5,4.3
2023/4/12 19:23,1681298627,cc-cc408-hya,data-node-20,9.9.2.157,elasticsearch_os_load5,4.18
2023/4/12 19:24,1681298687,cc-cc408-hya,data-node-20,9.9.2.157,elasticsearch_os_load5,4.4
2023/4/12 19:25,1681298747,cc-cc408-hya,data-node-20,9.9.2.157,elasticsearch_os_load5,4.38
2023/4/12 19:26,1681298807,cc-cc408-hya,data-node-20,9.9.2.157,elasticsearch_os_load5,4.3
2023/4/12 19:27,1681298867,cc-cc408-hya,data-node-20,9.9.2.157,elasticsearch_os_load5,4.49
2023/4/12 19:28,1681298927,cc-cc408-hya,data-node-20,9.9.2.157,elasticsearch_os_load5,4.42
2023/4/12 19:29,1681298987,cc-cc408-hya,data-node-20,9.9.2.157,elasticsearch_os_load5,4.44
2023/4/12 19:30,1681299047,cc-cc408-hya,data-node-20,9.9.2.157,elasticsearch_os_load5,4.44
2023/4/12 19:31,1681299107,cc-cc408-hya,data-node-20,9.9.2.157,elasticsearch_os_load5,4.58
2023/4/12 19:32,1681299167,cc-cc408-hya,data-node-20,9.9.2.157,elasticsearch_os_load5,4.52
2023/4/12 19:33,1681299227,cc-cc408-hya,data-node-20,9.9.2.157,elasticsearch_os_load5,4.53
2023/4/12 19:34,1681299287,cc-cc408-hya,data-node-20,9.9.2.157,elasticsearch_os_load5,4.65
2023/4/12 19:35,1681299347,cc-cc408-hya,data-node-20,9.9.2.157,elasticsearch_os_load5,4.32
2023/4/12 19:36,1681299407,cc-cc408-hya,data-node-20,9.9.2.157,elasticsearch_os_load5,4.42
2023/4/12 19:37,1681299467,cc-cc408-hya,data-node-20,9.9.2.157,elasticsearch_os_load5,4.95
2023/4/12 19:38,1681299527,cc-cc408-hya,data-node-20,9.9.2.157,elasticsearch_os_load5,4.72
2023/4/12 19:39,1681299587,cc-cc408-hya,data-node-20,9.9.2.157,elasticsearch_os_load5,4.55
2023/4/12 19:40,1681299647,cc-cc408-hya,data-node-20,9.9.2.157,elasticsearch_os_load5,4.35
2023/4/12 19:41,1681299707,cc-cc408-hya,data-node-20,9.9.2.157,elasticsearch_os_load5,4.08
2023/4/12 19:42,1681299767,cc-cc408-hya,data-node-20,9.9.2.157,elasticsearch_os_load5,3.98
2023/4/12 19:43,1681299827,cc-cc408-hya,data-node-20,9.9.2.157,elasticsearch_os_load5,3.82
2023/4/12 19:44,1681299887,cc-cc408-hya,data-node-20,9.9.2.157,elasticsearch_os_load5,3.73
2023/4/12 19:45,1681299947,cc-cc408-hya,data-node-20,9.9.2.157,elasticsearch_os_load5,3.62
2023/4/12 19:46,1681300007,cc-cc408-hya,data-node-20,9.9.2.157,elasticsearch_os_load5,3.54
2023/4/12 19:47,1681300067,cc-cc408-hya,data-node-20,9.9.2.157,elasticsearch_os_load5,3.41
2023/4/12 19:48,1681300127,cc-cc408-hya,data-node-20,9.9.2.157,elasticsearch_os_load5,3.14
2023/4/12 19:49,1681300187,cc-cc408-hya,data-node-20,9.9.2.157,elasticsearch_os_load5,3.03
2023/4/12 19:50,1681300247,cc-cc408-hya,data-node-20,9.9.2.157,elasticsearch_os_load5,3.22
2023/4/12 19:51,1681300307,cc-cc408-hya,data-node-20,9.9.2.157,elasticsearch_os_load5,3.49
2023/4/12 19:52,1681300367,cc-cc408-hya,data-node-20,9.9.2.157,elasticsearch_os_load5,3.53
2023/4/12 19:53,1681300427,cc-cc408-hya,data-node-20,9.9.2.157,elasticsearch_os_load5,3.29
2023/4/12 19:54,1681300487,cc-cc408-hya,data-node-20,9.9.2.157,elasticsearch_os_load5,3.24
2023/4/12 19:55,1681300547,cc-cc408-hya,data-node-20,9.9.2.157,elasticsearch_os_load5,2.98
2023/4/12 19:56,1681300607,cc-cc408-hya,data-node-20,9.9.2.157,elasticsearch_os_load5,2.73
2023/4/12 19:57,1681300667,cc-cc408-hya,data-node-20,9.9.2.157,elasticsearch_os_load5,2.67
2023/4/12 19:58,1681300727,cc-cc408-hya,data-node-20,9.9.2.157,elasticsearch_os_load5,2.58
2023/4/12 19:59,1681300787,cc-cc408-hya,data-node-20,9.9.2.157,elasticsearch_os_load5,2.64
2023/4/12 20:00,1681300847,cc-cc408-hya,data-node-20,9.9.2.157,elasticsearch_os_load5,2.62
2023/4/12 20:01,1681300907,cc-cc408-hya,data-node-20,9.9.2.157,elasticsearch_os_load5,2.58
2023/4/12 20:02,1681300967,cc-cc408-hya,data-node-20,9.9.2.157,elasticsearch_os_load5,2.72
2023/4/12 20:03,1681301027,cc-cc408-hya,data-node-20,9.9.2.157,elasticsearch_os_load5,2.95
2023/4/12 20:04,1681301087,cc-cc408-hya,data-node-20,9.9.2.157,elasticsearch_os_load5,2.88
2023/4/12 20:05,1681301147,cc-cc408-hya,data-node-20,9.9.2.157,elasticsearch_os_load5,2.81
2023/4/12 20:06,1681301207,cc-cc408-hya,data-node-20,9.9.2.157,elasticsearch_os_load5,2.82
2023/4/12 20:07,1681301267,cc-cc408-hya,data-node-20,9.9.2.157,elasticsearch_os_load5,2.89
2023/4/12 20:08,1681301327,cc-cc408-hya,data-node-20,9.9.2.157,elasticsearch_os_load5,2.8
2023/4/12 20:09,1681301387,cc-cc408-hya,data-node-20,9.9.2.157,elasticsearch_os_load5,2.84
2023/4/12 20:10,1681301447,cc-cc408-hya,data-node-20,9.9.2.157,elasticsearch_os_load5,2.82
2023/4/12 20:11,1681301507,cc-cc408-hya,data-node-20,9.9.2.157,elasticsearch_os_load5,2.95
2023/4/12 20:12,1681301567,cc-cc408-hya,data-node-20,9.9.2.157,elasticsearch_os_load5,3.11
2023/4/12 20:13,1681301627,cc-cc408-hya,data-node-20,9.9.2.157,elasticsearch_os_load5,3.12
2023/4/12 20:14,1681301687,cc-cc408-hya,data-node-20,9.9.2.157,elasticsearch_os_load5,2.92
2023/4/12 20:15,1681301747,cc-cc408-hya,data-node-20,9.9.2.157,elasticsearch_os_load5,2.77
2023/4/12 20:16,1681301807,cc-cc408-hya,data-node-20,9.9.2.157,elasticsearch_os_load5,2.91
2023/4/12 20:17,1681301867,cc-cc408-hya,data-node-20,9.9.2.157,elasticsearch_os_load5,2.9
2023/4/12 20:18,1681301927,cc-cc408-hya,data-node-20,9.9.2.157,elasticsearch_os_load5,2.83
2023/4/12 20:19,1681301987,cc-cc408-hya,data-node-20,9.9.2.157,elasticsearch_os_load5,2.63
2023/4/12 20:20,1681302047,cc-cc408-hya,data-node-20,9.9.2.157,elasticsearch_os_load5,2.69
2023/4/12 20:21,1681302107,cc-cc408-hya,data-node-20,9.9.2.157,elasticsearch_os_load5,2.73
2023/4/12 20:22,1681302167,cc-cc408-hya,data-node-20,9.9.2.157,elasticsearch_os_load5,2.62
2023/4/12 20:23,1681302227,cc-cc408-hya,data-node-20,9.9.2.157,elasticsearch_os_load5,2.49
2023/4/12 20:24,1681302287,cc-cc408-hya,data-node-20,9.9.2.157,elasticsearch_os_load5,2.34
2023/4/12 20:25,1681302347,cc-cc408-hya,data-node-20,9.9.2.157,elasticsearch_os_load5,2.35
2023/4/12 20:26,1681302407,cc-cc408-hya,data-node-20,9.9.2.157,elasticsearch_os_load5,2.26
2023/4/12 20:27,1681302467,cc-cc408-hya,data-node-20,9.9.2.157,elasticsearch_os_load5,2.1
2023/4/12 20:28,1681302527,cc-cc408-hya,data-node-20,9.9.2.157,elasticsearch_os_load5,2.2
2023/4/12 20:29,1681302587,cc-cc408-hya,data-node-20,9.9.2.157,elasticsearch_os_load5,2.26
2023/4/12 20:30,1681302647,cc-cc408-hya,data-node-20,9.9.2.157,elasticsearch_os_load5,2.18
2023/4/12 20:31,1681302707,cc-cc408-hya,data-node-20,9.9.2.157,elasticsearch_os_load5,2.06
2023/4/12 20:32,1681302767,cc-cc408-hya,data-node-20,9.9.2.157,elasticsearch_os_load5,2.09
2023/4/12 20:33,1681302827,cc-cc408-hya,data-node-20,9.9.2.157,elasticsearch_os_load5,2.15
2023/4/12 20:34,1681302887,cc-cc408-hya,data-node-20,9.9.2.157,elasticsearch_os_load5,2.24
2023/4/12 20:35,1681302947,cc-cc408-hya,data-node-20,9.9.2.157,elasticsearch_os_load5,2.04
2023/4/12 20:36,1681303007,cc-cc408-hya,data-node-20,9.9.2.157,elasticsearch_os_load5,1.81
2023/4/12 20:37,1681303067,cc-cc408-hya,data-node-20,9.9.2.157,elasticsearch_os_load5,1.67
2023/4/12 20:38,1681303127,cc-cc408-hya,data-node-20,9.9.2.157,elasticsearch_os_load5,1.47
2023/4/12 20:39,1681303187,cc-cc408-hya,data-node-20,9.9.2.157,elasticsearch_os_load5,1.35
2023/4/12 20:40,1681303247,cc-cc408-hya,data-node-20,9.9.2.157,elasticsearch_os_load5,1.26
2023/4/12 20:41,1681303307,cc-cc408-hya,data-node-20,9.9.2.157,elasticsearch_os_load5,1.34
2023/4/12 20:42,1681303367,cc-cc408-hya,data-node-20,9.9.2.157,elasticsearch_os_load5,1.44
2023/4/12 20:43,1681303427,cc-cc408-hya,data-node-20,9.9.2.157,elasticsearch_os_load5,1.37
2023/4/12 20:44,1681303487,cc-cc408-hya,data-node-20,9.9.2.157,elasticsearch_os_load5,1.32
2023/4/12 20:45,1681303547,cc-cc408-hya,data-node-20,9.9.2.157,elasticsearch_os_load5,1.51
2023/4/12 20:46,1681303607,cc-cc408-hya,data-node-20,9.9.2.157,elasticsearch_os_load5,1.48
2023/4/12 20:47,1681303667,cc-cc408-hya,data-node-20,9.9.2.157,elasticsearch_os_load5,1.42
2023/4/12 20:48,1681303727,cc-cc408-hya,data-node-20,9.9.2.157,elasticsearch_os_load5,1.38
2023/4/12 20:49,1681303787,cc-cc408-hya,data-node-20,9.9.2.157,elasticsearch_os_load5,1.56
2023/4/12 20:50,1681303847,cc-cc408-hya,data-node-20,9.9.2.157,elasticsearch_os_load5,1.57
2023/4/12 20:51,1681303907,cc-cc408-hya,data-node-20,9.9.2.157,elasticsearch_os_load5,1.46
2023/4/12 20:52,1681303967,cc-cc408-hya,data-node-20,9.9.2.157,elasticsearch_os_load5,1.43
2023/4/12 20:53,1681304027,cc-cc408-hya,data-node-20,9.9.2.157,elasticsearch_os_load5,1.68
2023/4/12 20:54,1681304087,cc-cc408-hya,data-node-20,9.9.2.157,elasticsearch_os_load5,1.48
2023/4/12 20:55,1681304147,cc-cc408-hya,data-node-20,9.9.2.157,elasticsearch_os_load5,1.42
2023/4/12 20:56,1681304207,cc-cc408-hya,data-node-20,9.9.2.157,elasticsearch_os_load5,1.49
2023/4/12 20:57,1681304267,cc-cc408-hya,data-node-20,9.9.2.157,elasticsearch_os_load5,1.38
2023/4/12 20:58,1681304327,cc-cc408-hya,data-node-20,9.9.2.157,elasticsearch_os_load5,1.3
2023/4/12 20:59,1681304387,cc-cc408-hya,data-node-20,9.9.2.157,elasticsearch_os_load5,1.32
2023/4/12 21:00,1681304447,cc-cc408-hya,data-node-20,9.9.2.157,elasticsearch_os_load5,1.19
2023/4/12 21:01,1681304507,cc-cc408-hya,data-node-20,9.9.2.157,elasticsearch_os_load5,1.16
2023/4/12 21:02,1681304567,cc-cc408-hya,data-node-20,9.9.2.157,elasticsearch_os_load5,1.1
2023/4/12 21:03,1681304627,cc-cc408-hya,data-node-20,9.9.2.157,elasticsearch_os_load5,1.03
2023/4/12 21:04,1681304687,cc-cc408-hya,data-node-20,9.9.2.157,elasticsearch_os_load5,0.95
2023/4/12 21:05,1681304747,cc-cc408-hya,data-node-20,9.9.2.157,elasticsearch_os_load5,1.01
2023/4/12 21:06,1681304807,cc-cc408-hya,data-node-20,9.9.2.157,elasticsearch_os_load5,0.89
2023/4/12 21:07,1681304867,cc-cc408-hya,data-node-20,9.9.2.157,elasticsearch_os_load5,0.92
2023/4/12 21:08,1681304927,cc-cc408-hya,data-node-20,9.9.2.157,elasticsearch_os_load5,0.84
2023/4/12 21:09,1681304987,cc-cc408-hya,data-node-20,9.9.2.157,elasticsearch_os_load5,0.81
2023/4/12 21:10,1681305047,cc-cc408-hya,data-node-20,9.9.2.157,elasticsearch_os_load5,0.9
2023/4/12 21:11,1681305107,cc-cc408-hya,data-node-20,9.9.2.157,elasticsearch_os_load5,1.1
2023/4/12 21:12,1681305167,cc-cc408-hya,data-node-20,9.9.2.157,elasticsearch_os_load5,1.1
2023/4/12 21:13,1681305227,cc-cc408-hya,data-node-20,9.9.2.157,elasticsearch_os_load5,1.04
2023/4/12 21:14,1681305287,cc-cc408-hya,data-node-20,9.9.2.157,elasticsearch_os_load5,1.27
2023/4/12 21:15,1681305347,cc-cc408-hya,data-node-20,9.9.2.157,elasticsearch_os_load5,1.39
2023/4/12 21:16,1681305407,cc-cc408-hya,data-node-20,9.9.2.157,elasticsearch_os_load5,1.57
2023/4/12 21:17,1681305467,cc-cc408-hya,data-node-20,9.9.2.157,elasticsearch_os_load5,1.41
2023/4/12 21:18,1681305527,cc-cc408-hya,data-node-20,9.9.2.157,elasticsearch_os_load5,1.44
2023/4/12 21:19,1681305587,cc-cc408-hya,data-node-20,9.9.2.157,elasticsearch_os_load5,1.39
2023/4/12 21:20,1681305647,cc-cc408-hya,data-node-20,9.9.2.157,elasticsearch_os_load5,1.29
2023/4/12 21:21,1681305707,cc-cc408-hya,data-node-20,9.9.2.157,elasticsearch_os_load5,1.23
2023/4/12 21:22,1681305767,cc-cc408-hya,data-node-20,9.9.2.157,elasticsearch_os_load5,1.13
2023/4/12 21:23,1681305827,cc-cc408-hya,data-node-20,9.9.2.157,elasticsearch_os_load5,1.12
2023/4/12 21:24,1681305887,cc-cc408-hya,data-node-20,9.9.2.157,elasticsearch_os_load5,0.97
2023/4/12 21:25,1681305947,cc-cc408-hya,data-node-20,9.9.2.157,elasticsearch_os_load5,0.96
2023/4/12 21:26,1681306007,cc-cc408-hya,data-node-20,9.9.2.157,elasticsearch_os_load5,1.21
2023/4/12 21:27,1681306067,cc-cc408-hya,data-node-20,9.9.2.157,elasticsearch_os_load5,1.13
2023/4/12 21:28,1681306127,cc-cc408-hya,data-node-20,9.9.2.157,elasticsearch_os_load5,1.14
2023/4/12 21:29,1681306187,cc-cc408-hya,data-node-20,9.9.2.157,elasticsearch_os_load5,1.07
2023/4/12 21:30,1681306247,cc-cc408-hya,data-node-20,9.9.2.157,elasticsearch_os_load5,1.11
2023/4/12 21:31,1681306307,cc-cc408-hya,data-node-20,9.9.2.157,elasticsearch_os_load5,1.17
2023/4/12 21:32,1681306367,cc-cc408-hya,data-node-20,9.9.2.157,elasticsearch_os_load5,1.09
2023/4/12 21:33,1681306427,cc-cc408-hya,data-node-20,9.9.2.157,elasticsearch_os_load5,1.18
2023/4/12 21:34,1681306487,cc-cc408-hya,data-node-20,9.9.2.157,elasticsearch_os_load5,1.32
2023/4/12 21:35,1681306547,cc-cc408-hya,data-node-20,9.9.2.157,elasticsearch_os_load5,1.7
2023/4/12 21:36,1681306607,cc-cc408-hya,data-node-20,9.9.2.157,elasticsearch_os_load5,1.7
2023/4/12 21:37,1681306667,cc-cc408-hya,data-node-20,9.9.2.157,elasticsearch_os_load5,1.6
2023/4/12 21:38,1681306727,cc-cc408-hya,data-node-20,9.9.2.157,elasticsearch_os_load5,1.5
2023/4/12 21:39,1681306787,cc-cc408-hya,data-node-20,9.9.2.157,elasticsearch_os_load5,1.33
2023/4/12 21:40,1681306847,cc-cc408-hya,data-node-20,9.9.2.157,elasticsearch_os_load5,1.28
2023/4/12 21:41,1681306907,cc-cc408-hya,data-node-20,9.9.2.157,elasticsearch_os_load5,1.4
2023/4/12 21:42,1681306967,cc-cc408-hya,data-node-20,9.9.2.157,elasticsearch_os_load5,1.28
2023/4/12 21:43,1681307027,cc-cc408-hya,data-node-20,9.9.2.157,elasticsearch_os_load5,1.19
2023/4/12 21:44,1681307087,cc-cc408-hya,data-node-20,9.9.2.157,elasticsearch_os_load5,1.22
2023/4/12 21:45,1681307147,cc-cc408-hya,data-node-20,9.9.2.157,elasticsearch_os_load5,1.18
2023/4/12 21:46,1681307207,cc-cc408-hya,data-node-20,9.9.2.157,elasticsearch_os_load5,1.1
2023/4/12 21:47,1681307267,cc-cc408-hya,data-node-20,9.9.2.157,elasticsearch_os_load5,1.08
2023/4/12 21:48,1681307327,cc-cc408-hya,data-node-20,9.9.2.157,elasticsearch_os_load5,1.04
2023/4/12 21:49,1681307387,cc-cc408-hya,data-node-20,9.9.2.157,elasticsearch_os_load5,1.04
2023/4/12 21:50,1681307447,cc-cc408-hya,data-node-20,9.9.2.157,elasticsearch_os_load5,1.43
2023/4/12 21:51,1681307507,cc-cc408-hya,data-node-20,9.9.2.157,elasticsearch_os_load5,1.32
2023/4/12 21:52,1681307567,cc-cc408-hya,data-node-20,9.9.2.157,elasticsearch_os_load5,1.31
2023/4/12 21:53,1681307627,cc-cc408-hya,data-node-20,9.9.2.157,elasticsearch_os_load5,1.19
2023/4/12 21:54,1681307687,cc-cc408-hya,data-node-20,9.9.2.157,elasticsearch_os_load5,1.19
2023/4/12 21:55,1681307747,cc-cc408-hya,data-node-20,9.9.2.157,elasticsearch_os_load5,1.13
2023/4/12 21:56,1681307807,cc-cc408-hya,data-node-20,9.9.2.157,elasticsearch_os_load5,1.16
2023/4/12 21:57,1681307867,cc-cc408-hya,data-node-20,9.9.2.157,elasticsearch_os_load5,1.3
2023/4/12 21:58,1681307927,cc-cc408-hya,data-node-20,9.9.2.157,elasticsearch_os_load5,1.29
2023/4/12 21:59,1681307987,cc-cc408-hya,data-node-20,9.9.2.157,elasticsearch_os_load5,1.27
2023/4/12 22:00,1681308047,cc-cc408-hya,data-node-20,9.9.2.157,elasticsearch_os_load5,1.28
2023/4/12 22:01,1681308107,cc-cc408-hya,data-node-20,9.9.2.157,elasticsearch_os_load5,1.18
2023/4/12 22:02,1681308167,cc-cc408-hya,data-node-20,9.9.2.157,elasticsearch_os_load5,1.22
2023/4/12 22:03,1681308227,cc-cc408-hya,data-node-20,9.9.2.157,elasticsearch_os_load5,1.28
2023/4/12 22:04,1681308287,cc-cc408-hya,data-node-20,9.9.2.157,elasticsearch_os_load5,1.15
2023/4/12 22:05,1681308347,cc-cc408-hya,data-node-20,9.9.2.157,elasticsearch_os_load5,1.25
2023/4/12 22:06,1681308407,cc-cc408-hya,data-node-20,9.9.2.157,elasticsearch_os_load5,1.31
2023/4/12 22:07,1681308467,cc-cc408-hya,data-node-20,9.9.2.157,elasticsearch_os_load5,1.27
2023/4/12 22:08,1681308527,cc-cc408-hya,data-node-20,9.9.2.157,elasticsearch_os_load5,1.23
2023/4/12 22:09,1681308587,cc-cc408-hya,data-node-20,9.9.2.157,elasticsearch_os_load5,1.2
2023/4/12 22:10,1681308647,cc-cc408-hya,data-node-20,9.9.2.157,elasticsearch_os_load5,1.21
2023/4/12 22:11,1681308707,cc-cc408-hya,data-node-20,9.9.2.157,elasticsearch_os_load5,1.11
2023/4/12 22:12,1681308767,cc-cc408-hya,data-node-20,9.9.2.157,elasticsearch_os_load5,1.12
2023/4/12 22:13,1681308827,cc-cc408-hya,data-node-20,9.9.2.157,elasticsearch_os_load5,1.23
2023/4/12 22:14,1681308887,cc-cc408-hya,data-node-20,9.9.2.157,elasticsearch_os_load5,1.24
2023/4/12 22:15,1681308947,cc-cc408-hya,data-node-20,9.9.2.157,elasticsearch_os_load5,1.2
2023/4/12 22:16,1681309007,cc-cc408-hya,data-node-20,9.9.2.157,elasticsearch_os_load5,1.34
2023/4/12 22:17,1681309067,cc-cc408-hya,data-node-20,9.9.2.157,elasticsearch_os_load5,1.28
2023/4/12 22:18,1681309127,cc-cc408-hya,data-node-20,9.9.2.157,elasticsearch_os_load5,1.26
2023/4/12 22:19,1681309187,cc-cc408-hya,data-node-20,9.9.2.157,elasticsearch_os_load5,1.21
2023/4/12 22:20,1681309247,cc-cc408-hya,data-node-20,9.9.2.157,elasticsearch_os_load5,1.18
2023/4/12 22:21,1681309307,cc-cc408-hya,data-node-20,9.9.2.157,elasticsearch_os_load5,1.24
2023/4/12 22:22,1681309367,cc-cc408-hya,data-node-20,9.9.2.157,elasticsearch_os_load5,1.2
2023/4/12 22:23,1681309427,cc-cc408-hya,data-node-20,9.9.2.157,elasticsearch_os_load5,1.18
2023/4/12 22:24,1681309487,cc-cc408-hya,data-node-20,9.9.2.157,elasticsearch_os_load5,1.11
2023/4/12 22:25,1681309547,cc-cc408-hya,data-node-20,9.9.2.157,elasticsearch_os_load5,1.14
2023/4/12 22:26,1681309607,cc-cc408-hya,data-node-20,9.9.2.157,elasticsearch_os_load5,1.1
2023/4/12 22:27,1681309667,cc-cc408-hya,data-node-20,9.9.2.157,elasticsearch_os_load5,1.14
2023/4/12 22:28,1681309727,cc-cc408-hya,data-node-20,9.9.2.157,elasticsearch_os_load5,1.23
2023/4/12 22:29,1681309787,cc-cc408-hya,data-node-20,9.9.2.157,elasticsearch_os_load5,1.19
2023/4/12 22:30,1681309847,cc-cc408-hya,data-node-20,9.9.2.157,elasticsearch_os_load5,1
2023/4/12 22:31,1681309907,cc-cc408-hya,data-node-20,9.9.2.157,elasticsearch_os_load5,1.04
2023/4/12 22:32,1681309967,cc-cc408-hya,data-node-20,9.9.2.157,elasticsearch_os_load5,1.02
2023/4/12 22:33,1681310027,cc-cc408-hya,data-node-20,9.9.2.157,elasticsearch_os_load5,1
2023/4/12 22:34,1681310087,cc-cc408-hya,data-node-20,9.9.2.157,elasticsearch_os_load5,1.08
2023/4/12 22:35,1681310147,cc-cc408-hya,data-node-20,9.9.2.157,elasticsearch_os_load5,1.05
2023/4/12 22:36,1681310207,cc-cc408-hya,data-node-20,9.9.2.157,elasticsearch_os_load5,1.04
2023/4/12 22:37,1681310267,cc-cc408-hya,data-node-20,9.9.2.157,elasticsearch_os_load5,0.96
2023/4/12 22:38,1681310327,cc-cc408-hya,data-node-20,9.9.2.157,elasticsearch_os_load5,0.95
2023/4/12 22:39,1681310387,cc-cc408-hya,data-node-20,9.9.2.157,elasticsearch_os_load5,1.17
2023/4/12 22:40,1681310447,cc-cc408-hya,data-node-20,9.9.2.157,elasticsearch_os_load5,1.33
2023/4/12 22:41,1681310507,cc-cc408-hya,data-node-20,9.9.2.157,elasticsearch_os_load5,1.43
2023/4/12 22:42,1681310567,cc-cc408-hya,data-node-20,9.9.2.157,elasticsearch_os_load5,1.37
2023/4/12 22:43,1681310627,cc-cc408-hya,data-node-20,9.9.2.157,elasticsearch_os_load5,1.38
2023/4/12 22:44,1681310687,cc-cc408-hya,data-node-20,9.9.2.157,elasticsearch_os_load5,1.25
2023/4/12 22:45,1681310747,cc-cc408-hya,data-node-20,9.9.2.157,elasticsearch_os_load5,1.18
2023/4/12 22:46,1681310807,cc-cc408-hya,data-node-20,9.9.2.157,elasticsearch_os_load5,1.17
2023/4/12 22:47,1681310867,cc-cc408-hya,data-node-20,9.9.2.157,elasticsearch_os_load5,1.29
2023/4/12 22:48,1681310927,cc-cc408-hya,data-node-20,9.9.2.157,elasticsearch_os_load5,1.16
2023/4/12 22:49,1681310987,cc-cc408-hya,data-node-20,9.9.2.157,elasticsearch_os_load5,1.12
2023/4/12 22:50,1681311047,cc-cc408-hya,data-node-20,9.9.2.157,elasticsearch_os_load5,1.05
2023/4/12 22:51,1681311107,cc-cc408-hya,data-node-20,9.9.2.157,elasticsearch_os_load5,1.17
2023/4/12 22:52,1681311167,cc-cc408-hya,data-node-20,9.9.2.157,elasticsearch_os_load5,1.17
2023/4/12 22:53,1681311227,cc-cc408-hya,data-node-20,9.9.2.157,elasticsearch_os_load5,1.01
2023/4/12 22:54,1681311287,cc-cc408-hya,data-node-20,9.9.2.157,elasticsearch_os_load5,1.43
2023/4/12 22:55,1681311347,cc-cc408-hya,data-node-20,9.9.2.157,elasticsearch_os_load5,1.46
2023/4/12 22:56,1681311407,cc-cc408-hya,data-node-20,9.9.2.157,elasticsearch_os_load5,1.45
2023/4/12 22:57,1681311467,cc-cc408-hya,data-node-20,9.9.2.157,elasticsearch_os_load5,1.38
2023/4/12 22:58,1681311527,cc-cc408-hya,data-node-20,9.9.2.157,elasticsearch_os_load5,1.41
2023/4/12 22:59,1681311587,cc-cc408-hya,data-node-20,9.9.2.157,elasticsearch_os_load5,1.35
2023/4/12 23:00,1681311647,cc-cc408-hya,data-node-20,9.9.2.157,elasticsearch_os_load5,1.22
2023/4/12 23:01,1681311707,cc-cc408-hya,data-node-20,9.9.2.157,elasticsearch_os_load5,1.23
2023/4/12 23:02,1681311767,cc-cc408-hya,data-node-20,9.9.2.157,elasticsearch_os_load5,1.3
2023/4/12 23:03,1681311827,cc-cc408-hya,data-node-20,9.9.2.157,elasticsearch_os_load5,1.27
2023/4/12 23:04,1681311887,cc-cc408-hya,data-node-20,9.9.2.157,elasticsearch_os_load5,1.17
2023/4/12 23:05,1681311947,cc-cc408-hya,data-node-20,9.9.2.157,elasticsearch_os_load5,1.06
2023/4/12 23:06,1681312007,cc-cc408-hya,data-node-20,9.9.2.157,elasticsearch_os_load5,0.99
2023/4/12 23:07,1681312067,cc-cc408-hya,data-node-20,9.9.2.157,elasticsearch_os_load5,0.9
2023/4/12 23:08,1681312127,cc-cc408-hya,data-node-20,9.9.2.157,elasticsearch_os_load5,0.96
2023/4/12 23:09,1681312187,cc-cc408-hya,data-node-20,9.9.2.157,elasticsearch_os_load5,0.98
2023/4/12 23:10,1681312247,cc-cc408-hya,data-node-20,9.9.2.157,elasticsearch_os_load5,0.96
2023/4/12 23:11,1681312307,cc-cc408-hya,data-node-20,9.9.2.157,elasticsearch_os_load5,0.96
2023/4/12 23:12,1681312367,cc-cc408-hya,data-node-20,9.9.2.157,elasticsearch_os_load5,0.96
2023/4/12 23:13,1681312427,cc-cc408-hya,data-node-20,9.9.2.157,elasticsearch_os_load5,0.88
2023/4/12 23:14,1681312487,cc-cc408-hya,data-node-20,9.9.2.157,elasticsearch_os_load5,0.86
2023/4/12 23:15,1681312547,cc-cc408-hya,data-node-20,9.9.2.157,elasticsearch_os_load5,0.92
2023/4/12 23:16,1681312607,cc-cc408-hya,data-node-20,9.9.2.157,elasticsearch_os_load5,1.17
2023/4/12 23:17,1681312667,cc-cc408-hya,data-node-20,9.9.2.157,elasticsearch_os_load5,1.14
2023/4/12 23:18,1681312727,cc-cc408-hya,data-node-20,9.9.2.157,elasticsearch_os_load5,1.13
2023/4/12 23:19,1681312787,cc-cc408-hya,data-node-20,9.9.2.157,elasticsearch_os_load5,1.18
2023/4/12 23:20,1681312847,cc-cc408-hya,data-node-20,9.9.2.157,elasticsearch_os_load5,1.24
2023/4/12 23:21,1681312907,cc-cc408-hya,data-node-20,9.9.2.157,elasticsearch_os_load5,1.12
2023/4/12 23:22,1681312967,cc-cc408-hya,data-node-20,9.9.2.157,elasticsearch_os_load5,1.31
2023/4/12 23:23,1681313027,cc-cc408-hya,data-node-20,9.9.2.157,elasticsearch_os_load5,1.35
2023/4/12 23:24,1681313087,cc-cc408-hya,data-node-20,9.9.2.157,elasticsearch_os_load5,1.42
2023/4/12 23:25,1681313147,cc-cc408-hya,data-node-20,9.9.2.157,elasticsearch_os_load5,1.31
2023/4/12 23:26,1681313207,cc-cc408-hya,data-node-20,9.9.2.157,elasticsearch_os_load5,1.21
2023/4/12 23:27,1681313267,cc-cc408-hya,data-node-20,9.9.2.157,elasticsearch_os_load5,1.17
2023/4/12 23:28,1681313327,cc-cc408-hya,data-node-20,9.9.2.157,elasticsearch_os_load5,1.16
2023/4/12 23:29,1681313387,cc-cc408-hya,data-node-20,9.9.2.157,elasticsearch_os_load5,1.15
2023/4/12 23:30,1681313447,cc-cc408-hya,data-node-20,9.9.2.157,elasticsearch_os_load5,1.23
2023/4/12 23:31,1681313507,cc-cc408-hya,data-node-20,9.9.2.157,elasticsearch_os_load5,1.06
2023/4/12 23:32,1681313567,cc-cc408-hya,data-node-20,9.9.2.157,elasticsearch_os_load5,0.99
2023/4/12 23:33,1681313627,cc-cc408-hya,data-node-20,9.9.2.157,elasticsearch_os_load5,1.1
2023/4/12 23:34,1681313687,cc-cc408-hya,data-node-20,9.9.2.157,elasticsearch_os_load5,0.99
2023/4/12 23:35,1681313747,cc-cc408-hya,data-node-20,9.9.2.157,elasticsearch_os_load5,0.99
2023/4/12 23:36,1681313807,cc-cc408-hya,data-node-20,9.9.2.157,elasticsearch_os_load5,1.02
2023/4/12 23:37,1681313867,cc-cc408-hya,data-node-20,9.9.2.157,elasticsearch_os_load5,1.04
2023/4/12 23:38,1681313927,cc-cc408-hya,data-node-20,9.9.2.157,elasticsearch_os_load5,1.03
2023/4/12 23:39,1681313987,cc-cc408-hya,data-node-20,9.9.2.157,elasticsearch_os_load5,1.11
2023/4/12 23:40,1681314047,cc-cc408-hya,data-node-20,9.9.2.157,elasticsearch_os_load5,1.25
2023/4/12 23:41,1681314107,cc-cc408-hya,data-node-20,9.9.2.157,elasticsearch_os_load5,1.31
2023/4/12 23:42,1681314167,cc-cc408-hya,data-node-20,9.9.2.157,elasticsearch_os_load5,1.29
2023/4/12 23:43,1681314227,cc-cc408-hya,data-node-20,9.9.2.157,elasticsearch_os_load5,1.29
2023/4/12 23:44,1681314287,cc-cc408-hya,data-node-20,9.9.2.157,elasticsearch_os_load5,1.2
2023/4/12 23:45,1681314347,cc-cc408-hya,data-node-20,9.9.2.157,elasticsearch_os_load5,1.03
2023/4/12 23:46,1681314407,cc-cc408-hya,data-node-20,9.9.2.157,elasticsearch_os_load5,1.04
2023/4/12 23:47,1681314467,cc-cc408-hya,data-node-20,9.9.2.157,elasticsearch_os_load5,0.94
2023/4/12 23:48,1681314527,cc-cc408-hya,data-node-20,9.9.2.157,elasticsearch_os_load5,0.91
2023/4/12 23:49,1681314587,cc-cc408-hya,data-node-20,9.9.2.157,elasticsearch_os_load5,0.85
2023/4/12 23:50,1681314647,cc-cc408-hya,data-node-20,9.9.2.157,elasticsearch_os_load5,0.74
2023/4/12 23:51,1681314707,cc-cc408-hya,data-node-20,9.9.2.157,elasticsearch_os_load5,0.64
2023/4/12 23:52,1681314767,cc-cc408-hya,data-node-20,9.9.2.157,elasticsearch_os_load5,0.63
2023/4/12 23:53,1681314827,cc-cc408-hya,data-node-20,9.9.2.157,elasticsearch_os_load5,0.58
2023/4/12 23:54,1681314887,cc-cc408-hya,data-node-20,9.9.2.157,elasticsearch_os_load5,0.58
2023/4/12 23:55,1681314947,cc-cc408-hya,data-node-20,9.9.2.157,elasticsearch_os_load5,0.62
2023/4/12 23:56,1681315007,cc-cc408-hya,data-node-20,9.9.2.157,elasticsearch_os_load5,0.6
2023/4/12 23:57,1681315067,cc-cc408-hya,data-node-20,9.9.2.157,elasticsearch_os_load5,0.58
2023/4/12 23:58,1681315127,cc-cc408-hya,data-node-20,9.9.2.157,elasticsearch_os_load5,0.52
2023/4/12 23:59,1681315187,cc-cc408-hya,data-node-20,9.9.2.157,elasticsearch_os_load5,0.58
2023/4/13 0:00,1681315247,cc-cc408-hya,data-node-20,9.9.2.157,elasticsearch_os_load5,0.55
2023/4/13 0:01,1681315307,cc-cc408-hya,data-node-20,9.9.2.157,elasticsearch_os_load5,0.54
2023/4/13 0:02,1681315367,cc-cc408-hya,data-node-20,9.9.2.157,elasticsearch_os_load5,0.53
2023/4/13 0:03,1681315427,cc-cc408-hya,data-node-20,9.9.2.157,elasticsearch_os_load5,0.61
2023/4/13 0:04,1681315487,cc-cc408-hya,data-node-20,9.9.2.157,elasticsearch_os_load5,0.73
2023/4/13 0:05,1681315547,cc-cc408-hya,data-node-20,9.9.2.157,elasticsearch_os_load5,1.01
2023/4/13 0:06,1681315607,cc-cc408-hya,data-node-20,9.9.2.157,elasticsearch_os_load5,1.11
2023/4/13 0:07,1681315667,cc-cc408-hya,data-node-20,9.9.2.157,elasticsearch_os_load5,1
2023/4/13 0:08,1681315727,cc-cc408-hya,data-node-20,9.9.2.157,elasticsearch_os_load5,0.96
2023/4/13 0:09,1681315787,cc-cc408-hya,data-node-20,9.9.2.157,elasticsearch_os_load5,0.85
2023/4/13 0:10,1681315847,cc-cc408-hya,data-node-20,9.9.2.157,elasticsearch_os_load5,0.84
2023/4/13 0:11,1681315907,cc-cc408-hya,data-node-20,9.9.2.157,elasticsearch_os_load5,0.86
2023/4/13 0:12,1681315967,cc-cc408-hya,data-node-20,9.9.2.157,elasticsearch_os_load5,0.78
2023/4/13 0:13,1681316027,cc-cc408-hya,data-node-20,9.9.2.157,elasticsearch_os_load5,0.71
2023/4/13 0:14,1681316087,cc-cc408-hya,data-node-20,9.9.2.157,elasticsearch_os_load5,0.66
2023/4/13 0:15,1681316147,cc-cc408-hya,data-node-20,9.9.2.157,elasticsearch_os_load5,0.76
2023/4/13 0:16,1681316207,cc-cc408-hya,data-node-20,9.9.2.157,elasticsearch_os_load5,0.7
2023/4/13 0:17,1681316267,cc-cc408-hya,data-node-20,9.9.2.157,elasticsearch_os_load5,0.61
2023/4/13 0:18,1681316327,cc-cc408-hya,data-node-20,9.9.2.157,elasticsearch_os_load5,0.64
2023/4/13 0:19,1681316387,cc-cc408-hya,data-node-20,9.9.2.157,elasticsearch_os_load5,0.61
2023/4/13 0:20,1681316447,cc-cc408-hya,data-node-20,9.9.2.157,elasticsearch_os_load5,0.69
2023/4/13 0:21,1681316507,cc-cc408-hya,data-node-20,9.9.2.157,elasticsearch_os_load5,1.05
2023/4/13 0:22,1681316567,cc-cc408-hya,data-node-20,9.9.2.157,elasticsearch_os_load5,1.23
2023/4/13 0:23,1681316627,cc-cc408-hya,data-node-20,9.9.2.157,elasticsearch_os_load5,1.56
2023/4/13 0:24,1681316687,cc-cc408-hya,data-node-20,9.9.2.157,elasticsearch_os_load5,1.52
2023/4/13 0:25,1681316747,cc-cc408-hya,data-node-20,9.9.2.157,elasticsearch_os_load5,1.42
2023/4/13 0:26,1681316807,cc-cc408-hya,data-node-20,9.9.2.157,elasticsearch_os_load5,1.27
2023/4/13 0:27,1681316867,cc-cc408-hya,data-node-20,9.9.2.157,elasticsearch_os_load5,1.27
2023/4/13 0:28,1681316927,cc-cc408-hya,data-node-20,9.9.2.157,elasticsearch_os_load5,1.2
2023/4/13 0:29,1681316987,cc-cc408-hya,data-node-20,9.9.2.157,elasticsearch_os_load5,1.13
2023/4/13 0:30,1681317047,cc-cc408-hya,data-node-20,9.9.2.157,elasticsearch_os_load5,1.03
2023/4/13 0:31,1681317107,cc-cc408-hya,data-node-20,9.9.2.157,elasticsearch_os_load5,1.07
2023/4/13 0:32,1681317167,cc-cc408-hya,data-node-20,9.9.2.157,elasticsearch_os_load5,0.96
2023/4/13 0:33,1681317227,cc-cc408-hya,data-node-20,9.9.2.157,elasticsearch_os_load5,1.02
2023/4/13 0:34,1681317287,cc-cc408-hya,data-node-20,9.9.2.157,elasticsearch_os_load5,0.97
2023/4/13 0:35,1681317347,cc-cc408-hya,data-node-20,9.9.2.157,elasticsearch_os_load5,0.92
2023/4/13 0:36,1681317407,cc-cc408-hya,data-node-20,9.9.2.157,elasticsearch_os_load5,0.93
2023/4/13 0:37,1681317467,cc-cc408-hya,data-node-20,9.9.2.157,elasticsearch_os_load5,0.9
2023/4/13 0:38,1681317527,cc-cc408-hya,data-node-20,9.9.2.157,elasticsearch_os_load5,0.9
2023/4/13 0:39,1681317587,cc-cc408-hya,data-node-20,9.9.2.157,elasticsearch_os_load5,0.98
2023/4/13 0:40,1681317647,cc-cc408-hya,data-node-20,9.9.2.157,elasticsearch_os_load5,0.98
2023/4/13 0:41,1681317707,cc-cc408-hya,data-node-20,9.9.2.157,elasticsearch_os_load5,1.02
2023/4/13 0:42,1681317767,cc-cc408-hya,data-node-20,9.9.2.157,elasticsearch_os_load5,0.99
2023/4/13 0:43,1681317827,cc-cc408-hya,data-node-20,9.9.2.157,elasticsearch_os_load5,0.92
2023/4/13 0:44,1681317887,cc-cc408-hya,data-node-20,9.9.2.157,elasticsearch_os_load5,0.94
2023/4/13 0:45,1681317947,cc-cc408-hya,data-node-20,9.9.2.157,elasticsearch_os_load5,0.86
2023/4/13 0:46,1681318007,cc-cc408-hya,data-node-20,9.9.2.157,elasticsearch_os_load5,0.84
2023/4/13 0:47,1681318067,cc-cc408-hya,data-node-20,9.9.2.157,elasticsearch_os_load5,1.08
2023/4/13 0:48,1681318127,cc-cc408-hya,data-node-20,9.9.2.157,elasticsearch_os_load5,1.16
2023/4/13 0:49,1681318187,cc-cc408-hya,data-node-20,9.9.2.157,elasticsearch_os_load5,1.08
2023/4/13 0:50,1681318247,cc-cc408-hya,data-node-20,9.9.2.157,elasticsearch_os_load5,1.15
2023/4/13 0:51,1681318307,cc-cc408-hya,data-node-20,9.9.2.157,elasticsearch_os_load5,1.15
2023/4/13 0:52,1681318367,cc-cc408-hya,data-node-20,9.9.2.157,elasticsearch_os_load5,1.07
2023/4/13 0:53,1681318427,cc-cc408-hya,data-node-20,9.9.2.157,elasticsearch_os_load5,1.15
2023/4/13 0:54,1681318487,cc-cc408-hya,data-node-20,9.9.2.157,elasticsearch_os_load5,1.07
2023/4/13 0:55,1681318547,cc-cc408-hya,data-node-20,9.9.2.157,elasticsearch_os_load5,1.04
2023/4/13 0:56,1681318607,cc-cc408-hya,data-node-20,9.9.2.157,elasticsearch_os_load5,0.94
2023/4/13 0:57,1681318667,cc-cc408-hya,data-node-20,9.9.2.157,elasticsearch_os_load5,0.92
2023/4/13 0:58,1681318727,cc-cc408-hya,data-node-20,9.9.2.157,elasticsearch_os_load5,0.86
2023/4/13 0:59,1681318787,cc-cc408-hya,data-node-20,9.9.2.157,elasticsearch_os_load5,0.84
2023/4/13 1:00,1681318847,cc-cc408-hya,data-node-20,9.9.2.157,elasticsearch_os_load5,1.03
2023/4/13 1:01,1681318907,cc-cc408-hya,data-node-20,9.9.2.157,elasticsearch_os_load5,1.04
2023/4/13 1:02,1681318967,cc-cc408-hya,data-node-20,9.9.2.157,elasticsearch_os_load5,0.96
2023/4/13 1:03,1681319027,cc-cc408-hya,data-node-20,9.9.2.157,elasticsearch_os_load5,1.12
2023/4/13 1:04,1681319087,cc-cc408-hya,data-node-20,9.9.2.157,elasticsearch_os_load5,1.19
2023/4/13 1:05,1681319147,cc-cc408-hya,data-node-20,9.9.2.157,elasticsearch_os_load5,1.32
2023/4/13 1:06,1681319207,cc-cc408-hya,data-node-20,9.9.2.157,elasticsearch_os_load5,1.32
2023/4/13 1:07,1681319267,cc-cc408-hya,data-node-20,9.9.2.157,elasticsearch_os_load5,1.33
2023/4/13 1:08,1681319327,cc-cc408-hya,data-node-20,9.9.2.157,elasticsearch_os_load5,1.25
2023/4/13 1:09,1681319387,cc-cc408-hya,data-node-20,9.9.2.157,elasticsearch_os_load5,1.97
2023/4/13 1:10,1681319447,cc-cc408-hya,data-node-20,9.9.2.157,elasticsearch_os_load5,1.71
2023/4/13 1:11,1681319507,cc-cc408-hya,data-node-20,9.9.2.157,elasticsearch_os_load5,1.5
2023/4/13 1:12,1681319567,cc-cc408-hya,data-node-20,9.9.2.157,elasticsearch_os_load5,1.44
2023/4/13 1:13,1681319627,cc-cc408-hya,data-node-20,9.9.2.157,elasticsearch_os_load5,1.4
2023/4/13 1:14,1681319687,cc-cc408-hya,data-node-20,9.9.2.157,elasticsearch_os_load5,1.28
2023/4/13 1:15,1681319747,cc-cc408-hya,data-node-20,9.9.2.157,elasticsearch_os_load5,1.12
2023/4/13 1:16,1681319807,cc-cc408-hya,data-node-20,9.9.2.157,elasticsearch_os_load5,1.06
2023/4/13 1:17,1681319867,cc-cc408-hya,data-node-20,9.9.2.157,elasticsearch_os_load5,0.98
2023/4/13 1:18,1681319927,cc-cc408-hya,data-node-20,9.9.2.157,elasticsearch_os_load5,0.95
2023/4/13 1:19,1681319987,cc-cc408-hya,data-node-20,9.9.2.157,elasticsearch_os_load5,0.84
2023/4/13 1:20,1681320047,cc-cc408-hya,data-node-20,9.9.2.157,elasticsearch_os_load5,0.82
2023/4/13 1:21,1681320107,cc-cc408-hya,data-node-20,9.9.2.157,elasticsearch_os_load5,0.79
2023/4/13 1:22,1681320167,cc-cc408-hya,data-node-20,9.9.2.157,elasticsearch_os_load5,0.77
2023/4/13 1:23,1681320227,cc-cc408-hya,data-node-20,9.9.2.157,elasticsearch_os_load5,0.77
2023/4/13 1:24,1681320287,cc-cc408-hya,data-node-20,9.9.2.157,elasticsearch_os_load5,0.73
2023/4/13 1:25,1681320347,cc-cc408-hya,data-node-20,9.9.2.157,elasticsearch_os_load5,0.61
2023/4/13 1:26,1681320407,cc-cc408-hya,data-node-20,9.9.2.157,elasticsearch_os_load5,0.55
2023/4/13 1:27,1681320467,cc-cc408-hya,data-node-20,9.9.2.157,elasticsearch_os_load5,0.48
2023/4/13 1:28,1681320527,cc-cc408-hya,data-node-20,9.9.2.157,elasticsearch_os_load5,0.42
2023/4/13 1:29,1681320587,cc-cc408-hya,data-node-20,9.9.2.157,elasticsearch_os_load5,0.58
2023/4/13 1:30,1681320647,cc-cc408-hya,data-node-20,9.9.2.157,elasticsearch_os_load5,0.65
2023/4/13 1:31,1681320707,cc-cc408-hya,data-node-20,9.9.2.157,elasticsearch_os_load5,0.71
2023/4/13 1:32,1681320767,cc-cc408-hya,data-node-20,9.9.2.157,elasticsearch_os_load5,0.67
2023/4/13 1:33,1681320827,cc-cc408-hya,data-node-20,9.9.2.157,elasticsearch_os_load5,0.6
2023/4/13 1:34,1681320887,cc-cc408-hya,data-node-20,9.9.2.157,elasticsearch_os_load5,0.55
2023/4/13 1:35,1681320947,cc-cc408-hya,data-node-20,9.9.2.157,elasticsearch_os_load5,0.47
2023/4/13 1:36,1681321007,cc-cc408-hya,data-node-20,9.9.2.157,elasticsearch_os_load5,0.44
2023/4/13 1:37,1681321067,cc-cc408-hya,data-node-20,9.9.2.157,elasticsearch_os_load5,0.39
2023/4/13 1:38,1681321127,cc-cc408-hya,data-node-20,9.9.2.157,elasticsearch_os_load5,0.38
2023/4/13 1:39,1681321187,cc-cc408-hya,data-node-20,9.9.2.157,elasticsearch_os_load5,0.41
2023/4/13 1:40,1681321247,cc-cc408-hya,data-node-20,9.9.2.157,elasticsearch_os_load5,0.37
2023/4/13 1:41,1681321307,cc-cc408-hya,data-node-20,9.9.2.157,elasticsearch_os_load5,0.33
2023/4/13 1:42,1681321367,cc-cc408-hya,data-node-20,9.9.2.157,elasticsearch_os_load5,0.41
2023/4/13 1:43,1681321427,cc-cc408-hya,data-node-20,9.9.2.157,elasticsearch_os_load5,0.36
2023/4/13 1:44,1681321487,cc-cc408-hya,data-node-20,9.9.2.157,elasticsearch_os_load5,0.42
2023/4/13 1:45,1681321547,cc-cc408-hya,data-node-20,9.9.2.157,elasticsearch_os_load5,0.53
2023/4/13 1:46,1681321607,cc-cc408-hya,data-node-20,9.9.2.157,elasticsearch_os_load5,0.59
2023/4/13 1:47,1681321667,cc-cc408-hya,data-node-20,9.9.2.157,elasticsearch_os_load5,0.72
2023/4/13 1:48,1681321727,cc-cc408-hya,data-node-20,9.9.2.157,elasticsearch_os_load5,0.74
2023/4/13 1:49,1681321787,cc-cc408-hya,data-node-20,9.9.2.157,elasticsearch_os_load5,0.69
2023/4/13 1:50,1681321847,cc-cc408-hya,data-node-20,9.9.2.157,elasticsearch_os_load5,0.64
2023/4/13 1:51,1681321907,cc-cc408-hya,data-node-20,9.9.2.157,elasticsearch_os_load5,0.68
2023/4/13 1:52,1681321967,cc-cc408-hya,data-node-20,9.9.2.157,elasticsearch_os_load5,0.61
2023/4/13 1:53,1681322027,cc-cc408-hya,data-node-20,9.9.2.157,elasticsearch_os_load5,0.59
2023/4/13 1:54,1681322087,cc-cc408-hya,data-node-20,9.9.2.157,elasticsearch_os_load5,0.53
2023/4/13 1:55,1681322147,cc-cc408-hya,data-node-20,9.9.2.157,elasticsearch_os_load5,1.16
2023/4/13 1:56,1681322207,cc-cc408-hya,data-node-20,9.9.2.157,elasticsearch_os_load5,0.96
2023/4/13 1:57,1681322267,cc-cc408-hya,data-node-20,9.9.2.157,elasticsearch_os_load5,0.88
2023/4/13 1:58,1681322327,cc-cc408-hya,data-node-20,9.9.2.157,elasticsearch_os_load5,0.75
2023/4/13 1:59,1681322387,cc-cc408-hya,data-node-20,9.9.2.157,elasticsearch_os_load5,0.65
2023/4/13 2:00,1681322447,cc-cc408-hya,data-node-20,9.9.2.157,elasticsearch_os_load5,0.58
2023/4/13 2:01,1681322507,cc-cc408-hya,data-node-20,9.9.2.157,elasticsearch_os_load5,0.5
2023/4/13 2:02,1681322567,cc-cc408-hya,data-node-20,9.9.2.157,elasticsearch_os_load5,0.45
2023/4/13 2:03,1681322627,cc-cc408-hya,data-node-20,9.9.2.157,elasticsearch_os_load5,0.4
2023/4/13 2:04,1681322687,cc-cc408-hya,data-node-20,9.9.2.157,elasticsearch_os_load5,0.38
2023/4/13 2:05,1681322747,cc-cc408-hya,data-node-20,9.9.2.157,elasticsearch_os_load5,0.39
2023/4/13 2:06,1681322807,cc-cc408-hya,data-node-20,9.9.2.157,elasticsearch_os_load5,0.49
2023/4/13 2:07,1681322867,cc-cc408-hya,data-node-20,9.9.2.157,elasticsearch_os_load5,0.42
2023/4/13 2:08,1681322927,cc-cc408-hya,data-node-20,9.9.2.157,elasticsearch_os_load5,0.39
2023/4/13 2:09,1681322987,cc-cc408-hya,data-node-20,9.9.2.157,elasticsearch_os_load5,0.33
2023/4/13 2:10,1681323047,cc-cc408-hya,data-node-20,9.9.2.157,elasticsearch_os_load5,0.41
2023/4/13 2:11,1681323107,cc-cc408-hya,data-node-20,9.9.2.157,elasticsearch_os_load5,0.51
2023/4/13 2:12,1681323167,cc-cc408-hya,data-node-20,9.9.2.157,elasticsearch_os_load5,0.66
2023/4/13 2:13,1681323227,cc-cc408-hya,data-node-20,9.9.2.157,elasticsearch_os_load5,0.75
2023/4/13 2:14,1681323287,cc-cc408-hya,data-node-20,9.9.2.157,elasticsearch_os_load5,0.66
2023/4/13 2:15,1681323347,cc-cc408-hya,data-node-20,9.9.2.157,elasticsearch_os_load5,0.63
2023/4/13 2:16,1681323407,cc-cc408-hya,data-node-20,9.9.2.157,elasticsearch_os_load5,0.55
2023/4/13 2:17,1681323467,cc-cc408-hya,data-node-20,9.9.2.157,elasticsearch_os_load5,0.49
2023/4/13 2:18,1681323527,cc-cc408-hya,data-node-20,9.9.2.157,elasticsearch_os_load5,0.42
2023/4/13 2:19,1681323587,cc-cc408-hya,data-node-20,9.9.2.157,elasticsearch_os_load5,0.42
2023/4/13 2:20,1681323647,cc-cc408-hya,data-node-20,9.9.2.157,elasticsearch_os_load5,0.45
2023/4/13 2:21,1681323707,cc-cc408-hya,data-node-20,9.9.2.157,elasticsearch_os_load5,0.43
2023/4/13 2:22,1681323767,cc-cc408-hya,data-node-20,9.9.2.157,elasticsearch_os_load5,0.42
2023/4/13 2:23,1681323827,cc-cc408-hya,data-node-20,9.9.2.157,elasticsearch_os_load5,0.39
2023/4/13 2:24,1681323887,cc-cc408-hya,data-node-20,9.9.2.157,elasticsearch_os_load5,0.41
2023/4/13 2:25,1681323947,cc-cc408-hya,data-node-20,9.9.2.157,elasticsearch_os_load5,0.36
2023/4/13 2:26,1681324007,cc-cc408-hya,data-node-20,9.9.2.157,elasticsearch_os_load5,0.39
2023/4/13 2:27,1681324067,cc-cc408-hya,data-node-20,9.9.2.157,elasticsearch_os_load5,0.51
2023/4/13 2:28,1681324127,cc-cc408-hya,data-node-20,9.9.2.157,elasticsearch_os_load5,0.63
2023/4/13 2:29,1681324187,cc-cc408-hya,data-node-20,9.9.2.157,elasticsearch_os_load5,0.75
2023/4/13 2:30,1681324247,cc-cc408-hya,data-node-20,9.9.2.157,elasticsearch_os_load5,0.76
2023/4/13 2:31,1681324307,cc-cc408-hya,data-node-20,9.9.2.157,elasticsearch_os_load5,0.69
2023/4/13 2:32,1681324367,cc-cc408-hya,data-node-20,9.9.2.157,elasticsearch_os_load5,0.6
2023/4/13 2:33,1681324427,cc-cc408-hya,data-node-20,9.9.2.157,elasticsearch_os_load5,0.58
2023/4/13 2:34,1681324487,cc-cc408-hya,data-node-20,9.9.2.157,elasticsearch_os_load5,0.5
2023/4/13 2:35,1681324547,cc-cc408-hya,data-node-20,9.9.2.157,elasticsearch_os_load5,0.47
2023/4/13 2:36,1681324607,cc-cc408-hya,data-node-20,9.9.2.157,elasticsearch_os_load5,0.49
2023/4/13 2:37,1681324667,cc-cc408-hya,data-node-20,9.9.2.157,elasticsearch_os_load5,0.41
2023/4/13 2:38,1681324727,cc-cc408-hya,data-node-20,9.9.2.157,elasticsearch_os_load5,0.38
2023/4/13 2:39,1681324787,cc-cc408-hya,data-node-20,9.9.2.157,elasticsearch_os_load5,1.26
2023/4/13 2:40,1681324847,cc-cc408-hya,data-node-20,9.9.2.157,elasticsearch_os_load5,1.1
2023/4/13 2:41,1681324907,cc-cc408-hya,data-node-20,9.9.2.157,elasticsearch_os_load5,0.96
2023/4/13 2:42,1681324967,cc-cc408-hya,data-node-20,9.9.2.157,elasticsearch_os_load5,0.83
2023/4/13 2:43,1681325027,cc-cc408-hya,data-node-20,9.9.2.157,elasticsearch_os_load5,0.72
2023/4/13 2:44,1681325087,cc-cc408-hya,data-node-20,9.9.2.157,elasticsearch_os_load5,0.65
2023/4/13 2:45,1681325147,cc-cc408-hya,data-node-20,9.9.2.157,elasticsearch_os_load5,0.53
2023/4/13 2:46,1681325207,cc-cc408-hya,data-node-20,9.9.2.157,elasticsearch_os_load5,0.45
2023/4/13 2:47,1681325267,cc-cc408-hya,data-node-20,9.9.2.157,elasticsearch_os_load5,0.46
2023/4/13 2:48,1681325327,cc-cc408-hya,data-node-20,9.9.2.157,elasticsearch_os_load5,0.48
2023/4/13 2:49,1681325387,cc-cc408-hya,data-node-20,9.9.2.157,elasticsearch_os_load5,0.4
2023/4/13 2:50,1681325447,cc-cc408-hya,data-node-20,9.9.2.157,elasticsearch_os_load5,0.42
2023/4/13 2:51,1681325507,cc-cc408-hya,data-node-20,9.9.2.157,elasticsearch_os_load5,0.39
2023/4/13 2:52,1681325567,cc-cc408-hya,data-node-20,9.9.2.157,elasticsearch_os_load5,0.38
2023/4/13 2:53,1681325627,cc-cc408-hya,data-node-20,9.9.2.157,elasticsearch_os_load5,0.35
2023/4/13 2:54,1681325687,cc-cc408-hya,data-node-20,9.9.2.157,elasticsearch_os_load5,0.55
2023/4/13 2:55,1681325747,cc-cc408-hya,data-node-20,9.9.2.157,elasticsearch_os_load5,0.59
2023/4/13 2:56,1681325807,cc-cc408-hya,data-node-20,9.9.2.157,elasticsearch_os_load5,0.55
2023/4/13 2:57,1681325867,cc-cc408-hya,data-node-20,9.9.2.157,elasticsearch_os_load5,0.55
2023/4/13 2:58,1681325927,cc-cc408-hya,data-node-20,9.9.2.157,elasticsearch_os_load5,0.55
2023/4/13 2:59,1681325987,cc-cc408-hya,data-node-20,9.9.2.157,elasticsearch_os_load5,0.56
2023/4/13 3:00,1681326047,cc-cc408-hya,data-node-20,9.9.2.157,elasticsearch_os_load5,0.49
2023/4/13 3:01,1681326107,cc-cc408-hya,data-node-20,9.9.2.157,elasticsearch_os_load5,0.43
2023/4/13 3:02,1681326167,cc-cc408-hya,data-node-20,9.9.2.157,elasticsearch_os_load5,0.49
2023/4/13 3:03,1681326227,cc-cc408-hya,data-node-20,9.9.2.157,elasticsearch_os_load5,0.44
2023/4/13 3:04,1681326287,cc-cc408-hya,data-node-20,9.9.2.157,elasticsearch_os_load5,0.4
2023/4/13 3:05,1681326347,cc-cc408-hya,data-node-20,9.9.2.157,elasticsearch_os_load5,0.45
2023/4/13 3:06,1681326407,cc-cc408-hya,data-node-20,9.9.2.157,elasticsearch_os_load5,0.46
2023/4/13 3:07,1681326467,cc-cc408-hya,data-node-20,9.9.2.157,elasticsearch_os_load5,0.39
2023/4/13 3:08,1681326527,cc-cc408-hya,data-node-20,9.9.2.157,elasticsearch_os_load5,0.56
2023/4/13 3:09,1681326587,cc-cc408-hya,data-node-20,9.9.2.157,elasticsearch_os_load5,0.63
2023/4/13 3:10,1681326647,cc-cc408-hya,data-node-20,9.9.2.157,elasticsearch_os_load5,0.71
2023/4/13 3:11,1681326707,cc-cc408-hya,data-node-20,9.9.2.157,elasticsearch_os_load5,0.78
2023/4/13 3:12,1681326767,cc-cc408-hya,data-node-20,9.9.2.157,elasticsearch_os_load5,0.75
2023/4/13 3:13,1681326827,cc-cc408-hya,data-node-20,9.9.2.157,elasticsearch_os_load5,0.69
2023/4/13 3:14,1681326887,cc-cc408-hya,data-node-20,9.9.2.157,elasticsearch_os_load5,0.67
2023/4/13 3:15,1681326947,cc-cc408-hya,data-node-20,9.9.2.157,elasticsearch_os_load5,0.64
2023/4/13 3:16,1681327007,cc-cc408-hya,data-node-20,9.9.2.157,elasticsearch_os_load5,0.57
2023/4/13 3:17,1681327067,cc-cc408-hya,data-node-20,9.9.2.157,elasticsearch_os_load5,0.49
2023/4/13 3:18,1681327127,cc-cc408-hya,data-node-20,9.9.2.157,elasticsearch_os_load5,0.45
2023/4/13 3:19,1681327187,cc-cc408-hya,data-node-20,9.9.2.157,elasticsearch_os_load5,0.38
2023/4/13 3:20,1681327247,cc-cc408-hya,data-node-20,9.9.2.157,elasticsearch_os_load5,0.34
2023/4/13 3:21,1681327307,cc-cc408-hya,data-node-20,9.9.2.157,elasticsearch_os_load5,0.32
2023/4/13 3:22,1681327367,cc-cc408-hya,data-node-20,9.9.2.157,elasticsearch_os_load5,0.32
2023/4/13 3:23,1681327427,cc-cc408-hya,data-node-20,9.9.2.157,elasticsearch_os_load5,0.26
2023/4/13 3:24,1681327487,cc-cc408-hya,data-node-20,9.9.2.157,elasticsearch_os_load5,0.21
2023/4/13 3:25,1681327547,cc-cc408-hya,data-node-20,9.9.2.157,elasticsearch_os_load5,0.18
2023/4/13 3:26,1681327607,cc-cc408-hya,data-node-20,9.9.2.157,elasticsearch_os_load5,0.22
2023/4/13 3:27,1681327667,cc-cc408-hya,data-node-20,9.9.2.157,elasticsearch_os_load5,0.21
2023/4/13 3:28,1681327727,cc-cc408-hya,data-node-20,9.9.2.157,elasticsearch_os_load5,0.22
2023/4/13 3:29,1681327787,cc-cc408-hya,data-node-20,9.9.2.157,elasticsearch_os_load5,0.22
2023/4/13 3:30,1681327847,cc-cc408-hya,data-node-20,9.9.2.157,elasticsearch_os_load5,0.23
2023/4/13 3:31,1681327907,cc-cc408-hya,data-node-20,9.9.2.157,elasticsearch_os_load5,0.24
2023/4/13 3:32,1681327967,cc-cc408-hya,data-node-20,9.9.2.157,elasticsearch_os_load5,0.24
2023/4/13 3:33,1681328027,cc-cc408-hya,data-node-20,9.9.2.157,elasticsearch_os_load5,0.24
2023/4/13 3:34,1681328087,cc-cc408-hya,data-node-20,9.9.2.157,elasticsearch_os_load5,0.29
2023/4/13 3:35,1681328147,cc-cc408-hya,data-node-20,9.9.2.157,elasticsearch_os_load5,0.39
2023/4/13 3:36,1681328207,cc-cc408-hya,data-node-20,9.9.2.157,elasticsearch_os_load5,0.46
2023/4/13 3:37,1681328267,cc-cc408-hya,data-node-20,9.9.2.157,elasticsearch_os_load5,0.59
2023/4/13 3:38,1681328327,cc-cc408-hya,data-node-20,9.9.2.157,elasticsearch_os_load5,0.64
2023/4/13 3:39,1681328387,cc-cc408-hya,data-node-20,9.9.2.157,elasticsearch_os_load5,0.61
2023/4/13 3:40,1681328447,cc-cc408-hya,data-node-20,9.9.2.157,elasticsearch_os_load5,0.53
2023/4/13 3:41,1681328507,cc-cc408-hya,data-node-20,9.9.2.157,elasticsearch_os_load5,0.43
2023/4/13 3:42,1681328567,cc-cc408-hya,data-node-20,9.9.2.157,elasticsearch_os_load5,0.38
2023/4/13 3:43,1681328627,cc-cc408-hya,data-node-20,9.9.2.157,elasticsearch_os_load5,0.35
2023/4/13 3:44,1681328687,cc-cc408-hya,data-node-20,9.9.2.157,elasticsearch_os_load5,0.34
2023/4/13 3:45,1681328747,cc-cc408-hya,data-node-20,9.9.2.157,elasticsearch_os_load5,0.35
2023/4/13 3:46,1681328807,cc-cc408-hya,data-node-20,9.9.2.157,elasticsearch_os_load5,0.32
2023/4/13 3:47,1681328867,cc-cc408-hya,data-node-20,9.9.2.157,elasticsearch_os_load5,0.32
2023/4/13 3:48,1681328927,cc-cc408-hya,data-node-20,9.9.2.157,elasticsearch_os_load5,0.36
2023/4/13 3:49,1681328987,cc-cc408-hya,data-node-20,9.9.2.157,elasticsearch_os_load5,0.35
2023/4/13 3:50,1681329047,cc-cc408-hya,data-node-20,9.9.2.157,elasticsearch_os_load5,0.5
2023/4/13 3:51,1681329107,cc-cc408-hya,data-node-20,9.9.2.157,elasticsearch_os_load5,0.64
2023/4/13 3:52,1681329167,cc-cc408-hya,data-node-20,9.9.2.157,elasticsearch_os_load5,0.74
2023/4/13 3:53,1681329227,cc-cc408-hya,data-node-20,9.9.2.157,elasticsearch_os_load5,0.84
2023/4/13 3:54,1681329287,cc-cc408-hya,data-node-20,9.9.2.157,elasticsearch_os_load5,0.87
2023/4/13 3:55,1681329347,cc-cc408-hya,data-node-20,9.9.2.157,elasticsearch_os_load5,0.82
2023/4/13 3:56,1681329407,cc-cc408-hya,data-node-20,9.9.2.157,elasticsearch_os_load5,0.74
2023/4/13 3:57,1681329467,cc-cc408-hya,data-node-20,9.9.2.157,elasticsearch_os_load5,0.73
2023/4/13 3:58,1681329527,cc-cc408-hya,data-node-20,9.9.2.157,elasticsearch_os_load5,0.61
2023/4/13 3:59,1681329587,cc-cc408-hya,data-node-20,9.9.2.157,elasticsearch_os_load5,0.58
2023/4/13 4:00,1681329647,cc-cc408-hya,data-node-20,9.9.2.157,elasticsearch_os_load5,0.55
2023/4/13 4:01,1681329707,cc-cc408-hya,data-node-20,9.9.2.157,elasticsearch_os_load5,0.45
2023/4/13 4:02,1681329767,cc-cc408-hya,data-node-20,9.9.2.157,elasticsearch_os_load5,0.41
2023/4/13 4:03,1681329827,cc-cc408-hya,data-node-20,9.9.2.157,elasticsearch_os_load5,0.39
2023/4/13 4:04,1681329887,cc-cc408-hya,data-node-20,9.9.2.157,elasticsearch_os_load5,0.4
2023/4/13 4:05,1681329947,cc-cc408-hya,data-node-20,9.9.2.157,elasticsearch_os_load5,0.37
2023/4/13 4:06,1681330007,cc-cc408-hya,data-node-20,9.9.2.157,elasticsearch_os_load5,0.35
2023/4/13 4:07,1681330067,cc-cc408-hya,data-node-20,9.9.2.157,elasticsearch_os_load5,0.33
2023/4/13 4:08,1681330127,cc-cc408-hya,data-node-20,9.9.2.157,elasticsearch_os_load5,0.28
2023/4/13 4:09,1681330187,cc-cc408-hya,data-node-20,9.9.2.157,elasticsearch_os_load5,0.3
2023/4/13 4:10,1681330247,cc-cc408-hya,data-node-20,9.9.2.157,elasticsearch_os_load5,0.29
2023/4/13 4:11,1681330307,cc-cc408-hya,data-node-20,9.9.2.157,elasticsearch_os_load5,0.34
2023/4/13 4:12,1681330367,cc-cc408-hya,data-node-20,9.9.2.157,elasticsearch_os_load5,0.52
2023/4/13 4:13,1681330427,cc-cc408-hya,data-node-20,9.9.2.157,elasticsearch_os_load5,0.54
2023/4/13 4:14,1681330487,cc-cc408-hya,data-node-20,9.9.2.157,elasticsearch_os_load5,0.56
2023/4/13 4:15,1681330547,cc-cc408-hya,data-node-20,9.9.2.157,elasticsearch_os_load5,0.57
2023/4/13 4:16,1681330607,cc-cc408-hya,data-node-20,9.9.2.157,elasticsearch_os_load5,0.6
2023/4/13 4:17,1681330667,cc-cc408-hya,data-node-20,9.9.2.157,elasticsearch_os_load5,0.55
2023/4/13 4:18,1681330727,cc-cc408-hya,data-node-20,9.9.2.157,elasticsearch_os_load5,0.59
2023/4/13 4:19,1681330787,cc-cc408-hya,data-node-20,9.9.2.157,elasticsearch_os_load5,0.79
2023/4/13 4:20,1681330847,cc-cc408-hya,data-node-20,9.9.2.157,elasticsearch_os_load5,0.95
2023/4/13 4:21,1681330907,cc-cc408-hya,data-node-20,9.9.2.157,elasticsearch_os_load5,0.93
2023/4/13 4:22,1681330967,cc-cc408-hya,data-node-20,9.9.2.157,elasticsearch_os_load5,0.76
2023/4/13 4:23,1681331027,cc-cc408-hya,data-node-20,9.9.2.157,elasticsearch_os_load5,0.73
2023/4/13 4:24,1681331087,cc-cc408-hya,data-node-20,9.9.2.157,elasticsearch_os_load5,0.62
2023/4/13 4:25,1681331147,cc-cc408-hya,data-node-20,9.9.2.157,elasticsearch_os_load5,0.63
2023/4/13 4:26,1681331207,cc-cc408-hya,data-node-20,9.9.2.157,elasticsearch_os_load5,0.55
2023/4/13 4:27,1681331267,cc-cc408-hya,data-node-20,9.9.2.157,elasticsearch_os_load5,0.52
2023/4/13 4:28,1681331327,cc-cc408-hya,data-node-20,9.9.2.157,elasticsearch_os_load5,0.52
2023/4/13 4:29,1681331387,cc-cc408-hya,data-node-20,9.9.2.157,elasticsearch_os_load5,0.5
2023/4/13 4:30,1681331447,cc-cc408-hya,data-node-20,9.9.2.157,elasticsearch_os_load5,0.47
2023/4/13 4:31,1681331507,cc-cc408-hya,data-node-20,9.9.2.157,elasticsearch_os_load5,0.7
2023/4/13 4:32,1681331567,cc-cc408-hya,data-node-20,9.9.2.157,elasticsearch_os_load5,0.76
2023/4/13 4:33,1681331627,cc-cc408-hya,data-node-20,9.9.2.157,elasticsearch_os_load5,0.84
2023/4/13 4:34,1681331687,cc-cc408-hya,data-node-20,9.9.2.157,elasticsearch_os_load5,0.9
2023/4/13 4:35,1681331747,cc-cc408-hya,data-node-20,9.9.2.157,elasticsearch_os_load5,0.93
2023/4/13 4:36,1681331807,cc-cc408-hya,data-node-20,9.9.2.157,elasticsearch_os_load5,0.86
2023/4/13 4:37,1681331867,cc-cc408-hya,data-node-20,9.9.2.157,elasticsearch_os_load5,0.79
2023/4/13 4:38,1681331927,cc-cc408-hya,data-node-20,9.9.2.157,elasticsearch_os_load5,0.77
2023/4/13 4:39,1681331987,cc-cc408-hya,data-node-20,9.9.2.157,elasticsearch_os_load5,0.72
2023/4/13 4:40,1681332047,cc-cc408-hya,data-node-20,9.9.2.157,elasticsearch_os_load5,0.6
2023/4/13 4:41,1681332107,cc-cc408-hya,data-node-20,9.9.2.157,elasticsearch_os_load5,0.6
2023/4/13 4:42,1681332167,cc-cc408-hya,data-node-20,9.9.2.157,elasticsearch_os_load5,0.56
2023/4/13 4:43,1681332227,cc-cc408-hya,data-node-20,9.9.2.157,elasticsearch_os_load5,0.49
2023/4/13 4:44,1681332287,cc-cc408-hya,data-node-20,9.9.2.157,elasticsearch_os_load5,0.4
2023/4/13 4:45,1681332347,cc-cc408-hya,data-node-20,9.9.2.157,elasticsearch_os_load5,0.34
2023/4/13 4:46,1681332407,cc-cc408-hya,data-node-20,9.9.2.157,elasticsearch_os_load5,0.3
2023/4/13 4:47,1681332467,cc-cc408-hya,data-node-20,9.9.2.157,elasticsearch_os_load5,0.26
2023/4/13 4:48,1681332527,cc-cc408-hya,data-node-20,9.9.2.157,elasticsearch_os_load5,0.32
2023/4/13 4:49,1681332587,cc-cc408-hya,data-node-20,9.9.2.157,elasticsearch_os_load5,0.31
2023/4/13 4:50,1681332647,cc-cc408-hya,data-node-20,9.9.2.157,elasticsearch_os_load5,0.28
2023/4/13 4:51,1681332707,cc-cc408-hya,data-node-20,9.9.2.157,elasticsearch_os_load5,0.29
2023/4/13 4:52,1681332767,cc-cc408-hya,data-node-20,9.9.2.157,elasticsearch_os_load5,0.25
2023/4/13 4:53,1681332827,cc-cc408-hya,data-node-20,9.9.2.157,elasticsearch_os_load5,0.25
2023/4/13 4:54,1681332887,cc-cc408-hya,data-node-20,9.9.2.157,elasticsearch_os_load5,0.26
2023/4/13 4:55,1681332947,cc-cc408-hya,data-node-20,9.9.2.157,elasticsearch_os_load5,0.29
2023/4/13 4:56,1681333007,cc-cc408-hya,data-node-20,9.9.2.157,elasticsearch_os_load5,0.31
2023/4/13 4:57,1681333067,cc-cc408-hya,data-node-20,9.9.2.157,elasticsearch_os_load5,0.3
2023/4/13 4:58,1681333127,cc-cc408-hya,data-node-20,9.9.2.157,elasticsearch_os_load5,0.27
2023/4/13 4:59,1681333187,cc-cc408-hya,data-node-20,9.9.2.157,elasticsearch_os_load5,0.25
2023/4/13 5:00,1681333247,cc-cc408-hya,data-node-20,9.9.2.157,elasticsearch_os_load5,0.6
2023/4/13 5:01,1681333307,cc-cc408-hya,data-node-20,9.9.2.157,elasticsearch_os_load5,0.84
2023/4/13 5:02,1681333367,cc-cc408-hya,data-node-20,9.9.2.157,elasticsearch_os_load5,0.83
2023/4/13 5:03,1681333427,cc-cc408-hya,data-node-20,9.9.2.157,elasticsearch_os_load5,0.77
2023/4/13 5:04,1681333487,cc-cc408-hya,data-node-20,9.9.2.157,elasticsearch_os_load5,0.69
2023/4/13 5:05,1681333547,cc-cc408-hya,data-node-20,9.9.2.157,elasticsearch_os_load5,0.59
2023/4/13 5:06,1681333607,cc-cc408-hya,data-node-20,9.9.2.157,elasticsearch_os_load5,0.53
2023/4/13 5:07,1681333667,cc-cc408-hya,data-node-20,9.9.2.157,elasticsearch_os_load5,0.53
2023/4/13 5:08,1681333727,cc-cc408-hya,data-node-20,9.9.2.157,elasticsearch_os_load5,0.51
2023/4/13 5:09,1681333787,cc-cc408-hya,data-node-20,9.9.2.157,elasticsearch_os_load5,0.5
2023/4/13 5:10,1681333847,cc-cc408-hya,data-node-20,9.9.2.157,elasticsearch_os_load5,0.46
2023/4/13 5:11,1681333907,cc-cc408-hya,data-node-20,9.9.2.157,elasticsearch_os_load5,0.46
2023/4/13 5:12,1681333967,cc-cc408-hya,data-node-20,9.9.2.157,elasticsearch_os_load5,0.44
2023/4/13 5:13,1681334027,cc-cc408-hya,data-node-20,9.9.2.157,elasticsearch_os_load5,0.37
2023/4/13 5:14,1681334087,cc-cc408-hya,data-node-20,9.9.2.157,elasticsearch_os_load5,0.4
2023/4/13 5:15,1681334147,cc-cc408-hya,data-node-20,9.9.2.157,elasticsearch_os_load5,0.5
2023/4/13 5:16,1681334207,cc-cc408-hya,data-node-20,9.9.2.157,elasticsearch_os_load5,0.58
2023/4/13 5:17,1681334267,cc-cc408-hya,data-node-20,9.9.2.157,elasticsearch_os_load5,0.66
2023/4/13 5:18,1681334327,cc-cc408-hya,data-node-20,9.9.2.157,elasticsearch_os_load5,0.7
2023/4/13 5:19,1681334387,cc-cc408-hya,data-node-20,9.9.2.157,elasticsearch_os_load5,0.71
2023/4/13 5:20,1681334447,cc-cc408-hya,data-node-20,9.9.2.157,elasticsearch_os_load5,0.65
2023/4/13 5:21,1681334507,cc-cc408-hya,data-node-20,9.9.2.157,elasticsearch_os_load5,0.61
2023/4/13 5:22,1681334567,cc-cc408-hya,data-node-20,9.9.2.157,elasticsearch_os_load5,0.51
2023/4/13 5:23,1681334627,cc-cc408-hya,data-node-20,9.9.2.157,elasticsearch_os_load5,0.52
2023/4/13 5:24,1681334687,cc-cc408-hya,data-node-20,9.9.2.157,elasticsearch_os_load5,0.43
2023/4/13 5:25,1681334747,cc-cc408-hya,data-node-20,9.9.2.157,elasticsearch_os_load5,0.41
2023/4/13 5:26,1681334807,cc-cc408-hya,data-node-20,9.9.2.157,elasticsearch_os_load5,0.41
2023/4/13 5:27,1681334867,cc-cc408-hya,data-node-20,9.9.2.157,elasticsearch_os_load5,0.35
2023/4/13 5:28,1681334927,cc-cc408-hya,data-node-20,9.9.2.157,elasticsearch_os_load5,0.36
2023/4/13 5:29,1681334987,cc-cc408-hya,data-node-20,9.9.2.157,elasticsearch_os_load5,0.36
2023/4/13 5:30,1681335047,cc-cc408-hya,data-node-20,9.9.2.157,elasticsearch_os_load5,0.3
2023/4/13 5:31,1681335107,cc-cc408-hya,data-node-20,9.9.2.157,elasticsearch_os_load5,0.39
2023/4/13 5:32,1681335167,cc-cc408-hya,data-node-20,9.9.2.157,elasticsearch_os_load5,0.36
2023/4/13 5:33,1681335227,cc-cc408-hya,data-node-20,9.9.2.157,elasticsearch_os_load5,0.38
2023/4/13 5:34,1681335287,cc-cc408-hya,data-node-20,9.9.2.157,elasticsearch_os_load5,0.32
2023/4/13 5:35,1681335347,cc-cc408-hya,data-node-20,9.9.2.157,elasticsearch_os_load5,0.31
2023/4/13 5:36,1681335407,cc-cc408-hya,data-node-20,9.9.2.157,elasticsearch_os_load5,0.3
2023/4/13 5:37,1681335467,cc-cc408-hya,data-node-20,9.9.2.157,elasticsearch_os_load5,0.3
2023/4/13 5:38,1681335527,cc-cc408-hya,data-node-20,9.9.2.157,elasticsearch_os_load5,0.33
2023/4/13 5:39,1681335587,cc-cc408-hya,data-node-20,9.9.2.157,elasticsearch_os_load5,0.31
2023/4/13 5:40,1681335647,cc-cc408-hya,data-node-20,9.9.2.157,elasticsearch_os_load5,0.25
2023/4/13 5:41,1681335707,cc-cc408-hya,data-node-20,9.9.2.157,elasticsearch_os_load5,0.29
2023/4/13 5:42,1681335767,cc-cc408-hya,data-node-20,9.9.2.157,elasticsearch_os_load5,0.3
2023/4/13 5:43,1681335827,cc-cc408-hya,data-node-20,9.9.2.157,elasticsearch_os_load5,0.55
2023/4/13 5:44,1681335887,cc-cc408-hya,data-node-20,9.9.2.157,elasticsearch_os_load5,0.66
2023/4/13 5:45,1681335947,cc-cc408-hya,data-node-20,9.9.2.157,elasticsearch_os_load5,0.62
2023/4/13 5:46,1681336007,cc-cc408-hya,data-node-20,9.9.2.157,elasticsearch_os_load5,0.55
2023/4/13 5:47,1681336067,cc-cc408-hya,data-node-20,9.9.2.157,elasticsearch_os_load5,0.5
2023/4/13 5:48,1681336127,cc-cc408-hya,data-node-20,9.9.2.157,elasticsearch_os_load5,0.43
2023/4/13 5:49,1681336187,cc-cc408-hya,data-node-20,9.9.2.157,elasticsearch_os_load5,0.44
2023/4/13 5:50,1681336247,cc-cc408-hya,data-node-20,9.9.2.157,elasticsearch_os_load5,0.44
2023/4/13 5:51,1681336307,cc-cc408-hya,data-node-20,9.9.2.157,elasticsearch_os_load5,1.18
2023/4/13 5:52,1681336367,cc-cc408-hya,data-node-20,9.9.2.157,elasticsearch_os_load5,0.99
2023/4/13 5:53,1681336427,cc-cc408-hya,data-node-20,9.9.2.157,elasticsearch_os_load5,1.55
2023/4/13 5:54,1681336487,cc-cc408-hya,data-node-20,9.9.2.157,elasticsearch_os_load5,1.33
2023/4/13 5:55,1681336547,cc-cc408-hya,data-node-20,9.9.2.157,elasticsearch_os_load5,1.32
2023/4/13 5:56,1681336607,cc-cc408-hya,data-node-20,9.9.2.157,elasticsearch_os_load5,1.28
2023/4/13 5:57,1681336667,cc-cc408-hya,data-node-20,9.9.2.157,elasticsearch_os_load5,1.17
2023/4/13 5:58,1681336727,cc-cc408-hya,data-node-20,9.9.2.157,elasticsearch_os_load5,1.12
2023/4/13 5:59,1681336787,cc-cc408-hya,data-node-20,9.9.2.157,elasticsearch_os_load5,1.2
2023/4/13 6:00,1681336847,cc-cc408-hya,data-node-20,9.9.2.157,elasticsearch_os_load5,1.12
2023/4/13 6:01,1681336907,cc-cc408-hya,data-node-20,9.9.2.157,elasticsearch_os_load5,1.09
2023/4/13 6:02,1681336967,cc-cc408-hya,data-node-20,9.9.2.157,elasticsearch_os_load5,1.12
2023/4/13 6:03,1681337027,cc-cc408-hya,data-node-20,9.9.2.157,elasticsearch_os_load5,1.04
2023/4/13 6:04,1681337087,cc-cc408-hya,data-node-20,9.9.2.157,elasticsearch_os_load5,0.91
2023/4/13 6:05,1681337147,cc-cc408-hya,data-node-20,9.9.2.157,elasticsearch_os_load5,0.84
2023/4/13 6:06,1681337207,cc-cc408-hya,data-node-20,9.9.2.157,elasticsearch_os_load5,0.7
2023/4/13 6:07,1681337267,cc-cc408-hya,data-node-20,9.9.2.157,elasticsearch_os_load5,0.6
2023/4/13 6:08,1681337327,cc-cc408-hya,data-node-20,9.9.2.157,elasticsearch_os_load5,0.6
2023/4/13 6:09,1681337387,cc-cc408-hya,data-node-20,9.9.2.157,elasticsearch_os_load5,0.52
2023/4/13 6:10,1681337447,cc-cc408-hya,data-node-20,9.9.2.157,elasticsearch_os_load5,0.47
2023/4/13 6:11,1681337507,cc-cc408-hya,data-node-20,9.9.2.157,elasticsearch_os_load5,0.45
2023/4/13 6:12,1681337567,cc-cc408-hya,data-node-20,9.9.2.157,elasticsearch_os_load5,0.38
2023/4/13 6:13,1681337627,cc-cc408-hya,data-node-20,9.9.2.157,elasticsearch_os_load5,0.4
2023/4/13 6:14,1681337687,cc-cc408-hya,data-node-20,9.9.2.157,elasticsearch_os_load5,0.42
2023/4/13 6:15,1681337747,cc-cc408-hya,data-node-20,9.9.2.157,elasticsearch_os_load5,0.37
2023/4/13 6:16,1681337807,cc-cc408-hya,data-node-20,9.9.2.157,elasticsearch_os_load5,0.33
2023/4/13 6:17,1681337867,cc-cc408-hya,data-node-20,9.9.2.157,elasticsearch_os_load5,0.41
2023/4/13 6:18,1681337927,cc-cc408-hya,data-node-20,9.9.2.157,elasticsearch_os_load5,0.38
2023/4/13 6:19,1681337987,cc-cc408-hya,data-node-20,9.9.2.157,elasticsearch_os_load5,0.34
2023/4/13 6:20,1681338047,cc-cc408-hya,data-node-20,9.9.2.157,elasticsearch_os_load5,0.35
2023/4/13 6:21,1681338107,cc-cc408-hya,data-node-20,9.9.2.157,elasticsearch_os_load5,0.33
2023/4/13 6:22,1681338167,cc-cc408-hya,data-node-20,9.9.2.157,elasticsearch_os_load5,0.27
2023/4/13 6:23,1681338227,cc-cc408-hya,data-node-20,9.9.2.157,elasticsearch_os_load5,0.26
2023/4/13 6:24,1681338287,cc-cc408-hya,data-node-20,9.9.2.157,elasticsearch_os_load5,0.26
2023/4/13 6:25,1681338347,cc-cc408-hya,data-node-20,9.9.2.157,elasticsearch_os_load5,0.4
2023/4/13 6:26,1681338407,cc-cc408-hya,data-node-20,9.9.2.157,elasticsearch_os_load5,0.52
2023/4/13 6:27,1681338467,cc-cc408-hya,data-node-20,9.9.2.157,elasticsearch_os_load5,0.57
2023/4/13 6:28,1681338527,cc-cc408-hya,data-node-20,9.9.2.157,elasticsearch_os_load5,0.54
2023/4/13 6:29,1681338587,cc-cc408-hya,data-node-20,9.9.2.157,elasticsearch_os_load5,0.56
2023/4/13 6:30,1681338647,cc-cc408-hya,data-node-20,9.9.2.157,elasticsearch_os_load5,0.47
2023/4/13 6:31,1681338707,cc-cc408-hya,data-node-20,9.9.2.157,elasticsearch_os_load5,0.48
2023/4/13 6:32,1681338767,cc-cc408-hya,data-node-20,9.9.2.157,elasticsearch_os_load5,0.47
2023/4/13 6:33,1681338827,cc-cc408-hya,data-node-20,9.9.2.157,elasticsearch_os_load5,0.43
2023/4/13 6:34,1681338887,cc-cc408-hya,data-node-20,9.9.2.157,elasticsearch_os_load5,0.35
2023/4/13 6:35,1681338947,cc-cc408-hya,data-node-20,9.9.2.157,elasticsearch_os_load5,0.42
2023/4/13 6:36,1681339007,cc-cc408-hya,data-node-20,9.9.2.157,elasticsearch_os_load5,0.45
2023/4/13 6:37,1681339067,cc-cc408-hya,data-node-20,9.9.2.157,elasticsearch_os_load5,0.59
2023/4/13 6:38,1681339127,cc-cc408-hya,data-node-20,9.9.2.157,elasticsearch_os_load5,0.71
2023/4/13 6:39,1681339187,cc-cc408-hya,data-node-20,9.9.2.157,elasticsearch_os_load5,0.71
2023/4/13 6:40,1681339247,cc-cc408-hya,data-node-20,9.9.2.157,elasticsearch_os_load5,0.75
2023/4/13 6:41,1681339307,cc-cc408-hya,data-node-20,9.9.2.157,elasticsearch_os_load5,0.75
2023/4/13 6:42,1681339367,cc-cc408-hya,data-node-20,9.9.2.157,elasticsearch_os_load5,0.79
2023/4/13 6:43,1681339427,cc-cc408-hya,data-node-20,9.9.2.157,elasticsearch_os_load5,0.83
2023/4/13 6:44,1681339487,cc-cc408-hya,data-node-20,9.9.2.157,elasticsearch_os_load5,0.87
2023/4/13 6:45,1681339547,cc-cc408-hya,data-node-20,9.9.2.157,elasticsearch_os_load5,0.88
2023/4/13 6:46,1681339607,cc-cc408-hya,data-node-20,9.9.2.157,elasticsearch_os_load5,0.77
2023/4/13 6:47,1681339667,cc-cc408-hya,data-node-20,9.9.2.157,elasticsearch_os_load5,0.73
2023/4/13 6:48,1681339727,cc-cc408-hya,data-node-20,9.9.2.157,elasticsearch_os_load5,0.65
2023/4/13 6:49,1681339787,cc-cc408-hya,data-node-20,9.9.2.157,elasticsearch_os_load5,0.58
2023/4/13 6:50,1681339847,cc-cc408-hya,data-node-20,9.9.2.157,elasticsearch_os_load5,0.63
2023/4/13 6:51,1681339907,cc-cc408-hya,data-node-20,9.9.2.157,elasticsearch_os_load5,0.81
2023/4/13 6:52,1681339967,cc-cc408-hya,data-node-20,9.9.2.157,elasticsearch_os_load5,0.79
2023/4/13 6:53,1681340027,cc-cc408-hya,data-node-20,9.9.2.157,elasticsearch_os_load5,0.7
2023/4/13 6:54,1681340087,cc-cc408-hya,data-node-20,9.9.2.157,elasticsearch_os_load5,0.66
2023/4/13 6:55,1681340147,cc-cc408-hya,data-node-20,9.9.2.157,elasticsearch_os_load5,0.71
2023/4/13 6:56,1681340207,cc-cc408-hya,data-node-20,9.9.2.157,elasticsearch_os_load5,0.61
2023/4/13 6:57,1681340267,cc-cc408-hya,data-node-20,9.9.2.157,elasticsearch_os_load5,0.54
2023/4/13 6:58,1681340327,cc-cc408-hya,data-node-20,9.9.2.157,elasticsearch_os_load5,0.49
2023/4/13 6:59,1681340387,cc-cc408-hya,data-node-20,9.9.2.157,elasticsearch_os_load5,0.48
2023/4/13 7:00,1681340447,cc-cc408-hya,data-node-20,9.9.2.157,elasticsearch_os_load5,0.47
2023/4/13 7:01,1681340507,cc-cc408-hya,data-node-20,9.9.2.157,elasticsearch_os_load5,0.49
2023/4/13 7:02,1681340567,cc-cc408-hya,data-node-20,9.9.2.157,elasticsearch_os_load5,0.4
2023/4/13 7:03,1681340627,cc-cc408-hya,data-node-20,9.9.2.157,elasticsearch_os_load5,0.49
2023/4/13 7:04,1681340687,cc-cc408-hya,data-node-20,9.9.2.157,elasticsearch_os_load5,0.46
2023/4/13 7:05,1681340747,cc-cc408-hya,data-node-20,9.9.2.157,elasticsearch_os_load5,0.46
2023/4/13 7:06,1681340807,cc-cc408-hya,data-node-20,9.9.2.157,elasticsearch_os_load5,0.42
2023/4/13 7:07,1681340867,cc-cc408-hya,data-node-20,9.9.2.157,elasticsearch_os_load5,0.58
2023/4/13 7:08,1681340927,cc-cc408-hya,data-node-20,9.9.2.157,elasticsearch_os_load5,0.75
2023/4/13 7:09,1681340987,cc-cc408-hya,data-node-20,9.9.2.157,elasticsearch_os_load5,0.84
2023/4/13 7:10,1681341047,cc-cc408-hya,data-node-20,9.9.2.157,elasticsearch_os_load5,0.78
2023/4/13 7:11,1681341107,cc-cc408-hya,data-node-20,9.9.2.157,elasticsearch_os_load5,0.77
2023/4/13 7:12,1681341167,cc-cc408-hya,data-node-20,9.9.2.157,elasticsearch_os_load5,0.73
2023/4/13 7:13,1681341227,cc-cc408-hya,data-node-20,9.9.2.157,elasticsearch_os_load5,0.67
2023/4/13 7:14,1681341287,cc-cc408-hya,data-node-20,9.9.2.157,elasticsearch_os_load5,0.61
2023/4/13 7:15,1681341347,cc-cc408-hya,data-node-20,9.9.2.157,elasticsearch_os_load5,0.61
2023/4/13 7:16,1681341407,cc-cc408-hya,data-node-20,9.9.2.157,elasticsearch_os_load5,0.64
2023/4/13 7:17,1681341467,cc-cc408-hya,data-node-20,9.9.2.157,elasticsearch_os_load5,0.63
2023/4/13 7:18,1681341527,cc-cc408-hya,data-node-20,9.9.2.157,elasticsearch_os_load5,0.7
2023/4/13 7:19,1681341587,cc-cc408-hya,data-node-20,9.9.2.157,elasticsearch_os_load5,0.78
2023/4/13 7:20,1681341647,cc-cc408-hya,data-node-20,9.9.2.157,elasticsearch_os_load5,0.75
2023/4/13 7:21,1681341707,cc-cc408-hya,data-node-20,9.9.2.157,elasticsearch_os_load5,0.72
2023/4/13 7:22,1681341767,cc-cc408-hya,data-node-20,9.9.2.157,elasticsearch_os_load5,0.79
2023/4/13 7:23,1681341827,cc-cc408-hya,data-node-20,9.9.2.157,elasticsearch_os_load5,0.83
2023/4/13 7:24,1681341887,cc-cc408-hya,data-node-20,9.9.2.157,elasticsearch_os_load5,0.99
2023/4/13 7:25,1681341947,cc-cc408-hya,data-node-20,9.9.2.157,elasticsearch_os_load5,0.99
2023/4/13 7:26,1681342007,cc-cc408-hya,data-node-20,9.9.2.157,elasticsearch_os_load5,1.13
2023/4/13 7:27,1681342067,cc-cc408-hya,data-node-20,9.9.2.157,elasticsearch_os_load5,1.13
2023/4/13 7:28,1681342127,cc-cc408-hya,data-node-20,9.9.2.157,elasticsearch_os_load5,1.04
2023/4/13 7:29,1681342187,cc-cc408-hya,data-node-20,9.9.2.157,elasticsearch_os_load5,0.94
2023/4/13 7:30,1681342247,cc-cc408-hya,data-node-20,9.9.2.157,elasticsearch_os_load5,0.91
2023/4/13 7:31,1681342307,cc-cc408-hya,data-node-20,9.9.2.157,elasticsearch_os_load5,0.85
2023/4/13 7:32,1681342367,cc-cc408-hya,data-node-20,9.9.2.157,elasticsearch_os_load5,0.74
2023/4/13 7:33,1681342427,cc-cc408-hya,data-node-20,9.9.2.157,elasticsearch_os_load5,0.63
2023/4/13 7:34,1681342487,cc-cc408-hya,data-node-20,9.9.2.157,elasticsearch_os_load5,0.58
2023/4/13 7:35,1681342547,cc-cc408-hya,data-node-20,9.9.2.157,elasticsearch_os_load5,0.52
2023/4/13 7:36,1681342607,cc-cc408-hya,data-node-20,9.9.2.157,elasticsearch_os_load5,0.61
2023/4/13 7:37,1681342667,cc-cc408-hya,data-node-20,9.9.2.157,elasticsearch_os_load5,0.66
2023/4/13 7:38,1681342727,cc-cc408-hya,data-node-20,9.9.2.157,elasticsearch_os_load5,0.66
2023/4/13 7:39,1681342787,cc-cc408-hya,data-node-20,9.9.2.157,elasticsearch_os_load5,0.62
2023/4/13 7:40,1681342847,cc-cc408-hya,data-node-20,9.9.2.157,elasticsearch_os_load5,0.58
2023/4/13 7:41,1681342907,cc-cc408-hya,data-node-20,9.9.2.157,elasticsearch_os_load5,0.62
2023/4/13 7:42,1681342967,cc-cc408-hya,data-node-20,9.9.2.157,elasticsearch_os_load5,0.56
2023/4/13 7:43,1681343027,cc-cc408-hya,data-node-20,9.9.2.157,elasticsearch_os_load5,0.54
2023/4/13 7:44,1681343087,cc-cc408-hya,data-node-20,9.9.2.157,elasticsearch_os_load5,0.51
2023/4/13 7:45,1681343147,cc-cc408-hya,data-node-20,9.9.2.157,elasticsearch_os_load5,0.48
2023/4/13 7:46,1681343207,cc-cc408-hya,data-node-20,9.9.2.157,elasticsearch_os_load5,0.48
2023/4/13 7:47,1681343267,cc-cc408-hya,data-node-20,9.9.2.157,elasticsearch_os_load5,0.5
2023/4/13 7:48,1681343327,cc-cc408-hya,data-node-20,9.9.2.157,elasticsearch_os_load5,0.61
2023/4/13 7:49,1681343387,cc-cc408-hya,data-node-20,9.9.2.157,elasticsearch_os_load5,0.7
2023/4/13 7:50,1681343447,cc-cc408-hya,data-node-20,9.9.2.157,elasticsearch_os_load5,0.97
2023/4/13 7:51,1681343507,cc-cc408-hya,data-node-20,9.9.2.157,elasticsearch_os_load5,1.14
2023/4/13 7:52,1681343567,cc-cc408-hya,data-node-20,9.9.2.157,elasticsearch_os_load5,1.02
2023/4/13 7:53,1681343627,cc-cc408-hya,data-node-20,9.9.2.157,elasticsearch_os_load5,0.99
2023/4/13 7:54,1681343687,cc-cc408-hya,data-node-20,9.9.2.157,elasticsearch_os_load5,1.08
2023/4/13 7:55,1681343747,cc-cc408-hya,data-node-20,9.9.2.157,elasticsearch_os_load5,1.01
2023/4/13 7:56,1681343807,cc-cc408-hya,data-node-20,9.9.2.157,elasticsearch_os_load5,0.94
2023/4/13 7:57,1681343867,cc-cc408-hya,data-node-20,9.9.2.157,elasticsearch_os_load5,0.84
2023/4/13 7:58,1681343927,cc-cc408-hya,data-node-20,9.9.2.157,elasticsearch_os_load5,0.79
2023/4/13 7:59,1681343987,cc-cc408-hya,data-node-20,9.9.2.157,elasticsearch_os_load5,0.8
2023/4/13 8:00,1681344047,cc-cc408-hya,data-node-20,9.9.2.157,elasticsearch_os_load5,0.9
2023/4/13 8:01,1681344107,cc-cc408-hya,data-node-20,9.9.2.157,elasticsearch_os_load5,1.14
2023/4/13 8:02,1681344167,cc-cc408-hya,data-node-20,9.9.2.157,elasticsearch_os_load5,1.16
2023/4/13 8:03,1681344227,cc-cc408-hya,data-node-20,9.9.2.157,elasticsearch_os_load5,1.28
2023/4/13 8:04,1681344287,cc-cc408-hya,data-node-20,9.9.2.157,elasticsearch_os_load5,1.65
2023/4/13 8:05,1681344347,cc-cc408-hya,data-node-20,9.9.2.157,elasticsearch_os_load5,1.75
2023/4/13 8:06,1681344407,cc-cc408-hya,data-node-20,9.9.2.157,elasticsearch_os_load5,1.82
2023/4/13 8:07,1681344467,cc-cc408-hya,data-node-20,9.9.2.157,elasticsearch_os_load5,1.71
2023/4/13 8:08,1681344527,cc-cc408-hya,data-node-20,9.9.2.157,elasticsearch_os_load5,2.26
2023/4/13 8:09,1681344587,cc-cc408-hya,data-node-20,9.9.2.157,elasticsearch_os_load5,3.26
2023/4/13 8:10,1681344647,cc-cc408-hya,data-node-20,9.9.2.157,elasticsearch_os_load5,3.1
2023/4/13 8:11,1681344707,cc-cc408-hya,data-node-20,9.9.2.157,elasticsearch_os_load5,2.7
2023/4/13 8:12,1681344767,cc-cc408-hya,data-node-20,9.9.2.157,elasticsearch_os_load5,2.35
2023/4/13 8:13,1681344827,cc-cc408-hya,data-node-20,9.9.2.157,elasticsearch_os_load5,2.53
2023/4/13 8:14,1681344887,cc-cc408-hya,data-node-20,9.9.2.157,elasticsearch_os_load5,2.21
2023/4/13 8:15,1681344947,cc-cc408-hya,data-node-20,9.9.2.157,elasticsearch_os_load5,1.94
2023/4/13 8:16,1681345007,cc-cc408-hya,data-node-20,9.9.2.157,elasticsearch_os_load5,1.77
2023/4/13 8:17,1681345067,cc-cc408-hya,data-node-20,9.9.2.157,elasticsearch_os_load5,1.64
2023/4/13 8:18,1681345127,cc-cc408-hya,data-node-20,9.9.2.157,elasticsearch_os_load5,1.58
2023/4/13 8:19,1681345187,cc-cc408-hya,data-node-20,9.9.2.157,elasticsearch_os_load5,1.46
2023/4/13 8:20,1681345247,cc-cc408-hya,data-node-20,9.9.2.157,elasticsearch_os_load5,1.49
2023/4/13 8:21,1681345307,cc-cc408-hya,data-node-20,9.9.2.157,elasticsearch_os_load5,1.43
2023/4/13 8:22,1681345367,cc-cc408-hya,data-node-20,9.9.2.157,elasticsearch_os_load5,1.37
2023/4/13 8:23,1681345427,cc-cc408-hya,data-node-20,9.9.2.157,elasticsearch_os_load5,1.33
2023/4/13 8:24,1681345487,cc-cc408-hya,data-node-20,9.9.2.157,elasticsearch_os_load5,1.23
2023/4/13 8:25,1681345547,cc-cc408-hya,data-node-20,9.9.2.157,elasticsearch_os_load5,1.15
2023/4/13 8:26,1681345607,cc-cc408-hya,data-node-20,9.9.2.157,elasticsearch_os_load5,1.12
2023/4/13 8:27,1681345667,cc-cc408-hya,data-node-20,9.9.2.157,elasticsearch_os_load5,1.16
2023/4/13 8:28,1681345727,cc-cc408-hya,data-node-20,9.9.2.157,elasticsearch_os_load5,1.19
2023/4/13 8:29,1681345787,cc-cc408-hya,data-node-20,9.9.2.157,elasticsearch_os_load5,1.14
2023/4/13 8:30,1681345847,cc-cc408-hya,data-node-20,9.9.2.157,elasticsearch_os_load5,1.28
2023/4/13 8:31,1681345907,cc-cc408-hya,data-node-20,9.9.2.157,elasticsearch_os_load5,1.24
2023/4/13 8:32,1681345967,cc-cc408-hya,data-node-20,9.9.2.157,elasticsearch_os_load5,1.48
2023/4/13 8:33,1681346027,cc-cc408-hya,data-node-20,9.9.2.157,elasticsearch_os_load5,1.61
2023/4/13 8:34,1681346087,cc-cc408-hya,data-node-20,9.9.2.157,elasticsearch_os_load5,1.67
2023/4/13 8:35,1681346147,cc-cc408-hya,data-node-20,9.9.2.157,elasticsearch_os_load5,1.54
2023/4/13 8:36,1681346207,cc-cc408-hya,data-node-20,9.9.2.157,elasticsearch_os_load5,1.55
2023/4/13 8:37,1681346267,cc-cc408-hya,data-node-20,9.9.2.157,elasticsearch_os_load5,1.49
2023/4/13 8:38,1681346327,cc-cc408-hya,data-node-20,9.9.2.157,elasticsearch_os_load5,1.49
2023/4/13 8:39,1681346387,cc-cc408-hya,data-node-20,9.9.2.157,elasticsearch_os_load5,1.47
2023/4/13 8:40,1681346447,cc-cc408-hya,data-node-20,9.9.2.157,elasticsearch_os_load5,1.62
2023/4/13 8:41,1681346507,cc-cc408-hya,data-node-20,9.9.2.157,elasticsearch_os_load5,1.66
2023/4/13 8:42,1681346567,cc-cc408-hya,data-node-20,9.9.2.157,elasticsearch_os_load5,1.84
2023/4/13 8:43,1681346627,cc-cc408-hya,data-node-20,9.9.2.157,elasticsearch_os_load5,1.83
2023/4/13 8:44,1681346687,cc-cc408-hya,data-node-20,9.9.2.157,elasticsearch_os_load5,1.86
2023/4/13 8:45,1681346747,cc-cc408-hya,data-node-20,9.9.2.157,elasticsearch_os_load5,2
2023/4/13 8:46,1681346807,cc-cc408-hya,data-node-20,9.9.2.157,elasticsearch_os_load5,1.9
2023/4/13 8:47,1681346867,cc-cc408-hya,data-node-20,9.9.2.157,elasticsearch_os_load5,1.82
2023/4/13 8:48,1681346927,cc-cc408-hya,data-node-20,9.9.2.157,elasticsearch_os_load5,2.02
2023/4/13 8:49,1681346987,cc-cc408-hya,data-node-20,9.9.2.157,elasticsearch_os_load5,1.82
2023/4/13 8:50,1681347047,cc-cc408-hya,data-node-20,9.9.2.157,elasticsearch_os_load5,1.87
2023/4/13 8:51,1681347107,cc-cc408-hya,data-node-20,9.9.2.157,elasticsearch_os_load5,1.95
2023/4/13 8:52,1681347167,cc-cc408-hya,data-node-20,9.9.2.157,elasticsearch_os_load5,2.04
2023/4/13 8:53,1681347227,cc-cc408-hya,data-node-20,9.9.2.157,elasticsearch_os_load5,2.17
2023/4/13 8:54,1681347287,cc-cc408-hya,data-node-20,9.9.2.157,elasticsearch_os_load5,2.28
2023/4/13 8:55,1681347347,cc-cc408-hya,data-node-20,9.9.2.157,elasticsearch_os_load5,2.3
2023/4/13 8:56,1681347407,cc-cc408-hya,data-node-20,9.9.2.157,elasticsearch_os_load5,2.31
2023/4/13 8:57,1681347467,cc-cc408-hya,data-node-20,9.9.2.157,elasticsearch_os_load5,2.22
2023/4/13 8:58,1681347527,cc-cc408-hya,data-node-20,9.9.2.157,elasticsearch_os_load5,2.15
2023/4/13 8:59,1681347587,cc-cc408-hya,data-node-20,9.9.2.157,elasticsearch_os_load5,2.15
2023/4/13 9:00,1681347647,cc-cc408-hya,data-node-20,9.9.2.157,elasticsearch_os_load5,2.16
2023/4/13 9:01,1681347707,cc-cc408-hya,data-node-20,9.9.2.157,elasticsearch_os_load5,2.41
2023/4/13 9:02,1681347767,cc-cc408-hya,data-node-20,9.9.2.157,elasticsearch_os_load5,2.49
2023/4/13 9:03,1681347827,cc-cc408-hya,data-node-20,9.9.2.157,elasticsearch_os_load5,2.7
2023/4/13 9:04,1681347887,cc-cc408-hya,data-node-20,9.9.2.157,elasticsearch_os_load5,2.73
2023/4/13 9:05,1681347947,cc-cc408-hya,data-node-20,9.9.2.157,elasticsearch_os_load5,2.8
2023/4/13 9:06,1681348007,cc-cc408-hya,data-node-20,9.9.2.157,elasticsearch_os_load5,2.87
2023/4/13 9:07,1681348067,cc-cc408-hya,data-node-20,9.9.2.157,elasticsearch_os_load5,2.95
2023/4/13 9:08,1681348127,cc-cc408-hya,data-node-20,9.9.2.157,elasticsearch_os_load5,3.05
2023/4/13 9:09,1681348187,cc-cc408-hya,data-node-20,9.9.2.157,elasticsearch_os_load5,2.95
2023/4/13 9:10,1681348247,cc-cc408-hya,data-node-20,9.9.2.157,elasticsearch_os_load5,3.33
2023/4/13 9:11,1681348307,cc-cc408-hya,data-node-20,9.9.2.157,elasticsearch_os_load5,3.47
2023/4/13 9:12,1681348367,cc-cc408-hya,data-node-20,9.9.2.157,elasticsearch_os_load5,3.37
2023/4/13 9:13,1681348427,cc-cc408-hya,data-node-20,9.9.2.157,elasticsearch_os_load5,3.67
2023/4/13 9:14,1681348487,cc-cc408-hya,data-node-20,9.9.2.157,elasticsearch_os_load5,3.81
2023/4/13 9:15,1681348547,cc-cc408-hya,data-node-20,9.9.2.157,elasticsearch_os_load5,3.93
2023/4/13 9:16,1681348607,cc-cc408-hya,data-node-20,9.9.2.157,elasticsearch_os_load5,4.26
2023/4/13 9:17,1681348667,cc-cc408-hya,data-node-20,9.9.2.157,elasticsearch_os_load5,4.05
2023/4/13 9:18,1681348727,cc-cc408-hya,data-node-20,9.9.2.157,elasticsearch_os_load5,4.29
2023/4/13 9:19,1681348787,cc-cc408-hya,data-node-20,9.9.2.157,elasticsearch_os_load5,4.15
2023/4/13 9:20,1681348847,cc-cc408-hya,data-node-20,9.9.2.157,elasticsearch_os_load5,4.12
2023/4/13 9:21,1681348907,cc-cc408-hya,data-node-20,9.9.2.157,elasticsearch_os_load5,4.11
2023/4/13 9:22,1681348967,cc-cc408-hya,data-node-20,9.9.2.157,elasticsearch_os_load5,4.07
2023/4/13 9:23,1681349027,cc-cc408-hya,data-node-20,9.9.2.157,elasticsearch_os_load5,3.86
2023/4/13 9:24,1681349087,cc-cc408-hya,data-node-20,9.9.2.157,elasticsearch_os_load5,3.94
2023/4/13 9:25,1681349147,cc-cc408-hya,data-node-20,9.9.2.157,elasticsearch_os_load5,4
2023/4/13 9:26,1681349207,cc-cc408-hya,data-node-20,9.9.2.157,elasticsearch_os_load5,4.22
2023/4/13 9:27,1681349267,cc-cc408-hya,data-node-20,9.9.2.157,elasticsearch_os_load5,4.14
2023/4/13 9:28,1681349327,cc-cc408-hya,data-node-20,9.9.2.157,elasticsearch_os_load5,4.64
2023/4/13 9:29,1681349387,cc-cc408-hya,data-node-20,9.9.2.157,elasticsearch_os_load5,4.37
2023/4/13 9:30,1681349447,cc-cc408-hya,data-node-20,9.9.2.157,elasticsearch_os_load5,4.39
2023/4/13 9:31,1681349507,cc-cc408-hya,data-node-20,9.9.2.157,elasticsearch_os_load5,4.42
2023/4/13 9:32,1681349567,cc-cc408-hya,data-node-20,9.9.2.157,elasticsearch_os_load5,4.2
2023/4/13 9:33,1681349627,cc-cc408-hya,data-node-20,9.9.2.157,elasticsearch_os_load5,4.16
2023/4/13 9:34,1681349687,cc-cc408-hya,data-node-20,9.9.2.157,elasticsearch_os_load5,3.89
2023/4/13 9:35,1681349747,cc-cc408-hya,data-node-20,9.9.2.157,elasticsearch_os_load5,4.35
2023/4/13 9:36,1681349807,cc-cc408-hya,data-node-20,9.9.2.157,elasticsearch_os_load5,4.31
2023/4/13 9:37,1681349867,cc-cc408-hya,data-node-20,9.9.2.157,elasticsearch_os_load5,4.35
2023/4/13 9:38,1681349927,cc-cc408-hya,data-node-20,9.9.2.157,elasticsearch_os_load5,4.64
2023/4/13 9:39,1681349987,cc-cc408-hya,data-node-20,9.9.2.157,elasticsearch_os_load5,4.69
2023/4/13 9:40,1681350047,cc-cc408-hya,data-node-20,9.9.2.157,elasticsearch_os_load5,4.54
2023/4/13 9:41,1681350107,cc-cc408-hya,data-node-20,9.9.2.157,elasticsearch_os_load5,4.42
2023/4/13 9:42,1681350167,cc-cc408-hya,data-node-20,9.9.2.157,elasticsearch_os_load5,4.31
2023/4/13 9:43,1681350227,cc-cc408-hya,data-node-20,9.9.2.157,elasticsearch_os_load5,3.91
2023/4/13 9:44,1681350287,cc-cc408-hya,data-node-20,9.9.2.157,elasticsearch_os_load5,3.62
2023/4/13 9:45,1681350347,cc-cc408-hya,data-node-20,9.9.2.157,elasticsearch_os_load5,3.57
2023/4/13 9:46,1681350407,cc-cc408-hya,data-node-20,9.9.2.157,elasticsearch_os_load5,3.72
2023/4/13 9:47,1681350467,cc-cc408-hya,data-node-20,9.9.2.157,elasticsearch_os_load5,3.86
2023/4/13 9:48,1681350527,cc-cc408-hya,data-node-20,9.9.2.157,elasticsearch_os_load5,4.01
2023/4/13 9:49,1681350587,cc-cc408-hya,data-node-20,9.9.2.157,elasticsearch_os_load5,4.08
2023/4/13 9:50,1681350647,cc-cc408-hya,data-node-20,9.9.2.157,elasticsearch_os_load5,4.15
2023/4/13 9:51,1681350707,cc-cc408-hya,data-node-20,9.9.2.157,elasticsearch_os_load5,3.89
2023/4/13 9:52,1681350767,cc-cc408-hya,data-node-20,9.9.2.157,elasticsearch_os_load5,4
2023/4/13 9:53,1681350827,cc-cc408-hya,data-node-20,9.9.2.157,elasticsearch_os_load5,3.93
2023/4/13 9:54,1681350887,cc-cc408-hya,data-node-20,9.9.2.157,elasticsearch_os_load5,3.98
2023/4/13 9:55,1681350947,cc-cc408-hya,data-node-20,9.9.2.157,elasticsearch_os_load5,4.13
2023/4/13 9:56,1681351007,cc-cc408-hya,data-node-20,9.9.2.157,elasticsearch_os_load5,4.15
2023/4/13 9:57,1681351067,cc-cc408-hya,data-node-20,9.9.2.157,elasticsearch_os_load5,4.5
2023/4/13 9:58,1681351127,cc-cc408-hya,data-node-20,9.9.2.157,elasticsearch_os_load5,4.44
2023/4/13 9:59,1681351187,cc-cc408-hya,data-node-20,9.9.2.157,elasticsearch_os_load5,4.42
2023/4/13 10:00,1681351247,cc-cc408-hya,data-node-20,9.9.2.157,elasticsearch_os_load5,4.39
2023/4/13 10:01,1681351307,cc-cc408-hya,data-node-20,9.9.2.157,elasticsearch_os_load5,4.13
2023/4/13 10:02,1681351367,cc-cc408-hya,data-node-20,9.9.2.157,elasticsearch_os_load5,4.33
2023/4/13 10:03,1681351427,cc-cc408-hya,data-node-20,9.9.2.157,elasticsearch_os_load5,4.47
2023/4/13 10:04,1681351487,cc-cc408-hya,data-node-20,9.9.2.157,elasticsearch_os_load5,4.48
2023/4/13 10:05,1681351547,cc-cc408-hya,data-node-20,9.9.2.157,elasticsearch_os_load5,4.7
2023/4/13 10:06,1681351607,cc-cc408-hya,data-node-20,9.9.2.157,elasticsearch_os_load5,4.76
2023/4/13 10:07,1681351667,cc-cc408-hya,data-node-20,9.9.2.157,elasticsearch_os_load5,4.57
2023/4/13 10:08,1681351727,cc-cc408-hya,data-node-20,9.9.2.157,elasticsearch_os_load5,4.65
2023/4/13 10:09,1681351787,cc-cc408-hya,data-node-20,9.9.2.157,elasticsearch_os_load5,4.79
2023/4/13 10:10,1681351847,cc-cc408-hya,data-node-20,9.9.2.157,elasticsearch_os_load5,4.95
2023/4/13 10:11,1681351907,cc-cc408-hya,data-node-20,9.9.2.157,elasticsearch_os_load5,4.51
2023/4/13 10:12,1681351967,cc-cc408-hya,data-node-20,9.9.2.157,elasticsearch_os_load5,4.47
2023/4/13 10:13,1681352027,cc-cc408-hya,data-node-20,9.9.2.157,elasticsearch_os_load5,4.42
2023/4/13 10:14,1681352087,cc-cc408-hya,data-node-20,9.9.2.157,elasticsearch_os_load5,4.36
2023/4/13 10:15,1681352147,cc-cc408-hya,data-node-20,9.9.2.157,elasticsearch_os_load5,4.38
2023/4/13 10:16,1681352207,cc-cc408-hya,data-node-20,9.9.2.157,elasticsearch_os_load5,4.66
2023/4/13 10:17,1681352267,cc-cc408-hya,data-node-20,9.9.2.157,elasticsearch_os_load5,4.41
2023/4/13 10:18,1681352327,cc-cc408-hya,data-node-20,9.9.2.157,elasticsearch_os_load5,4.27
2023/4/13 10:19,1681352387,cc-cc408-hya,data-node-20,9.9.2.157,elasticsearch_os_load5,4.21
2023/4/13 10:20,1681352447,cc-cc408-hya,data-node-20,9.9.2.157,elasticsearch_os_load5,4.1
2023/4/13 10:21,1681352507,cc-cc408-hya,data-node-20,9.9.2.157,elasticsearch_os_load5,4.37
2023/4/13 10:22,1681352567,cc-cc408-hya,data-node-20,9.9.2.157,elasticsearch_os_load5,4.32
2023/4/13 10:23,1681352627,cc-cc408-hya,data-node-20,9.9.2.157,elasticsearch_os_load5,4.16
2023/4/13 10:24,1681352687,cc-cc408-hya,data-node-20,9.9.2.157,elasticsearch_os_load5,4.16
2023/4/13 10:25,1681352747,cc-cc408-hya,data-node-20,9.9.2.157,elasticsearch_os_load5,4.24
2023/4/13 10:26,1681352807,cc-cc408-hya,data-node-20,9.9.2.157,elasticsearch_os_load5,4.12
2023/4/13 10:27,1681352867,cc-cc408-hya,data-node-20,9.9.2.157,elasticsearch_os_load5,4.12
2023/4/13 10:28,1681352927,cc-cc408-hya,data-node-20,9.9.2.157,elasticsearch_os_load5,4.25
2023/4/13 10:29,1681352987,cc-cc408-hya,data-node-20,9.9.2.157,elasticsearch_os_load5,4.37
2023/4/13 10:30,1681353047,cc-cc408-hya,data-node-20,9.9.2.157,elasticsearch_os_load5,4.4
2023/4/13 10:31,1681353107,cc-cc408-hya,data-node-20,9.9.2.157,elasticsearch_os_load5,4.08
2023/4/13 10:32,1681353167,cc-cc408-hya,data-node-20,9.9.2.157,elasticsearch_os_load5,4.4
2023/4/13 10:33,1681353227,cc-cc408-hya,data-node-20,9.9.2.157,elasticsearch_os_load5,4.37
2023/4/13 10:34,1681353287,cc-cc408-hya,data-node-20,9.9.2.157,elasticsearch_os_load5,4.72
2023/4/13 10:35,1681353347,cc-cc408-hya,data-node-20,9.9.2.157,elasticsearch_os_load5,4.58
2023/4/13 10:36,1681353407,cc-cc408-hya,data-node-20,9.9.2.157,elasticsearch_os_load5,4.75
2023/4/13 10:37,1681353467,cc-cc408-hya,data-node-20,9.9.2.157,elasticsearch_os_load5,4.63
2023/4/13 10:38,1681353527,cc-cc408-hya,data-node-20,9.9.2.157,elasticsearch_os_load5,4.45
2023/4/13 10:39,1681353587,cc-cc408-hya,data-node-20,9.9.2.157,elasticsearch_os_load5,4.48
2023/4/13 10:40,1681353647,cc-cc408-hya,data-node-20,9.9.2.157,elasticsearch_os_load5,4.52
2023/4/13 10:41,1681353707,cc-cc408-hya,data-node-20,9.9.2.157,elasticsearch_os_load5,4.61
2023/4/13 10:42,1681353767,cc-cc408-hya,data-node-20,9.9.2.157,elasticsearch_os_load5,4.63
2023/4/13 10:43,1681353827,cc-cc408-hya,data-node-20,9.9.2.157,elasticsearch_os_load5,4.54
2023/4/13 10:44,1681353887,cc-cc408-hya,data-node-20,9.9.2.157,elasticsearch_os_load5,4.63
2023/4/13 10:45,1681353947,cc-cc408-hya,data-node-20,9.9.2.157,elasticsearch_os_load5,4.53
2023/4/13 10:46,1681354007,cc-cc408-hya,data-node-20,9.9.2.157,elasticsearch_os_load5,4.38
2023/4/13 10:47,1681354067,cc-cc408-hya,data-node-20,9.9.2.157,elasticsearch_os_load5,4.56
2023/4/13 10:48,1681354127,cc-cc408-hya,data-node-20,9.9.2.157,elasticsearch_os_load5,4.75
2023/4/13 10:49,1681354187,cc-cc408-hya,data-node-20,9.9.2.157,elasticsearch_os_load5,4.99
2023/4/13 10:50,1681354247,cc-cc408-hya,data-node-20,9.9.2.157,elasticsearch_os_load5,5.06
2023/4/13 10:51,1681354307,cc-cc408-hya,data-node-20,9.9.2.157,elasticsearch_os_load5,5.06
2023/4/13 10:52,1681354367,cc-cc408-hya,data-node-20,9.9.2.157,elasticsearch_os_load5,4.91
2023/4/13 10:53,1681354427,cc-cc408-hya,data-node-20,9.9.2.157,elasticsearch_os_load5,5
2023/4/13 10:54,1681354487,cc-cc408-hya,data-node-20,9.9.2.157,elasticsearch_os_load5,4.95
2023/4/13 10:55,1681354547,cc-cc408-hya,data-node-20,9.9.2.157,elasticsearch_os_load5,5.47
2023/4/13 10:56,1681354607,cc-cc408-hya,data-node-20,9.9.2.157,elasticsearch_os_load5,5.29
2023/4/13 10:57,1681354667,cc-cc408-hya,data-node-20,9.9.2.157,elasticsearch_os_load5,5.17
2023/4/13 10:58,1681354727,cc-cc408-hya,data-node-20,9.9.2.157,elasticsearch_os_load5,5.08
2023/4/13 10:59,1681354787,cc-cc408-hya,data-node-20,9.9.2.157,elasticsearch_os_load5,5.09
2023/4/13 11:00,1681354847,cc-cc408-hya,data-node-20,9.9.2.157,elasticsearch_os_load5,5.09
2023/4/13 11:01,1681354907,cc-cc408-hya,data-node-20,9.9.2.157,elasticsearch_os_load5,4.72
2023/4/13 11:02,1681354967,cc-cc408-hya,data-node-20,9.9.2.157,elasticsearch_os_load5,4.73
2023/4/13 11:03,1681355027,cc-cc408-hya,data-node-20,9.9.2.157,elasticsearch_os_load5,5
2023/4/13 11:04,1681355087,cc-cc408-hya,data-node-20,9.9.2.157,elasticsearch_os_load5,4.6
2023/4/13 11:05,1681355147,cc-cc408-hya,data-node-20,9.9.2.157,elasticsearch_os_load5,4.54
2023/4/13 11:06,1681355207,cc-cc408-hya,data-node-20,9.9.2.157,elasticsearch_os_load5,5.03
2023/4/13 11:07,1681355267,cc-cc408-hya,data-node-20,9.9.2.157,elasticsearch_os_load5,4.78
2023/4/13 11:08,1681355327,cc-cc408-hya,data-node-20,9.9.2.157,elasticsearch_os_load5,4.68
2023/4/13 11:09,1681355387,cc-cc408-hya,data-node-20,9.9.2.157,elasticsearch_os_load5,4.39
2023/4/13 11:10,1681355447,cc-cc408-hya,data-node-20,9.9.2.157,elasticsearch_os_load5,4.19
2023/4/13 11:11,1681355507,cc-cc408-hya,data-node-20,9.9.2.157,elasticsearch_os_load5,4.5
2023/4/13 11:12,1681355567,cc-cc408-hya,data-node-20,9.9.2.157,elasticsearch_os_load5,4.73
2023/4/13 11:13,1681355627,cc-cc408-hya,data-node-20,9.9.2.157,elasticsearch_os_load5,4.89
2023/4/13 11:14,1681355687,cc-cc408-hya,data-node-20,9.9.2.157,elasticsearch_os_load5,5.05
2023/4/13 11:15,1681355747,cc-cc408-hya,data-node-20,9.9.2.157,elasticsearch_os_load5,4.94
2023/4/13 11:16,1681355807,cc-cc408-hya,data-node-20,9.9.2.157,elasticsearch_os_load5,4.92
2023/4/13 11:17,1681355867,cc-cc408-hya,data-node-20,9.9.2.157,elasticsearch_os_load5,4.81
2023/4/13 11:18,1681355927,cc-cc408-hya,data-node-20,9.9.2.157,elasticsearch_os_load5,5.04
2023/4/13 11:19,1681355987,cc-cc408-hya,data-node-20,9.9.2.157,elasticsearch_os_load5,4.76
2023/4/13 11:20,1681356047,cc-cc408-hya,data-node-20,9.9.2.157,elasticsearch_os_load5,4.74
2023/4/13 11:21,1681356107,cc-cc408-hya,data-node-20,9.9.2.157,elasticsearch_os_load5,5.05
2023/4/13 11:22,1681356167,cc-cc408-hya,data-node-20,9.9.2.157,elasticsearch_os_load5,5.5
2023/4/13 11:23,1681356227,cc-cc408-hya,data-node-20,9.9.2.157,elasticsearch_os_load5,5.72
2023/4/13 11:24,1681356287,cc-cc408-hya,data-node-20,9.9.2.157,elasticsearch_os_load5,6.04
2023/4/13 11:25,1681356347,cc-cc408-hya,data-node-20,9.9.2.157,elasticsearch_os_load5,5.43
2023/4/13 11:26,1681356407,cc-cc408-hya,data-node-20,9.9.2.157,elasticsearch_os_load5,5.2
2023/4/13 11:27,1681356467,cc-cc408-hya,data-node-20,9.9.2.157,elasticsearch_os_load5,5.25
2023/4/13 11:28,1681356527,cc-cc408-hya,data-node-20,9.9.2.157,elasticsearch_os_load5,5.8
2023/4/13 11:29,1681356587,cc-cc408-hya,data-node-20,9.9.2.157,elasticsearch_os_load5,6.18
2023/4/13 11:30,1681356647,cc-cc408-hya,data-node-20,9.9.2.157,elasticsearch_os_load5,5.75
2023/4/13 11:31,1681356707,cc-cc408-hya,data-node-20,9.9.2.157,elasticsearch_os_load5,5.41
2023/4/13 11:32,1681356767,cc-cc408-hya,data-node-20,9.9.2.157,elasticsearch_os_load5,5.24
2023/4/13 11:33,1681356827,cc-cc408-hya,data-node-20,9.9.2.157,elasticsearch_os_load5,4.93
2023/4/13 11:34,1681356887,cc-cc408-hya,data-node-20,9.9.2.157,elasticsearch_os_load5,4.79
2023/4/13 11:35,1681356947,cc-cc408-hya,data-node-20,9.9.2.157,elasticsearch_os_load5,5.02
2023/4/13 11:36,1681357007,cc-cc408-hya,data-node-20,9.9.2.157,elasticsearch_os_load5,4.72
2023/4/13 11:37,1681357067,cc-cc408-hya,data-node-20,9.9.2.157,elasticsearch_os_load5,4.59
2023/4/13 11:38,1681357127,cc-cc408-hya,data-node-20,9.9.2.157,elasticsearch_os_load5,5.43
2023/4/13 11:39,1681357187,cc-cc408-hya,data-node-20,9.9.2.157,elasticsearch_os_load5,5.05
2023/4/13 11:40,1681357247,cc-cc408-hya,data-node-20,9.9.2.157,elasticsearch_os_load5,4.68
2023/4/13 11:41,1681357307,cc-cc408-hya,data-node-20,9.9.2.157,elasticsearch_os_load5,4.72
2023/4/13 11:42,1681357367,cc-cc408-hya,data-node-20,9.9.2.157,elasticsearch_os_load5,4.67
2023/4/13 11:43,1681357427,cc-cc408-hya,data-node-20,9.9.2.157,elasticsearch_os_load5,4.78
2023/4/13 11:44,1681357487,cc-cc408-hya,data-node-20,9.9.2.157,elasticsearch_os_load5,4.65
2023/4/13 11:45,1681357547,cc-cc408-hya,data-node-20,9.9.2.157,elasticsearch_os_load5,4.51
2023/4/13 11:46,1681357607,cc-cc408-hya,data-node-20,9.9.2.157,elasticsearch_os_load5,4.99
2023/4/13 11:47,1681357667,cc-cc408-hya,data-node-20,9.9.2.157,elasticsearch_os_load5,4.97
2023/4/13 11:48,1681357727,cc-cc408-hya,data-node-20,9.9.2.157,elasticsearch_os_load5,5.37
2023/4/13 11:49,1681357787,cc-cc408-hya,data-node-20,9.9.2.157,elasticsearch_os_load5,5
2023/4/13 11:50,1681357847,cc-cc408-hya,data-node-20,9.9.2.157,elasticsearch_os_load5,4.91
2023/4/13 11:51,1681357907,cc-cc408-hya,data-node-20,9.9.2.157,elasticsearch_os_load5,5.16
2023/4/13 11:52,1681357967,cc-cc408-hya,data-node-20,9.9.2.157,elasticsearch_os_load5,5.09
2023/4/13 11:53,1681358027,cc-cc408-hya,data-node-20,9.9.2.157,elasticsearch_os_load5,5.13
2023/4/13 11:54,1681358087,cc-cc408-hya,data-node-20,9.9.2.157,elasticsearch_os_load5,5.35
2023/4/13 11:55,1681358147,cc-cc408-hya,data-node-20,9.9.2.157,elasticsearch_os_load5,5.23
2023/4/13 11:56,1681358207,cc-cc408-hya,data-node-20,9.9.2.157,elasticsearch_os_load5,5.31
2023/4/13 11:57,1681358267,cc-cc408-hya,data-node-20,9.9.2.157,elasticsearch_os_load5,5.11
2023/4/13 11:58,1681358327,cc-cc408-hya,data-node-20,9.9.2.157,elasticsearch_os_load5,4.96
2023/4/13 11:59,1681358387,cc-cc408-hya,data-node-20,9.9.2.157,elasticsearch_os_load5,4.87
2023/4/13 12:00,1681358447,cc-cc408-hya,data-node-20,9.9.2.157,elasticsearch_os_load5,5.19
2023/4/13 12:01,1681358507,cc-cc408-hya,data-node-20,9.9.2.157,elasticsearch_os_load5,4.94
2023/4/13 12:02,1681358567,cc-cc408-hya,data-node-20,9.9.2.157,elasticsearch_os_load5,4.77
2023/4/13 12:03,1681358627,cc-cc408-hya,data-node-20,9.9.2.157,elasticsearch_os_load5,4.44
2023/4/13 12:04,1681358687,cc-cc408-hya,data-node-20,9.9.2.157,elasticsearch_os_load5,4.27
2023/4/13 12:05,1681358747,cc-cc408-hya,data-node-20,9.9.2.157,elasticsearch_os_load5,4.19
2023/4/13 12:06,1681358807,cc-cc408-hya,data-node-20,9.9.2.157,elasticsearch_os_load5,4.17
2023/4/13 12:07,1681358867,cc-cc408-hya,data-node-20,9.9.2.157,elasticsearch_os_load5,4.05
2023/4/13 12:08,1681358927,cc-cc408-hya,data-node-20,9.9.2.157,elasticsearch_os_load5,3.9
2023/4/13 12:09,1681358987,cc-cc408-hya,data-node-20,9.9.2.157,elasticsearch_os_load5,3.63
2023/4/13 12:10,1681359047,cc-cc408-hya,data-node-20,9.9.2.157,elasticsearch_os_load5,3.48
2023/4/13 12:11,1681359107,cc-cc408-hya,data-node-20,9.9.2.157,elasticsearch_os_load5,3.69
2023/4/13 12:12,1681359167,cc-cc408-hya,data-node-20,9.9.2.157,elasticsearch_os_load5,3.48
2023/4/13 12:13,1681359227,cc-cc408-hya,data-node-20,9.9.2.157,elasticsearch_os_load5,3.55
2023/4/13 12:14,1681359287,cc-cc408-hya,data-node-20,9.9.2.157,elasticsearch_os_load5,3.32
2023/4/13 12:15,1681359347,cc-cc408-hya,data-node-20,9.9.2.157,elasticsearch_os_load5,3.21
2023/4/13 12:16,1681359407,cc-cc408-hya,data-node-20,9.9.2.157,elasticsearch_os_load5,3.39
2023/4/13 12:17,1681359467,cc-cc408-hya,data-node-20,9.9.2.157,elasticsearch_os_load5,3.23
2023/4/13 12:18,1681359527,cc-cc408-hya,data-node-20,9.9.2.157,elasticsearch_os_load5,3.14
2023/4/13 12:19,1681359587,cc-cc408-hya,data-node-20,9.9.2.157,elasticsearch_os_load5,3.14
2023/4/13 12:20,1681359647,cc-cc408-hya,data-node-20,9.9.2.157,elasticsearch_os_load5,3.18
2023/4/13 12:21,1681359707,cc-cc408-hya,data-node-20,9.9.2.157,elasticsearch_os_load5,3.03
2023/4/13 12:22,1681359767,cc-cc408-hya,data-node-20,9.9.2.157,elasticsearch_os_load5,2.97
2023/4/13 12:23,1681359827,cc-cc408-hya,data-node-20,9.9.2.157,elasticsearch_os_load5,3.55
2023/4/13 12:24,1681359887,cc-cc408-hya,data-node-20,9.9.2.157,elasticsearch_os_load5,3.7
2023/4/13 12:25,1681359947,cc-cc408-hya,data-node-20,9.9.2.157,elasticsearch_os_load5,3.54
2023/4/13 12:26,1681360007,cc-cc408-hya,data-node-20,9.9.2.157,elasticsearch_os_load5,3.45
2023/4/13 12:27,1681360067,cc-cc408-hya,data-node-20,9.9.2.157,elasticsearch_os_load5,3.37
2023/4/13 12:28,1681360127,cc-cc408-hya,data-node-20,9.9.2.157,elasticsearch_os_load5,3.4
2023/4/13 12:29,1681360187,cc-cc408-hya,data-node-20,9.9.2.157,elasticsearch_os_load5,3.17
2023/4/13 12:30,1681360247,cc-cc408-hya,data-node-20,9.9.2.157,elasticsearch_os_load5,2.99
2023/4/13 12:31,1681360307,cc-cc408-hya,data-node-20,9.9.2.157,elasticsearch_os_load5,2.71
2023/4/13 12:32,1681360367,cc-cc408-hya,data-node-20,9.9.2.157,elasticsearch_os_load5,2.62
2023/4/13 12:33,1681360427,cc-cc408-hya,data-node-20,9.9.2.157,elasticsearch_os_load5,2.63
2023/4/13 12:34,1681360487,cc-cc408-hya,data-node-20,9.9.2.157,elasticsearch_os_load5,2.58
2023/4/13 12:35,1681360547,cc-cc408-hya,data-node-20,9.9.2.157,elasticsearch_os_load5,2.63
2023/4/13 12:36,1681360607,cc-cc408-hya,data-node-20,9.9.2.157,elasticsearch_os_load5,2.56
2023/4/13 12:37,1681360667,cc-cc408-hya,data-node-20,9.9.2.157,elasticsearch_os_load5,2.4
2023/4/13 12:38,1681360727,cc-cc408-hya,data-node-20,9.9.2.157,elasticsearch_os_load5,2.23
2023/4/13 12:39,1681360787,cc-cc408-hya,data-node-20,9.9.2.157,elasticsearch_os_load5,2.27
2023/4/13 12:40,1681360847,cc-cc408-hya,data-node-20,9.9.2.157,elasticsearch_os_load5,2.21
2023/4/13 12:41,1681360907,cc-cc408-hya,data-node-20,9.9.2.157,elasticsearch_os_load5,2.2
2023/4/13 12:42,1681360967,cc-cc408-hya,data-node-20,9.9.2.157,elasticsearch_os_load5,2.29
2023/4/13 12:43,1681361027,cc-cc408-hya,data-node-20,9.9.2.157,elasticsearch_os_load5,2.51
2023/4/13 12:44,1681361087,cc-cc408-hya,data-node-20,9.9.2.157,elasticsearch_os_load5,2.42
2023/4/13 12:45,1681361147,cc-cc408-hya,data-node-20,9.9.2.157,elasticsearch_os_load5,2.44
2023/4/13 12:46,1681361207,cc-cc408-hya,data-node-20,9.9.2.157,elasticsearch_os_load5,2.56
2023/4/13 12:47,1681361267,cc-cc408-hya,data-node-20,9.9.2.157,elasticsearch_os_load5,2.79
2023/4/13 12:48,1681361327,cc-cc408-hya,data-node-20,9.9.2.157,elasticsearch_os_load5,2.94
2023/4/13 12:49,1681361387,cc-cc408-hya,data-node-20,9.9.2.157,elasticsearch_os_load5,2.95
2023/4/13 12:50,1681361447,cc-cc408-hya,data-node-20,9.9.2.157,elasticsearch_os_load5,2.94
2023/4/13 12:51,1681361507,cc-cc408-hya,data-node-20,9.9.2.157,elasticsearch_os_load5,2.76
2023/4/13 12:52,1681361567,cc-cc408-hya,data-node-20,9.9.2.157,elasticsearch_os_load5,2.55
2023/4/13 12:53,1681361627,cc-cc408-hya,data-node-20,9.9.2.157,elasticsearch_os_load5,2.82
2023/4/13 12:54,1681361687,cc-cc408-hya,data-node-20,9.9.2.157,elasticsearch_os_load5,3.39
2023/4/13 12:55,1681361747,cc-cc408-hya,data-node-20,9.9.2.157,elasticsearch_os_load5,3.25
2023/4/13 12:56,1681361807,cc-cc408-hya,data-node-20,9.9.2.157,elasticsearch_os_load5,3.24
2023/4/13 12:57,1681361867,cc-cc408-hya,data-node-20,9.9.2.157,elasticsearch_os_load5,3.2
2023/4/13 12:58,1681361927,cc-cc408-hya,data-node-20,9.9.2.157,elasticsearch_os_load5,3.34
2023/4/13 12:59,1681361987,cc-cc408-hya,data-node-20,9.9.2.157,elasticsearch_os_load5,3.19
2023/4/13 13:00,1681362047,cc-cc408-hya,data-node-20,9.9.2.157,elasticsearch_os_load5,2.98
2023/4/13 13:01,1681362107,cc-cc408-hya,data-node-20,9.9.2.157,elasticsearch_os_load5,2.81
2023/4/13 13:02,1681362167,cc-cc408-hya,data-node-20,9.9.2.157,elasticsearch_os_load5,2.78
2023/4/13 13:03,1681362227,cc-cc408-hya,data-node-20,9.9.2.157,elasticsearch_os_load5,2.53
2023/4/13 13:04,1681362287,cc-cc408-hya,data-node-20,9.9.2.157,elasticsearch_os_load5,2.46
2023/4/13 13:05,1681362347,cc-cc408-hya,data-node-20,9.9.2.157,elasticsearch_os_load5,2.65
2023/4/13 13:06,1681362407,cc-cc408-hya,data-node-20,9.9.2.157,elasticsearch_os_load5,2.82
2023/4/13 13:07,1681362467,cc-cc408-hya,data-node-20,9.9.2.157,elasticsearch_os_load5,2.77
2023/4/13 13:08,1681362527,cc-cc408-hya,data-node-20,9.9.2.157,elasticsearch_os_load5,2.58
2023/4/13 13:09,1681362587,cc-cc408-hya,data-node-20,9.9.2.157,elasticsearch_os_load5,2.79
2023/4/13 13:10,1681362647,cc-cc408-hya,data-node-20,9.9.2.157,elasticsearch_os_load5,2.89
2023/4/13 13:11,1681362707,cc-cc408-hya,data-node-20,9.9.2.157,elasticsearch_os_load5,2.78
2023/4/13 13:12,1681362767,cc-cc408-hya,data-node-20,9.9.2.157,elasticsearch_os_load5,2.65
2023/4/13 13:13,1681362827,cc-cc408-hya,data-node-20,9.9.2.157,elasticsearch_os_load5,2.53
2023/4/13 13:14,1681362887,cc-cc408-hya,data-node-20,9.9.2.157,elasticsearch_os_load5,2.53
2023/4/13 13:15,1681362947,cc-cc408-hya,data-node-20,9.9.2.157,elasticsearch_os_load5,2.43
2023/4/13 13:16,1681363007,cc-cc408-hya,data-node-20,9.9.2.157,elasticsearch_os_load5,2.46
2023/4/13 13:17,1681363067,cc-cc408-hya,data-node-20,9.9.2.157,elasticsearch_os_load5,2.32
2023/4/13 13:18,1681363127,cc-cc408-hya,data-node-20,9.9.2.157,elasticsearch_os_load5,2.46
2023/4/13 13:19,1681363187,cc-cc408-hya,data-node-20,9.9.2.157,elasticsearch_os_load5,2.81
2023/4/13 13:20,1681363247,cc-cc408-hya,data-node-20,9.9.2.157,elasticsearch_os_load5,2.62
2023/4/13 13:21,1681363307,cc-cc408-hya,data-node-20,9.9.2.157,elasticsearch_os_load5,2.63
2023/4/13 13:22,1681363367,cc-cc408-hya,data-node-20,9.9.2.157,elasticsearch_os_load5,2.67
2023/4/13 13:23,1681363427,cc-cc408-hya,data-node-20,9.9.2.157,elasticsearch_os_load5,2.66
2023/4/13 13:24,1681363487,cc-cc408-hya,data-node-20,9.9.2.157,elasticsearch_os_load5,2.71
2023/4/13 13:25,1681363547,cc-cc408-hya,data-node-20,9.9.2.157,elasticsearch_os_load5,2.61
2023/4/13 13:26,1681363607,cc-cc408-hya,data-node-20,9.9.2.157,elasticsearch_os_load5,2.52
2023/4/13 13:27,1681363667,cc-cc408-hya,data-node-20,9.9.2.157,elasticsearch_os_load5,2.49
2023/4/13 13:28,1681363727,cc-cc408-hya,data-node-20,9.9.2.157,elasticsearch_os_load5,2.77
2023/4/13 13:29,1681363787,cc-cc408-hya,data-node-20,9.9.2.157,elasticsearch_os_load5,2.96
2023/4/13 13:30,1681363847,cc-cc408-hya,data-node-20,9.9.2.157,elasticsearch_os_load5,2.94
2023/4/13 13:31,1681363907,cc-cc408-hya,data-node-20,9.9.2.157,elasticsearch_os_load5,3.04
2023/4/13 13:32,1681363967,cc-cc408-hya,data-node-20,9.9.2.157,elasticsearch_os_load5,3.15
2023/4/13 13:33,1681364027,cc-cc408-hya,data-node-20,9.9.2.157,elasticsearch_os_load5,3.09
2023/4/13 13:34,1681364087,cc-cc408-hya,data-node-20,9.9.2.157,elasticsearch_os_load5,3.12
2023/4/13 13:35,1681364147,cc-cc408-hya,data-node-20,9.9.2.157,elasticsearch_os_load5,3.24
2023/4/13 13:36,1681364207,cc-cc408-hya,data-node-20,9.9.2.157,elasticsearch_os_load5,3.37
2023/4/13 13:37,1681364267,cc-cc408-hya,data-node-20,9.9.2.157,elasticsearch_os_load5,3.43
2023/4/13 13:38,1681364327,cc-cc408-hya,data-node-20,9.9.2.157,elasticsearch_os_load5,3.19
2023/4/13 13:39,1681364387,cc-cc408-hya,data-node-20,9.9.2.157,elasticsearch_os_load5,3.47
2023/4/13 13:40,1681364447,cc-cc408-hya,data-node-20,9.9.2.157,elasticsearch_os_load5,3.36
2023/4/13 13:41,1681364507,cc-cc408-hya,data-node-20,9.9.2.157,elasticsearch_os_load5,3.13
2023/4/13 13:42,1681364567,cc-cc408-hya,data-node-20,9.9.2.157,elasticsearch_os_load5,3
2023/4/13 13:43,1681364627,cc-cc408-hya,data-node-20,9.9.2.157,elasticsearch_os_load5,2.97
2023/4/13 13:44,1681364687,cc-cc408-hya,data-node-20,9.9.2.157,elasticsearch_os_load5,3.07
2023/4/13 13:45,1681364747,cc-cc408-hya,data-node-20,9.9.2.157,elasticsearch_os_load5,3.15
2023/4/13 13:46,1681364807,cc-cc408-hya,data-node-20,9.9.2.157,elasticsearch_os_load5,3.06
2023/4/13 13:47,1681364867,cc-cc408-hya,data-node-20,9.9.2.157,elasticsearch_os_load5,3.25
2023/4/13 13:48,1681364927,cc-cc408-hya,data-node-20,9.9.2.157,elasticsearch_os_load5,3.4
2023/4/13 13:49,1681364987,cc-cc408-hya,data-node-20,9.9.2.157,elasticsearch_os_load5,3.44
2023/4/13 13:50,1681365047,cc-cc408-hya,data-node-20,9.9.2.157,elasticsearch_os_load5,3.36
2023/4/13 13:51,1681365107,cc-cc408-hya,data-node-20,9.9.2.157,elasticsearch_os_load5,3.33
2023/4/13 13:52,1681365167,cc-cc408-hya,data-node-20,9.9.2.157,elasticsearch_os_load5,3.28
2023/4/13 13:53,1681365227,cc-cc408-hya,data-node-20,9.9.2.157,elasticsearch_os_load5,3.23
2023/4/13 13:54,1681365287,cc-cc408-hya,data-node-20,9.9.2.157,elasticsearch_os_load5,3.11
2023/4/13 13:55,1681365347,cc-cc408-hya,data-node-20,9.9.2.157,elasticsearch_os_load5,3.28
2023/4/13 13:56,1681365407,cc-cc408-hya,data-node-20,9.9.2.157,elasticsearch_os_load5,3.14
2023/4/13 13:57,1681365467,cc-cc408-hya,data-node-20,9.9.2.157,elasticsearch_os_load5,2.99
2023/4/13 13:58,1681365527,cc-cc408-hya,data-node-20,9.9.2.157,elasticsearch_os_load5,3.22
2023/4/13 13:59,1681365587,cc-cc408-hya,data-node-20,9.9.2.157,elasticsearch_os_load5,3.19
2023/4/13 14:00,1681365647,cc-cc408-hya,data-node-20,9.9.2.157,elasticsearch_os_load5,3.15
2023/4/13 14:01,1681365707,cc-cc408-hya,data-node-20,9.9.2.157,elasticsearch_os_load5,3.32
2023/4/13 14:02,1681365767,cc-cc408-hya,data-node-20,9.9.2.157,elasticsearch_os_load5,3.47
2023/4/13 14:03,1681365827,cc-cc408-hya,data-node-20,9.9.2.157,elasticsearch_os_load5,3.7
2023/4/13 14:04,1681365887,cc-cc408-hya,data-node-20,9.9.2.157,elasticsearch_os_load5,3.85
2023/4/13 14:05,1681365947,cc-cc408-hya,data-node-20,9.9.2.157,elasticsearch_os_load5,3.94
2023/4/13 14:06,1681366007,cc-cc408-hya,data-node-20,9.9.2.157,elasticsearch_os_load5,3.74
2023/4/13 14:07,1681366067,cc-cc408-hya,data-node-20,9.9.2.157,elasticsearch_os_load5,3.66
2023/4/13 14:08,1681366127,cc-cc408-hya,data-node-20,9.9.2.157,elasticsearch_os_load5,3.57
2023/4/13 14:09,1681366187,cc-cc408-hya,data-node-20,9.9.2.157,elasticsearch_os_load5,4.15
2023/4/13 14:10,1681366247,cc-cc408-hya,data-node-20,9.9.2.157,elasticsearch_os_load5,4.22
2023/4/13 14:11,1681366307,cc-cc408-hya,data-node-20,9.9.2.157,elasticsearch_os_load5,4.37
2023/4/13 14:12,1681366367,cc-cc408-hya,data-node-20,9.9.2.157,elasticsearch_os_load5,4.29
2023/4/13 14:13,1681366427,cc-cc408-hya,data-node-20,9.9.2.157,elasticsearch_os_load5,4.43
2023/4/13 14:14,1681366487,cc-cc408-hya,data-node-20,9.9.2.157,elasticsearch_os_load5,4.67
2023/4/13 14:15,1681366547,cc-cc408-hya,data-node-20,9.9.2.157,elasticsearch_os_load5,4.63
2023/4/13 14:16,1681366607,cc-cc408-hya,data-node-20,9.9.2.157,elasticsearch_os_load5,4.7
2023/4/13 14:17,1681366667,cc-cc408-hya,data-node-20,9.9.2.157,elasticsearch_os_load5,4.74
2023/4/13 14:18,1681366727,cc-cc408-hya,data-node-20,9.9.2.157,elasticsearch_os_load5,5.22
2023/4/13 14:19,1681366787,cc-cc408-hya,data-node-20,9.9.2.157,elasticsearch_os_load5,5.07
2023/4/13 14:20,1681366847,cc-cc408-hya,data-node-20,9.9.2.157,elasticsearch_os_load5,4.79
2023/4/13 14:21,1681366907,cc-cc408-hya,data-node-20,9.9.2.157,elasticsearch_os_load5,4.7
2023/4/13 14:22,1681366967,cc-cc408-hya,data-node-20,9.9.2.157,elasticsearch_os_load5,4.45
2023/4/13 14:23,1681367027,cc-cc408-hya,data-node-20,9.9.2.157,elasticsearch_os_load5,4.41
2023/4/13 14:24,1681367087,cc-cc408-hya,data-node-20,9.9.2.157,elasticsearch_os_load5,4.46
2023/4/13 14:25,1681367147,cc-cc408-hya,data-node-20,9.9.2.157,elasticsearch_os_load5,3.87
2023/4/13 14:26,1681367207,cc-cc408-hya,data-node-20,9.9.2.157,elasticsearch_os_load5,3.98
2023/4/13 14:27,1681367267,cc-cc408-hya,data-node-20,9.9.2.157,elasticsearch_os_load5,4.15
2023/4/13 14:28,1681367327,cc-cc408-hya,data-node-20,9.9.2.157,elasticsearch_os_load5,4.22
2023/4/13 14:29,1681367387,cc-cc408-hya,data-node-20,9.9.2.157,elasticsearch_os_load5,4.68
2023/4/13 14:30,1681367447,cc-cc408-hya,data-node-20,9.9.2.157,elasticsearch_os_load5,4.65
2023/4/13 14:31,1681367507,cc-cc408-hya,data-node-20,9.9.2.157,elasticsearch_os_load5,4.47
2023/4/13 14:32,1681367567,cc-cc408-hya,data-node-20,9.9.2.157,elasticsearch_os_load5,4.44
2023/4/13 14:33,1681367627,cc-cc408-hya,data-node-20,9.9.2.157,elasticsearch_os_load5,4.83
2023/4/13 14:34,1681367687,cc-cc408-hya,data-node-20,9.9.2.157,elasticsearch_os_load5,5.05
2023/4/13 14:35,1681367747,cc-cc408-hya,data-node-20,9.9.2.157,elasticsearch_os_load5,5.01
2023/4/13 14:36,1681367807,cc-cc408-hya,data-node-20,9.9.2.157,elasticsearch_os_load5,4.85
2023/4/13 14:37,1681367867,cc-cc408-hya,data-node-20,9.9.2.157,elasticsearch_os_load5,4.83
2023/4/13 14:38,1681367927,cc-cc408-hya,data-node-20,9.9.2.157,elasticsearch_os_load5,4.59
2023/4/13 14:39,1681367987,cc-cc408-hya,data-node-20,9.9.2.157,elasticsearch_os_load5,4.71
2023/4/13 14:40,1681368047,cc-cc408-hya,data-node-20,9.9.2.157,elasticsearch_os_load5,4.53
2023/4/13 14:41,1681368107,cc-cc408-hya,data-node-20,9.9.2.157,elasticsearch_os_load5,4.27
2023/4/13 14:42,1681368167,cc-cc408-hya,data-node-20,9.9.2.157,elasticsearch_os_load5,4.43
2023/4/13 14:43,1681368227,cc-cc408-hya,data-node-20,9.9.2.157,elasticsearch_os_load5,4.25
2023/4/13 14:44,1681368287,cc-cc408-hya,data-node-20,9.9.2.157,elasticsearch_os_load5,4.45
2023/4/13 14:45,1681368347,cc-cc408-hya,data-node-20,9.9.2.157,elasticsearch_os_load5,4.35
2023/4/13 14:46,1681368407,cc-cc408-hya,data-node-20,9.9.2.157,elasticsearch_os_load5,4.2
2023/4/13 14:47,1681368467,cc-cc408-hya,data-node-20,9.9.2.157,elasticsearch_os_load5,4.18
2023/4/13 14:48,1681368527,cc-cc408-hya,data-node-20,9.9.2.157,elasticsearch_os_load5,4.82
2023/4/13 14:49,1681368587,cc-cc408-hya,data-node-20,9.9.2.157,elasticsearch_os_load5,4.77
2023/4/13 14:50,1681368647,cc-cc408-hya,data-node-20,9.9.2.157,elasticsearch_os_load5,4.64
2023/4/13 14:51,1681368707,cc-cc408-hya,data-node-20,9.9.2.157,elasticsearch_os_load5,4.8
2023/4/13 14:52,1681368767,cc-cc408-hya,data-node-20,9.9.2.157,elasticsearch_os_load5,5.19
2023/4/13 14:53,1681368827,cc-cc408-hya,data-node-20,9.9.2.157,elasticsearch_os_load5,5.22
2023/4/13 14:54,1681368887,cc-cc408-hya,data-node-20,9.9.2.157,elasticsearch_os_load5,4.99
2023/4/13 14:55,1681368947,cc-cc408-hya,data-node-20,9.9.2.157,elasticsearch_os_load5,4.89
2023/4/13 14:56,1681369007,cc-cc408-hya,data-node-20,9.9.2.157,elasticsearch_os_load5,5.24
2023/4/13 14:57,1681369067,cc-cc408-hya,data-node-20,9.9.2.157,elasticsearch_os_load5,5.15
2023/4/13 14:58,1681369127,cc-cc408-hya,data-node-20,9.9.2.157,elasticsearch_os_load5,5.15
2023/4/13 14:59,1681369187,cc-cc408-hya,data-node-20,9.9.2.157,elasticsearch_os_load5,5.26
2023/4/13 15:00,1681369247,cc-cc408-hya,data-node-20,9.9.2.157,elasticsearch_os_load5,5.02
2023/4/13 15:01,1681369307,cc-cc408-hya,data-node-20,9.9.2.157,elasticsearch_os_load5,4.74
2023/4/13 15:02,1681369367,cc-cc408-hya,data-node-20,9.9.2.157,elasticsearch_os_load5,4.55
2023/4/13 15:03,1681369427,cc-cc408-hya,data-node-20,9.9.2.157,elasticsearch_os_load5,4.54
2023/4/13 15:04,1681369487,cc-cc408-hya,data-node-20,9.9.2.157,elasticsearch_os_load5,4.62
2023/4/13 15:05,1681369547,cc-cc408-hya,data-node-20,9.9.2.157,elasticsearch_os_load5,4.9
2023/4/13 15:06,1681369607,cc-cc408-hya,data-node-20,9.9.2.157,elasticsearch_os_load5,5.01
2023/4/13 15:07,1681369667,cc-cc408-hya,data-node-20,9.9.2.157,elasticsearch_os_load5,5.09
2023/4/13 15:08,1681369727,cc-cc408-hya,data-node-20,9.9.2.157,elasticsearch_os_load5,5.01
2023/4/13 15:09,1681369787,cc-cc408-hya,data-node-20,9.9.2.157,elasticsearch_os_load5,5.16
2023/4/13 15:10,1681369847,cc-cc408-hya,data-node-20,9.9.2.157,elasticsearch_os_load5,5.01
2023/4/13 15:11,1681369907,cc-cc408-hya,data-node-20,9.9.2.157,elasticsearch_os_load5,4.84
2023/4/13 15:12,1681369967,cc-cc408-hya,data-node-20,9.9.2.157,elasticsearch_os_load5,5.01
2023/4/13 15:13,1681370027,cc-cc408-hya,data-node-20,9.9.2.157,elasticsearch_os_load5,5.1
2023/4/13 15:14,1681370087,cc-cc408-hya,data-node-20,9.9.2.157,elasticsearch_os_load5,4.9
2023/4/13 15:15,1681370147,cc-cc408-hya,data-node-20,9.9.2.157,elasticsearch_os_load5,5.08
2023/4/13 15:16,1681370207,cc-cc408-hya,data-node-20,9.9.2.157,elasticsearch_os_load5,4.92
2023/4/13 15:17,1681370267,cc-cc408-hya,data-node-20,9.9.2.157,elasticsearch_os_load5,5.17
2023/4/13 15:18,1681370327,cc-cc408-hya,data-node-20,9.9.2.157,elasticsearch_os_load5,5.11
2023/4/13 15:19,1681370387,cc-cc408-hya,data-node-20,9.9.2.157,elasticsearch_os_load5,4.91
2023/4/13 15:20,1681370447,cc-cc408-hya,data-node-20,9.9.2.157,elasticsearch_os_load5,4.77
2023/4/13 15:21,1681370507,cc-cc408-hya,data-node-20,9.9.2.157,elasticsearch_os_load5,4.97
2023/4/13 15:22,1681370567,cc-cc408-hya,data-node-20,9.9.2.157,elasticsearch_os_load5,4.64
2023/4/13 15:23,1681370627,cc-cc408-hya,data-node-20,9.9.2.157,elasticsearch_os_load5,4.37
2023/4/13 15:24,1681370687,cc-cc408-hya,data-node-20,9.9.2.157,elasticsearch_os_load5,4.39
2023/4/13 15:25,1681370747,cc-cc408-hya,data-node-20,9.9.2.157,elasticsearch_os_load5,4.46
2023/4/13 15:26,1681370807,cc-cc408-hya,data-node-20,9.9.2.157,elasticsearch_os_load5,4.57
2023/4/13 15:27,1681370867,cc-cc408-hya,data-node-20,9.9.2.157,elasticsearch_os_load5,4.78
2023/4/13 15:28,1681370927,cc-cc408-hya,data-node-20,9.9.2.157,elasticsearch_os_load5,4.49
2023/4/13 15:29,1681370987,cc-cc408-hya,data-node-20,9.9.2.157,elasticsearch_os_load5,4.3
2023/4/13 15:30,1681371047,cc-cc408-hya,data-node-20,9.9.2.157,elasticsearch_os_load5,4.82
2023/4/13 15:31,1681371107,cc-cc408-hya,data-node-20,9.9.2.157,elasticsearch_os_load5,5.12
2023/4/13 15:32,1681371167,cc-cc408-hya,data-node-20,9.9.2.157,elasticsearch_os_load5,5.22
2023/4/13 15:33,1681371227,cc-cc408-hya,data-node-20,9.9.2.157,elasticsearch_os_load5,5.37
2023/4/13 15:34,1681371287,cc-cc408-hya,data-node-20,9.9.2.157,elasticsearch_os_load5,5.22
2023/4/13 15:35,1681371347,cc-cc408-hya,data-node-20,9.9.2.157,elasticsearch_os_load5,5.19
2023/4/13 15:36,1681371407,cc-cc408-hya,data-node-20,9.9.2.157,elasticsearch_os_load5,5.07
2023/4/13 15:37,1681371467,cc-cc408-hya,data-node-20,9.9.2.157,elasticsearch_os_load5,5.19
2023/4/13 15:38,1681371527,cc-cc408-hya,data-node-20,9.9.2.157,elasticsearch_os_load5,5.51
2023/4/13 15:39,1681371587,cc-cc408-hya,data-node-20,9.9.2.157,elasticsearch_os_load5,5.25
2023/4/13 15:40,1681371647,cc-cc408-hya,data-node-20,9.9.2.157,elasticsearch_os_load5,5.32
2023/4/13 15:41,1681371707,cc-cc408-hya,data-node-20,9.9.2.157,elasticsearch_os_load5,5.39
2023/4/13 15:42,1681371767,cc-cc408-hya,data-node-20,9.9.2.157,elasticsearch_os_load5,5.37
2023/4/13 15:43,1681371827,cc-cc408-hya,data-node-20,9.9.2.157,elasticsearch_os_load5,5.38
2023/4/13 15:44,1681371887,cc-cc408-hya,data-node-20,9.9.2.157,elasticsearch_os_load5,5.22
2023/4/13 15:45,1681371947,cc-cc408-hya,data-node-20,9.9.2.157,elasticsearch_os_load5,5.35
2023/4/13 15:46,1681372007,cc-cc408-hya,data-node-20,9.9.2.157,elasticsearch_os_load5,5.98
2023/4/13 15:47,1681372067,cc-cc408-hya,data-node-20,9.9.2.157,elasticsearch_os_load5,5.87
2023/4/13 15:48,1681372127,cc-cc408-hya,data-node-20,9.9.2.157,elasticsearch_os_load5,5.66
2023/4/13 15:49,1681372187,cc-cc408-hya,data-node-20,9.9.2.157,elasticsearch_os_load5,5.71
2023/4/13 15:50,1681372247,cc-cc408-hya,data-node-20,9.9.2.157,elasticsearch_os_load5,5.23
2023/4/13 15:51,1681372307,cc-cc408-hya,data-node-20,9.9.2.157,elasticsearch_os_load5,4.91
2023/4/13 15:52,1681372367,cc-cc408-hya,data-node-20,9.9.2.157,elasticsearch_os_load5,4.6
2023/4/13 15:53,1681372427,cc-cc408-hya,data-node-20,9.9.2.157,elasticsearch_os_load5,5.02
2023/4/13 15:54,1681372487,cc-cc408-hya,data-node-20,9.9.2.157,elasticsearch_os_load5,4.97
2023/4/13 15:55,1681372547,cc-cc408-hya,data-node-20,9.9.2.157,elasticsearch_os_load5,4.84
2023/4/13 15:56,1681372607,cc-cc408-hya,data-node-20,9.9.2.157,elasticsearch_os_load5,4.69
2023/4/13 15:57,1681372667,cc-cc408-hya,data-node-20,9.9.2.157,elasticsearch_os_load5,4.65
2023/4/13 15:58,1681372727,cc-cc408-hya,data-node-20,9.9.2.157,elasticsearch_os_load5,5.02
2023/4/13 15:59,1681372787,cc-cc408-hya,data-node-20,9.9.2.157,elasticsearch_os_load5,4.98
2023/4/13 16:00,1681372847,cc-cc408-hya,data-node-20,9.9.2.157,elasticsearch_os_load5,5.16
2023/4/13 16:01,1681372907,cc-cc408-hya,data-node-20,9.9.2.157,elasticsearch_os_load5,5.41
2023/4/13 16:02,1681372967,cc-cc408-hya,data-node-20,9.9.2.157,elasticsearch_os_load5,5.58
2023/4/13 16:03,1681373027,cc-cc408-hya,data-node-20,9.9.2.157,elasticsearch_os_load5,5.6
2023/4/13 16:04,1681373087,cc-cc408-hya,data-node-20,9.9.2.157,elasticsearch_os_load5,5.78
2023/4/13 16:05,1681373147,cc-cc408-hya,data-node-20,9.9.2.157,elasticsearch_os_load5,5.74
2023/4/13 16:06,1681373207,cc-cc408-hya,data-node-20,9.9.2.157,elasticsearch_os_load5,6.35
2023/4/13 16:07,1681373267,cc-cc408-hya,data-node-20,9.9.2.157,elasticsearch_os_load5,6.43
2023/4/13 16:08,1681373327,cc-cc408-hya,data-node-20,9.9.2.157,elasticsearch_os_load5,5.95
2023/4/13 16:09,1681373387,cc-cc408-hya,data-node-20,9.9.2.157,elasticsearch_os_load5,6.03
2023/4/13 16:10,1681373447,cc-cc408-hya,data-node-20,9.9.2.157,elasticsearch_os_load5,5.87
2023/4/13 16:11,1681373507,cc-cc408-hya,data-node-20,9.9.2.157,elasticsearch_os_load5,5.78
2023/4/13 16:12,1681373567,cc-cc408-hya,data-node-20,9.9.2.157,elasticsearch_os_load5,5.76
2023/4/13 16:13,1681373627,cc-cc408-hya,data-node-20,9.9.2.157,elasticsearch_os_load5,5.9
2023/4/13 16:14,1681373687,cc-cc408-hya,data-node-20,9.9.2.157,elasticsearch_os_load5,5.91
2023/4/13 16:15,1681373747,cc-cc408-hya,data-node-20,9.9.2.157,elasticsearch_os_load5,6.26
2023/4/13 16:16,1681373807,cc-cc408-hya,data-node-20,9.9.2.157,elasticsearch_os_load5,6.11
2023/4/13 16:17,1681373867,cc-cc408-hya,data-node-20,9.9.2.157,elasticsearch_os_load5,5.9
2023/4/13 16:18,1681373927,cc-cc408-hya,data-node-20,9.9.2.157,elasticsearch_os_load5,5.7
2023/4/13 16:19,1681373987,cc-cc408-hya,data-node-20,9.9.2.157,elasticsearch_os_load5,5.92
2023/4/13 16:20,1681374047,cc-cc408-hya,data-node-20,9.9.2.157,elasticsearch_os_load5,6.04
2023/4/13 16:21,1681374107,cc-cc408-hya,data-node-20,9.9.2.157,elasticsearch_os_load5,6.1
2023/4/13 16:22,1681374167,cc-cc408-hya,data-node-20,9.9.2.157,elasticsearch_os_load5,5.93
2023/4/13 16:23,1681374227,cc-cc408-hya,data-node-20,9.9.2.157,elasticsearch_os_load5,5.71
2023/4/13 16:24,1681374287,cc-cc408-hya,data-node-20,9.9.2.157,elasticsearch_os_load5,5.6
2023/4/13 16:25,1681374347,cc-cc408-hya,data-node-20,9.9.2.157,elasticsearch_os_load5,5.34
2023/4/13 16:26,1681374407,cc-cc408-hya,data-node-20,9.9.2.157,elasticsearch_os_load5,5.14
2023/4/13 16:27,1681374467,cc-cc408-hya,data-node-20,9.9.2.157,elasticsearch_os_load5,5.16
2023/4/13 16:28,1681374527,cc-cc408-hya,data-node-20,9.9.2.157,elasticsearch_os_load5,5.1
2023/4/13 16:29,1681374587,cc-cc408-hya,data-node-20,9.9.2.157,elasticsearch_os_load5,4.99
2023/4/13 16:30,1681374647,cc-cc408-hya,data-node-20,9.9.2.157,elasticsearch_os_load5,5.26
2023/4/13 16:31,1681374707,cc-cc408-hya,data-node-20,9.9.2.157,elasticsearch_os_load5,5.76
2023/4/13 16:32,1681374767,cc-cc408-hya,data-node-20,9.9.2.157,elasticsearch_os_load5,5.94
2023/4/13 16:33,1681374827,cc-cc408-hya,data-node-20,9.9.2.157,elasticsearch_os_load5,5.89
2023/4/13 16:34,1681374887,cc-cc408-hya,data-node-20,9.9.2.157,elasticsearch_os_load5,5.73
2023/4/13 16:35,1681374947,cc-cc408-hya,data-node-20,9.9.2.157,elasticsearch_os_load5,6.69
2023/4/13 16:36,1681375007,cc-cc408-hya,data-node-20,9.9.2.157,elasticsearch_os_load5,6.79
2023/4/13 16:37,1681375067,cc-cc408-hya,data-node-20,9.9.2.157,elasticsearch_os_load5,6.24
2023/4/13 16:38,1681375127,cc-cc408-hya,data-node-20,9.9.2.157,elasticsearch_os_load5,6.14
2023/4/13 16:39,1681375187,cc-cc408-hya,data-node-20,9.9.2.157,elasticsearch_os_load5,6.14
2023/4/13 16:40,1681375247,cc-cc408-hya,data-node-20,9.9.2.157,elasticsearch_os_load5,6.12
2023/4/13 16:41,1681375307,cc-cc408-hya,data-node-20,9.9.2.157,elasticsearch_os_load5,5.93
2023/4/13 16:42,1681375367,cc-cc408-hya,data-node-20,9.9.2.157,elasticsearch_os_load5,5.91
2023/4/13 16:43,1681375427,cc-cc408-hya,data-node-20,9.9.2.157,elasticsearch_os_load5,5.67
2023/4/13 16:44,1681375487,cc-cc408-hya,data-node-20,9.9.2.157,elasticsearch_os_load5,5.51
2023/4/13 16:45,1681375547,cc-cc408-hya,data-node-20,9.9.2.157,elasticsearch_os_load5,5.41
2023/4/13 16:46,1681375607,cc-cc408-hya,data-node-20,9.9.2.157,elasticsearch_os_load5,5.68
2023/4/13 16:47,1681375667,cc-cc408-hya,data-node-20,9.9.2.157,elasticsearch_os_load5,5.5
2023/4/13 16:48,1681375727,cc-cc408-hya,data-node-20,9.9.2.157,elasticsearch_os_load5,5.82
2023/4/13 16:49,1681375787,cc-cc408-hya,data-node-20,9.9.2.157,elasticsearch_os_load5,5.99
2023/4/13 16:50,1681375847,cc-cc408-hya,data-node-20,9.9.2.157,elasticsearch_os_load5,6.35
2023/4/13 16:51,1681375907,cc-cc408-hya,data-node-20,9.9.2.157,elasticsearch_os_load5,6.09
2023/4/13 16:52,1681375967,cc-cc408-hya,data-node-20,9.9.2.157,elasticsearch_os_load5,6.15
2023/4/13 16:53,1681376027,cc-cc408-hya,data-node-20,9.9.2.157,elasticsearch_os_load5,6.46
2023/4/13 16:54,1681376087,cc-cc408-hya,data-node-20,9.9.2.157,elasticsearch_os_load5,6.09
2023/4/13 16:55,1681376147,cc-cc408-hya,data-node-20,9.9.2.157,elasticsearch_os_load5,5.74
2023/4/13 16:56,1681376207,cc-cc408-hya,data-node-20,9.9.2.157,elasticsearch_os_load5,5.58
2023/4/13 16:57,1681376267,cc-cc408-hya,data-node-20,9.9.2.157,elasticsearch_os_load5,5.68
2023/4/13 16:58,1681376327,cc-cc408-hya,data-node-20,9.9.2.157,elasticsearch_os_load5,5.8
2023/4/13 16:59,1681376387,cc-cc408-hya,data-node-20,9.9.2.157,elasticsearch_os_load5,5.71
2023/4/13 17:00,1681376447,cc-cc408-hya,data-node-20,9.9.2.157,elasticsearch_os_load5,6.04
2023/4/13 17:01,1681376507,cc-cc408-hya,data-node-20,9.9.2.157,elasticsearch_os_load5,6.3
2023/4/13 17:02,1681376567,cc-cc408-hya,data-node-20,9.9.2.157,elasticsearch_os_load5,6.48
2023/4/13 17:03,1681376627,cc-cc408-hya,data-node-20,9.9.2.157,elasticsearch_os_load5,6.63
2023/4/13 17:04,1681376687,cc-cc408-hya,data-node-20,9.9.2.157,elasticsearch_os_load5,6.51
2023/4/13 17:05,1681376747,cc-cc408-hya,data-node-20,9.9.2.157,elasticsearch_os_load5,6.33
2023/4/13 17:06,1681376807,cc-cc408-hya,data-node-20,9.9.2.157,elasticsearch_os_load5,6.09
2023/4/13 17:07,1681376867,cc-cc408-hya,data-node-20,9.9.2.157,elasticsearch_os_load5,5.97
2023/4/13 17:08,1681376927,cc-cc408-hya,data-node-20,9.9.2.157,elasticsearch_os_load5,6.07
2023/4/13 17:09,1681376987,cc-cc408-hya,data-node-20,9.9.2.157,elasticsearch_os_load5,5.92
2023/4/13 17:10,1681377047,cc-cc408-hya,data-node-20,9.9.2.157,elasticsearch_os_load5,5.85
2023/4/13 17:11,1681377107,cc-cc408-hya,data-node-20,9.9.2.157,elasticsearch_os_load5,5.84
2023/4/13 17:12,1681377167,cc-cc408-hya,data-node-20,9.9.2.157,elasticsearch_os_load5,5.86
2023/4/13 17:13,1681377227,cc-cc408-hya,data-node-20,9.9.2.157,elasticsearch_os_load5,5.9
2023/4/13 17:14,1681377287,cc-cc408-hya,data-node-20,9.9.2.157,elasticsearch_os_load5,6
2023/4/13 17:15,1681377347,cc-cc408-hya,data-node-20,9.9.2.157,elasticsearch_os_load5,5.91
2023/4/13 17:16,1681377407,cc-cc408-hya,data-node-20,9.9.2.157,elasticsearch_os_load5,5.74
2023/4/13 17:17,1681377467,cc-cc408-hya,data-node-20,9.9.2.157,elasticsearch_os_load5,5.91
2023/4/13 17:18,1681377527,cc-cc408-hya,data-node-20,9.9.2.157,elasticsearch_os_load5,5.99
2023/4/13 17:19,1681377587,cc-cc408-hya,data-node-20,9.9.2.157,elasticsearch_os_load5,6.44
2023/4/13 17:20,1681377647,cc-cc408-hya,data-node-20,9.9.2.157,elasticsearch_os_load5,6.6
2023/4/13 17:21,1681377707,cc-cc408-hya,data-node-20,9.9.2.157,elasticsearch_os_load5,6.5
2023/4/13 17:22,1681377767,cc-cc408-hya,data-node-20,9.9.2.157,elasticsearch_os_load5,6.33
2023/4/13 17:23,1681377827,cc-cc408-hya,data-node-20,9.9.2.157,elasticsearch_os_load5,6.12
2023/4/13 17:24,1681377887,cc-cc408-hya,data-node-20,9.9.2.157,elasticsearch_os_load5,5.86
2023/4/13 17:25,1681377947,cc-cc408-hya,data-node-20,9.9.2.157,elasticsearch_os_load5,5.61
2023/4/13 17:26,1681378007,cc-cc408-hya,data-node-20,9.9.2.157,elasticsearch_os_load5,5.55
2023/4/13 17:27,1681378067,cc-cc408-hya,data-node-20,9.9.2.157,elasticsearch_os_load5,5.86
2023/4/13 17:28,1681378127,cc-cc408-hya,data-node-20,9.9.2.157,elasticsearch_os_load5,6.55
2023/4/13 17:29,1681378187,cc-cc408-hya,data-node-20,9.9.2.157,elasticsearch_os_load5,6.21
2023/4/13 17:30,1681378247,cc-cc408-hya,data-node-20,9.9.2.157,elasticsearch_os_load5,6.16
2023/4/12 17:30,1681291847,cc-cc408-hya,data-node-03,9.9.2.155,elasticsearch_os_load5,5.8
2023/4/12 17:31,1681291907,cc-cc408-hya,data-node-03,9.9.2.155,elasticsearch_os_load5,5.58
2023/4/12 17:32,1681291967,cc-cc408-hya,data-node-03,9.9.2.155,elasticsearch_os_load5,5.31
2023/4/12 17:33,1681292027,cc-cc408-hya,data-node-03,9.9.2.155,elasticsearch_os_load5,5.48
2023/4/12 17:34,1681292087,cc-cc408-hya,data-node-03,9.9.2.155,elasticsearch_os_load5,5.39
2023/4/12 17:35,1681292147,cc-cc408-hya,data-node-03,9.9.2.155,elasticsearch_os_load5,6.04
2023/4/12 17:36,1681292207,cc-cc408-hya,data-node-03,9.9.2.155,elasticsearch_os_load5,5.78
2023/4/12 17:37,1681292267,cc-cc408-hya,data-node-03,9.9.2.155,elasticsearch_os_load5,5.33
2023/4/12 17:38,1681292327,cc-cc408-hya,data-node-03,9.9.2.155,elasticsearch_os_load5,5.15
2023/4/12 17:39,1681292387,cc-cc408-hya,data-node-03,9.9.2.155,elasticsearch_os_load5,5.13
2023/4/12 17:40,1681292447,cc-cc408-hya,data-node-03,9.9.2.155,elasticsearch_os_load5,5.08
2023/4/12 17:41,1681292507,cc-cc408-hya,data-node-03,9.9.2.155,elasticsearch_os_load5,4.97
2023/4/12 17:42,1681292567,cc-cc408-hya,data-node-03,9.9.2.155,elasticsearch_os_load5,5.13
2023/4/12 17:43,1681292627,cc-cc408-hya,data-node-03,9.9.2.155,elasticsearch_os_load5,5
2023/4/12 17:44,1681292687,cc-cc408-hya,data-node-03,9.9.2.155,elasticsearch_os_load5,5.55
2023/4/12 17:45,1681292747,cc-cc408-hya,data-node-03,9.9.2.155,elasticsearch_os_load5,6.04
2023/4/12 17:46,1681292807,cc-cc408-hya,data-node-03,9.9.2.155,elasticsearch_os_load5,5.88
2023/4/12 17:47,1681292867,cc-cc408-hya,data-node-03,9.9.2.155,elasticsearch_os_load5,5.83
2023/4/12 17:48,1681292927,cc-cc408-hya,data-node-03,9.9.2.155,elasticsearch_os_load5,5.6
2023/4/12 17:49,1681292987,cc-cc408-hya,data-node-03,9.9.2.155,elasticsearch_os_load5,5.36
2023/4/12 17:50,1681293047,cc-cc408-hya,data-node-03,9.9.2.155,elasticsearch_os_load5,5.86
2023/4/12 17:51,1681293107,cc-cc408-hya,data-node-03,9.9.2.155,elasticsearch_os_load5,5.66
2023/4/12 17:52,1681293167,cc-cc408-hya,data-node-03,9.9.2.155,elasticsearch_os_load5,5.33
2023/4/12 17:53,1681293227,cc-cc408-hya,data-node-03,9.9.2.155,elasticsearch_os_load5,5.46
2023/4/12 17:54,1681293287,cc-cc408-hya,data-node-03,9.9.2.155,elasticsearch_os_load5,5.25
2023/4/12 17:55,1681293347,cc-cc408-hya,data-node-03,9.9.2.155,elasticsearch_os_load5,5.18
2023/4/12 17:56,1681293407,cc-cc408-hya,data-node-03,9.9.2.155,elasticsearch_os_load5,5.4
2023/4/12 17:57,1681293467,cc-cc408-hya,data-node-03,9.9.2.155,elasticsearch_os_load5,5.77
2023/4/12 17:58,1681293527,cc-cc408-hya,data-node-03,9.9.2.155,elasticsearch_os_load5,6.12
2023/4/12 17:59,1681293587,cc-cc408-hya,data-node-03,9.9.2.155,elasticsearch_os_load5,5.94
2023/4/12 18:00,1681293647,cc-cc408-hya,data-node-03,9.9.2.155,elasticsearch_os_load5,6.06
2023/4/12 18:01,1681293707,cc-cc408-hya,data-node-03,9.9.2.155,elasticsearch_os_load5,5.52
2023/4/12 18:02,1681293767,cc-cc408-hya,data-node-03,9.9.2.155,elasticsearch_os_load5,5.28
2023/4/12 18:03,1681293827,cc-cc408-hya,data-node-03,9.9.2.155,elasticsearch_os_load5,5.16
2023/4/12 18:04,1681293887,cc-cc408-hya,data-node-03,9.9.2.155,elasticsearch_os_load5,4.91
2023/4/12 18:05,1681293947,cc-cc408-hya,data-node-03,9.9.2.155,elasticsearch_os_load5,4.93
2023/4/12 18:06,1681294007,cc-cc408-hya,data-node-03,9.9.2.155,elasticsearch_os_load5,5.13
2023/4/12 18:07,1681294067,cc-cc408-hya,data-node-03,9.9.2.155,elasticsearch_os_load5,5.14
2023/4/12 18:08,1681294127,cc-cc408-hya,data-node-03,9.9.2.155,elasticsearch_os_load5,4.91
2023/4/12 18:09,1681294187,cc-cc408-hya,data-node-03,9.9.2.155,elasticsearch_os_load5,4.94
2023/4/12 18:10,1681294247,cc-cc408-hya,data-node-03,9.9.2.155,elasticsearch_os_load5,4.95
2023/4/12 18:11,1681294307,cc-cc408-hya,data-node-03,9.9.2.155,elasticsearch_os_load5,4.65
2023/4/12 18:12,1681294367,cc-cc408-hya,data-node-03,9.9.2.155,elasticsearch_os_load5,4.46
2023/4/12 18:13,1681294427,cc-cc408-hya,data-node-03,9.9.2.155,elasticsearch_os_load5,4.61
2023/4/12 18:14,1681294487,cc-cc408-hya,data-node-03,9.9.2.155,elasticsearch_os_load5,4.61
2023/4/12 18:15,1681294547,cc-cc408-hya,data-node-03,9.9.2.155,elasticsearch_os_load5,4.61
2023/4/12 18:16,1681294607,cc-cc408-hya,data-node-03,9.9.2.155,elasticsearch_os_load5,4.81
2023/4/12 18:17,1681294667,cc-cc408-hya,data-node-03,9.9.2.155,elasticsearch_os_load5,4.84
2023/4/12 18:18,1681294727,cc-cc408-hya,data-node-03,9.9.2.155,elasticsearch_os_load5,4.83
2023/4/12 18:19,1681294787,cc-cc408-hya,data-node-03,9.9.2.155,elasticsearch_os_load5,4.97
2023/4/12 18:20,1681294847,cc-cc408-hya,data-node-03,9.9.2.155,elasticsearch_os_load5,4.88
2023/4/12 18:21,1681294907,cc-cc408-hya,data-node-03,9.9.2.155,elasticsearch_os_load5,5.12
2023/4/12 18:22,1681294967,cc-cc408-hya,data-node-03,9.9.2.155,elasticsearch_os_load5,5.46
2023/4/12 18:23,1681295027,cc-cc408-hya,data-node-03,9.9.2.155,elasticsearch_os_load5,5.59
2023/4/12 18:24,1681295087,cc-cc408-hya,data-node-03,9.9.2.155,elasticsearch_os_load5,5.11
2023/4/12 18:25,1681295147,cc-cc408-hya,data-node-03,9.9.2.155,elasticsearch_os_load5,4.79
2023/4/12 18:26,1681295207,cc-cc408-hya,data-node-03,9.9.2.155,elasticsearch_os_load5,4.99
2023/4/12 18:27,1681295267,cc-cc408-hya,data-node-03,9.9.2.155,elasticsearch_os_load5,5.06
2023/4/12 18:28,1681295327,cc-cc408-hya,data-node-03,9.9.2.155,elasticsearch_os_load5,5.55
2023/4/12 18:29,1681295387,cc-cc408-hya,data-node-03,9.9.2.155,elasticsearch_os_load5,5.14
2023/4/12 18:30,1681295447,cc-cc408-hya,data-node-03,9.9.2.155,elasticsearch_os_load5,5.33
2023/4/12 18:31,1681295507,cc-cc408-hya,data-node-03,9.9.2.155,elasticsearch_os_load5,5.26
2023/4/12 18:32,1681295567,cc-cc408-hya,data-node-03,9.9.2.155,elasticsearch_os_load5,5.14
2023/4/12 18:33,1681295627,cc-cc408-hya,data-node-03,9.9.2.155,elasticsearch_os_load5,4.93
2023/4/12 18:34,1681295687,cc-cc408-hya,data-node-03,9.9.2.155,elasticsearch_os_load5,4.66
2023/4/12 18:35,1681295747,cc-cc408-hya,data-node-03,9.9.2.155,elasticsearch_os_load5,4.55
2023/4/12 18:36,1681295807,cc-cc408-hya,data-node-03,9.9.2.155,elasticsearch_os_load5,4.72
2023/4/12 18:37,1681295867,cc-cc408-hya,data-node-03,9.9.2.155,elasticsearch_os_load5,4.67
2023/4/12 18:38,1681295927,cc-cc408-hya,data-node-03,9.9.2.155,elasticsearch_os_load5,4.69
2023/4/12 18:39,1681295987,cc-cc408-hya,data-node-03,9.9.2.155,elasticsearch_os_load5,4.6
2023/4/12 18:40,1681296047,cc-cc408-hya,data-node-03,9.9.2.155,elasticsearch_os_load5,4.81
2023/4/12 18:41,1681296107,cc-cc408-hya,data-node-03,9.9.2.155,elasticsearch_os_load5,4.87
2023/4/12 18:42,1681296167,cc-cc408-hya,data-node-03,9.9.2.155,elasticsearch_os_load5,4.92
2023/4/12 18:43,1681296227,cc-cc408-hya,data-node-03,9.9.2.155,elasticsearch_os_load5,4.95
2023/4/12 18:44,1681296287,cc-cc408-hya,data-node-03,9.9.2.155,elasticsearch_os_load5,4.62
2023/4/12 18:45,1681296347,cc-cc408-hya,data-node-03,9.9.2.155,elasticsearch_os_load5,4.37
2023/4/12 18:46,1681296407,cc-cc408-hya,data-node-03,9.9.2.155,elasticsearch_os_load5,4.22
2023/4/12 18:47,1681296467,cc-cc408-hya,data-node-03,9.9.2.155,elasticsearch_os_load5,4.19
2023/4/12 18:48,1681296527,cc-cc408-hya,data-node-03,9.9.2.155,elasticsearch_os_load5,4.06
2023/4/12 18:49,1681296587,cc-cc408-hya,data-node-03,9.9.2.155,elasticsearch_os_load5,3.92
2023/4/12 18:50,1681296647,cc-cc408-hya,data-node-03,9.9.2.155,elasticsearch_os_load5,3.83
2023/4/12 18:51,1681296707,cc-cc408-hya,data-node-03,9.9.2.155,elasticsearch_os_load5,3.93
2023/4/12 18:52,1681296767,cc-cc408-hya,data-node-03,9.9.2.155,elasticsearch_os_load5,4.1
2023/4/12 18:53,1681296827,cc-cc408-hya,data-node-03,9.9.2.155,elasticsearch_os_load5,4.67
2023/4/12 18:54,1681296887,cc-cc408-hya,data-node-03,9.9.2.155,elasticsearch_os_load5,4.52
2023/4/12 18:55,1681296947,cc-cc408-hya,data-node-03,9.9.2.155,elasticsearch_os_load5,4.67
2023/4/12 18:56,1681297007,cc-cc408-hya,data-node-03,9.9.2.155,elasticsearch_os_load5,4.74
2023/4/12 18:57,1681297067,cc-cc408-hya,data-node-03,9.9.2.155,elasticsearch_os_load5,4.84
2023/4/12 18:58,1681297127,cc-cc408-hya,data-node-03,9.9.2.155,elasticsearch_os_load5,4.6
2023/4/12 18:59,1681297187,cc-cc408-hya,data-node-03,9.9.2.155,elasticsearch_os_load5,4.47
2023/4/12 19:00,1681297247,cc-cc408-hya,data-node-03,9.9.2.155,elasticsearch_os_load5,4.4
2023/4/12 19:01,1681297307,cc-cc408-hya,data-node-03,9.9.2.155,elasticsearch_os_load5,4.42
2023/4/12 19:02,1681297367,cc-cc408-hya,data-node-03,9.9.2.155,elasticsearch_os_load5,4.24
2023/4/12 19:03,1681297427,cc-cc408-hya,data-node-03,9.9.2.155,elasticsearch_os_load5,4.24
2023/4/12 19:04,1681297487,cc-cc408-hya,data-node-03,9.9.2.155,elasticsearch_os_load5,4.14
2023/4/12 19:05,1681297547,cc-cc408-hya,data-node-03,9.9.2.155,elasticsearch_os_load5,4.9
2023/4/12 19:06,1681297607,cc-cc408-hya,data-node-03,9.9.2.155,elasticsearch_os_load5,4.81
2023/4/12 19:07,1681297667,cc-cc408-hya,data-node-03,9.9.2.155,elasticsearch_os_load5,4.7
2023/4/12 19:08,1681297727,cc-cc408-hya,data-node-03,9.9.2.155,elasticsearch_os_load5,4.71
2023/4/12 19:09,1681297787,cc-cc408-hya,data-node-03,9.9.2.155,elasticsearch_os_load5,4.53
2023/4/12 19:10,1681297847,cc-cc408-hya,data-node-03,9.9.2.155,elasticsearch_os_load5,4.72
2023/4/12 19:11,1681297907,cc-cc408-hya,data-node-03,9.9.2.155,elasticsearch_os_load5,4.63
2023/4/12 19:12,1681297967,cc-cc408-hya,data-node-03,9.9.2.155,elasticsearch_os_load5,4.41
2023/4/12 19:13,1681298027,cc-cc408-hya,data-node-03,9.9.2.155,elasticsearch_os_load5,4.42
2023/4/12 19:14,1681298087,cc-cc408-hya,data-node-03,9.9.2.155,elasticsearch_os_load5,4.39
2023/4/12 19:15,1681298147,cc-cc408-hya,data-node-03,9.9.2.155,elasticsearch_os_load5,4.37
2023/4/12 19:16,1681298207,cc-cc408-hya,data-node-03,9.9.2.155,elasticsearch_os_load5,4.18
2023/4/12 19:17,1681298267,cc-cc408-hya,data-node-03,9.9.2.155,elasticsearch_os_load5,4.06
2023/4/12 19:18,1681298327,cc-cc408-hya,data-node-03,9.9.2.155,elasticsearch_os_load5,4.31
2023/4/12 19:19,1681298387,cc-cc408-hya,data-node-03,9.9.2.155,elasticsearch_os_load5,4.25
2023/4/12 19:20,1681298447,cc-cc408-hya,data-node-03,9.9.2.155,elasticsearch_os_load5,4.15
2023/4/12 19:21,1681298507,cc-cc408-hya,data-node-03,9.9.2.155,elasticsearch_os_load5,4.17
2023/4/12 19:22,1681298567,cc-cc408-hya,data-node-03,9.9.2.155,elasticsearch_os_load5,4.25
2023/4/12 19:23,1681298627,cc-cc408-hya,data-node-03,9.9.2.155,elasticsearch_os_load5,4.17
2023/4/12 19:24,1681298687,cc-cc408-hya,data-node-03,9.9.2.155,elasticsearch_os_load5,4.25
2023/4/12 19:25,1681298747,cc-cc408-hya,data-node-03,9.9.2.155,elasticsearch_os_load5,4.12
2023/4/12 19:26,1681298807,cc-cc408-hya,data-node-03,9.9.2.155,elasticsearch_os_load5,3.87
2023/4/12 19:27,1681298867,cc-cc408-hya,data-node-03,9.9.2.155,elasticsearch_os_load5,3.96
2023/4/12 19:28,1681298927,cc-cc408-hya,data-node-03,9.9.2.155,elasticsearch_os_load5,3.77
2023/4/12 19:29,1681298987,cc-cc408-hya,data-node-03,9.9.2.155,elasticsearch_os_load5,3.8
2023/4/12 19:30,1681299047,cc-cc408-hya,data-node-03,9.9.2.155,elasticsearch_os_load5,4.08
2023/4/12 19:31,1681299107,cc-cc408-hya,data-node-03,9.9.2.155,elasticsearch_os_load5,4.73
2023/4/12 19:32,1681299167,cc-cc408-hya,data-node-03,9.9.2.155,elasticsearch_os_load5,4.6
2023/4/12 19:33,1681299227,cc-cc408-hya,data-node-03,9.9.2.155,elasticsearch_os_load5,4.43
2023/4/12 19:34,1681299287,cc-cc408-hya,data-node-03,9.9.2.155,elasticsearch_os_load5,4.34
2023/4/12 19:35,1681299347,cc-cc408-hya,data-node-03,9.9.2.155,elasticsearch_os_load5,4.52
2023/4/12 19:36,1681299407,cc-cc408-hya,data-node-03,9.9.2.155,elasticsearch_os_load5,4.3
2023/4/12 19:37,1681299467,cc-cc408-hya,data-node-03,9.9.2.155,elasticsearch_os_load5,4.04
2023/4/12 19:38,1681299527,cc-cc408-hya,data-node-03,9.9.2.155,elasticsearch_os_load5,3.69
2023/4/12 19:39,1681299587,cc-cc408-hya,data-node-03,9.9.2.155,elasticsearch_os_load5,3.56
2023/4/12 19:40,1681299647,cc-cc408-hya,data-node-03,9.9.2.155,elasticsearch_os_load5,3.43
2023/4/12 19:41,1681299707,cc-cc408-hya,data-node-03,9.9.2.155,elasticsearch_os_load5,3.29
2023/4/12 19:42,1681299767,cc-cc408-hya,data-node-03,9.9.2.155,elasticsearch_os_load5,3.18
2023/4/12 19:43,1681299827,cc-cc408-hya,data-node-03,9.9.2.155,elasticsearch_os_load5,3.17
2023/4/12 19:44,1681299887,cc-cc408-hya,data-node-03,9.9.2.155,elasticsearch_os_load5,3.09
2023/4/12 19:45,1681299947,cc-cc408-hya,data-node-03,9.9.2.155,elasticsearch_os_load5,3.05
2023/4/12 19:46,1681300007,cc-cc408-hya,data-node-03,9.9.2.155,elasticsearch_os_load5,3.17
2023/4/12 19:47,1681300067,cc-cc408-hya,data-node-03,9.9.2.155,elasticsearch_os_load5,3.19
2023/4/12 19:48,1681300127,cc-cc408-hya,data-node-03,9.9.2.155,elasticsearch_os_load5,2.99
2023/4/12 19:49,1681300187,cc-cc408-hya,data-node-03,9.9.2.155,elasticsearch_os_load5,3.01
2023/4/12 19:50,1681300247,cc-cc408-hya,data-node-03,9.9.2.155,elasticsearch_os_load5,2.9
2023/4/12 19:51,1681300307,cc-cc408-hya,data-node-03,9.9.2.155,elasticsearch_os_load5,3.1
2023/4/12 19:52,1681300367,cc-cc408-hya,data-node-03,9.9.2.155,elasticsearch_os_load5,3.2
2023/4/12 19:53,1681300427,cc-cc408-hya,data-node-03,9.9.2.155,elasticsearch_os_load5,3.25
2023/4/12 19:54,1681300487,cc-cc408-hya,data-node-03,9.9.2.155,elasticsearch_os_load5,3.08
2023/4/12 19:55,1681300547,cc-cc408-hya,data-node-03,9.9.2.155,elasticsearch_os_load5,2.95
2023/4/12 19:56,1681300607,cc-cc408-hya,data-node-03,9.9.2.155,elasticsearch_os_load5,3.01
2023/4/12 19:57,1681300667,cc-cc408-hya,data-node-03,9.9.2.155,elasticsearch_os_load5,2.86
2023/4/12 19:58,1681300727,cc-cc408-hya,data-node-03,9.9.2.155,elasticsearch_os_load5,2.77
2023/4/12 19:59,1681300787,cc-cc408-hya,data-node-03,9.9.2.155,elasticsearch_os_load5,2.55
2023/4/12 20:00,1681300847,cc-cc408-hya,data-node-03,9.9.2.155,elasticsearch_os_load5,2.36
2023/4/12 20:01,1681300907,cc-cc408-hya,data-node-03,9.9.2.155,elasticsearch_os_load5,2.23
2023/4/12 20:02,1681300967,cc-cc408-hya,data-node-03,9.9.2.155,elasticsearch_os_load5,2.15
2023/4/12 20:03,1681301027,cc-cc408-hya,data-node-03,9.9.2.155,elasticsearch_os_load5,2.39
2023/4/12 20:04,1681301087,cc-cc408-hya,data-node-03,9.9.2.155,elasticsearch_os_load5,2.52
2023/4/12 20:05,1681301147,cc-cc408-hya,data-node-03,9.9.2.155,elasticsearch_os_load5,2.62
2023/4/12 20:06,1681301207,cc-cc408-hya,data-node-03,9.9.2.155,elasticsearch_os_load5,2.6
2023/4/12 20:07,1681301267,cc-cc408-hya,data-node-03,9.9.2.155,elasticsearch_os_load5,2.56
2023/4/12 20:08,1681301327,cc-cc408-hya,data-node-03,9.9.2.155,elasticsearch_os_load5,2.53
2023/4/12 20:09,1681301387,cc-cc408-hya,data-node-03,9.9.2.155,elasticsearch_os_load5,2.32
2023/4/12 20:10,1681301447,cc-cc408-hya,data-node-03,9.9.2.155,elasticsearch_os_load5,2.16
2023/4/12 20:11,1681301507,cc-cc408-hya,data-node-03,9.9.2.155,elasticsearch_os_load5,2.15
2023/4/12 20:12,1681301567,cc-cc408-hya,data-node-03,9.9.2.155,elasticsearch_os_load5,2.45
2023/4/12 20:13,1681301627,cc-cc408-hya,data-node-03,9.9.2.155,elasticsearch_os_load5,2.51
2023/4/12 20:14,1681301687,cc-cc408-hya,data-node-03,9.9.2.155,elasticsearch_os_load5,2.45
2023/4/12 20:15,1681301747,cc-cc408-hya,data-node-03,9.9.2.155,elasticsearch_os_load5,2.44
2023/4/12 20:16,1681301807,cc-cc408-hya,data-node-03,9.9.2.155,elasticsearch_os_load5,2.36
2023/4/12 20:17,1681301867,cc-cc408-hya,data-node-03,9.9.2.155,elasticsearch_os_load5,2.22
2023/4/12 20:18,1681301927,cc-cc408-hya,data-node-03,9.9.2.155,elasticsearch_os_load5,2.16
2023/4/12 20:19,1681301987,cc-cc408-hya,data-node-03,9.9.2.155,elasticsearch_os_load5,2.1
2023/4/12 20:20,1681302047,cc-cc408-hya,data-node-03,9.9.2.155,elasticsearch_os_load5,1.97
2023/4/12 20:21,1681302107,cc-cc408-hya,data-node-03,9.9.2.155,elasticsearch_os_load5,2.1
2023/4/12 20:22,1681302167,cc-cc408-hya,data-node-03,9.9.2.155,elasticsearch_os_load5,1.93
2023/4/12 20:23,1681302227,cc-cc408-hya,data-node-03,9.9.2.155,elasticsearch_os_load5,1.86
2023/4/12 20:24,1681302287,cc-cc408-hya,data-node-03,9.9.2.155,elasticsearch_os_load5,1.71
2023/4/12 20:25,1681302347,cc-cc408-hya,data-node-03,9.9.2.155,elasticsearch_os_load5,1.73
2023/4/12 20:26,1681302407,cc-cc408-hya,data-node-03,9.9.2.155,elasticsearch_os_load5,1.65
2023/4/12 20:27,1681302467,cc-cc408-hya,data-node-03,9.9.2.155,elasticsearch_os_load5,1.54
2023/4/12 20:28,1681302527,cc-cc408-hya,data-node-03,9.9.2.155,elasticsearch_os_load5,1.58
2023/4/12 20:29,1681302587,cc-cc408-hya,data-node-03,9.9.2.155,elasticsearch_os_load5,1.45
2023/4/12 20:30,1681302647,cc-cc408-hya,data-node-03,9.9.2.155,elasticsearch_os_load5,1.42
2023/4/12 20:31,1681302707,cc-cc408-hya,data-node-03,9.9.2.155,elasticsearch_os_load5,1.47
2023/4/12 20:32,1681302767,cc-cc408-hya,data-node-03,9.9.2.155,elasticsearch_os_load5,1.57
2023/4/12 20:33,1681302827,cc-cc408-hya,data-node-03,9.9.2.155,elasticsearch_os_load5,1.67
2023/4/12 20:34,1681302887,cc-cc408-hya,data-node-03,9.9.2.155,elasticsearch_os_load5,1.66
2023/4/12 20:35,1681302947,cc-cc408-hya,data-node-03,9.9.2.155,elasticsearch_os_load5,1.68
2023/4/12 20:36,1681303007,cc-cc408-hya,data-node-03,9.9.2.155,elasticsearch_os_load5,1.66
2023/4/12 20:37,1681303067,cc-cc408-hya,data-node-03,9.9.2.155,elasticsearch_os_load5,1.52
2023/4/12 20:38,1681303127,cc-cc408-hya,data-node-03,9.9.2.155,elasticsearch_os_load5,1.51
2023/4/12 20:39,1681303187,cc-cc408-hya,data-node-03,9.9.2.155,elasticsearch_os_load5,1.42
2023/4/12 20:40,1681303247,cc-cc408-hya,data-node-03,9.9.2.155,elasticsearch_os_load5,1.34
2023/4/12 20:41,1681303307,cc-cc408-hya,data-node-03,9.9.2.155,elasticsearch_os_load5,1.39
2023/4/12 20:42,1681303367,cc-cc408-hya,data-node-03,9.9.2.155,elasticsearch_os_load5,1.28
2023/4/12 20:43,1681303427,cc-cc408-hya,data-node-03,9.9.2.155,elasticsearch_os_load5,1.38
2023/4/12 20:44,1681303487,cc-cc408-hya,data-node-03,9.9.2.155,elasticsearch_os_load5,1.32
2023/4/12 20:45,1681303547,cc-cc408-hya,data-node-03,9.9.2.155,elasticsearch_os_load5,1.25
2023/4/12 20:46,1681303607,cc-cc408-hya,data-node-03,9.9.2.155,elasticsearch_os_load5,1.37
2023/4/12 20:47,1681303667,cc-cc408-hya,data-node-03,9.9.2.155,elasticsearch_os_load5,1.5
2023/4/12 20:48,1681303727,cc-cc408-hya,data-node-03,9.9.2.155,elasticsearch_os_load5,1.41
2023/4/12 20:49,1681303787,cc-cc408-hya,data-node-03,9.9.2.155,elasticsearch_os_load5,1.42
2023/4/12 20:50,1681303847,cc-cc408-hya,data-node-03,9.9.2.155,elasticsearch_os_load5,1.33
2023/4/12 20:51,1681303907,cc-cc408-hya,data-node-03,9.9.2.155,elasticsearch_os_load5,1.16
2023/4/12 20:52,1681303967,cc-cc408-hya,data-node-03,9.9.2.155,elasticsearch_os_load5,1.1
2023/4/12 20:53,1681304027,cc-cc408-hya,data-node-03,9.9.2.155,elasticsearch_os_load5,1.07
2023/4/12 20:54,1681304087,cc-cc408-hya,data-node-03,9.9.2.155,elasticsearch_os_load5,1.05
2023/4/12 20:55,1681304147,cc-cc408-hya,data-node-03,9.9.2.155,elasticsearch_os_load5,1.11
2023/4/12 20:56,1681304207,cc-cc408-hya,data-node-03,9.9.2.155,elasticsearch_os_load5,1.06
2023/4/12 20:57,1681304267,cc-cc408-hya,data-node-03,9.9.2.155,elasticsearch_os_load5,1
2023/4/12 20:58,1681304327,cc-cc408-hya,data-node-03,9.9.2.155,elasticsearch_os_load5,1.08
2023/4/12 20:59,1681304387,cc-cc408-hya,data-node-03,9.9.2.155,elasticsearch_os_load5,1.04
2023/4/12 21:00,1681304447,cc-cc408-hya,data-node-03,9.9.2.155,elasticsearch_os_load5,1.09
2023/4/12 21:01,1681304507,cc-cc408-hya,data-node-03,9.9.2.155,elasticsearch_os_load5,1.01
2023/4/12 21:02,1681304567,cc-cc408-hya,data-node-03,9.9.2.155,elasticsearch_os_load5,1.02
2023/4/12 21:03,1681304627,cc-cc408-hya,data-node-03,9.9.2.155,elasticsearch_os_load5,1.09
2023/4/12 21:04,1681304687,cc-cc408-hya,data-node-03,9.9.2.155,elasticsearch_os_load5,1.02
2023/4/12 21:05,1681304747,cc-cc408-hya,data-node-03,9.9.2.155,elasticsearch_os_load5,1.04
2023/4/12 21:06,1681304807,cc-cc408-hya,data-node-03,9.9.2.155,elasticsearch_os_load5,0.97
2023/4/12 21:07,1681304867,cc-cc408-hya,data-node-03,9.9.2.155,elasticsearch_os_load5,0.93
2023/4/12 21:08,1681304927,cc-cc408-hya,data-node-03,9.9.2.155,elasticsearch_os_load5,0.84
2023/4/12 21:09,1681304987,cc-cc408-hya,data-node-03,9.9.2.155,elasticsearch_os_load5,0.91
2023/4/12 21:10,1681305047,cc-cc408-hya,data-node-03,9.9.2.155,elasticsearch_os_load5,0.89
2023/4/12 21:11,1681305107,cc-cc408-hya,data-node-03,9.9.2.155,elasticsearch_os_load5,1.11
2023/4/12 21:12,1681305167,cc-cc408-hya,data-node-03,9.9.2.155,elasticsearch_os_load5,1.06
2023/4/12 21:13,1681305227,cc-cc408-hya,data-node-03,9.9.2.155,elasticsearch_os_load5,1.04
2023/4/12 21:14,1681305287,cc-cc408-hya,data-node-03,9.9.2.155,elasticsearch_os_load5,0.93
2023/4/12 21:15,1681305347,cc-cc408-hya,data-node-03,9.9.2.155,elasticsearch_os_load5,1.05
2023/4/12 21:16,1681305407,cc-cc408-hya,data-node-03,9.9.2.155,elasticsearch_os_load5,1.28
2023/4/12 21:17,1681305467,cc-cc408-hya,data-node-03,9.9.2.155,elasticsearch_os_load5,1.4
2023/4/12 21:18,1681305527,cc-cc408-hya,data-node-03,9.9.2.155,elasticsearch_os_load5,1.36
2023/4/12 21:19,1681305587,cc-cc408-hya,data-node-03,9.9.2.155,elasticsearch_os_load5,1.41
2023/4/12 21:20,1681305647,cc-cc408-hya,data-node-03,9.9.2.155,elasticsearch_os_load5,1.43
2023/4/12 21:21,1681305707,cc-cc408-hya,data-node-03,9.9.2.155,elasticsearch_os_load5,1.36
2023/4/12 21:22,1681305767,cc-cc408-hya,data-node-03,9.9.2.155,elasticsearch_os_load5,1.18
2023/4/12 21:23,1681305827,cc-cc408-hya,data-node-03,9.9.2.155,elasticsearch_os_load5,1.08
2023/4/12 21:24,1681305887,cc-cc408-hya,data-node-03,9.9.2.155,elasticsearch_os_load5,1.04
2023/4/12 21:25,1681305947,cc-cc408-hya,data-node-03,9.9.2.155,elasticsearch_os_load5,1.03
2023/4/12 21:26,1681306007,cc-cc408-hya,data-node-03,9.9.2.155,elasticsearch_os_load5,1.15
2023/4/12 21:27,1681306067,cc-cc408-hya,data-node-03,9.9.2.155,elasticsearch_os_load5,1.18
2023/4/12 21:28,1681306127,cc-cc408-hya,data-node-03,9.9.2.155,elasticsearch_os_load5,1.21
2023/4/12 21:29,1681306187,cc-cc408-hya,data-node-03,9.9.2.155,elasticsearch_os_load5,1.3
2023/4/12 21:30,1681306247,cc-cc408-hya,data-node-03,9.9.2.155,elasticsearch_os_load5,1.26
2023/4/12 21:31,1681306307,cc-cc408-hya,data-node-03,9.9.2.155,elasticsearch_os_load5,1.2
2023/4/12 21:32,1681306367,cc-cc408-hya,data-node-03,9.9.2.155,elasticsearch_os_load5,1.17
2023/4/12 21:33,1681306427,cc-cc408-hya,data-node-03,9.9.2.155,elasticsearch_os_load5,1.2
2023/4/12 21:34,1681306487,cc-cc408-hya,data-node-03,9.9.2.155,elasticsearch_os_load5,1.1
2023/4/12 21:35,1681306547,cc-cc408-hya,data-node-03,9.9.2.155,elasticsearch_os_load5,1.08
2023/4/12 21:36,1681306607,cc-cc408-hya,data-node-03,9.9.2.155,elasticsearch_os_load5,1.13
2023/4/12 21:37,1681306667,cc-cc408-hya,data-node-03,9.9.2.155,elasticsearch_os_load5,1.14
2023/4/12 21:38,1681306727,cc-cc408-hya,data-node-03,9.9.2.155,elasticsearch_os_load5,1.18
2023/4/12 21:39,1681306787,cc-cc408-hya,data-node-03,9.9.2.155,elasticsearch_os_load5,1.25
2023/4/12 21:40,1681306847,cc-cc408-hya,data-node-03,9.9.2.155,elasticsearch_os_load5,1.26
2023/4/12 21:41,1681306907,cc-cc408-hya,data-node-03,9.9.2.155,elasticsearch_os_load5,1.27
2023/4/12 21:42,1681306967,cc-cc408-hya,data-node-03,9.9.2.155,elasticsearch_os_load5,1.2
2023/4/12 21:43,1681307027,cc-cc408-hya,data-node-03,9.9.2.155,elasticsearch_os_load5,1.14
2023/4/12 21:44,1681307087,cc-cc408-hya,data-node-03,9.9.2.155,elasticsearch_os_load5,1.02
2023/4/12 21:45,1681307147,cc-cc408-hya,data-node-03,9.9.2.155,elasticsearch_os_load5,1.12
2023/4/12 21:46,1681307207,cc-cc408-hya,data-node-03,9.9.2.155,elasticsearch_os_load5,1.14
2023/4/12 21:47,1681307267,cc-cc408-hya,data-node-03,9.9.2.155,elasticsearch_os_load5,1.1
2023/4/12 21:48,1681307327,cc-cc408-hya,data-node-03,9.9.2.155,elasticsearch_os_load5,1.07
2023/4/12 21:49,1681307387,cc-cc408-hya,data-node-03,9.9.2.155,elasticsearch_os_load5,1.01
2023/4/12 21:50,1681307447,cc-cc408-hya,data-node-03,9.9.2.155,elasticsearch_os_load5,0.9
2023/4/12 21:51,1681307507,cc-cc408-hya,data-node-03,9.9.2.155,elasticsearch_os_load5,0.9
2023/4/12 21:52,1681307567,cc-cc408-hya,data-node-03,9.9.2.155,elasticsearch_os_load5,0.89
2023/4/12 21:53,1681307627,cc-cc408-hya,data-node-03,9.9.2.155,elasticsearch_os_load5,0.88
2023/4/12 21:54,1681307687,cc-cc408-hya,data-node-03,9.9.2.155,elasticsearch_os_load5,0.98
2023/4/12 21:55,1681307747,cc-cc408-hya,data-node-03,9.9.2.155,elasticsearch_os_load5,1.01
2023/4/12 21:56,1681307807,cc-cc408-hya,data-node-03,9.9.2.155,elasticsearch_os_load5,1
2023/4/12 21:57,1681307867,cc-cc408-hya,data-node-03,9.9.2.155,elasticsearch_os_load5,1.02
2023/4/12 21:58,1681307927,cc-cc408-hya,data-node-03,9.9.2.155,elasticsearch_os_load5,1.25
2023/4/12 21:59,1681307987,cc-cc408-hya,data-node-03,9.9.2.155,elasticsearch_os_load5,1.31
2023/4/12 22:00,1681308047,cc-cc408-hya,data-node-03,9.9.2.155,elasticsearch_os_load5,1.48
2023/4/12 22:01,1681308107,cc-cc408-hya,data-node-03,9.9.2.155,elasticsearch_os_load5,1.38
2023/4/12 22:02,1681308167,cc-cc408-hya,data-node-03,9.9.2.155,elasticsearch_os_load5,1.31
2023/4/12 22:03,1681308227,cc-cc408-hya,data-node-03,9.9.2.155,elasticsearch_os_load5,1.22
2023/4/12 22:04,1681308287,cc-cc408-hya,data-node-03,9.9.2.155,elasticsearch_os_load5,1.13
2023/4/12 22:05,1681308347,cc-cc408-hya,data-node-03,9.9.2.155,elasticsearch_os_load5,1.18
2023/4/12 22:06,1681308407,cc-cc408-hya,data-node-03,9.9.2.155,elasticsearch_os_load5,1.07
2023/4/12 22:07,1681308467,cc-cc408-hya,data-node-03,9.9.2.155,elasticsearch_os_load5,1.01
2023/4/12 22:08,1681308527,cc-cc408-hya,data-node-03,9.9.2.155,elasticsearch_os_load5,0.94
2023/4/12 22:09,1681308587,cc-cc408-hya,data-node-03,9.9.2.155,elasticsearch_os_load5,0.99
2023/4/12 22:10,1681308647,cc-cc408-hya,data-node-03,9.9.2.155,elasticsearch_os_load5,1.16
2023/4/12 22:11,1681308707,cc-cc408-hya,data-node-03,9.9.2.155,elasticsearch_os_load5,1.27
2023/4/12 22:12,1681308767,cc-cc408-hya,data-node-03,9.9.2.155,elasticsearch_os_load5,1.4
2023/4/12 22:13,1681308827,cc-cc408-hya,data-node-03,9.9.2.155,elasticsearch_os_load5,1.35
2023/4/12 22:14,1681308887,cc-cc408-hya,data-node-03,9.9.2.155,elasticsearch_os_load5,1.36
2023/4/12 22:15,1681308947,cc-cc408-hya,data-node-03,9.9.2.155,elasticsearch_os_load5,1.27
2023/4/12 22:16,1681309007,cc-cc408-hya,data-node-03,9.9.2.155,elasticsearch_os_load5,1.23
2023/4/12 22:17,1681309067,cc-cc408-hya,data-node-03,9.9.2.155,elasticsearch_os_load5,1.39
2023/4/12 22:18,1681309127,cc-cc408-hya,data-node-03,9.9.2.155,elasticsearch_os_load5,1.28
2023/4/12 22:19,1681309187,cc-cc408-hya,data-node-03,9.9.2.155,elasticsearch_os_load5,1.26
2023/4/12 22:20,1681309247,cc-cc408-hya,data-node-03,9.9.2.155,elasticsearch_os_load5,1.21
2023/4/12 22:21,1681309307,cc-cc408-hya,data-node-03,9.9.2.155,elasticsearch_os_load5,1.18
2023/4/12 22:22,1681309367,cc-cc408-hya,data-node-03,9.9.2.155,elasticsearch_os_load5,1.26
2023/4/12 22:23,1681309427,cc-cc408-hya,data-node-03,9.9.2.155,elasticsearch_os_load5,1.31
2023/4/12 22:24,1681309487,cc-cc408-hya,data-node-03,9.9.2.155,elasticsearch_os_load5,1.25
2023/4/12 22:25,1681309547,cc-cc408-hya,data-node-03,9.9.2.155,elasticsearch_os_load5,1.18
2023/4/12 22:26,1681309607,cc-cc408-hya,data-node-03,9.9.2.155,elasticsearch_os_load5,1.2
2023/4/12 22:27,1681309667,cc-cc408-hya,data-node-03,9.9.2.155,elasticsearch_os_load5,1.22
2023/4/12 22:28,1681309727,cc-cc408-hya,data-node-03,9.9.2.155,elasticsearch_os_load5,1.2
2023/4/12 22:29,1681309787,cc-cc408-hya,data-node-03,9.9.2.155,elasticsearch_os_load5,1.85
2023/4/12 22:30,1681309847,cc-cc408-hya,data-node-03,9.9.2.155,elasticsearch_os_load5,1.68
2023/4/12 22:31,1681309907,cc-cc408-hya,data-node-03,9.9.2.155,elasticsearch_os_load5,1.6
2023/4/12 22:32,1681309967,cc-cc408-hya,data-node-03,9.9.2.155,elasticsearch_os_load5,1.46
2023/4/12 22:33,1681310027,cc-cc408-hya,data-node-03,9.9.2.155,elasticsearch_os_load5,1.38
2023/4/12 22:34,1681310087,cc-cc408-hya,data-node-03,9.9.2.155,elasticsearch_os_load5,1.4
2023/4/12 22:35,1681310147,cc-cc408-hya,data-node-03,9.9.2.155,elasticsearch_os_load5,1.37
2023/4/12 22:36,1681310207,cc-cc408-hya,data-node-03,9.9.2.155,elasticsearch_os_load5,1.27
2023/4/12 22:37,1681310267,cc-cc408-hya,data-node-03,9.9.2.155,elasticsearch_os_load5,1.18
2023/4/12 22:38,1681310327,cc-cc408-hya,data-node-03,9.9.2.155,elasticsearch_os_load5,1.1
2023/4/12 22:39,1681310387,cc-cc408-hya,data-node-03,9.9.2.155,elasticsearch_os_load5,1.09
2023/4/12 22:40,1681310447,cc-cc408-hya,data-node-03,9.9.2.155,elasticsearch_os_load5,1.29
2023/4/12 22:41,1681310507,cc-cc408-hya,data-node-03,9.9.2.155,elasticsearch_os_load5,1.34
2023/4/12 22:42,1681310567,cc-cc408-hya,data-node-03,9.9.2.155,elasticsearch_os_load5,1.43
2023/4/12 22:43,1681310627,cc-cc408-hya,data-node-03,9.9.2.155,elasticsearch_os_load5,1.39
2023/4/12 22:44,1681310687,cc-cc408-hya,data-node-03,9.9.2.155,elasticsearch_os_load5,1.31
2023/4/12 22:45,1681310747,cc-cc408-hya,data-node-03,9.9.2.155,elasticsearch_os_load5,1.15
2023/4/12 22:46,1681310807,cc-cc408-hya,data-node-03,9.9.2.155,elasticsearch_os_load5,1.05
2023/4/12 22:47,1681310867,cc-cc408-hya,data-node-03,9.9.2.155,elasticsearch_os_load5,1.07
2023/4/12 22:48,1681310927,cc-cc408-hya,data-node-03,9.9.2.155,elasticsearch_os_load5,1.04
2023/4/12 22:49,1681310987,cc-cc408-hya,data-node-03,9.9.2.155,elasticsearch_os_load5,0.97
2023/4/12 22:50,1681311047,cc-cc408-hya,data-node-03,9.9.2.155,elasticsearch_os_load5,0.9
2023/4/12 22:51,1681311107,cc-cc408-hya,data-node-03,9.9.2.155,elasticsearch_os_load5,0.97
2023/4/12 22:52,1681311167,cc-cc408-hya,data-node-03,9.9.2.155,elasticsearch_os_load5,1.19
2023/4/12 22:53,1681311227,cc-cc408-hya,data-node-03,9.9.2.155,elasticsearch_os_load5,1.2
2023/4/12 22:54,1681311287,cc-cc408-hya,data-node-03,9.9.2.155,elasticsearch_os_load5,1.37
2023/4/12 22:55,1681311347,cc-cc408-hya,data-node-03,9.9.2.155,elasticsearch_os_load5,1.52
2023/4/12 22:56,1681311407,cc-cc408-hya,data-node-03,9.9.2.155,elasticsearch_os_load5,1.35
2023/4/12 22:57,1681311467,cc-cc408-hya,data-node-03,9.9.2.155,elasticsearch_os_load5,1.25
2023/4/12 22:58,1681311527,cc-cc408-hya,data-node-03,9.9.2.155,elasticsearch_os_load5,1.23
2023/4/12 22:59,1681311587,cc-cc408-hya,data-node-03,9.9.2.155,elasticsearch_os_load5,1.2
2023/4/12 23:00,1681311647,cc-cc408-hya,data-node-03,9.9.2.155,elasticsearch_os_load5,1.11
2023/4/12 23:01,1681311707,cc-cc408-hya,data-node-03,9.9.2.155,elasticsearch_os_load5,1.23
2023/4/12 23:02,1681311767,cc-cc408-hya,data-node-03,9.9.2.155,elasticsearch_os_load5,1.32
2023/4/12 23:03,1681311827,cc-cc408-hya,data-node-03,9.9.2.155,elasticsearch_os_load5,1.23
2023/4/12 23:04,1681311887,cc-cc408-hya,data-node-03,9.9.2.155,elasticsearch_os_load5,1.21
2023/4/12 23:05,1681311947,cc-cc408-hya,data-node-03,9.9.2.155,elasticsearch_os_load5,1.16
2023/4/12 23:06,1681312007,cc-cc408-hya,data-node-03,9.9.2.155,elasticsearch_os_load5,1.08
2023/4/12 23:07,1681312067,cc-cc408-hya,data-node-03,9.9.2.155,elasticsearch_os_load5,1.1
2023/4/12 23:08,1681312127,cc-cc408-hya,data-node-03,9.9.2.155,elasticsearch_os_load5,1.21
2023/4/12 23:09,1681312187,cc-cc408-hya,data-node-03,9.9.2.155,elasticsearch_os_load5,1.14
2023/4/12 23:10,1681312247,cc-cc408-hya,data-node-03,9.9.2.155,elasticsearch_os_load5,1.25
2023/4/12 23:11,1681312307,cc-cc408-hya,data-node-03,9.9.2.155,elasticsearch_os_load5,1.13
2023/4/12 23:12,1681312367,cc-cc408-hya,data-node-03,9.9.2.155,elasticsearch_os_load5,1.04
2023/4/12 23:13,1681312427,cc-cc408-hya,data-node-03,9.9.2.155,elasticsearch_os_load5,1.12
2023/4/12 23:14,1681312487,cc-cc408-hya,data-node-03,9.9.2.155,elasticsearch_os_load5,1.07
2023/4/12 23:15,1681312547,cc-cc408-hya,data-node-03,9.9.2.155,elasticsearch_os_load5,1
2023/4/12 23:16,1681312607,cc-cc408-hya,data-node-03,9.9.2.155,elasticsearch_os_load5,1.08
2023/4/12 23:17,1681312667,cc-cc408-hya,data-node-03,9.9.2.155,elasticsearch_os_load5,0.98
2023/4/12 23:18,1681312727,cc-cc408-hya,data-node-03,9.9.2.155,elasticsearch_os_load5,0.97
2023/4/12 23:19,1681312787,cc-cc408-hya,data-node-03,9.9.2.155,elasticsearch_os_load5,0.96
2023/4/12 23:20,1681312847,cc-cc408-hya,data-node-03,9.9.2.155,elasticsearch_os_load5,0.84
2023/4/12 23:21,1681312907,cc-cc408-hya,data-node-03,9.9.2.155,elasticsearch_os_load5,0.83
2023/4/12 23:22,1681312967,cc-cc408-hya,data-node-03,9.9.2.155,elasticsearch_os_load5,0.9
2023/4/12 23:23,1681313027,cc-cc408-hya,data-node-03,9.9.2.155,elasticsearch_os_load5,1.1
2023/4/12 23:24,1681313087,cc-cc408-hya,data-node-03,9.9.2.155,elasticsearch_os_load5,1.03
2023/4/12 23:25,1681313147,cc-cc408-hya,data-node-03,9.9.2.155,elasticsearch_os_load5,1.26
2023/4/12 23:26,1681313207,cc-cc408-hya,data-node-03,9.9.2.155,elasticsearch_os_load5,1.18
2023/4/12 23:27,1681313267,cc-cc408-hya,data-node-03,9.9.2.155,elasticsearch_os_load5,1.33
2023/4/12 23:28,1681313327,cc-cc408-hya,data-node-03,9.9.2.155,elasticsearch_os_load5,1.22
2023/4/12 23:29,1681313387,cc-cc408-hya,data-node-03,9.9.2.155,elasticsearch_os_load5,1.2
2023/4/12 23:30,1681313447,cc-cc408-hya,data-node-03,9.9.2.155,elasticsearch_os_load5,1.14
2023/4/12 23:31,1681313507,cc-cc408-hya,data-node-03,9.9.2.155,elasticsearch_os_load5,0.98
2023/4/12 23:32,1681313567,cc-cc408-hya,data-node-03,9.9.2.155,elasticsearch_os_load5,0.95
2023/4/12 23:33,1681313627,cc-cc408-hya,data-node-03,9.9.2.155,elasticsearch_os_load5,0.84
2023/4/12 23:34,1681313687,cc-cc408-hya,data-node-03,9.9.2.155,elasticsearch_os_load5,0.93
2023/4/12 23:35,1681313747,cc-cc408-hya,data-node-03,9.9.2.155,elasticsearch_os_load5,0.93
2023/4/12 23:36,1681313807,cc-cc408-hya,data-node-03,9.9.2.155,elasticsearch_os_load5,0.96
2023/4/12 23:37,1681313867,cc-cc408-hya,data-node-03,9.9.2.155,elasticsearch_os_load5,0.95
2023/4/12 23:38,1681313927,cc-cc408-hya,data-node-03,9.9.2.155,elasticsearch_os_load5,0.92
2023/4/12 23:39,1681313987,cc-cc408-hya,data-node-03,9.9.2.155,elasticsearch_os_load5,0.89
2023/4/12 23:40,1681314047,cc-cc408-hya,data-node-03,9.9.2.155,elasticsearch_os_load5,0.9
2023/4/12 23:41,1681314107,cc-cc408-hya,data-node-03,9.9.2.155,elasticsearch_os_load5,0.82
2023/4/12 23:42,1681314167,cc-cc408-hya,data-node-03,9.9.2.155,elasticsearch_os_load5,0.96
2023/4/12 23:43,1681314227,cc-cc408-hya,data-node-03,9.9.2.155,elasticsearch_os_load5,0.98
2023/4/12 23:44,1681314287,cc-cc408-hya,data-node-03,9.9.2.155,elasticsearch_os_load5,0.91
2023/4/12 23:45,1681314347,cc-cc408-hya,data-node-03,9.9.2.155,elasticsearch_os_load5,0.78
2023/4/12 23:46,1681314407,cc-cc408-hya,data-node-03,9.9.2.155,elasticsearch_os_load5,0.79
2023/4/12 23:47,1681314467,cc-cc408-hya,data-node-03,9.9.2.155,elasticsearch_os_load5,0.82
2023/4/12 23:48,1681314527,cc-cc408-hya,data-node-03,9.9.2.155,elasticsearch_os_load5,0.7
2023/4/12 23:49,1681314587,cc-cc408-hya,data-node-03,9.9.2.155,elasticsearch_os_load5,0.63
2023/4/12 23:50,1681314647,cc-cc408-hya,data-node-03,9.9.2.155,elasticsearch_os_load5,0.7
2023/4/12 23:51,1681314707,cc-cc408-hya,data-node-03,9.9.2.155,elasticsearch_os_load5,0.68
2023/4/12 23:52,1681314767,cc-cc408-hya,data-node-03,9.9.2.155,elasticsearch_os_load5,0.68
2023/4/12 23:53,1681314827,cc-cc408-hya,data-node-03,9.9.2.155,elasticsearch_os_load5,0.65
2023/4/12 23:54,1681314887,cc-cc408-hya,data-node-03,9.9.2.155,elasticsearch_os_load5,0.65
2023/4/12 23:55,1681314947,cc-cc408-hya,data-node-03,9.9.2.155,elasticsearch_os_load5,0.64
2023/4/12 23:56,1681315007,cc-cc408-hya,data-node-03,9.9.2.155,elasticsearch_os_load5,0.63
2023/4/12 23:57,1681315067,cc-cc408-hya,data-node-03,9.9.2.155,elasticsearch_os_load5,0.59
2023/4/12 23:58,1681315127,cc-cc408-hya,data-node-03,9.9.2.155,elasticsearch_os_load5,0.59
2023/4/12 23:59,1681315187,cc-cc408-hya,data-node-03,9.9.2.155,elasticsearch_os_load5,0.54
2023/4/13 0:00,1681315247,cc-cc408-hya,data-node-03,9.9.2.155,elasticsearch_os_load5,0.49
2023/4/13 0:01,1681315307,cc-cc408-hya,data-node-03,9.9.2.155,elasticsearch_os_load5,0.43
2023/4/13 0:02,1681315367,cc-cc408-hya,data-node-03,9.9.2.155,elasticsearch_os_load5,0.47
2023/4/13 0:03,1681315427,cc-cc408-hya,data-node-03,9.9.2.155,elasticsearch_os_load5,0.47
2023/4/13 0:04,1681315487,cc-cc408-hya,data-node-03,9.9.2.155,elasticsearch_os_load5,0.45
2023/4/13 0:05,1681315547,cc-cc408-hya,data-node-03,9.9.2.155,elasticsearch_os_load5,0.64
2023/4/13 0:06,1681315607,cc-cc408-hya,data-node-03,9.9.2.155,elasticsearch_os_load5,0.78
2023/4/13 0:07,1681315667,cc-cc408-hya,data-node-03,9.9.2.155,elasticsearch_os_load5,0.85
2023/4/13 0:08,1681315727,cc-cc408-hya,data-node-03,9.9.2.155,elasticsearch_os_load5,0.75
2023/4/13 0:09,1681315787,cc-cc408-hya,data-node-03,9.9.2.155,elasticsearch_os_load5,0.73
2023/4/13 0:10,1681315847,cc-cc408-hya,data-node-03,9.9.2.155,elasticsearch_os_load5,0.7
2023/4/13 0:11,1681315907,cc-cc408-hya,data-node-03,9.9.2.155,elasticsearch_os_load5,0.69
2023/4/13 0:12,1681315967,cc-cc408-hya,data-node-03,9.9.2.155,elasticsearch_os_load5,0.71
2023/4/13 0:13,1681316027,cc-cc408-hya,data-node-03,9.9.2.155,elasticsearch_os_load5,0.61
2023/4/13 0:14,1681316087,cc-cc408-hya,data-node-03,9.9.2.155,elasticsearch_os_load5,0.55
2023/4/13 0:15,1681316147,cc-cc408-hya,data-node-03,9.9.2.155,elasticsearch_os_load5,0.52
2023/4/13 0:16,1681316207,cc-cc408-hya,data-node-03,9.9.2.155,elasticsearch_os_load5,0.61
2023/4/13 0:17,1681316267,cc-cc408-hya,data-node-03,9.9.2.155,elasticsearch_os_load5,0.6
2023/4/13 0:18,1681316327,cc-cc408-hya,data-node-03,9.9.2.155,elasticsearch_os_load5,0.78
2023/4/13 0:19,1681316387,cc-cc408-hya,data-node-03,9.9.2.155,elasticsearch_os_load5,0.79
2023/4/13 0:20,1681316447,cc-cc408-hya,data-node-03,9.9.2.155,elasticsearch_os_load5,0.83
2023/4/13 0:21,1681316507,cc-cc408-hya,data-node-03,9.9.2.155,elasticsearch_os_load5,0.86
2023/4/13 0:22,1681316567,cc-cc408-hya,data-node-03,9.9.2.155,elasticsearch_os_load5,0.89
2023/4/13 0:23,1681316627,cc-cc408-hya,data-node-03,9.9.2.155,elasticsearch_os_load5,0.91
2023/4/13 0:24,1681316687,cc-cc408-hya,data-node-03,9.9.2.155,elasticsearch_os_load5,1.02
2023/4/13 0:25,1681316747,cc-cc408-hya,data-node-03,9.9.2.155,elasticsearch_os_load5,1.24
2023/4/13 0:26,1681316807,cc-cc408-hya,data-node-03,9.9.2.155,elasticsearch_os_load5,1.16
2023/4/13 0:27,1681316867,cc-cc408-hya,data-node-03,9.9.2.155,elasticsearch_os_load5,1.2
2023/4/13 0:28,1681316927,cc-cc408-hya,data-node-03,9.9.2.155,elasticsearch_os_load5,1.22
2023/4/13 0:29,1681316987,cc-cc408-hya,data-node-03,9.9.2.155,elasticsearch_os_load5,1.14
2023/4/13 0:30,1681317047,cc-cc408-hya,data-node-03,9.9.2.155,elasticsearch_os_load5,1.14
2023/4/13 0:31,1681317107,cc-cc408-hya,data-node-03,9.9.2.155,elasticsearch_os_load5,1.08
2023/4/13 0:32,1681317167,cc-cc408-hya,data-node-03,9.9.2.155,elasticsearch_os_load5,1.13
2023/4/13 0:33,1681317227,cc-cc408-hya,data-node-03,9.9.2.155,elasticsearch_os_load5,1.16
2023/4/13 0:34,1681317287,cc-cc408-hya,data-node-03,9.9.2.155,elasticsearch_os_load5,1.16
2023/4/13 0:35,1681317347,cc-cc408-hya,data-node-03,9.9.2.155,elasticsearch_os_load5,1.14
2023/4/13 0:36,1681317407,cc-cc408-hya,data-node-03,9.9.2.155,elasticsearch_os_load5,1.12
2023/4/13 0:37,1681317467,cc-cc408-hya,data-node-03,9.9.2.155,elasticsearch_os_load5,1.13
2023/4/13 0:38,1681317527,cc-cc408-hya,data-node-03,9.9.2.155,elasticsearch_os_load5,1.07
2023/4/13 0:39,1681317587,cc-cc408-hya,data-node-03,9.9.2.155,elasticsearch_os_load5,1.15
2023/4/13 0:40,1681317647,cc-cc408-hya,data-node-03,9.9.2.155,elasticsearch_os_load5,1.14
2023/4/13 0:41,1681317707,cc-cc408-hya,data-node-03,9.9.2.155,elasticsearch_os_load5,1.02
2023/4/13 0:42,1681317767,cc-cc408-hya,data-node-03,9.9.2.155,elasticsearch_os_load5,1.03
2023/4/13 0:43,1681317827,cc-cc408-hya,data-node-03,9.9.2.155,elasticsearch_os_load5,1.02
2023/4/13 0:44,1681317887,cc-cc408-hya,data-node-03,9.9.2.155,elasticsearch_os_load5,1.72
2023/4/13 0:45,1681317947,cc-cc408-hya,data-node-03,9.9.2.155,elasticsearch_os_load5,1.57
2023/4/13 0:46,1681318007,cc-cc408-hya,data-node-03,9.9.2.155,elasticsearch_os_load5,1.48
2023/4/13 0:47,1681318067,cc-cc408-hya,data-node-03,9.9.2.155,elasticsearch_os_load5,1.37
2023/4/13 0:48,1681318127,cc-cc408-hya,data-node-03,9.9.2.155,elasticsearch_os_load5,1.49
2023/4/13 0:49,1681318187,cc-cc408-hya,data-node-03,9.9.2.155,elasticsearch_os_load5,1.63
2023/4/13 0:50,1681318247,cc-cc408-hya,data-node-03,9.9.2.155,elasticsearch_os_load5,1.6
2023/4/13 0:51,1681318307,cc-cc408-hya,data-node-03,9.9.2.155,elasticsearch_os_load5,1.43
2023/4/13 0:52,1681318367,cc-cc408-hya,data-node-03,9.9.2.155,elasticsearch_os_load5,1.33
2023/4/13 0:53,1681318427,cc-cc408-hya,data-node-03,9.9.2.155,elasticsearch_os_load5,1.33
2023/4/13 0:54,1681318487,cc-cc408-hya,data-node-03,9.9.2.155,elasticsearch_os_load5,1.36
2023/4/13 0:55,1681318547,cc-cc408-hya,data-node-03,9.9.2.155,elasticsearch_os_load5,1.24
2023/4/13 0:56,1681318607,cc-cc408-hya,data-node-03,9.9.2.155,elasticsearch_os_load5,1.18
2023/4/13 0:57,1681318667,cc-cc408-hya,data-node-03,9.9.2.155,elasticsearch_os_load5,1.12
2023/4/13 0:58,1681318727,cc-cc408-hya,data-node-03,9.9.2.155,elasticsearch_os_load5,1
2023/4/13 0:59,1681318787,cc-cc408-hya,data-node-03,9.9.2.155,elasticsearch_os_load5,1.06
2023/4/13 1:00,1681318847,cc-cc408-hya,data-node-03,9.9.2.155,elasticsearch_os_load5,1.23
2023/4/13 1:01,1681318907,cc-cc408-hya,data-node-03,9.9.2.155,elasticsearch_os_load5,1.28
2023/4/13 1:02,1681318967,cc-cc408-hya,data-node-03,9.9.2.155,elasticsearch_os_load5,1.36
2023/4/13 1:03,1681319027,cc-cc408-hya,data-node-03,9.9.2.155,elasticsearch_os_load5,1.27
2023/4/13 1:04,1681319087,cc-cc408-hya,data-node-03,9.9.2.155,elasticsearch_os_load5,1.51
2023/4/13 1:05,1681319147,cc-cc408-hya,data-node-03,9.9.2.155,elasticsearch_os_load5,1.44
2023/4/13 1:06,1681319207,cc-cc408-hya,data-node-03,9.9.2.155,elasticsearch_os_load5,1.37
2023/4/13 1:07,1681319267,cc-cc408-hya,data-node-03,9.9.2.155,elasticsearch_os_load5,1.37
2023/4/13 1:08,1681319327,cc-cc408-hya,data-node-03,9.9.2.155,elasticsearch_os_load5,1.32
2023/4/13 1:09,1681319387,cc-cc408-hya,data-node-03,9.9.2.155,elasticsearch_os_load5,1.4
2023/4/13 1:10,1681319447,cc-cc408-hya,data-node-03,9.9.2.155,elasticsearch_os_load5,1.36
2023/4/13 1:11,1681319507,cc-cc408-hya,data-node-03,9.9.2.155,elasticsearch_os_load5,1.32
2023/4/13 1:12,1681319567,cc-cc408-hya,data-node-03,9.9.2.155,elasticsearch_os_load5,1.25
2023/4/13 1:13,1681319627,cc-cc408-hya,data-node-03,9.9.2.155,elasticsearch_os_load5,1.2
2023/4/13 1:14,1681319687,cc-cc408-hya,data-node-03,9.9.2.155,elasticsearch_os_load5,1.14
2023/4/13 1:15,1681319747,cc-cc408-hya,data-node-03,9.9.2.155,elasticsearch_os_load5,1.1
2023/4/13 1:16,1681319807,cc-cc408-hya,data-node-03,9.9.2.155,elasticsearch_os_load5,1.03
2023/4/13 1:17,1681319867,cc-cc408-hya,data-node-03,9.9.2.155,elasticsearch_os_load5,0.99
2023/4/13 1:18,1681319927,cc-cc408-hya,data-node-03,9.9.2.155,elasticsearch_os_load5,0.96
2023/4/13 1:19,1681319987,cc-cc408-hya,data-node-03,9.9.2.155,elasticsearch_os_load5,0.94
2023/4/13 1:20,1681320047,cc-cc408-hya,data-node-03,9.9.2.155,elasticsearch_os_load5,0.91
2023/4/13 1:21,1681320107,cc-cc408-hya,data-node-03,9.9.2.155,elasticsearch_os_load5,0.85
2023/4/13 1:22,1681320167,cc-cc408-hya,data-node-03,9.9.2.155,elasticsearch_os_load5,0.72
2023/4/13 1:23,1681320227,cc-cc408-hya,data-node-03,9.9.2.155,elasticsearch_os_load5,0.62
2023/4/13 1:24,1681320287,cc-cc408-hya,data-node-03,9.9.2.155,elasticsearch_os_load5,0.6
2023/4/13 1:25,1681320347,cc-cc408-hya,data-node-03,9.9.2.155,elasticsearch_os_load5,0.52
2023/4/13 1:26,1681320407,cc-cc408-hya,data-node-03,9.9.2.155,elasticsearch_os_load5,0.47
2023/4/13 1:27,1681320467,cc-cc408-hya,data-node-03,9.9.2.155,elasticsearch_os_load5,0.43
2023/4/13 1:28,1681320527,cc-cc408-hya,data-node-03,9.9.2.155,elasticsearch_os_load5,0.47
2023/4/13 1:29,1681320587,cc-cc408-hya,data-node-03,9.9.2.155,elasticsearch_os_load5,0.38
2023/4/13 1:30,1681320647,cc-cc408-hya,data-node-03,9.9.2.155,elasticsearch_os_load5,0.51
2023/4/13 1:31,1681320707,cc-cc408-hya,data-node-03,9.9.2.155,elasticsearch_os_load5,0.83
2023/4/13 1:32,1681320767,cc-cc408-hya,data-node-03,9.9.2.155,elasticsearch_os_load5,1.02
2023/4/13 1:33,1681320827,cc-cc408-hya,data-node-03,9.9.2.155,elasticsearch_os_load5,0.89
2023/4/13 1:34,1681320887,cc-cc408-hya,data-node-03,9.9.2.155,elasticsearch_os_load5,0.76
2023/4/13 1:35,1681320947,cc-cc408-hya,data-node-03,9.9.2.155,elasticsearch_os_load5,0.75
2023/4/13 1:36,1681321007,cc-cc408-hya,data-node-03,9.9.2.155,elasticsearch_os_load5,0.68
2023/4/13 1:37,1681321067,cc-cc408-hya,data-node-03,9.9.2.155,elasticsearch_os_load5,0.61
2023/4/13 1:38,1681321127,cc-cc408-hya,data-node-03,9.9.2.155,elasticsearch_os_load5,0.58
2023/4/13 1:39,1681321187,cc-cc408-hya,data-node-03,9.9.2.155,elasticsearch_os_load5,0.58
2023/4/13 1:40,1681321247,cc-cc408-hya,data-node-03,9.9.2.155,elasticsearch_os_load5,0.59
2023/4/13 1:41,1681321307,cc-cc408-hya,data-node-03,9.9.2.155,elasticsearch_os_load5,0.6
2023/4/13 1:42,1681321367,cc-cc408-hya,data-node-03,9.9.2.155,elasticsearch_os_load5,0.54
2023/4/13 1:43,1681321427,cc-cc408-hya,data-node-03,9.9.2.155,elasticsearch_os_load5,0.67
2023/4/13 1:44,1681321487,cc-cc408-hya,data-node-03,9.9.2.155,elasticsearch_os_load5,0.68
2023/4/13 1:45,1681321547,cc-cc408-hya,data-node-03,9.9.2.155,elasticsearch_os_load5,0.66
2023/4/13 1:46,1681321607,cc-cc408-hya,data-node-03,9.9.2.155,elasticsearch_os_load5,0.65
2023/4/13 1:47,1681321667,cc-cc408-hya,data-node-03,9.9.2.155,elasticsearch_os_load5,0.6
2023/4/13 1:48,1681321727,cc-cc408-hya,data-node-03,9.9.2.155,elasticsearch_os_load5,0.59
2023/4/13 1:49,1681321787,cc-cc408-hya,data-node-03,9.9.2.155,elasticsearch_os_load5,0.56
2023/4/13 1:50,1681321847,cc-cc408-hya,data-node-03,9.9.2.155,elasticsearch_os_load5,0.53
2023/4/13 1:51,1681321907,cc-cc408-hya,data-node-03,9.9.2.155,elasticsearch_os_load5,0.53
2023/4/13 1:52,1681321967,cc-cc408-hya,data-node-03,9.9.2.155,elasticsearch_os_load5,0.54
2023/4/13 1:53,1681322027,cc-cc408-hya,data-node-03,9.9.2.155,elasticsearch_os_load5,0.51
2023/4/13 1:54,1681322087,cc-cc408-hya,data-node-03,9.9.2.155,elasticsearch_os_load5,0.49
2023/4/13 1:55,1681322147,cc-cc408-hya,data-node-03,9.9.2.155,elasticsearch_os_load5,0.54
2023/4/13 1:56,1681322207,cc-cc408-hya,data-node-03,9.9.2.155,elasticsearch_os_load5,0.46
2023/4/13 1:57,1681322267,cc-cc408-hya,data-node-03,9.9.2.155,elasticsearch_os_load5,0.4
2023/4/13 1:58,1681322327,cc-cc408-hya,data-node-03,9.9.2.155,elasticsearch_os_load5,0.37
2023/4/13 1:59,1681322387,cc-cc408-hya,data-node-03,9.9.2.155,elasticsearch_os_load5,0.35
2023/4/13 2:00,1681322447,cc-cc408-hya,data-node-03,9.9.2.155,elasticsearch_os_load5,0.31
2023/4/13 2:01,1681322507,cc-cc408-hya,data-node-03,9.9.2.155,elasticsearch_os_load5,0.31
2023/4/13 2:02,1681322567,cc-cc408-hya,data-node-03,9.9.2.155,elasticsearch_os_load5,0.27
2023/4/13 2:03,1681322627,cc-cc408-hya,data-node-03,9.9.2.155,elasticsearch_os_load5,0.27
2023/4/13 2:04,1681322687,cc-cc408-hya,data-node-03,9.9.2.155,elasticsearch_os_load5,0.27
2023/4/13 2:05,1681322747,cc-cc408-hya,data-node-03,9.9.2.155,elasticsearch_os_load5,0.24
2023/4/13 2:06,1681322807,cc-cc408-hya,data-node-03,9.9.2.155,elasticsearch_os_load5,0.29
2023/4/13 2:07,1681322867,cc-cc408-hya,data-node-03,9.9.2.155,elasticsearch_os_load5,0.29
2023/4/13 2:08,1681322927,cc-cc408-hya,data-node-03,9.9.2.155,elasticsearch_os_load5,0.28
2023/4/13 2:09,1681322987,cc-cc408-hya,data-node-03,9.9.2.155,elasticsearch_os_load5,0.28
2023/4/13 2:10,1681323047,cc-cc408-hya,data-node-03,9.9.2.155,elasticsearch_os_load5,0.26
2023/4/13 2:11,1681323107,cc-cc408-hya,data-node-03,9.9.2.155,elasticsearch_os_load5,0.22
2023/4/13 2:12,1681323167,cc-cc408-hya,data-node-03,9.9.2.155,elasticsearch_os_load5,0.39
2023/4/13 2:13,1681323227,cc-cc408-hya,data-node-03,9.9.2.155,elasticsearch_os_load5,0.52
2023/4/13 2:14,1681323287,cc-cc408-hya,data-node-03,9.9.2.155,elasticsearch_os_load5,0.67
2023/4/13 2:15,1681323347,cc-cc408-hya,data-node-03,9.9.2.155,elasticsearch_os_load5,0.58
2023/4/13 2:16,1681323407,cc-cc408-hya,data-node-03,9.9.2.155,elasticsearch_os_load5,0.52
2023/4/13 2:17,1681323467,cc-cc408-hya,data-node-03,9.9.2.155,elasticsearch_os_load5,0.51
2023/4/13 2:18,1681323527,cc-cc408-hya,data-node-03,9.9.2.155,elasticsearch_os_load5,0.47
2023/4/13 2:19,1681323587,cc-cc408-hya,data-node-03,9.9.2.155,elasticsearch_os_load5,0.42
2023/4/13 2:20,1681323647,cc-cc408-hya,data-node-03,9.9.2.155,elasticsearch_os_load5,0.4
2023/4/13 2:21,1681323707,cc-cc408-hya,data-node-03,9.9.2.155,elasticsearch_os_load5,0.4
2023/4/13 2:22,1681323767,cc-cc408-hya,data-node-03,9.9.2.155,elasticsearch_os_load5,0.39
2023/4/13 2:23,1681323827,cc-cc408-hya,data-node-03,9.9.2.155,elasticsearch_os_load5,0.39
2023/4/13 2:24,1681323887,cc-cc408-hya,data-node-03,9.9.2.155,elasticsearch_os_load5,0.43
2023/4/13 2:25,1681323947,cc-cc408-hya,data-node-03,9.9.2.155,elasticsearch_os_load5,0.5
2023/4/13 2:26,1681324007,cc-cc408-hya,data-node-03,9.9.2.155,elasticsearch_os_load5,0.58
2023/4/13 2:27,1681324067,cc-cc408-hya,data-node-03,9.9.2.155,elasticsearch_os_load5,0.55
2023/4/13 2:28,1681324127,cc-cc408-hya,data-node-03,9.9.2.155,elasticsearch_os_load5,0.57
2023/4/13 2:29,1681324187,cc-cc408-hya,data-node-03,9.9.2.155,elasticsearch_os_load5,0.74
2023/4/13 2:30,1681324247,cc-cc408-hya,data-node-03,9.9.2.155,elasticsearch_os_load5,0.7
2023/4/13 2:31,1681324307,cc-cc408-hya,data-node-03,9.9.2.155,elasticsearch_os_load5,0.69
2023/4/13 2:32,1681324367,cc-cc408-hya,data-node-03,9.9.2.155,elasticsearch_os_load5,0.65
2023/4/13 2:33,1681324427,cc-cc408-hya,data-node-03,9.9.2.155,elasticsearch_os_load5,0.71
2023/4/13 2:34,1681324487,cc-cc408-hya,data-node-03,9.9.2.155,elasticsearch_os_load5,0.66
2023/4/13 2:35,1681324547,cc-cc408-hya,data-node-03,9.9.2.155,elasticsearch_os_load5,0.58
2023/4/13 2:36,1681324607,cc-cc408-hya,data-node-03,9.9.2.155,elasticsearch_os_load5,0.54
2023/4/13 2:37,1681324667,cc-cc408-hya,data-node-03,9.9.2.155,elasticsearch_os_load5,0.53
2023/4/13 2:38,1681324727,cc-cc408-hya,data-node-03,9.9.2.155,elasticsearch_os_load5,0.56
2023/4/13 2:39,1681324787,cc-cc408-hya,data-node-03,9.9.2.155,elasticsearch_os_load5,0.53
2023/4/13 2:40,1681324847,cc-cc408-hya,data-node-03,9.9.2.155,elasticsearch_os_load5,0.46
2023/4/13 2:41,1681324907,cc-cc408-hya,data-node-03,9.9.2.155,elasticsearch_os_load5,0.42
2023/4/13 2:42,1681324967,cc-cc408-hya,data-node-03,9.9.2.155,elasticsearch_os_load5,0.36
2023/4/13 2:43,1681325027,cc-cc408-hya,data-node-03,9.9.2.155,elasticsearch_os_load5,0.34
2023/4/13 2:44,1681325087,cc-cc408-hya,data-node-03,9.9.2.155,elasticsearch_os_load5,0.35
2023/4/13 2:45,1681325147,cc-cc408-hya,data-node-03,9.9.2.155,elasticsearch_os_load5,0.38
2023/4/13 2:46,1681325207,cc-cc408-hya,data-node-03,9.9.2.155,elasticsearch_os_load5,0.36
2023/4/13 2:47,1681325267,cc-cc408-hya,data-node-03,9.9.2.155,elasticsearch_os_load5,0.32
2023/4/13 2:48,1681325327,cc-cc408-hya,data-node-03,9.9.2.155,elasticsearch_os_load5,0.29
2023/4/13 2:49,1681325387,cc-cc408-hya,data-node-03,9.9.2.155,elasticsearch_os_load5,0.25
2023/4/13 2:50,1681325447,cc-cc408-hya,data-node-03,9.9.2.155,elasticsearch_os_load5,0.22
2023/4/13 2:51,1681325507,cc-cc408-hya,data-node-03,9.9.2.155,elasticsearch_os_load5,0.19
2023/4/13 2:52,1681325567,cc-cc408-hya,data-node-03,9.9.2.155,elasticsearch_os_load5,0.2
2023/4/13 2:53,1681325627,cc-cc408-hya,data-node-03,9.9.2.155,elasticsearch_os_load5,0.23
2023/4/13 2:54,1681325687,cc-cc408-hya,data-node-03,9.9.2.155,elasticsearch_os_load5,0.2
2023/4/13 2:55,1681325747,cc-cc408-hya,data-node-03,9.9.2.155,elasticsearch_os_load5,0.44
2023/4/13 2:56,1681325807,cc-cc408-hya,data-node-03,9.9.2.155,elasticsearch_os_load5,0.59
2023/4/13 2:57,1681325867,cc-cc408-hya,data-node-03,9.9.2.155,elasticsearch_os_load5,0.69
2023/4/13 2:58,1681325927,cc-cc408-hya,data-node-03,9.9.2.155,elasticsearch_os_load5,0.65
2023/4/13 2:59,1681325987,cc-cc408-hya,data-node-03,9.9.2.155,elasticsearch_os_load5,0.57
2023/4/13 3:00,1681326047,cc-cc408-hya,data-node-03,9.9.2.155,elasticsearch_os_load5,0.47
2023/4/13 3:01,1681326107,cc-cc408-hya,data-node-03,9.9.2.155,elasticsearch_os_load5,0.39
2023/4/13 3:02,1681326167,cc-cc408-hya,data-node-03,9.9.2.155,elasticsearch_os_load5,0.35
2023/4/13 3:03,1681326227,cc-cc408-hya,data-node-03,9.9.2.155,elasticsearch_os_load5,0.39
2023/4/13 3:04,1681326287,cc-cc408-hya,data-node-03,9.9.2.155,elasticsearch_os_load5,0.35
2023/4/13 3:05,1681326347,cc-cc408-hya,data-node-03,9.9.2.155,elasticsearch_os_load5,0.37
2023/4/13 3:06,1681326407,cc-cc408-hya,data-node-03,9.9.2.155,elasticsearch_os_load5,0.44
2023/4/13 3:07,1681326467,cc-cc408-hya,data-node-03,9.9.2.155,elasticsearch_os_load5,0.47
2023/4/13 3:08,1681326527,cc-cc408-hya,data-node-03,9.9.2.155,elasticsearch_os_load5,0.49
2023/4/13 3:09,1681326587,cc-cc408-hya,data-node-03,9.9.2.155,elasticsearch_os_load5,0.52
2023/4/13 3:10,1681326647,cc-cc408-hya,data-node-03,9.9.2.155,elasticsearch_os_load5,0.6
2023/4/13 3:11,1681326707,cc-cc408-hya,data-node-03,9.9.2.155,elasticsearch_os_load5,0.57
2023/4/13 3:12,1681326767,cc-cc408-hya,data-node-03,9.9.2.155,elasticsearch_os_load5,0.57
2023/4/13 3:13,1681326827,cc-cc408-hya,data-node-03,9.9.2.155,elasticsearch_os_load5,0.5
2023/4/13 3:14,1681326887,cc-cc408-hya,data-node-03,9.9.2.155,elasticsearch_os_load5,0.53
2023/4/13 3:15,1681326947,cc-cc408-hya,data-node-03,9.9.2.155,elasticsearch_os_load5,0.75
2023/4/13 3:16,1681327007,cc-cc408-hya,data-node-03,9.9.2.155,elasticsearch_os_load5,0.69
2023/4/13 3:17,1681327067,cc-cc408-hya,data-node-03,9.9.2.155,elasticsearch_os_load5,0.66
2023/4/13 3:18,1681327127,cc-cc408-hya,data-node-03,9.9.2.155,elasticsearch_os_load5,0.57
2023/4/13 3:19,1681327187,cc-cc408-hya,data-node-03,9.9.2.155,elasticsearch_os_load5,0.49
2023/4/13 3:20,1681327247,cc-cc408-hya,data-node-03,9.9.2.155,elasticsearch_os_load5,0.43
2023/4/13 3:21,1681327307,cc-cc408-hya,data-node-03,9.9.2.155,elasticsearch_os_load5,0.37
2023/4/13 3:22,1681327367,cc-cc408-hya,data-node-03,9.9.2.155,elasticsearch_os_load5,0.35
2023/4/13 3:23,1681327427,cc-cc408-hya,data-node-03,9.9.2.155,elasticsearch_os_load5,0.41
2023/4/13 3:24,1681327487,cc-cc408-hya,data-node-03,9.9.2.155,elasticsearch_os_load5,0.33
2023/4/13 3:25,1681327547,cc-cc408-hya,data-node-03,9.9.2.155,elasticsearch_os_load5,0.27
2023/4/13 3:26,1681327607,cc-cc408-hya,data-node-03,9.9.2.155,elasticsearch_os_load5,0.25
2023/4/13 3:27,1681327667,cc-cc408-hya,data-node-03,9.9.2.155,elasticsearch_os_load5,0.28
2023/4/13 3:28,1681327727,cc-cc408-hya,data-node-03,9.9.2.155,elasticsearch_os_load5,0.26
2023/4/13 3:29,1681327787,cc-cc408-hya,data-node-03,9.9.2.155,elasticsearch_os_load5,0.22
2023/4/13 3:30,1681327847,cc-cc408-hya,data-node-03,9.9.2.155,elasticsearch_os_load5,0.24
2023/4/13 3:31,1681327907,cc-cc408-hya,data-node-03,9.9.2.155,elasticsearch_os_load5,0.24
2023/4/13 3:32,1681327967,cc-cc408-hya,data-node-03,9.9.2.155,elasticsearch_os_load5,0.26
2023/4/13 3:33,1681328027,cc-cc408-hya,data-node-03,9.9.2.155,elasticsearch_os_load5,0.24
2023/4/13 3:34,1681328087,cc-cc408-hya,data-node-03,9.9.2.155,elasticsearch_os_load5,0.21
2023/4/13 3:35,1681328147,cc-cc408-hya,data-node-03,9.9.2.155,elasticsearch_os_load5,0.25
2023/4/13 3:36,1681328207,cc-cc408-hya,data-node-03,9.9.2.155,elasticsearch_os_load5,0.26
2023/4/13 3:37,1681328267,cc-cc408-hya,data-node-03,9.9.2.155,elasticsearch_os_load5,0.39
2023/4/13 3:38,1681328327,cc-cc408-hya,data-node-03,9.9.2.155,elasticsearch_os_load5,0.53
2023/4/13 3:39,1681328387,cc-cc408-hya,data-node-03,9.9.2.155,elasticsearch_os_load5,0.58
2023/4/13 3:40,1681328447,cc-cc408-hya,data-node-03,9.9.2.155,elasticsearch_os_load5,0.56
2023/4/13 3:41,1681328507,cc-cc408-hya,data-node-03,9.9.2.155,elasticsearch_os_load5,0.5
2023/4/13 3:42,1681328567,cc-cc408-hya,data-node-03,9.9.2.155,elasticsearch_os_load5,0.44
2023/4/13 3:43,1681328627,cc-cc408-hya,data-node-03,9.9.2.155,elasticsearch_os_load5,0.37
2023/4/13 3:44,1681328687,cc-cc408-hya,data-node-03,9.9.2.155,elasticsearch_os_load5,0.35
2023/4/13 3:45,1681328747,cc-cc408-hya,data-node-03,9.9.2.155,elasticsearch_os_load5,0.35
2023/4/13 3:46,1681328807,cc-cc408-hya,data-node-03,9.9.2.155,elasticsearch_os_load5,0.33
2023/4/13 3:47,1681328867,cc-cc408-hya,data-node-03,9.9.2.155,elasticsearch_os_load5,0.34
2023/4/13 3:48,1681328927,cc-cc408-hya,data-node-03,9.9.2.155,elasticsearch_os_load5,0.39
2023/4/13 3:49,1681328987,cc-cc408-hya,data-node-03,9.9.2.155,elasticsearch_os_load5,0.41
2023/4/13 3:50,1681329047,cc-cc408-hya,data-node-03,9.9.2.155,elasticsearch_os_load5,0.45
2023/4/13 3:51,1681329107,cc-cc408-hya,data-node-03,9.9.2.155,elasticsearch_os_load5,0.63
2023/4/13 3:52,1681329167,cc-cc408-hya,data-node-03,9.9.2.155,elasticsearch_os_load5,0.63
2023/4/13 3:53,1681329227,cc-cc408-hya,data-node-03,9.9.2.155,elasticsearch_os_load5,0.62
2023/4/13 3:54,1681329287,cc-cc408-hya,data-node-03,9.9.2.155,elasticsearch_os_load5,0.65
2023/4/13 3:55,1681329347,cc-cc408-hya,data-node-03,9.9.2.155,elasticsearch_os_load5,0.56
2023/4/13 3:56,1681329407,cc-cc408-hya,data-node-03,9.9.2.155,elasticsearch_os_load5,0.48
2023/4/13 3:57,1681329467,cc-cc408-hya,data-node-03,9.9.2.155,elasticsearch_os_load5,0.42
2023/4/13 3:58,1681329527,cc-cc408-hya,data-node-03,9.9.2.155,elasticsearch_os_load5,0.45
2023/4/13 3:59,1681329587,cc-cc408-hya,data-node-03,9.9.2.155,elasticsearch_os_load5,0.47
2023/4/13 4:00,1681329647,cc-cc408-hya,data-node-03,9.9.2.155,elasticsearch_os_load5,0.46
2023/4/13 4:01,1681329707,cc-cc408-hya,data-node-03,9.9.2.155,elasticsearch_os_load5,0.42
2023/4/13 4:02,1681329767,cc-cc408-hya,data-node-03,9.9.2.155,elasticsearch_os_load5,0.34
2023/4/13 4:03,1681329827,cc-cc408-hya,data-node-03,9.9.2.155,elasticsearch_os_load5,0.32
2023/4/13 4:04,1681329887,cc-cc408-hya,data-node-03,9.9.2.155,elasticsearch_os_load5,0.26
2023/4/13 4:05,1681329947,cc-cc408-hya,data-node-03,9.9.2.155,elasticsearch_os_load5,0.31
2023/4/13 4:06,1681330007,cc-cc408-hya,data-node-03,9.9.2.155,elasticsearch_os_load5,0.32
2023/4/13 4:07,1681330067,cc-cc408-hya,data-node-03,9.9.2.155,elasticsearch_os_load5,0.38
2023/4/13 4:08,1681330127,cc-cc408-hya,data-node-03,9.9.2.155,elasticsearch_os_load5,0.39
2023/4/13 4:09,1681330187,cc-cc408-hya,data-node-03,9.9.2.155,elasticsearch_os_load5,0.41
2023/4/13 4:10,1681330247,cc-cc408-hya,data-node-03,9.9.2.155,elasticsearch_os_load5,0.33
2023/4/13 4:11,1681330307,cc-cc408-hya,data-node-03,9.9.2.155,elasticsearch_os_load5,0.28
2023/4/13 4:12,1681330367,cc-cc408-hya,data-node-03,9.9.2.155,elasticsearch_os_load5,0.24
2023/4/13 4:13,1681330427,cc-cc408-hya,data-node-03,9.9.2.155,elasticsearch_os_load5,0.23
2023/4/13 4:14,1681330487,cc-cc408-hya,data-node-03,9.9.2.155,elasticsearch_os_load5,0.2
2023/4/13 4:15,1681330547,cc-cc408-hya,data-node-03,9.9.2.155,elasticsearch_os_load5,0.2
2023/4/13 4:16,1681330607,cc-cc408-hya,data-node-03,9.9.2.155,elasticsearch_os_load5,0.22
2023/4/13 4:17,1681330667,cc-cc408-hya,data-node-03,9.9.2.155,elasticsearch_os_load5,0.22
2023/4/13 4:18,1681330727,cc-cc408-hya,data-node-03,9.9.2.155,elasticsearch_os_load5,0.21
2023/4/13 4:19,1681330787,cc-cc408-hya,data-node-03,9.9.2.155,elasticsearch_os_load5,0.38
2023/4/13 4:20,1681330847,cc-cc408-hya,data-node-03,9.9.2.155,elasticsearch_os_load5,0.45
2023/4/13 4:21,1681330907,cc-cc408-hya,data-node-03,9.9.2.155,elasticsearch_os_load5,0.53
2023/4/13 4:22,1681330967,cc-cc408-hya,data-node-03,9.9.2.155,elasticsearch_os_load5,0.49
2023/4/13 4:23,1681331027,cc-cc408-hya,data-node-03,9.9.2.155,elasticsearch_os_load5,0.4
2023/4/13 4:24,1681331087,cc-cc408-hya,data-node-03,9.9.2.155,elasticsearch_os_load5,0.37
2023/4/13 4:25,1681331147,cc-cc408-hya,data-node-03,9.9.2.155,elasticsearch_os_load5,0.35
2023/4/13 4:26,1681331207,cc-cc408-hya,data-node-03,9.9.2.155,elasticsearch_os_load5,0.39
2023/4/13 4:27,1681331267,cc-cc408-hya,data-node-03,9.9.2.155,elasticsearch_os_load5,0.38
2023/4/13 4:28,1681331327,cc-cc408-hya,data-node-03,9.9.2.155,elasticsearch_os_load5,0.32
2023/4/13 4:29,1681331387,cc-cc408-hya,data-node-03,9.9.2.155,elasticsearch_os_load5,0.26
2023/4/13 4:30,1681331447,cc-cc408-hya,data-node-03,9.9.2.155,elasticsearch_os_load5,0.37
2023/4/13 4:31,1681331507,cc-cc408-hya,data-node-03,9.9.2.155,elasticsearch_os_load5,0.41
2023/4/13 4:32,1681331567,cc-cc408-hya,data-node-03,9.9.2.155,elasticsearch_os_load5,0.48
2023/4/13 4:33,1681331627,cc-cc408-hya,data-node-03,9.9.2.155,elasticsearch_os_load5,0.63
2023/4/13 4:34,1681331687,cc-cc408-hya,data-node-03,9.9.2.155,elasticsearch_os_load5,1.3
2023/4/13 4:35,1681331747,cc-cc408-hya,data-node-03,9.9.2.155,elasticsearch_os_load5,1.19
2023/4/13 4:36,1681331807,cc-cc408-hya,data-node-03,9.9.2.155,elasticsearch_os_load5,1.42
2023/4/13 4:37,1681331867,cc-cc408-hya,data-node-03,9.9.2.155,elasticsearch_os_load5,1.29
2023/4/13 4:38,1681331927,cc-cc408-hya,data-node-03,9.9.2.155,elasticsearch_os_load5,1.11
2023/4/13 4:39,1681331987,cc-cc408-hya,data-node-03,9.9.2.155,elasticsearch_os_load5,0.96
2023/4/13 4:40,1681332047,cc-cc408-hya,data-node-03,9.9.2.155,elasticsearch_os_load5,0.86
2023/4/13 4:41,1681332107,cc-cc408-hya,data-node-03,9.9.2.155,elasticsearch_os_load5,0.78
2023/4/13 4:42,1681332167,cc-cc408-hya,data-node-03,9.9.2.155,elasticsearch_os_load5,0.75
2023/4/13 4:43,1681332227,cc-cc408-hya,data-node-03,9.9.2.155,elasticsearch_os_load5,0.7
2023/4/13 4:44,1681332287,cc-cc408-hya,data-node-03,9.9.2.155,elasticsearch_os_load5,0.59
2023/4/13 4:45,1681332347,cc-cc408-hya,data-node-03,9.9.2.155,elasticsearch_os_load5,0.59
2023/4/13 4:46,1681332407,cc-cc408-hya,data-node-03,9.9.2.155,elasticsearch_os_load5,0.51
2023/4/13 4:47,1681332467,cc-cc408-hya,data-node-03,9.9.2.155,elasticsearch_os_load5,0.46
2023/4/13 4:48,1681332527,cc-cc408-hya,data-node-03,9.9.2.155,elasticsearch_os_load5,0.42
2023/4/13 4:49,1681332587,cc-cc408-hya,data-node-03,9.9.2.155,elasticsearch_os_load5,0.34
2023/4/13 4:50,1681332647,cc-cc408-hya,data-node-03,9.9.2.155,elasticsearch_os_load5,0.29
2023/4/13 4:51,1681332707,cc-cc408-hya,data-node-03,9.9.2.155,elasticsearch_os_load5,0.52
2023/4/13 4:52,1681332767,cc-cc408-hya,data-node-03,9.9.2.155,elasticsearch_os_load5,0.54
2023/4/13 4:53,1681332827,cc-cc408-hya,data-node-03,9.9.2.155,elasticsearch_os_load5,0.5
2023/4/13 4:54,1681332887,cc-cc408-hya,data-node-03,9.9.2.155,elasticsearch_os_load5,0.45
2023/4/13 4:55,1681332947,cc-cc408-hya,data-node-03,9.9.2.155,elasticsearch_os_load5,0.41
2023/4/13 4:56,1681333007,cc-cc408-hya,data-node-03,9.9.2.155,elasticsearch_os_load5,0.37
2023/4/13 4:57,1681333067,cc-cc408-hya,data-node-03,9.9.2.155,elasticsearch_os_load5,0.3
2023/4/13 4:58,1681333127,cc-cc408-hya,data-node-03,9.9.2.155,elasticsearch_os_load5,0.27
2023/4/13 4:59,1681333187,cc-cc408-hya,data-node-03,9.9.2.155,elasticsearch_os_load5,0.29
2023/4/13 5:00,1681333247,cc-cc408-hya,data-node-03,9.9.2.155,elasticsearch_os_load5,0.45
2023/4/13 5:01,1681333307,cc-cc408-hya,data-node-03,9.9.2.155,elasticsearch_os_load5,0.79
2023/4/13 5:02,1681333367,cc-cc408-hya,data-node-03,9.9.2.155,elasticsearch_os_load5,0.9
2023/4/13 5:03,1681333427,cc-cc408-hya,data-node-03,9.9.2.155,elasticsearch_os_load5,0.97
2023/4/13 5:04,1681333487,cc-cc408-hya,data-node-03,9.9.2.155,elasticsearch_os_load5,0.9
2023/4/13 5:05,1681333547,cc-cc408-hya,data-node-03,9.9.2.155,elasticsearch_os_load5,0.84
2023/4/13 5:06,1681333607,cc-cc408-hya,data-node-03,9.9.2.155,elasticsearch_os_load5,0.7
2023/4/13 5:07,1681333667,cc-cc408-hya,data-node-03,9.9.2.155,elasticsearch_os_load5,0.61
2023/4/13 5:08,1681333727,cc-cc408-hya,data-node-03,9.9.2.155,elasticsearch_os_load5,0.53
2023/4/13 5:09,1681333787,cc-cc408-hya,data-node-03,9.9.2.155,elasticsearch_os_load5,0.46
2023/4/13 5:10,1681333847,cc-cc408-hya,data-node-03,9.9.2.155,elasticsearch_os_load5,0.39
2023/4/13 5:11,1681333907,cc-cc408-hya,data-node-03,9.9.2.155,elasticsearch_os_load5,0.36
2023/4/13 5:12,1681333967,cc-cc408-hya,data-node-03,9.9.2.155,elasticsearch_os_load5,0.43
2023/4/13 5:13,1681334027,cc-cc408-hya,data-node-03,9.9.2.155,elasticsearch_os_load5,0.47
2023/4/13 5:14,1681334087,cc-cc408-hya,data-node-03,9.9.2.155,elasticsearch_os_load5,0.48
2023/4/13 5:15,1681334147,cc-cc408-hya,data-node-03,9.9.2.155,elasticsearch_os_load5,0.54
2023/4/13 5:16,1681334207,cc-cc408-hya,data-node-03,9.9.2.155,elasticsearch_os_load5,0.73
2023/4/13 5:17,1681334267,cc-cc408-hya,data-node-03,9.9.2.155,elasticsearch_os_load5,0.75
2023/4/13 5:18,1681334327,cc-cc408-hya,data-node-03,9.9.2.155,elasticsearch_os_load5,0.68
2023/4/13 5:19,1681334387,cc-cc408-hya,data-node-03,9.9.2.155,elasticsearch_os_load5,0.58
2023/4/13 5:20,1681334447,cc-cc408-hya,data-node-03,9.9.2.155,elasticsearch_os_load5,0.54
2023/4/13 5:21,1681334507,cc-cc408-hya,data-node-03,9.9.2.155,elasticsearch_os_load5,0.53
2023/4/13 5:22,1681334567,cc-cc408-hya,data-node-03,9.9.2.155,elasticsearch_os_load5,0.49
2023/4/13 5:23,1681334627,cc-cc408-hya,data-node-03,9.9.2.155,elasticsearch_os_load5,0.4
2023/4/13 5:24,1681334687,cc-cc408-hya,data-node-03,9.9.2.155,elasticsearch_os_load5,0.4
2023/4/13 5:25,1681334747,cc-cc408-hya,data-node-03,9.9.2.155,elasticsearch_os_load5,0.37
2023/4/13 5:26,1681334807,cc-cc408-hya,data-node-03,9.9.2.155,elasticsearch_os_load5,0.3
2023/4/13 5:27,1681334867,cc-cc408-hya,data-node-03,9.9.2.155,elasticsearch_os_load5,0.3
2023/4/13 5:28,1681334927,cc-cc408-hya,data-node-03,9.9.2.155,elasticsearch_os_load5,0.29
2023/4/13 5:29,1681334987,cc-cc408-hya,data-node-03,9.9.2.155,elasticsearch_os_load5,0.32
2023/4/13 5:30,1681335047,cc-cc408-hya,data-node-03,9.9.2.155,elasticsearch_os_load5,0.3
2023/4/13 5:31,1681335107,cc-cc408-hya,data-node-03,9.9.2.155,elasticsearch_os_load5,0.28
2023/4/13 5:32,1681335167,cc-cc408-hya,data-node-03,9.9.2.155,elasticsearch_os_load5,0.3
2023/4/13 5:33,1681335227,cc-cc408-hya,data-node-03,9.9.2.155,elasticsearch_os_load5,0.3
2023/4/13 5:34,1681335287,cc-cc408-hya,data-node-03,9.9.2.155,elasticsearch_os_load5,0.26
2023/4/13 5:35,1681335347,cc-cc408-hya,data-node-03,9.9.2.155,elasticsearch_os_load5,0.27
2023/4/13 5:36,1681335407,cc-cc408-hya,data-node-03,9.9.2.155,elasticsearch_os_load5,0.28
2023/4/13 5:37,1681335467,cc-cc408-hya,data-node-03,9.9.2.155,elasticsearch_os_load5,0.38
2023/4/13 5:38,1681335527,cc-cc408-hya,data-node-03,9.9.2.155,elasticsearch_os_load5,0.34
2023/4/13 5:39,1681335587,cc-cc408-hya,data-node-03,9.9.2.155,elasticsearch_os_load5,0.29
2023/4/13 5:40,1681335647,cc-cc408-hya,data-node-03,9.9.2.155,elasticsearch_os_load5,0.27
2023/4/13 5:41,1681335707,cc-cc408-hya,data-node-03,9.9.2.155,elasticsearch_os_load5,0.26
2023/4/13 5:42,1681335767,cc-cc408-hya,data-node-03,9.9.2.155,elasticsearch_os_load5,0.32
2023/4/13 5:43,1681335827,cc-cc408-hya,data-node-03,9.9.2.155,elasticsearch_os_load5,0.32
2023/4/13 5:44,1681335887,cc-cc408-hya,data-node-03,9.9.2.155,elasticsearch_os_load5,0.49
2023/4/13 5:45,1681335947,cc-cc408-hya,data-node-03,9.9.2.155,elasticsearch_os_load5,0.58
2023/4/13 5:46,1681336007,cc-cc408-hya,data-node-03,9.9.2.155,elasticsearch_os_load5,0.67
2023/4/13 5:47,1681336067,cc-cc408-hya,data-node-03,9.9.2.155,elasticsearch_os_load5,0.6
2023/4/13 5:48,1681336127,cc-cc408-hya,data-node-03,9.9.2.155,elasticsearch_os_load5,0.51
2023/4/13 5:49,1681336187,cc-cc408-hya,data-node-03,9.9.2.155,elasticsearch_os_load5,0.46
2023/4/13 5:50,1681336247,cc-cc408-hya,data-node-03,9.9.2.155,elasticsearch_os_load5,0.46
2023/4/13 5:51,1681336307,cc-cc408-hya,data-node-03,9.9.2.155,elasticsearch_os_load5,0.44
2023/4/13 5:52,1681336367,cc-cc408-hya,data-node-03,9.9.2.155,elasticsearch_os_load5,0.39
2023/4/13 5:53,1681336427,cc-cc408-hya,data-node-03,9.9.2.155,elasticsearch_os_load5,0.36
2023/4/13 5:54,1681336487,cc-cc408-hya,data-node-03,9.9.2.155,elasticsearch_os_load5,0.37
2023/4/13 5:55,1681336547,cc-cc408-hya,data-node-03,9.9.2.155,elasticsearch_os_load5,0.44
2023/4/13 5:56,1681336607,cc-cc408-hya,data-node-03,9.9.2.155,elasticsearch_os_load5,0.48
2023/4/13 5:57,1681336667,cc-cc408-hya,data-node-03,9.9.2.155,elasticsearch_os_load5,0.69
2023/4/13 5:58,1681336727,cc-cc408-hya,data-node-03,9.9.2.155,elasticsearch_os_load5,0.87
2023/4/13 5:59,1681336787,cc-cc408-hya,data-node-03,9.9.2.155,elasticsearch_os_load5,1.07
2023/4/13 6:00,1681336847,cc-cc408-hya,data-node-03,9.9.2.155,elasticsearch_os_load5,1.01
2023/4/13 6:01,1681336907,cc-cc408-hya,data-node-03,9.9.2.155,elasticsearch_os_load5,0.94
2023/4/13 6:02,1681336967,cc-cc408-hya,data-node-03,9.9.2.155,elasticsearch_os_load5,0.92
2023/4/13 6:03,1681337027,cc-cc408-hya,data-node-03,9.9.2.155,elasticsearch_os_load5,0.86
2023/4/13 6:04,1681337087,cc-cc408-hya,data-node-03,9.9.2.155,elasticsearch_os_load5,0.84
2023/4/13 6:05,1681337147,cc-cc408-hya,data-node-03,9.9.2.155,elasticsearch_os_load5,0.79
2023/4/13 6:06,1681337207,cc-cc408-hya,data-node-03,9.9.2.155,elasticsearch_os_load5,0.7
2023/4/13 6:07,1681337267,cc-cc408-hya,data-node-03,9.9.2.155,elasticsearch_os_load5,0.62
2023/4/13 6:08,1681337327,cc-cc408-hya,data-node-03,9.9.2.155,elasticsearch_os_load5,0.56
2023/4/13 6:09,1681337387,cc-cc408-hya,data-node-03,9.9.2.155,elasticsearch_os_load5,0.49
2023/4/13 6:10,1681337447,cc-cc408-hya,data-node-03,9.9.2.155,elasticsearch_os_load5,0.46
2023/4/13 6:11,1681337507,cc-cc408-hya,data-node-03,9.9.2.155,elasticsearch_os_load5,0.43
2023/4/13 6:12,1681337567,cc-cc408-hya,data-node-03,9.9.2.155,elasticsearch_os_load5,0.36
2023/4/13 6:13,1681337627,cc-cc408-hya,data-node-03,9.9.2.155,elasticsearch_os_load5,0.33
2023/4/13 6:14,1681337687,cc-cc408-hya,data-node-03,9.9.2.155,elasticsearch_os_load5,0.34
2023/4/13 6:15,1681337747,cc-cc408-hya,data-node-03,9.9.2.155,elasticsearch_os_load5,0.37
2023/4/13 6:16,1681337807,cc-cc408-hya,data-node-03,9.9.2.155,elasticsearch_os_load5,0.35
2023/4/13 6:17,1681337867,cc-cc408-hya,data-node-03,9.9.2.155,elasticsearch_os_load5,0.28
2023/4/13 6:18,1681337927,cc-cc408-hya,data-node-03,9.9.2.155,elasticsearch_os_load5,0.26
2023/4/13 6:19,1681337987,cc-cc408-hya,data-node-03,9.9.2.155,elasticsearch_os_load5,0.23
2023/4/13 6:20,1681338047,cc-cc408-hya,data-node-03,9.9.2.155,elasticsearch_os_load5,0.35
2023/4/13 6:21,1681338107,cc-cc408-hya,data-node-03,9.9.2.155,elasticsearch_os_load5,0.43
2023/4/13 6:22,1681338167,cc-cc408-hya,data-node-03,9.9.2.155,elasticsearch_os_load5,0.4
2023/4/13 6:23,1681338227,cc-cc408-hya,data-node-03,9.9.2.155,elasticsearch_os_load5,0.34
2023/4/13 6:24,1681338287,cc-cc408-hya,data-node-03,9.9.2.155,elasticsearch_os_load5,0.35
2023/4/13 6:25,1681338347,cc-cc408-hya,data-node-03,9.9.2.155,elasticsearch_os_load5,0.36
2023/4/13 6:26,1681338407,cc-cc408-hya,data-node-03,9.9.2.155,elasticsearch_os_load5,0.43
2023/4/13 6:27,1681338467,cc-cc408-hya,data-node-03,9.9.2.155,elasticsearch_os_load5,0.48
2023/4/13 6:28,1681338527,cc-cc408-hya,data-node-03,9.9.2.155,elasticsearch_os_load5,0.47
2023/4/13 6:29,1681338587,cc-cc408-hya,data-node-03,9.9.2.155,elasticsearch_os_load5,0.39
2023/4/13 6:30,1681338647,cc-cc408-hya,data-node-03,9.9.2.155,elasticsearch_os_load5,0.34
2023/4/13 6:31,1681338707,cc-cc408-hya,data-node-03,9.9.2.155,elasticsearch_os_load5,0.4
2023/4/13 6:32,1681338767,cc-cc408-hya,data-node-03,9.9.2.155,elasticsearch_os_load5,0.37
2023/4/13 6:33,1681338827,cc-cc408-hya,data-node-03,9.9.2.155,elasticsearch_os_load5,0.33
2023/4/13 6:34,1681338887,cc-cc408-hya,data-node-03,9.9.2.155,elasticsearch_os_load5,0.27
2023/4/13 6:35,1681338947,cc-cc408-hya,data-node-03,9.9.2.155,elasticsearch_os_load5,0.32
2023/4/13 6:36,1681339007,cc-cc408-hya,data-node-03,9.9.2.155,elasticsearch_os_load5,0.28
2023/4/13 6:37,1681339067,cc-cc408-hya,data-node-03,9.9.2.155,elasticsearch_os_load5,0.3
2023/4/13 6:38,1681339127,cc-cc408-hya,data-node-03,9.9.2.155,elasticsearch_os_load5,0.6
2023/4/13 6:39,1681339187,cc-cc408-hya,data-node-03,9.9.2.155,elasticsearch_os_load5,0.59
2023/4/13 6:40,1681339247,cc-cc408-hya,data-node-03,9.9.2.155,elasticsearch_os_load5,0.66
2023/4/13 6:41,1681339307,cc-cc408-hya,data-node-03,9.9.2.155,elasticsearch_os_load5,0.8
2023/4/13 6:42,1681339367,cc-cc408-hya,data-node-03,9.9.2.155,elasticsearch_os_load5,0.75
2023/4/13 6:43,1681339427,cc-cc408-hya,data-node-03,9.9.2.155,elasticsearch_os_load5,0.67
2023/4/13 6:44,1681339487,cc-cc408-hya,data-node-03,9.9.2.155,elasticsearch_os_load5,0.61
2023/4/13 6:45,1681339547,cc-cc408-hya,data-node-03,9.9.2.155,elasticsearch_os_load5,0.61
2023/4/13 6:46,1681339607,cc-cc408-hya,data-node-03,9.9.2.155,elasticsearch_os_load5,0.59
2023/4/13 6:47,1681339667,cc-cc408-hya,data-node-03,9.9.2.155,elasticsearch_os_load5,0.59
2023/4/13 6:48,1681339727,cc-cc408-hya,data-node-03,9.9.2.155,elasticsearch_os_load5,0.53
2023/4/13 6:49,1681339787,cc-cc408-hya,data-node-03,9.9.2.155,elasticsearch_os_load5,0.51
2023/4/13 6:50,1681339847,cc-cc408-hya,data-node-03,9.9.2.155,elasticsearch_os_load5,0.61
2023/4/13 6:51,1681339907,cc-cc408-hya,data-node-03,9.9.2.155,elasticsearch_os_load5,0.77
2023/4/13 6:52,1681339967,cc-cc408-hya,data-node-03,9.9.2.155,elasticsearch_os_load5,0.86
2023/4/13 6:53,1681340027,cc-cc408-hya,data-node-03,9.9.2.155,elasticsearch_os_load5,0.81
2023/4/13 6:54,1681340087,cc-cc408-hya,data-node-03,9.9.2.155,elasticsearch_os_load5,1.06
2023/4/13 6:55,1681340147,cc-cc408-hya,data-node-03,9.9.2.155,elasticsearch_os_load5,0.94
2023/4/13 6:56,1681340207,cc-cc408-hya,data-node-03,9.9.2.155,elasticsearch_os_load5,0.85
2023/4/13 6:57,1681340267,cc-cc408-hya,data-node-03,9.9.2.155,elasticsearch_os_load5,0.76
2023/4/13 6:58,1681340327,cc-cc408-hya,data-node-03,9.9.2.155,elasticsearch_os_load5,0.67
2023/4/13 6:59,1681340387,cc-cc408-hya,data-node-03,9.9.2.155,elasticsearch_os_load5,0.64
2023/4/13 7:00,1681340447,cc-cc408-hya,data-node-03,9.9.2.155,elasticsearch_os_load5,0.64
2023/4/13 7:01,1681340507,cc-cc408-hya,data-node-03,9.9.2.155,elasticsearch_os_load5,0.6
2023/4/13 7:02,1681340567,cc-cc408-hya,data-node-03,9.9.2.155,elasticsearch_os_load5,0.5
2023/4/13 7:03,1681340627,cc-cc408-hya,data-node-03,9.9.2.155,elasticsearch_os_load5,0.42
2023/4/13 7:04,1681340687,cc-cc408-hya,data-node-03,9.9.2.155,elasticsearch_os_load5,0.49
2023/4/13 7:05,1681340747,cc-cc408-hya,data-node-03,9.9.2.155,elasticsearch_os_load5,0.44
2023/4/13 7:06,1681340807,cc-cc408-hya,data-node-03,9.9.2.155,elasticsearch_os_load5,0.44
2023/4/13 7:07,1681340867,cc-cc408-hya,data-node-03,9.9.2.155,elasticsearch_os_load5,0.4
2023/4/13 7:08,1681340927,cc-cc408-hya,data-node-03,9.9.2.155,elasticsearch_os_load5,0.5
2023/4/13 7:09,1681340987,cc-cc408-hya,data-node-03,9.9.2.155,elasticsearch_os_load5,0.58
2023/4/13 7:10,1681341047,cc-cc408-hya,data-node-03,9.9.2.155,elasticsearch_os_load5,0.6
2023/4/13 7:11,1681341107,cc-cc408-hya,data-node-03,9.9.2.155,elasticsearch_os_load5,0.66
2023/4/13 7:12,1681341167,cc-cc408-hya,data-node-03,9.9.2.155,elasticsearch_os_load5,0.65
2023/4/13 7:13,1681341227,cc-cc408-hya,data-node-03,9.9.2.155,elasticsearch_os_load5,0.71
2023/4/13 7:14,1681341287,cc-cc408-hya,data-node-03,9.9.2.155,elasticsearch_os_load5,0.64
2023/4/13 7:15,1681341347,cc-cc408-hya,data-node-03,9.9.2.155,elasticsearch_os_load5,0.62
2023/4/13 7:16,1681341407,cc-cc408-hya,data-node-03,9.9.2.155,elasticsearch_os_load5,0.6
2023/4/13 7:17,1681341467,cc-cc408-hya,data-node-03,9.9.2.155,elasticsearch_os_load5,0.52
2023/4/13 7:18,1681341527,cc-cc408-hya,data-node-03,9.9.2.155,elasticsearch_os_load5,0.52
2023/4/13 7:19,1681341587,cc-cc408-hya,data-node-03,9.9.2.155,elasticsearch_os_load5,0.66
2023/4/13 7:20,1681341647,cc-cc408-hya,data-node-03,9.9.2.155,elasticsearch_os_load5,0.82
2023/4/13 7:21,1681341707,cc-cc408-hya,data-node-03,9.9.2.155,elasticsearch_os_load5,0.85
2023/4/13 7:22,1681341767,cc-cc408-hya,data-node-03,9.9.2.155,elasticsearch_os_load5,0.92
2023/4/13 7:23,1681341827,cc-cc408-hya,data-node-03,9.9.2.155,elasticsearch_os_load5,0.97
2023/4/13 7:24,1681341887,cc-cc408-hya,data-node-03,9.9.2.155,elasticsearch_os_load5,1.02
2023/4/13 7:25,1681341947,cc-cc408-hya,data-node-03,9.9.2.155,elasticsearch_os_load5,0.94
2023/4/13 7:26,1681342007,cc-cc408-hya,data-node-03,9.9.2.155,elasticsearch_os_load5,0.9
2023/4/13 7:27,1681342067,cc-cc408-hya,data-node-03,9.9.2.155,elasticsearch_os_load5,0.93
2023/4/13 7:28,1681342127,cc-cc408-hya,data-node-03,9.9.2.155,elasticsearch_os_load5,0.79
2023/4/13 7:29,1681342187,cc-cc408-hya,data-node-03,9.9.2.155,elasticsearch_os_load5,0.79
2023/4/13 7:30,1681342247,cc-cc408-hya,data-node-03,9.9.2.155,elasticsearch_os_load5,0.75
2023/4/13 7:31,1681342307,cc-cc408-hya,data-node-03,9.9.2.155,elasticsearch_os_load5,0.66
2023/4/13 7:32,1681342367,cc-cc408-hya,data-node-03,9.9.2.155,elasticsearch_os_load5,0.6
2023/4/13 7:33,1681342427,cc-cc408-hya,data-node-03,9.9.2.155,elasticsearch_os_load5,0.52
2023/4/13 7:34,1681342487,cc-cc408-hya,data-node-03,9.9.2.155,elasticsearch_os_load5,0.61
2023/4/13 7:35,1681342547,cc-cc408-hya,data-node-03,9.9.2.155,elasticsearch_os_load5,0.66
2023/4/13 7:36,1681342607,cc-cc408-hya,data-node-03,9.9.2.155,elasticsearch_os_load5,0.57
2023/4/13 7:37,1681342667,cc-cc408-hya,data-node-03,9.9.2.155,elasticsearch_os_load5,0.61
2023/4/13 7:38,1681342727,cc-cc408-hya,data-node-03,9.9.2.155,elasticsearch_os_load5,0.59
2023/4/13 7:39,1681342787,cc-cc408-hya,data-node-03,9.9.2.155,elasticsearch_os_load5,0.59
2023/4/13 7:40,1681342847,cc-cc408-hya,data-node-03,9.9.2.155,elasticsearch_os_load5,0.7
2023/4/13 7:41,1681342907,cc-cc408-hya,data-node-03,9.9.2.155,elasticsearch_os_load5,0.6
2023/4/13 7:42,1681342967,cc-cc408-hya,data-node-03,9.9.2.155,elasticsearch_os_load5,0.57
2023/4/13 7:43,1681343027,cc-cc408-hya,data-node-03,9.9.2.155,elasticsearch_os_load5,0.57
2023/4/13 7:44,1681343087,cc-cc408-hya,data-node-03,9.9.2.155,elasticsearch_os_load5,0.53
2023/4/13 7:45,1681343147,cc-cc408-hya,data-node-03,9.9.2.155,elasticsearch_os_load5,0.5
2023/4/13 7:46,1681343207,cc-cc408-hya,data-node-03,9.9.2.155,elasticsearch_os_load5,0.58
2023/4/13 7:47,1681343267,cc-cc408-hya,data-node-03,9.9.2.155,elasticsearch_os_load5,0.59
2023/4/13 7:48,1681343327,cc-cc408-hya,data-node-03,9.9.2.155,elasticsearch_os_load5,0.6
2023/4/13 7:49,1681343387,cc-cc408-hya,data-node-03,9.9.2.155,elasticsearch_os_load5,0.72
2023/4/13 7:50,1681343447,cc-cc408-hya,data-node-03,9.9.2.155,elasticsearch_os_load5,0.85
2023/4/13 7:51,1681343507,cc-cc408-hya,data-node-03,9.9.2.155,elasticsearch_os_load5,1.11
2023/4/13 7:52,1681343567,cc-cc408-hya,data-node-03,9.9.2.155,elasticsearch_os_load5,1.15
2023/4/13 7:53,1681343627,cc-cc408-hya,data-node-03,9.9.2.155,elasticsearch_os_load5,1.14
2023/4/13 7:54,1681343687,cc-cc408-hya,data-node-03,9.9.2.155,elasticsearch_os_load5,1.12
2023/4/13 7:55,1681343747,cc-cc408-hya,data-node-03,9.9.2.155,elasticsearch_os_load5,1.14
2023/4/13 7:56,1681343807,cc-cc408-hya,data-node-03,9.9.2.155,elasticsearch_os_load5,0.99
2023/4/13 7:57,1681343867,cc-cc408-hya,data-node-03,9.9.2.155,elasticsearch_os_load5,0.9
2023/4/13 7:58,1681343927,cc-cc408-hya,data-node-03,9.9.2.155,elasticsearch_os_load5,0.78
2023/4/13 7:59,1681343987,cc-cc408-hya,data-node-03,9.9.2.155,elasticsearch_os_load5,0.75
2023/4/13 8:00,1681344047,cc-cc408-hya,data-node-03,9.9.2.155,elasticsearch_os_load5,0.87
2023/4/13 8:01,1681344107,cc-cc408-hya,data-node-03,9.9.2.155,elasticsearch_os_load5,1.21
2023/4/13 8:02,1681344167,cc-cc408-hya,data-node-03,9.9.2.155,elasticsearch_os_load5,1.61
2023/4/13 8:03,1681344227,cc-cc408-hya,data-node-03,9.9.2.155,elasticsearch_os_load5,1.89
2023/4/13 8:04,1681344287,cc-cc408-hya,data-node-03,9.9.2.155,elasticsearch_os_load5,2.06
2023/4/13 8:05,1681344347,cc-cc408-hya,data-node-03,9.9.2.155,elasticsearch_os_load5,2.15
2023/4/13 8:06,1681344407,cc-cc408-hya,data-node-03,9.9.2.155,elasticsearch_os_load5,2.13
2023/4/13 8:07,1681344467,cc-cc408-hya,data-node-03,9.9.2.155,elasticsearch_os_load5,2.07
2023/4/13 8:08,1681344527,cc-cc408-hya,data-node-03,9.9.2.155,elasticsearch_os_load5,2.26
2023/4/13 8:09,1681344587,cc-cc408-hya,data-node-03,9.9.2.155,elasticsearch_os_load5,2.82
2023/4/13 8:10,1681344647,cc-cc408-hya,data-node-03,9.9.2.155,elasticsearch_os_load5,2.71
2023/4/13 8:11,1681344707,cc-cc408-hya,data-node-03,9.9.2.155,elasticsearch_os_load5,2.33
2023/4/13 8:12,1681344767,cc-cc408-hya,data-node-03,9.9.2.155,elasticsearch_os_load5,2.12
2023/4/13 8:13,1681344827,cc-cc408-hya,data-node-03,9.9.2.155,elasticsearch_os_load5,1.83
2023/4/13 8:14,1681344887,cc-cc408-hya,data-node-03,9.9.2.155,elasticsearch_os_load5,1.65
2023/4/13 8:15,1681344947,cc-cc408-hya,data-node-03,9.9.2.155,elasticsearch_os_load5,1.51
2023/4/13 8:16,1681345007,cc-cc408-hya,data-node-03,9.9.2.155,elasticsearch_os_load5,1.51
2023/4/13 8:17,1681345067,cc-cc408-hya,data-node-03,9.9.2.155,elasticsearch_os_load5,1.36
2023/4/13 8:18,1681345127,cc-cc408-hya,data-node-03,9.9.2.155,elasticsearch_os_load5,1.37
2023/4/13 8:19,1681345187,cc-cc408-hya,data-node-03,9.9.2.155,elasticsearch_os_load5,1.35
2023/4/13 8:20,1681345247,cc-cc408-hya,data-node-03,9.9.2.155,elasticsearch_os_load5,1.23
2023/4/13 8:21,1681345307,cc-cc408-hya,data-node-03,9.9.2.155,elasticsearch_os_load5,1.31
2023/4/13 8:22,1681345367,cc-cc408-hya,data-node-03,9.9.2.155,elasticsearch_os_load5,1.84
2023/4/13 8:23,1681345427,cc-cc408-hya,data-node-03,9.9.2.155,elasticsearch_os_load5,1.68
2023/4/13 8:24,1681345487,cc-cc408-hya,data-node-03,9.9.2.155,elasticsearch_os_load5,1.54
2023/4/13 8:25,1681345547,cc-cc408-hya,data-node-03,9.9.2.155,elasticsearch_os_load5,1.38
2023/4/13 8:26,1681345607,cc-cc408-hya,data-node-03,9.9.2.155,elasticsearch_os_load5,1.37
2023/4/13 8:27,1681345667,cc-cc408-hya,data-node-03,9.9.2.155,elasticsearch_os_load5,1.43
2023/4/13 8:28,1681345727,cc-cc408-hya,data-node-03,9.9.2.155,elasticsearch_os_load5,1.31
2023/4/13 8:29,1681345787,cc-cc408-hya,data-node-03,9.9.2.155,elasticsearch_os_load5,1.29
2023/4/13 8:30,1681345847,cc-cc408-hya,data-node-03,9.9.2.155,elasticsearch_os_load5,1.36
2023/4/13 8:31,1681345907,cc-cc408-hya,data-node-03,9.9.2.155,elasticsearch_os_load5,1.36
2023/4/13 8:32,1681345967,cc-cc408-hya,data-node-03,9.9.2.155,elasticsearch_os_load5,1.32
2023/4/13 8:33,1681346027,cc-cc408-hya,data-node-03,9.9.2.155,elasticsearch_os_load5,1.37
2023/4/13 8:34,1681346087,cc-cc408-hya,data-node-03,9.9.2.155,elasticsearch_os_load5,1.46
2023/4/13 8:35,1681346147,cc-cc408-hya,data-node-03,9.9.2.155,elasticsearch_os_load5,1.42
2023/4/13 8:36,1681346207,cc-cc408-hya,data-node-03,9.9.2.155,elasticsearch_os_load5,1.42
2023/4/13 8:37,1681346267,cc-cc408-hya,data-node-03,9.9.2.155,elasticsearch_os_load5,1.46
2023/4/13 8:38,1681346327,cc-cc408-hya,data-node-03,9.9.2.155,elasticsearch_os_load5,1.33
2023/4/13 8:39,1681346387,cc-cc408-hya,data-node-03,9.9.2.155,elasticsearch_os_load5,1.34
2023/4/13 8:40,1681346447,cc-cc408-hya,data-node-03,9.9.2.155,elasticsearch_os_load5,1.34
2023/4/13 8:41,1681346507,cc-cc408-hya,data-node-03,9.9.2.155,elasticsearch_os_load5,1.32
2023/4/13 8:42,1681346567,cc-cc408-hya,data-node-03,9.9.2.155,elasticsearch_os_load5,1.36
2023/4/13 8:43,1681346627,cc-cc408-hya,data-node-03,9.9.2.155,elasticsearch_os_load5,1.34
2023/4/13 8:44,1681346687,cc-cc408-hya,data-node-03,9.9.2.155,elasticsearch_os_load5,1.36
2023/4/13 8:45,1681346747,cc-cc408-hya,data-node-03,9.9.2.155,elasticsearch_os_load5,1.54
2023/4/13 8:46,1681346807,cc-cc408-hya,data-node-03,9.9.2.155,elasticsearch_os_load5,1.64
2023/4/13 8:47,1681346867,cc-cc408-hya,data-node-03,9.9.2.155,elasticsearch_os_load5,1.59
2023/4/13 8:48,1681346927,cc-cc408-hya,data-node-03,9.9.2.155,elasticsearch_os_load5,1.65
2023/4/13 8:49,1681346987,cc-cc408-hya,data-node-03,9.9.2.155,elasticsearch_os_load5,1.48
2023/4/13 8:50,1681347047,cc-cc408-hya,data-node-03,9.9.2.155,elasticsearch_os_load5,1.5
2023/4/13 8:51,1681347107,cc-cc408-hya,data-node-03,9.9.2.155,elasticsearch_os_load5,1.74
2023/4/13 8:52,1681347167,cc-cc408-hya,data-node-03,9.9.2.155,elasticsearch_os_load5,1.75
2023/4/13 8:53,1681347227,cc-cc408-hya,data-node-03,9.9.2.155,elasticsearch_os_load5,1.7
2023/4/13 8:54,1681347287,cc-cc408-hya,data-node-03,9.9.2.155,elasticsearch_os_load5,1.85
2023/4/13 8:55,1681347347,cc-cc408-hya,data-node-03,9.9.2.155,elasticsearch_os_load5,2.05
2023/4/13 8:56,1681347407,cc-cc408-hya,data-node-03,9.9.2.155,elasticsearch_os_load5,2.08
2023/4/13 8:57,1681347467,cc-cc408-hya,data-node-03,9.9.2.155,elasticsearch_os_load5,2.07
2023/4/13 8:58,1681347527,cc-cc408-hya,data-node-03,9.9.2.155,elasticsearch_os_load5,2.04
2023/4/13 8:59,1681347587,cc-cc408-hya,data-node-03,9.9.2.155,elasticsearch_os_load5,2
2023/4/13 9:00,1681347647,cc-cc408-hya,data-node-03,9.9.2.155,elasticsearch_os_load5,2.2
2023/4/13 9:01,1681347707,cc-cc408-hya,data-node-03,9.9.2.155,elasticsearch_os_load5,2.27
2023/4/13 9:02,1681347767,cc-cc408-hya,data-node-03,9.9.2.155,elasticsearch_os_load5,2.26
2023/4/13 9:03,1681347827,cc-cc408-hya,data-node-03,9.9.2.155,elasticsearch_os_load5,2.28
2023/4/13 9:04,1681347887,cc-cc408-hya,data-node-03,9.9.2.155,elasticsearch_os_load5,2.35
2023/4/13 9:05,1681347947,cc-cc408-hya,data-node-03,9.9.2.155,elasticsearch_os_load5,2.32
2023/4/13 9:06,1681348007,cc-cc408-hya,data-node-03,9.9.2.155,elasticsearch_os_load5,2.46
2023/4/13 9:07,1681348067,cc-cc408-hya,data-node-03,9.9.2.155,elasticsearch_os_load5,2.54
2023/4/13 9:08,1681348127,cc-cc408-hya,data-node-03,9.9.2.155,elasticsearch_os_load5,2.46
2023/4/13 9:09,1681348187,cc-cc408-hya,data-node-03,9.9.2.155,elasticsearch_os_load5,2.58
2023/4/13 9:10,1681348247,cc-cc408-hya,data-node-03,9.9.2.155,elasticsearch_os_load5,2.95
2023/4/13 9:11,1681348307,cc-cc408-hya,data-node-03,9.9.2.155,elasticsearch_os_load5,3.1
2023/4/13 9:12,1681348367,cc-cc408-hya,data-node-03,9.9.2.155,elasticsearch_os_load5,3.43
2023/4/13 9:13,1681348427,cc-cc408-hya,data-node-03,9.9.2.155,elasticsearch_os_load5,3.72
2023/4/13 9:14,1681348487,cc-cc408-hya,data-node-03,9.9.2.155,elasticsearch_os_load5,3.95
2023/4/13 9:15,1681348547,cc-cc408-hya,data-node-03,9.9.2.155,elasticsearch_os_load5,4.3
2023/4/13 9:16,1681348607,cc-cc408-hya,data-node-03,9.9.2.155,elasticsearch_os_load5,4.24
2023/4/13 9:17,1681348667,cc-cc408-hya,data-node-03,9.9.2.155,elasticsearch_os_load5,4.31
2023/4/13 9:18,1681348727,cc-cc408-hya,data-node-03,9.9.2.155,elasticsearch_os_load5,3.99
2023/4/13 9:19,1681348787,cc-cc408-hya,data-node-03,9.9.2.155,elasticsearch_os_load5,3.79
2023/4/13 9:20,1681348847,cc-cc408-hya,data-node-03,9.9.2.155,elasticsearch_os_load5,3.67
2023/4/13 9:21,1681348907,cc-cc408-hya,data-node-03,9.9.2.155,elasticsearch_os_load5,3.55
2023/4/13 9:22,1681348967,cc-cc408-hya,data-node-03,9.9.2.155,elasticsearch_os_load5,3.67
2023/4/13 9:23,1681349027,cc-cc408-hya,data-node-03,9.9.2.155,elasticsearch_os_load5,3.59
2023/4/13 9:24,1681349087,cc-cc408-hya,data-node-03,9.9.2.155,elasticsearch_os_load5,3.55
2023/4/13 9:25,1681349147,cc-cc408-hya,data-node-03,9.9.2.155,elasticsearch_os_load5,3.62
2023/4/13 9:26,1681349207,cc-cc408-hya,data-node-03,9.9.2.155,elasticsearch_os_load5,3.7
2023/4/13 9:27,1681349267,cc-cc408-hya,data-node-03,9.9.2.155,elasticsearch_os_load5,3.74
2023/4/13 9:28,1681349327,cc-cc408-hya,data-node-03,9.9.2.155,elasticsearch_os_load5,3.69
2023/4/13 9:29,1681349387,cc-cc408-hya,data-node-03,9.9.2.155,elasticsearch_os_load5,3.39
2023/4/13 9:30,1681349447,cc-cc408-hya,data-node-03,9.9.2.155,elasticsearch_os_load5,3.41
2023/4/13 9:31,1681349507,cc-cc408-hya,data-node-03,9.9.2.155,elasticsearch_os_load5,3.54
2023/4/13 9:32,1681349567,cc-cc408-hya,data-node-03,9.9.2.155,elasticsearch_os_load5,3.76
2023/4/13 9:33,1681349627,cc-cc408-hya,data-node-03,9.9.2.155,elasticsearch_os_load5,3.52
2023/4/13 9:34,1681349687,cc-cc408-hya,data-node-03,9.9.2.155,elasticsearch_os_load5,3.62
2023/4/13 9:35,1681349747,cc-cc408-hya,data-node-03,9.9.2.155,elasticsearch_os_load5,3.57
2023/4/13 9:36,1681349807,cc-cc408-hya,data-node-03,9.9.2.155,elasticsearch_os_load5,3.62
2023/4/13 9:37,1681349867,cc-cc408-hya,data-node-03,9.9.2.155,elasticsearch_os_load5,3.37
2023/4/13 9:38,1681349927,cc-cc408-hya,data-node-03,9.9.2.155,elasticsearch_os_load5,3.37
2023/4/13 9:39,1681349987,cc-cc408-hya,data-node-03,9.9.2.155,elasticsearch_os_load5,3.54
2023/4/13 9:40,1681350047,cc-cc408-hya,data-node-03,9.9.2.155,elasticsearch_os_load5,3.38
2023/4/13 9:41,1681350107,cc-cc408-hya,data-node-03,9.9.2.155,elasticsearch_os_load5,3.1
2023/4/13 9:42,1681350167,cc-cc408-hya,data-node-03,9.9.2.155,elasticsearch_os_load5,3.17
2023/4/13 9:43,1681350227,cc-cc408-hya,data-node-03,9.9.2.155,elasticsearch_os_load5,3.25
2023/4/13 9:44,1681350287,cc-cc408-hya,data-node-03,9.9.2.155,elasticsearch_os_load5,3.39
2023/4/13 9:45,1681350347,cc-cc408-hya,data-node-03,9.9.2.155,elasticsearch_os_load5,3.71
2023/4/13 9:46,1681350407,cc-cc408-hya,data-node-03,9.9.2.155,elasticsearch_os_load5,3.76
2023/4/13 9:47,1681350467,cc-cc408-hya,data-node-03,9.9.2.155,elasticsearch_os_load5,3.68
2023/4/13 9:48,1681350527,cc-cc408-hya,data-node-03,9.9.2.155,elasticsearch_os_load5,3.79
2023/4/13 9:49,1681350587,cc-cc408-hya,data-node-03,9.9.2.155,elasticsearch_os_load5,3.83
2023/4/13 9:50,1681350647,cc-cc408-hya,data-node-03,9.9.2.155,elasticsearch_os_load5,3.75
2023/4/13 9:51,1681350707,cc-cc408-hya,data-node-03,9.9.2.155,elasticsearch_os_load5,4.3
2023/4/13 9:52,1681350767,cc-cc408-hya,data-node-03,9.9.2.155,elasticsearch_os_load5,4.21
2023/4/13 9:53,1681350827,cc-cc408-hya,data-node-03,9.9.2.155,elasticsearch_os_load5,3.95
2023/4/13 9:54,1681350887,cc-cc408-hya,data-node-03,9.9.2.155,elasticsearch_os_load5,3.96
2023/4/13 9:55,1681350947,cc-cc408-hya,data-node-03,9.9.2.155,elasticsearch_os_load5,3.74
2023/4/13 9:56,1681351007,cc-cc408-hya,data-node-03,9.9.2.155,elasticsearch_os_load5,3.68
2023/4/13 9:57,1681351067,cc-cc408-hya,data-node-03,9.9.2.155,elasticsearch_os_load5,3.58
2023/4/13 9:58,1681351127,cc-cc408-hya,data-node-03,9.9.2.155,elasticsearch_os_load5,3.91
2023/4/13 9:59,1681351187,cc-cc408-hya,data-node-03,9.9.2.155,elasticsearch_os_load5,3.91
2023/4/13 10:00,1681351247,cc-cc408-hya,data-node-03,9.9.2.155,elasticsearch_os_load5,4.58
2023/4/13 10:01,1681351307,cc-cc408-hya,data-node-03,9.9.2.155,elasticsearch_os_load5,4.51
2023/4/13 10:02,1681351367,cc-cc408-hya,data-node-03,9.9.2.155,elasticsearch_os_load5,4.81
2023/4/13 10:03,1681351427,cc-cc408-hya,data-node-03,9.9.2.155,elasticsearch_os_load5,4.64
2023/4/13 10:04,1681351487,cc-cc408-hya,data-node-03,9.9.2.155,elasticsearch_os_load5,4.55
2023/4/13 10:05,1681351547,cc-cc408-hya,data-node-03,9.9.2.155,elasticsearch_os_load5,4.43
2023/4/13 10:06,1681351607,cc-cc408-hya,data-node-03,9.9.2.155,elasticsearch_os_load5,4.43
2023/4/13 10:07,1681351667,cc-cc408-hya,data-node-03,9.9.2.155,elasticsearch_os_load5,4.45
2023/4/13 10:08,1681351727,cc-cc408-hya,data-node-03,9.9.2.155,elasticsearch_os_load5,4.27
2023/4/13 10:09,1681351787,cc-cc408-hya,data-node-03,9.9.2.155,elasticsearch_os_load5,4.05
2023/4/13 10:10,1681351847,cc-cc408-hya,data-node-03,9.9.2.155,elasticsearch_os_load5,4.21
2023/4/13 10:11,1681351907,cc-cc408-hya,data-node-03,9.9.2.155,elasticsearch_os_load5,4.03
2023/4/13 10:12,1681351967,cc-cc408-hya,data-node-03,9.9.2.155,elasticsearch_os_load5,3.9
2023/4/13 10:13,1681352027,cc-cc408-hya,data-node-03,9.9.2.155,elasticsearch_os_load5,3.86
2023/4/13 10:14,1681352087,cc-cc408-hya,data-node-03,9.9.2.155,elasticsearch_os_load5,3.76
2023/4/13 10:15,1681352147,cc-cc408-hya,data-node-03,9.9.2.155,elasticsearch_os_load5,3.77
2023/4/13 10:16,1681352207,cc-cc408-hya,data-node-03,9.9.2.155,elasticsearch_os_load5,3.84
2023/4/13 10:17,1681352267,cc-cc408-hya,data-node-03,9.9.2.155,elasticsearch_os_load5,3.79
2023/4/13 10:18,1681352327,cc-cc408-hya,data-node-03,9.9.2.155,elasticsearch_os_load5,3.77
2023/4/13 10:19,1681352387,cc-cc408-hya,data-node-03,9.9.2.155,elasticsearch_os_load5,3.78
2023/4/13 10:20,1681352447,cc-cc408-hya,data-node-03,9.9.2.155,elasticsearch_os_load5,3.65
2023/4/13 10:21,1681352507,cc-cc408-hya,data-node-03,9.9.2.155,elasticsearch_os_load5,3.86
2023/4/13 10:22,1681352567,cc-cc408-hya,data-node-03,9.9.2.155,elasticsearch_os_load5,3.73
2023/4/13 10:23,1681352627,cc-cc408-hya,data-node-03,9.9.2.155,elasticsearch_os_load5,3.89
2023/4/13 10:24,1681352687,cc-cc408-hya,data-node-03,9.9.2.155,elasticsearch_os_load5,4.01
2023/4/13 10:25,1681352747,cc-cc408-hya,data-node-03,9.9.2.155,elasticsearch_os_load5,3.97
2023/4/13 10:26,1681352807,cc-cc408-hya,data-node-03,9.9.2.155,elasticsearch_os_load5,3.97
2023/4/13 10:27,1681352867,cc-cc408-hya,data-node-03,9.9.2.155,elasticsearch_os_load5,3.9
2023/4/13 10:28,1681352927,cc-cc408-hya,data-node-03,9.9.2.155,elasticsearch_os_load5,4.11
2023/4/13 10:29,1681352987,cc-cc408-hya,data-node-03,9.9.2.155,elasticsearch_os_load5,4.24
2023/4/13 10:30,1681353047,cc-cc408-hya,data-node-03,9.9.2.155,elasticsearch_os_load5,3.99
2023/4/13 10:31,1681353107,cc-cc408-hya,data-node-03,9.9.2.155,elasticsearch_os_load5,4.12
2023/4/13 10:32,1681353167,cc-cc408-hya,data-node-03,9.9.2.155,elasticsearch_os_load5,3.98
2023/4/13 10:33,1681353227,cc-cc408-hya,data-node-03,9.9.2.155,elasticsearch_os_load5,4.29
2023/4/13 10:34,1681353287,cc-cc408-hya,data-node-03,9.9.2.155,elasticsearch_os_load5,4.3
2023/4/13 10:35,1681353347,cc-cc408-hya,data-node-03,9.9.2.155,elasticsearch_os_load5,5.42
2023/4/13 10:36,1681353407,cc-cc408-hya,data-node-03,9.9.2.155,elasticsearch_os_load5,5.29
2023/4/13 10:37,1681353467,cc-cc408-hya,data-node-03,9.9.2.155,elasticsearch_os_load5,5.16
2023/4/13 10:38,1681353527,cc-cc408-hya,data-node-03,9.9.2.155,elasticsearch_os_load5,4.94
2023/4/13 10:39,1681353587,cc-cc408-hya,data-node-03,9.9.2.155,elasticsearch_os_load5,4.95
2023/4/13 10:40,1681353647,cc-cc408-hya,data-node-03,9.9.2.155,elasticsearch_os_load5,5.43
2023/4/13 10:41,1681353707,cc-cc408-hya,data-node-03,9.9.2.155,elasticsearch_os_load5,5.46
2023/4/13 10:42,1681353767,cc-cc408-hya,data-node-03,9.9.2.155,elasticsearch_os_load5,6.04
2023/4/13 10:43,1681353827,cc-cc408-hya,data-node-03,9.9.2.155,elasticsearch_os_load5,5.76
2023/4/13 10:44,1681353887,cc-cc408-hya,data-node-03,9.9.2.155,elasticsearch_os_load5,5.42
2023/4/13 10:45,1681353947,cc-cc408-hya,data-node-03,9.9.2.155,elasticsearch_os_load5,5.46
2023/4/13 10:46,1681354007,cc-cc408-hya,data-node-03,9.9.2.155,elasticsearch_os_load5,5.2
2023/4/13 10:47,1681354067,cc-cc408-hya,data-node-03,9.9.2.155,elasticsearch_os_load5,5.02
2023/4/13 10:48,1681354127,cc-cc408-hya,data-node-03,9.9.2.155,elasticsearch_os_load5,4.87
2023/4/13 10:49,1681354187,cc-cc408-hya,data-node-03,9.9.2.155,elasticsearch_os_load5,4.96
2023/4/13 10:50,1681354247,cc-cc408-hya,data-node-03,9.9.2.155,elasticsearch_os_load5,4.78
2023/4/13 10:51,1681354307,cc-cc408-hya,data-node-03,9.9.2.155,elasticsearch_os_load5,4.85
2023/4/13 10:52,1681354367,cc-cc408-hya,data-node-03,9.9.2.155,elasticsearch_os_load5,4.65
2023/4/13 10:53,1681354427,cc-cc408-hya,data-node-03,9.9.2.155,elasticsearch_os_load5,5.13
2023/4/13 10:54,1681354487,cc-cc408-hya,data-node-03,9.9.2.155,elasticsearch_os_load5,5.02
2023/4/13 10:55,1681354547,cc-cc408-hya,data-node-03,9.9.2.155,elasticsearch_os_load5,4.92
2023/4/13 10:56,1681354607,cc-cc408-hya,data-node-03,9.9.2.155,elasticsearch_os_load5,4.79
2023/4/13 10:57,1681354667,cc-cc408-hya,data-node-03,9.9.2.155,elasticsearch_os_load5,4.68
2023/4/13 10:58,1681354727,cc-cc408-hya,data-node-03,9.9.2.155,elasticsearch_os_load5,4.55
2023/4/13 10:59,1681354787,cc-cc408-hya,data-node-03,9.9.2.155,elasticsearch_os_load5,4.56
2023/4/13 11:00,1681354847,cc-cc408-hya,data-node-03,9.9.2.155,elasticsearch_os_load5,4.66
2023/4/13 11:01,1681354907,cc-cc408-hya,data-node-03,9.9.2.155,elasticsearch_os_load5,4.54
2023/4/13 11:02,1681354967,cc-cc408-hya,data-node-03,9.9.2.155,elasticsearch_os_load5,4.55
2023/4/13 11:03,1681355027,cc-cc408-hya,data-node-03,9.9.2.155,elasticsearch_os_load5,4.61
2023/4/13 11:04,1681355087,cc-cc408-hya,data-node-03,9.9.2.155,elasticsearch_os_load5,4.47
2023/4/13 11:05,1681355147,cc-cc408-hya,data-node-03,9.9.2.155,elasticsearch_os_load5,4.52
2023/4/13 11:06,1681355207,cc-cc408-hya,data-node-03,9.9.2.155,elasticsearch_os_load5,4.75
2023/4/13 11:07,1681355267,cc-cc408-hya,data-node-03,9.9.2.155,elasticsearch_os_load5,4.71
2023/4/13 11:08,1681355327,cc-cc408-hya,data-node-03,9.9.2.155,elasticsearch_os_load5,5.02
2023/4/13 11:09,1681355387,cc-cc408-hya,data-node-03,9.9.2.155,elasticsearch_os_load5,4.86
2023/4/13 11:10,1681355447,cc-cc408-hya,data-node-03,9.9.2.155,elasticsearch_os_load5,4.46
2023/4/13 11:11,1681355507,cc-cc408-hya,data-node-03,9.9.2.155,elasticsearch_os_load5,4.28
2023/4/13 11:12,1681355567,cc-cc408-hya,data-node-03,9.9.2.155,elasticsearch_os_load5,4.44
2023/4/13 11:13,1681355627,cc-cc408-hya,data-node-03,9.9.2.155,elasticsearch_os_load5,4.31
2023/4/13 11:14,1681355687,cc-cc408-hya,data-node-03,9.9.2.155,elasticsearch_os_load5,4.28
2023/4/13 11:15,1681355747,cc-cc408-hya,data-node-03,9.9.2.155,elasticsearch_os_load5,4.66
2023/4/13 11:16,1681355807,cc-cc408-hya,data-node-03,9.9.2.155,elasticsearch_os_load5,4.63
2023/4/13 11:17,1681355867,cc-cc408-hya,data-node-03,9.9.2.155,elasticsearch_os_load5,4.36
2023/4/13 11:18,1681355927,cc-cc408-hya,data-node-03,9.9.2.155,elasticsearch_os_load5,4.43
2023/4/13 11:19,1681355987,cc-cc408-hya,data-node-03,9.9.2.155,elasticsearch_os_load5,4.29
2023/4/13 11:20,1681356047,cc-cc408-hya,data-node-03,9.9.2.155,elasticsearch_os_load5,4.29
2023/4/13 11:21,1681356107,cc-cc408-hya,data-node-03,9.9.2.155,elasticsearch_os_load5,4.19
2023/4/13 11:22,1681356167,cc-cc408-hya,data-node-03,9.9.2.155,elasticsearch_os_load5,4.31
2023/4/13 11:23,1681356227,cc-cc408-hya,data-node-03,9.9.2.155,elasticsearch_os_load5,4.47
2023/4/13 11:24,1681356287,cc-cc408-hya,data-node-03,9.9.2.155,elasticsearch_os_load5,4.66
2023/4/13 11:25,1681356347,cc-cc408-hya,data-node-03,9.9.2.155,elasticsearch_os_load5,4.38
2023/4/13 11:26,1681356407,cc-cc408-hya,data-node-03,9.9.2.155,elasticsearch_os_load5,4.15
2023/4/13 11:27,1681356467,cc-cc408-hya,data-node-03,9.9.2.155,elasticsearch_os_load5,4.11
2023/4/13 11:28,1681356527,cc-cc408-hya,data-node-03,9.9.2.155,elasticsearch_os_load5,4.2
2023/4/13 11:29,1681356587,cc-cc408-hya,data-node-03,9.9.2.155,elasticsearch_os_load5,4.18
2023/4/13 11:30,1681356647,cc-cc408-hya,data-node-03,9.9.2.155,elasticsearch_os_load5,4.08
2023/4/13 11:31,1681356707,cc-cc408-hya,data-node-03,9.9.2.155,elasticsearch_os_load5,4.27
2023/4/13 11:32,1681356767,cc-cc408-hya,data-node-03,9.9.2.155,elasticsearch_os_load5,4.52
2023/4/13 11:33,1681356827,cc-cc408-hya,data-node-03,9.9.2.155,elasticsearch_os_load5,4.59
2023/4/13 11:34,1681356887,cc-cc408-hya,data-node-03,9.9.2.155,elasticsearch_os_load5,4.62
2023/4/13 11:35,1681356947,cc-cc408-hya,data-node-03,9.9.2.155,elasticsearch_os_load5,4.52
2023/4/13 11:36,1681357007,cc-cc408-hya,data-node-03,9.9.2.155,elasticsearch_os_load5,4.71
2023/4/13 11:37,1681357067,cc-cc408-hya,data-node-03,9.9.2.155,elasticsearch_os_load5,4.72
2023/4/13 11:38,1681357127,cc-cc408-hya,data-node-03,9.9.2.155,elasticsearch_os_load5,4.84
2023/4/13 11:39,1681357187,cc-cc408-hya,data-node-03,9.9.2.155,elasticsearch_os_load5,4.92
2023/4/13 11:40,1681357247,cc-cc408-hya,data-node-03,9.9.2.155,elasticsearch_os_load5,4.8
2023/4/13 11:41,1681357307,cc-cc408-hya,data-node-03,9.9.2.155,elasticsearch_os_load5,4.83
2023/4/13 11:42,1681357367,cc-cc408-hya,data-node-03,9.9.2.155,elasticsearch_os_load5,4.43
2023/4/13 11:43,1681357427,cc-cc408-hya,data-node-03,9.9.2.155,elasticsearch_os_load5,4.06
2023/4/13 11:44,1681357487,cc-cc408-hya,data-node-03,9.9.2.155,elasticsearch_os_load5,4.27
2023/4/13 11:45,1681357547,cc-cc408-hya,data-node-03,9.9.2.155,elasticsearch_os_load5,4.52
2023/4/13 11:46,1681357607,cc-cc408-hya,data-node-03,9.9.2.155,elasticsearch_os_load5,4.41
2023/4/13 11:47,1681357667,cc-cc408-hya,data-node-03,9.9.2.155,elasticsearch_os_load5,4.53
2023/4/13 11:48,1681357727,cc-cc408-hya,data-node-03,9.9.2.155,elasticsearch_os_load5,4.79
2023/4/13 11:49,1681357787,cc-cc408-hya,data-node-03,9.9.2.155,elasticsearch_os_load5,5
2023/4/13 11:50,1681357847,cc-cc408-hya,data-node-03,9.9.2.155,elasticsearch_os_load5,4.95
2023/4/13 11:51,1681357907,cc-cc408-hya,data-node-03,9.9.2.155,elasticsearch_os_load5,5.16
2023/4/13 11:52,1681357967,cc-cc408-hya,data-node-03,9.9.2.155,elasticsearch_os_load5,5.29
2023/4/13 11:53,1681358027,cc-cc408-hya,data-node-03,9.9.2.155,elasticsearch_os_load5,5.27
2023/4/13 11:54,1681358087,cc-cc408-hya,data-node-03,9.9.2.155,elasticsearch_os_load5,5.13
2023/4/13 11:55,1681358147,cc-cc408-hya,data-node-03,9.9.2.155,elasticsearch_os_load5,4.82
2023/4/13 11:56,1681358207,cc-cc408-hya,data-node-03,9.9.2.155,elasticsearch_os_load5,4.71
2023/4/13 11:57,1681358267,cc-cc408-hya,data-node-03,9.9.2.155,elasticsearch_os_load5,4.52
2023/4/13 11:58,1681358327,cc-cc408-hya,data-node-03,9.9.2.155,elasticsearch_os_load5,4.59
2023/4/13 11:59,1681358387,cc-cc408-hya,data-node-03,9.9.2.155,elasticsearch_os_load5,4.38
2023/4/13 12:00,1681358447,cc-cc408-hya,data-node-03,9.9.2.155,elasticsearch_os_load5,4.19
2023/4/13 12:01,1681358507,cc-cc408-hya,data-node-03,9.9.2.155,elasticsearch_os_load5,4.08
2023/4/13 12:02,1681358567,cc-cc408-hya,data-node-03,9.9.2.155,elasticsearch_os_load5,4.2
2023/4/13 12:03,1681358627,cc-cc408-hya,data-node-03,9.9.2.155,elasticsearch_os_load5,4.21
2023/4/13 12:04,1681358687,cc-cc408-hya,data-node-03,9.9.2.155,elasticsearch_os_load5,4.08
2023/4/13 12:05,1681358747,cc-cc408-hya,data-node-03,9.9.2.155,elasticsearch_os_load5,4.06
2023/4/13 12:06,1681358807,cc-cc408-hya,data-node-03,9.9.2.155,elasticsearch_os_load5,4.09
2023/4/13 12:07,1681358867,cc-cc408-hya,data-node-03,9.9.2.155,elasticsearch_os_load5,4.14
2023/4/13 12:08,1681358927,cc-cc408-hya,data-node-03,9.9.2.155,elasticsearch_os_load5,4.03
2023/4/13 12:09,1681358987,cc-cc408-hya,data-node-03,9.9.2.155,elasticsearch_os_load5,3.8
2023/4/13 12:10,1681359047,cc-cc408-hya,data-node-03,9.9.2.155,elasticsearch_os_load5,3.58
2023/4/13 12:11,1681359107,cc-cc408-hya,data-node-03,9.9.2.155,elasticsearch_os_load5,3.53
2023/4/13 12:12,1681359167,cc-cc408-hya,data-node-03,9.9.2.155,elasticsearch_os_load5,3.63
2023/4/13 12:13,1681359227,cc-cc408-hya,data-node-03,9.9.2.155,elasticsearch_os_load5,3.74
2023/4/13 12:14,1681359287,cc-cc408-hya,data-node-03,9.9.2.155,elasticsearch_os_load5,3.55
2023/4/13 12:15,1681359347,cc-cc408-hya,data-node-03,9.9.2.155,elasticsearch_os_load5,3.52
2023/4/13 12:16,1681359407,cc-cc408-hya,data-node-03,9.9.2.155,elasticsearch_os_load5,3.5
2023/4/13 12:17,1681359467,cc-cc408-hya,data-node-03,9.9.2.155,elasticsearch_os_load5,3.3
2023/4/13 12:18,1681359527,cc-cc408-hya,data-node-03,9.9.2.155,elasticsearch_os_load5,3.28
2023/4/13 12:19,1681359587,cc-cc408-hya,data-node-03,9.9.2.155,elasticsearch_os_load5,2.98
2023/4/13 12:20,1681359647,cc-cc408-hya,data-node-03,9.9.2.155,elasticsearch_os_load5,3.04
2023/4/13 12:21,1681359707,cc-cc408-hya,data-node-03,9.9.2.155,elasticsearch_os_load5,2.94
2023/4/13 12:22,1681359767,cc-cc408-hya,data-node-03,9.9.2.155,elasticsearch_os_load5,2.81
2023/4/13 12:23,1681359827,cc-cc408-hya,data-node-03,9.9.2.155,elasticsearch_os_load5,2.73
2023/4/13 12:24,1681359887,cc-cc408-hya,data-node-03,9.9.2.155,elasticsearch_os_load5,2.73
2023/4/13 12:25,1681359947,cc-cc408-hya,data-node-03,9.9.2.155,elasticsearch_os_load5,2.64
2023/4/13 12:26,1681360007,cc-cc408-hya,data-node-03,9.9.2.155,elasticsearch_os_load5,2.7
2023/4/13 12:27,1681360067,cc-cc408-hya,data-node-03,9.9.2.155,elasticsearch_os_load5,2.59
2023/4/13 12:28,1681360127,cc-cc408-hya,data-node-03,9.9.2.155,elasticsearch_os_load5,2.68
2023/4/13 12:29,1681360187,cc-cc408-hya,data-node-03,9.9.2.155,elasticsearch_os_load5,2.77
2023/4/13 12:30,1681360247,cc-cc408-hya,data-node-03,9.9.2.155,elasticsearch_os_load5,2.74
2023/4/13 12:31,1681360307,cc-cc408-hya,data-node-03,9.9.2.155,elasticsearch_os_load5,2.8
2023/4/13 12:32,1681360367,cc-cc408-hya,data-node-03,9.9.2.155,elasticsearch_os_load5,2.96
2023/4/13 12:33,1681360427,cc-cc408-hya,data-node-03,9.9.2.155,elasticsearch_os_load5,2.77
2023/4/13 12:34,1681360487,cc-cc408-hya,data-node-03,9.9.2.155,elasticsearch_os_load5,2.7
2023/4/13 12:35,1681360547,cc-cc408-hya,data-node-03,9.9.2.155,elasticsearch_os_load5,2.68
2023/4/13 12:36,1681360607,cc-cc408-hya,data-node-03,9.9.2.155,elasticsearch_os_load5,2.53
2023/4/13 12:37,1681360667,cc-cc408-hya,data-node-03,9.9.2.155,elasticsearch_os_load5,2.41
2023/4/13 12:38,1681360727,cc-cc408-hya,data-node-03,9.9.2.155,elasticsearch_os_load5,2.35
2023/4/13 12:39,1681360787,cc-cc408-hya,data-node-03,9.9.2.155,elasticsearch_os_load5,2.21
2023/4/13 12:40,1681360847,cc-cc408-hya,data-node-03,9.9.2.155,elasticsearch_os_load5,2.11
2023/4/13 12:41,1681360907,cc-cc408-hya,data-node-03,9.9.2.155,elasticsearch_os_load5,2.09
2023/4/13 12:42,1681360967,cc-cc408-hya,data-node-03,9.9.2.155,elasticsearch_os_load5,2.19
2023/4/13 12:43,1681361027,cc-cc408-hya,data-node-03,9.9.2.155,elasticsearch_os_load5,2.12
2023/4/13 12:44,1681361087,cc-cc408-hya,data-node-03,9.9.2.155,elasticsearch_os_load5,2.07
2023/4/13 12:45,1681361147,cc-cc408-hya,data-node-03,9.9.2.155,elasticsearch_os_load5,2.14
2023/4/13 12:46,1681361207,cc-cc408-hya,data-node-03,9.9.2.155,elasticsearch_os_load5,2.25
2023/4/13 12:47,1681361267,cc-cc408-hya,data-node-03,9.9.2.155,elasticsearch_os_load5,2.5
2023/4/13 12:48,1681361327,cc-cc408-hya,data-node-03,9.9.2.155,elasticsearch_os_load5,2.64
2023/4/13 12:49,1681361387,cc-cc408-hya,data-node-03,9.9.2.155,elasticsearch_os_load5,2.74
2023/4/13 12:50,1681361447,cc-cc408-hya,data-node-03,9.9.2.155,elasticsearch_os_load5,2.83
2023/4/13 12:51,1681361507,cc-cc408-hya,data-node-03,9.9.2.155,elasticsearch_os_load5,2.96
2023/4/13 12:52,1681361567,cc-cc408-hya,data-node-03,9.9.2.155,elasticsearch_os_load5,2.68
2023/4/13 12:53,1681361627,cc-cc408-hya,data-node-03,9.9.2.155,elasticsearch_os_load5,2.72
2023/4/13 12:54,1681361687,cc-cc408-hya,data-node-03,9.9.2.155,elasticsearch_os_load5,2.66
2023/4/13 12:55,1681361747,cc-cc408-hya,data-node-03,9.9.2.155,elasticsearch_os_load5,3.02
2023/4/13 12:56,1681361807,cc-cc408-hya,data-node-03,9.9.2.155,elasticsearch_os_load5,3.14
2023/4/13 12:57,1681361867,cc-cc408-hya,data-node-03,9.9.2.155,elasticsearch_os_load5,3.36
2023/4/13 12:58,1681361927,cc-cc408-hya,data-node-03,9.9.2.155,elasticsearch_os_load5,3.29
2023/4/13 12:59,1681361987,cc-cc408-hya,data-node-03,9.9.2.155,elasticsearch_os_load5,3.77
2023/4/13 13:00,1681362047,cc-cc408-hya,data-node-03,9.9.2.155,elasticsearch_os_load5,3.65
2023/4/13 13:01,1681362107,cc-cc408-hya,data-node-03,9.9.2.155,elasticsearch_os_load5,3.44
2023/4/13 13:02,1681362167,cc-cc408-hya,data-node-03,9.9.2.155,elasticsearch_os_load5,3.15
2023/4/13 13:03,1681362227,cc-cc408-hya,data-node-03,9.9.2.155,elasticsearch_os_load5,3.03
2023/4/13 13:04,1681362287,cc-cc408-hya,data-node-03,9.9.2.155,elasticsearch_os_load5,2.99
2023/4/13 13:05,1681362347,cc-cc408-hya,data-node-03,9.9.2.155,elasticsearch_os_load5,3.07
2023/4/13 13:06,1681362407,cc-cc408-hya,data-node-03,9.9.2.155,elasticsearch_os_load5,3.03
2023/4/13 13:07,1681362467,cc-cc408-hya,data-node-03,9.9.2.155,elasticsearch_os_load5,2.91
2023/4/13 13:08,1681362527,cc-cc408-hya,data-node-03,9.9.2.155,elasticsearch_os_load5,2.85
2023/4/13 13:09,1681362587,cc-cc408-hya,data-node-03,9.9.2.155,elasticsearch_os_load5,2.85
2023/4/13 13:10,1681362647,cc-cc408-hya,data-node-03,9.9.2.155,elasticsearch_os_load5,2.84
2023/4/13 13:11,1681362707,cc-cc408-hya,data-node-03,9.9.2.155,elasticsearch_os_load5,2.77
2023/4/13 13:12,1681362767,cc-cc408-hya,data-node-03,9.9.2.155,elasticsearch_os_load5,2.65
2023/4/13 13:13,1681362827,cc-cc408-hya,data-node-03,9.9.2.155,elasticsearch_os_load5,2.54
2023/4/13 13:14,1681362887,cc-cc408-hya,data-node-03,9.9.2.155,elasticsearch_os_load5,2.44
2023/4/13 13:15,1681362947,cc-cc408-hya,data-node-03,9.9.2.155,elasticsearch_os_load5,2.47
2023/4/13 13:16,1681363007,cc-cc408-hya,data-node-03,9.9.2.155,elasticsearch_os_load5,2.37
2023/4/13 13:17,1681363067,cc-cc408-hya,data-node-03,9.9.2.155,elasticsearch_os_load5,2.32
2023/4/13 13:18,1681363127,cc-cc408-hya,data-node-03,9.9.2.155,elasticsearch_os_load5,2.28
2023/4/13 13:19,1681363187,cc-cc408-hya,data-node-03,9.9.2.155,elasticsearch_os_load5,2.27
2023/4/13 13:20,1681363247,cc-cc408-hya,data-node-03,9.9.2.155,elasticsearch_os_load5,2.23
2023/4/13 13:21,1681363307,cc-cc408-hya,data-node-03,9.9.2.155,elasticsearch_os_load5,2.34
2023/4/13 13:22,1681363367,cc-cc408-hya,data-node-03,9.9.2.155,elasticsearch_os_load5,2.45
2023/4/13 13:23,1681363427,cc-cc408-hya,data-node-03,9.9.2.155,elasticsearch_os_load5,2.32
2023/4/13 13:24,1681363487,cc-cc408-hya,data-node-03,9.9.2.155,elasticsearch_os_load5,2.39
2023/4/13 13:25,1681363547,cc-cc408-hya,data-node-03,9.9.2.155,elasticsearch_os_load5,2.37
2023/4/13 13:26,1681363607,cc-cc408-hya,data-node-03,9.9.2.155,elasticsearch_os_load5,2.31
2023/4/13 13:27,1681363667,cc-cc408-hya,data-node-03,9.9.2.155,elasticsearch_os_load5,2.06
2023/4/13 13:28,1681363727,cc-cc408-hya,data-node-03,9.9.2.155,elasticsearch_os_load5,2.35
2023/4/13 13:29,1681363787,cc-cc408-hya,data-node-03,9.9.2.155,elasticsearch_os_load5,2.49
2023/4/13 13:30,1681363847,cc-cc408-hya,data-node-03,9.9.2.155,elasticsearch_os_load5,2.72
2023/4/13 13:31,1681363907,cc-cc408-hya,data-node-03,9.9.2.155,elasticsearch_os_load5,2.68
2023/4/13 13:32,1681363967,cc-cc408-hya,data-node-03,9.9.2.155,elasticsearch_os_load5,2.92
2023/4/13 13:33,1681364027,cc-cc408-hya,data-node-03,9.9.2.155,elasticsearch_os_load5,2.77
2023/4/13 13:34,1681364087,cc-cc408-hya,data-node-03,9.9.2.155,elasticsearch_os_load5,2.68
2023/4/13 13:35,1681364147,cc-cc408-hya,data-node-03,9.9.2.155,elasticsearch_os_load5,2.54
2023/4/13 13:36,1681364207,cc-cc408-hya,data-node-03,9.9.2.155,elasticsearch_os_load5,2.57
2023/4/13 13:37,1681364267,cc-cc408-hya,data-node-03,9.9.2.155,elasticsearch_os_load5,2.66
2023/4/13 13:38,1681364327,cc-cc408-hya,data-node-03,9.9.2.155,elasticsearch_os_load5,2.81
2023/4/13 13:39,1681364387,cc-cc408-hya,data-node-03,9.9.2.155,elasticsearch_os_load5,2.8
2023/4/13 13:40,1681364447,cc-cc408-hya,data-node-03,9.9.2.155,elasticsearch_os_load5,3.5
2023/4/13 13:41,1681364507,cc-cc408-hya,data-node-03,9.9.2.155,elasticsearch_os_load5,3.4
2023/4/13 13:42,1681364567,cc-cc408-hya,data-node-03,9.9.2.155,elasticsearch_os_load5,3.37
2023/4/13 13:43,1681364627,cc-cc408-hya,data-node-03,9.9.2.155,elasticsearch_os_load5,3.47
2023/4/13 13:44,1681364687,cc-cc408-hya,data-node-03,9.9.2.155,elasticsearch_os_load5,3.43
2023/4/13 13:45,1681364747,cc-cc408-hya,data-node-03,9.9.2.155,elasticsearch_os_load5,3.52
2023/4/13 13:46,1681364807,cc-cc408-hya,data-node-03,9.9.2.155,elasticsearch_os_load5,3.39
2023/4/13 13:47,1681364867,cc-cc408-hya,data-node-03,9.9.2.155,elasticsearch_os_load5,3.42
2023/4/13 13:48,1681364927,cc-cc408-hya,data-node-03,9.9.2.155,elasticsearch_os_load5,3.46
2023/4/13 13:49,1681364987,cc-cc408-hya,data-node-03,9.9.2.155,elasticsearch_os_load5,3.47
2023/4/13 13:50,1681365047,cc-cc408-hya,data-node-03,9.9.2.155,elasticsearch_os_load5,3.37
2023/4/13 13:51,1681365107,cc-cc408-hya,data-node-03,9.9.2.155,elasticsearch_os_load5,3.42
2023/4/13 13:52,1681365167,cc-cc408-hya,data-node-03,9.9.2.155,elasticsearch_os_load5,3.22
2023/4/13 13:53,1681365227,cc-cc408-hya,data-node-03,9.9.2.155,elasticsearch_os_load5,3.07
2023/4/13 13:54,1681365287,cc-cc408-hya,data-node-03,9.9.2.155,elasticsearch_os_load5,3.25
2023/4/13 13:55,1681365347,cc-cc408-hya,data-node-03,9.9.2.155,elasticsearch_os_load5,3.18
2023/4/13 13:56,1681365407,cc-cc408-hya,data-node-03,9.9.2.155,elasticsearch_os_load5,3.63
2023/4/13 13:57,1681365467,cc-cc408-hya,data-node-03,9.9.2.155,elasticsearch_os_load5,3.46
2023/4/13 13:58,1681365527,cc-cc408-hya,data-node-03,9.9.2.155,elasticsearch_os_load5,3.38
2023/4/13 13:59,1681365587,cc-cc408-hya,data-node-03,9.9.2.155,elasticsearch_os_load5,3.39
2023/4/13 14:00,1681365647,cc-cc408-hya,data-node-03,9.9.2.155,elasticsearch_os_load5,3.46
2023/4/13 14:01,1681365707,cc-cc408-hya,data-node-03,9.9.2.155,elasticsearch_os_load5,3.21
2023/4/13 14:02,1681365767,cc-cc408-hya,data-node-03,9.9.2.155,elasticsearch_os_load5,3.34
2023/4/13 14:03,1681365827,cc-cc408-hya,data-node-03,9.9.2.155,elasticsearch_os_load5,3.14
2023/4/13 14:04,1681365887,cc-cc408-hya,data-node-03,9.9.2.155,elasticsearch_os_load5,3.32
2023/4/13 14:05,1681365947,cc-cc408-hya,data-node-03,9.9.2.155,elasticsearch_os_load5,3.31
2023/4/13 14:06,1681366007,cc-cc408-hya,data-node-03,9.9.2.155,elasticsearch_os_load5,3.34
2023/4/13 14:07,1681366067,cc-cc408-hya,data-node-03,9.9.2.155,elasticsearch_os_load5,3.34
2023/4/13 14:08,1681366127,cc-cc408-hya,data-node-03,9.9.2.155,elasticsearch_os_load5,3.65
2023/4/13 14:09,1681366187,cc-cc408-hya,data-node-03,9.9.2.155,elasticsearch_os_load5,3.57
2023/4/13 14:10,1681366247,cc-cc408-hya,data-node-03,9.9.2.155,elasticsearch_os_load5,3.31
2023/4/13 14:11,1681366307,cc-cc408-hya,data-node-03,9.9.2.155,elasticsearch_os_load5,3.84
2023/4/13 14:12,1681366367,cc-cc408-hya,data-node-03,9.9.2.155,elasticsearch_os_load5,3.89
2023/4/13 14:13,1681366427,cc-cc408-hya,data-node-03,9.9.2.155,elasticsearch_os_load5,4.27
2023/4/13 14:14,1681366487,cc-cc408-hya,data-node-03,9.9.2.155,elasticsearch_os_load5,4.2
2023/4/13 14:15,1681366547,cc-cc408-hya,data-node-03,9.9.2.155,elasticsearch_os_load5,4
2023/4/13 14:16,1681366607,cc-cc408-hya,data-node-03,9.9.2.155,elasticsearch_os_load5,3.86
2023/4/13 14:17,1681366667,cc-cc408-hya,data-node-03,9.9.2.155,elasticsearch_os_load5,4.18
2023/4/13 14:18,1681366727,cc-cc408-hya,data-node-03,9.9.2.155,elasticsearch_os_load5,4.24
2023/4/13 14:19,1681366787,cc-cc408-hya,data-node-03,9.9.2.155,elasticsearch_os_load5,4.26
2023/4/13 14:20,1681366847,cc-cc408-hya,data-node-03,9.9.2.155,elasticsearch_os_load5,4.19
2023/4/13 14:21,1681366907,cc-cc408-hya,data-node-03,9.9.2.155,elasticsearch_os_load5,4.07
2023/4/13 14:22,1681366967,cc-cc408-hya,data-node-03,9.9.2.155,elasticsearch_os_load5,4.02
2023/4/13 14:23,1681367027,cc-cc408-hya,data-node-03,9.9.2.155,elasticsearch_os_load5,4
2023/4/13 14:24,1681367087,cc-cc408-hya,data-node-03,9.9.2.155,elasticsearch_os_load5,4.13
2023/4/13 14:25,1681367147,cc-cc408-hya,data-node-03,9.9.2.155,elasticsearch_os_load5,4.23
2023/4/13 14:26,1681367207,cc-cc408-hya,data-node-03,9.9.2.155,elasticsearch_os_load5,3.96
2023/4/13 14:27,1681367267,cc-cc408-hya,data-node-03,9.9.2.155,elasticsearch_os_load5,3.95
2023/4/13 14:28,1681367327,cc-cc408-hya,data-node-03,9.9.2.155,elasticsearch_os_load5,4.14
2023/4/13 14:29,1681367387,cc-cc408-hya,data-node-03,9.9.2.155,elasticsearch_os_load5,4.24
2023/4/13 14:30,1681367447,cc-cc408-hya,data-node-03,9.9.2.155,elasticsearch_os_load5,4.39
2023/4/13 14:31,1681367507,cc-cc408-hya,data-node-03,9.9.2.155,elasticsearch_os_load5,4.14
2023/4/13 14:32,1681367567,cc-cc408-hya,data-node-03,9.9.2.155,elasticsearch_os_load5,4.19
2023/4/13 14:33,1681367627,cc-cc408-hya,data-node-03,9.9.2.155,elasticsearch_os_load5,4.27
2023/4/13 14:34,1681367687,cc-cc408-hya,data-node-03,9.9.2.155,elasticsearch_os_load5,4.39
2023/4/13 14:35,1681367747,cc-cc408-hya,data-node-03,9.9.2.155,elasticsearch_os_load5,4.31
2023/4/13 14:36,1681367807,cc-cc408-hya,data-node-03,9.9.2.155,elasticsearch_os_load5,4.55
2023/4/13 14:37,1681367867,cc-cc408-hya,data-node-03,9.9.2.155,elasticsearch_os_load5,4.91
2023/4/13 14:38,1681367927,cc-cc408-hya,data-node-03,9.9.2.155,elasticsearch_os_load5,4.75
2023/4/13 14:39,1681367987,cc-cc408-hya,data-node-03,9.9.2.155,elasticsearch_os_load5,4.54
2023/4/13 14:40,1681368047,cc-cc408-hya,data-node-03,9.9.2.155,elasticsearch_os_load5,4.41
2023/4/13 14:41,1681368107,cc-cc408-hya,data-node-03,9.9.2.155,elasticsearch_os_load5,4.2
2023/4/13 14:42,1681368167,cc-cc408-hya,data-node-03,9.9.2.155,elasticsearch_os_load5,4.06
2023/4/13 14:43,1681368227,cc-cc408-hya,data-node-03,9.9.2.155,elasticsearch_os_load5,4.09
2023/4/13 14:44,1681368287,cc-cc408-hya,data-node-03,9.9.2.155,elasticsearch_os_load5,4.95
2023/4/13 14:45,1681368347,cc-cc408-hya,data-node-03,9.9.2.155,elasticsearch_os_load5,4.65
2023/4/13 14:46,1681368407,cc-cc408-hya,data-node-03,9.9.2.155,elasticsearch_os_load5,4.58
2023/4/13 14:47,1681368467,cc-cc408-hya,data-node-03,9.9.2.155,elasticsearch_os_load5,5.09
2023/4/13 14:48,1681368527,cc-cc408-hya,data-node-03,9.9.2.155,elasticsearch_os_load5,5.66
2023/4/13 14:49,1681368587,cc-cc408-hya,data-node-03,9.9.2.155,elasticsearch_os_load5,5.39
2023/4/13 14:50,1681368647,cc-cc408-hya,data-node-03,9.9.2.155,elasticsearch_os_load5,5.41
2023/4/13 14:51,1681368707,cc-cc408-hya,data-node-03,9.9.2.155,elasticsearch_os_load5,4.99
2023/4/13 14:52,1681368767,cc-cc408-hya,data-node-03,9.9.2.155,elasticsearch_os_load5,5.03
2023/4/13 14:53,1681368827,cc-cc408-hya,data-node-03,9.9.2.155,elasticsearch_os_load5,4.99
2023/4/13 14:54,1681368887,cc-cc408-hya,data-node-03,9.9.2.155,elasticsearch_os_load5,4.81
2023/4/13 14:55,1681368947,cc-cc408-hya,data-node-03,9.9.2.155,elasticsearch_os_load5,4.93
2023/4/13 14:56,1681369007,cc-cc408-hya,data-node-03,9.9.2.155,elasticsearch_os_load5,4.83
2023/4/13 14:57,1681369067,cc-cc408-hya,data-node-03,9.9.2.155,elasticsearch_os_load5,4.72
2023/4/13 14:58,1681369127,cc-cc408-hya,data-node-03,9.9.2.155,elasticsearch_os_load5,4.55
2023/4/13 14:59,1681369187,cc-cc408-hya,data-node-03,9.9.2.155,elasticsearch_os_load5,4.27
2023/4/13 15:00,1681369247,cc-cc408-hya,data-node-03,9.9.2.155,elasticsearch_os_load5,4.39
2023/4/13 15:01,1681369307,cc-cc408-hya,data-node-03,9.9.2.155,elasticsearch_os_load5,4.36
2023/4/13 15:02,1681369367,cc-cc408-hya,data-node-03,9.9.2.155,elasticsearch_os_load5,4.25
2023/4/13 15:03,1681369427,cc-cc408-hya,data-node-03,9.9.2.155,elasticsearch_os_load5,4.02
2023/4/13 15:04,1681369487,cc-cc408-hya,data-node-03,9.9.2.155,elasticsearch_os_load5,4.29
2023/4/13 15:05,1681369547,cc-cc408-hya,data-node-03,9.9.2.155,elasticsearch_os_load5,4.52
2023/4/13 15:06,1681369607,cc-cc408-hya,data-node-03,9.9.2.155,elasticsearch_os_load5,4.58
2023/4/13 15:07,1681369667,cc-cc408-hya,data-node-03,9.9.2.155,elasticsearch_os_load5,4.32
2023/4/13 15:08,1681369727,cc-cc408-hya,data-node-03,9.9.2.155,elasticsearch_os_load5,4.18
2023/4/13 15:09,1681369787,cc-cc408-hya,data-node-03,9.9.2.155,elasticsearch_os_load5,4.28
2023/4/13 15:10,1681369847,cc-cc408-hya,data-node-03,9.9.2.155,elasticsearch_os_load5,4.53
2023/4/13 15:11,1681369907,cc-cc408-hya,data-node-03,9.9.2.155,elasticsearch_os_load5,4.54
2023/4/13 15:12,1681369967,cc-cc408-hya,data-node-03,9.9.2.155,elasticsearch_os_load5,4.24
2023/4/13 15:13,1681370027,cc-cc408-hya,data-node-03,9.9.2.155,elasticsearch_os_load5,4.45
2023/4/13 15:14,1681370087,cc-cc408-hya,data-node-03,9.9.2.155,elasticsearch_os_load5,4.16
2023/4/13 15:15,1681370147,cc-cc408-hya,data-node-03,9.9.2.155,elasticsearch_os_load5,4.3
2023/4/13 15:16,1681370207,cc-cc408-hya,data-node-03,9.9.2.155,elasticsearch_os_load5,4.26
2023/4/13 15:17,1681370267,cc-cc408-hya,data-node-03,9.9.2.155,elasticsearch_os_load5,4.46
2023/4/13 15:18,1681370327,cc-cc408-hya,data-node-03,9.9.2.155,elasticsearch_os_load5,4.29
2023/4/13 15:19,1681370387,cc-cc408-hya,data-node-03,9.9.2.155,elasticsearch_os_load5,4.43
2023/4/13 15:20,1681370447,cc-cc408-hya,data-node-03,9.9.2.155,elasticsearch_os_load5,4.64
2023/4/13 15:21,1681370507,cc-cc408-hya,data-node-03,9.9.2.155,elasticsearch_os_load5,4.93
2023/4/13 15:22,1681370567,cc-cc408-hya,data-node-03,9.9.2.155,elasticsearch_os_load5,4.61
2023/4/13 15:23,1681370627,cc-cc408-hya,data-node-03,9.9.2.155,elasticsearch_os_load5,4.57
2023/4/13 15:24,1681370687,cc-cc408-hya,data-node-03,9.9.2.155,elasticsearch_os_load5,4.28
2023/4/13 15:25,1681370747,cc-cc408-hya,data-node-03,9.9.2.155,elasticsearch_os_load5,4.31
2023/4/13 15:26,1681370807,cc-cc408-hya,data-node-03,9.9.2.155,elasticsearch_os_load5,4.38
2023/4/13 15:27,1681370867,cc-cc408-hya,data-node-03,9.9.2.155,elasticsearch_os_load5,4.38
2023/4/13 15:28,1681370927,cc-cc408-hya,data-node-03,9.9.2.155,elasticsearch_os_load5,4.51
2023/4/13 15:29,1681370987,cc-cc408-hya,data-node-03,9.9.2.155,elasticsearch_os_load5,4.68
2023/4/13 15:30,1681371047,cc-cc408-hya,data-node-03,9.9.2.155,elasticsearch_os_load5,4.97
2023/4/13 15:31,1681371107,cc-cc408-hya,data-node-03,9.9.2.155,elasticsearch_os_load5,4.92
2023/4/13 15:32,1681371167,cc-cc408-hya,data-node-03,9.9.2.155,elasticsearch_os_load5,4.98
2023/4/13 15:33,1681371227,cc-cc408-hya,data-node-03,9.9.2.155,elasticsearch_os_load5,5.02
2023/4/13 15:34,1681371287,cc-cc408-hya,data-node-03,9.9.2.155,elasticsearch_os_load5,5.17
2023/4/13 15:35,1681371347,cc-cc408-hya,data-node-03,9.9.2.155,elasticsearch_os_load5,4.88
2023/4/13 15:36,1681371407,cc-cc408-hya,data-node-03,9.9.2.155,elasticsearch_os_load5,5.97
2023/4/13 15:37,1681371467,cc-cc408-hya,data-node-03,9.9.2.155,elasticsearch_os_load5,5.9
2023/4/13 15:38,1681371527,cc-cc408-hya,data-node-03,9.9.2.155,elasticsearch_os_load5,6.15
2023/4/13 15:39,1681371587,cc-cc408-hya,data-node-03,9.9.2.155,elasticsearch_os_load5,5.99
2023/4/13 15:40,1681371647,cc-cc408-hya,data-node-03,9.9.2.155,elasticsearch_os_load5,5.99
2023/4/13 15:41,1681371707,cc-cc408-hya,data-node-03,9.9.2.155,elasticsearch_os_load5,5.85
2023/4/13 15:42,1681371767,cc-cc408-hya,data-node-03,9.9.2.155,elasticsearch_os_load5,5.97
2023/4/13 15:43,1681371827,cc-cc408-hya,data-node-03,9.9.2.155,elasticsearch_os_load5,6.11
2023/4/13 15:44,1681371887,cc-cc408-hya,data-node-03,9.9.2.155,elasticsearch_os_load5,5.71
2023/4/13 15:45,1681371947,cc-cc408-hya,data-node-03,9.9.2.155,elasticsearch_os_load5,5.69
2023/4/13 15:46,1681372007,cc-cc408-hya,data-node-03,9.9.2.155,elasticsearch_os_load5,5.49
2023/4/13 15:47,1681372067,cc-cc408-hya,data-node-03,9.9.2.155,elasticsearch_os_load5,5.57
2023/4/13 15:48,1681372127,cc-cc408-hya,data-node-03,9.9.2.155,elasticsearch_os_load5,6.45
2023/4/13 15:49,1681372187,cc-cc408-hya,data-node-03,9.9.2.155,elasticsearch_os_load5,6.49
2023/4/13 15:50,1681372247,cc-cc408-hya,data-node-03,9.9.2.155,elasticsearch_os_load5,5.78
2023/4/13 15:51,1681372307,cc-cc408-hya,data-node-03,9.9.2.155,elasticsearch_os_load5,5.36
2023/4/13 15:52,1681372367,cc-cc408-hya,data-node-03,9.9.2.155,elasticsearch_os_load5,4.74
2023/4/13 15:53,1681372427,cc-cc408-hya,data-node-03,9.9.2.155,elasticsearch_os_load5,4.69
2023/4/13 15:54,1681372487,cc-cc408-hya,data-node-03,9.9.2.155,elasticsearch_os_load5,4.91
2023/4/13 15:55,1681372547,cc-cc408-hya,data-node-03,9.9.2.155,elasticsearch_os_load5,4.92
2023/4/13 15:56,1681372607,cc-cc408-hya,data-node-03,9.9.2.155,elasticsearch_os_load5,5.18
2023/4/13 15:57,1681372667,cc-cc408-hya,data-node-03,9.9.2.155,elasticsearch_os_load5,5.09
2023/4/13 15:58,1681372727,cc-cc408-hya,data-node-03,9.9.2.155,elasticsearch_os_load5,5.4
2023/4/13 15:59,1681372787,cc-cc408-hya,data-node-03,9.9.2.155,elasticsearch_os_load5,5.31
2023/4/13 16:00,1681372847,cc-cc408-hya,data-node-03,9.9.2.155,elasticsearch_os_load5,5.03
2023/4/13 16:01,1681372907,cc-cc408-hya,data-node-03,9.9.2.155,elasticsearch_os_load5,4.78
2023/4/13 16:02,1681372967,cc-cc408-hya,data-node-03,9.9.2.155,elasticsearch_os_load5,4.99
2023/4/13 16:03,1681373027,cc-cc408-hya,data-node-03,9.9.2.155,elasticsearch_os_load5,5.06
2023/4/13 16:04,1681373087,cc-cc408-hya,data-node-03,9.9.2.155,elasticsearch_os_load5,5.04
2023/4/13 16:05,1681373147,cc-cc408-hya,data-node-03,9.9.2.155,elasticsearch_os_load5,4.92
2023/4/13 16:06,1681373207,cc-cc408-hya,data-node-03,9.9.2.155,elasticsearch_os_load5,4.91
2023/4/13 16:07,1681373267,cc-cc408-hya,data-node-03,9.9.2.155,elasticsearch_os_load5,4.97
2023/4/13 16:08,1681373327,cc-cc408-hya,data-node-03,9.9.2.155,elasticsearch_os_load5,5.36
2023/4/13 16:09,1681373387,cc-cc408-hya,data-node-03,9.9.2.155,elasticsearch_os_load5,5.35
2023/4/13 16:10,1681373447,cc-cc408-hya,data-node-03,9.9.2.155,elasticsearch_os_load5,5.21
2023/4/13 16:11,1681373507,cc-cc408-hya,data-node-03,9.9.2.155,elasticsearch_os_load5,5.21
2023/4/13 16:12,1681373567,cc-cc408-hya,data-node-03,9.9.2.155,elasticsearch_os_load5,5.38
2023/4/13 16:13,1681373627,cc-cc408-hya,data-node-03,9.9.2.155,elasticsearch_os_load5,5.53
2023/4/13 16:14,1681373687,cc-cc408-hya,data-node-03,9.9.2.155,elasticsearch_os_load5,5.76
2023/4/13 16:15,1681373747,cc-cc408-hya,data-node-03,9.9.2.155,elasticsearch_os_load5,5.76
2023/4/13 16:16,1681373807,cc-cc408-hya,data-node-03,9.9.2.155,elasticsearch_os_load5,5.69
2023/4/13 16:17,1681373867,cc-cc408-hya,data-node-03,9.9.2.155,elasticsearch_os_load5,5.6
2023/4/13 16:18,1681373927,cc-cc408-hya,data-node-03,9.9.2.155,elasticsearch_os_load5,5.54
2023/4/13 16:19,1681373987,cc-cc408-hya,data-node-03,9.9.2.155,elasticsearch_os_load5,5.39
2023/4/13 16:20,1681374047,cc-cc408-hya,data-node-03,9.9.2.155,elasticsearch_os_load5,5.7
2023/4/13 16:21,1681374107,cc-cc408-hya,data-node-03,9.9.2.155,elasticsearch_os_load5,5.93
2023/4/13 16:22,1681374167,cc-cc408-hya,data-node-03,9.9.2.155,elasticsearch_os_load5,6.12
2023/4/13 16:23,1681374227,cc-cc408-hya,data-node-03,9.9.2.155,elasticsearch_os_load5,5.99
2023/4/13 16:24,1681374287,cc-cc408-hya,data-node-03,9.9.2.155,elasticsearch_os_load5,5.81
2023/4/13 16:25,1681374347,cc-cc408-hya,data-node-03,9.9.2.155,elasticsearch_os_load5,5.85
2023/4/13 16:26,1681374407,cc-cc408-hya,data-node-03,9.9.2.155,elasticsearch_os_load5,5.77
2023/4/13 16:27,1681374467,cc-cc408-hya,data-node-03,9.9.2.155,elasticsearch_os_load5,5.77
2023/4/13 16:28,1681374527,cc-cc408-hya,data-node-03,9.9.2.155,elasticsearch_os_load5,5.64
2023/4/13 16:29,1681374587,cc-cc408-hya,data-node-03,9.9.2.155,elasticsearch_os_load5,5.67
2023/4/13 16:30,1681374647,cc-cc408-hya,data-node-03,9.9.2.155,elasticsearch_os_load5,5.56
2023/4/13 16:31,1681374707,cc-cc408-hya,data-node-03,9.9.2.155,elasticsearch_os_load5,5.41
2023/4/13 16:32,1681374767,cc-cc408-hya,data-node-03,9.9.2.155,elasticsearch_os_load5,5.57
2023/4/13 16:33,1681374827,cc-cc408-hya,data-node-03,9.9.2.155,elasticsearch_os_load5,5.81
2023/4/13 16:34,1681374887,cc-cc408-hya,data-node-03,9.9.2.155,elasticsearch_os_load5,5.71
2023/4/13 16:35,1681374947,cc-cc408-hya,data-node-03,9.9.2.155,elasticsearch_os_load5,5.67
2023/4/13 16:36,1681375007,cc-cc408-hya,data-node-03,9.9.2.155,elasticsearch_os_load5,5.64
2023/4/13 16:37,1681375067,cc-cc408-hya,data-node-03,9.9.2.155,elasticsearch_os_load5,5.71
2023/4/13 16:38,1681375127,cc-cc408-hya,data-node-03,9.9.2.155,elasticsearch_os_load5,5.54
2023/4/13 16:39,1681375187,cc-cc408-hya,data-node-03,9.9.2.155,elasticsearch_os_load5,5.44
2023/4/13 16:40,1681375247,cc-cc408-hya,data-node-03,9.9.2.155,elasticsearch_os_load5,5.42
2023/4/13 16:41,1681375307,cc-cc408-hya,data-node-03,9.9.2.155,elasticsearch_os_load5,5.49
2023/4/13 16:42,1681375367,cc-cc408-hya,data-node-03,9.9.2.155,elasticsearch_os_load5,5.41
2023/4/13 16:43,1681375427,cc-cc408-hya,data-node-03,9.9.2.155,elasticsearch_os_load5,5.29
2023/4/13 16:44,1681375487,cc-cc408-hya,data-node-03,9.9.2.155,elasticsearch_os_load5,5.15
2023/4/13 16:45,1681375547,cc-cc408-hya,data-node-03,9.9.2.155,elasticsearch_os_load5,5.31
2023/4/13 16:46,1681375607,cc-cc408-hya,data-node-03,9.9.2.155,elasticsearch_os_load5,5.13
2023/4/13 16:47,1681375667,cc-cc408-hya,data-node-03,9.9.2.155,elasticsearch_os_load5,5.21
2023/4/13 16:48,1681375727,cc-cc408-hya,data-node-03,9.9.2.155,elasticsearch_os_load5,5.15
2023/4/13 16:49,1681375787,cc-cc408-hya,data-node-03,9.9.2.155,elasticsearch_os_load5,5
2023/4/13 16:50,1681375847,cc-cc408-hya,data-node-03,9.9.2.155,elasticsearch_os_load5,5.13
2023/4/13 16:51,1681375907,cc-cc408-hya,data-node-03,9.9.2.155,elasticsearch_os_load5,4.89
2023/4/13 16:52,1681375967,cc-cc408-hya,data-node-03,9.9.2.155,elasticsearch_os_load5,4.94
2023/4/13 16:53,1681376027,cc-cc408-hya,data-node-03,9.9.2.155,elasticsearch_os_load5,4.89
2023/4/13 16:54,1681376087,cc-cc408-hya,data-node-03,9.9.2.155,elasticsearch_os_load5,4.81
2023/4/13 16:55,1681376147,cc-cc408-hya,data-node-03,9.9.2.155,elasticsearch_os_load5,5.39
2023/4/13 16:56,1681376207,cc-cc408-hya,data-node-03,9.9.2.155,elasticsearch_os_load5,5.04
2023/4/13 16:57,1681376267,cc-cc408-hya,data-node-03,9.9.2.155,elasticsearch_os_load5,4.98
2023/4/13 16:58,1681376327,cc-cc408-hya,data-node-03,9.9.2.155,elasticsearch_os_load5,5.1
2023/4/13 16:59,1681376387,cc-cc408-hya,data-node-03,9.9.2.155,elasticsearch_os_load5,5
2023/4/13 17:00,1681376447,cc-cc408-hya,data-node-03,9.9.2.155,elasticsearch_os_load5,4.99
2023/4/13 17:01,1681376507,cc-cc408-hya,data-node-03,9.9.2.155,elasticsearch_os_load5,5.32
2023/4/13 17:02,1681376567,cc-cc408-hya,data-node-03,9.9.2.155,elasticsearch_os_load5,5.74
2023/4/13 17:03,1681376627,cc-cc408-hya,data-node-03,9.9.2.155,elasticsearch_os_load5,6.35
2023/4/13 17:04,1681376687,cc-cc408-hya,data-node-03,9.9.2.155,elasticsearch_os_load5,6.22
2023/4/13 17:05,1681376747,cc-cc408-hya,data-node-03,9.9.2.155,elasticsearch_os_load5,6.17
2023/4/13 17:06,1681376807,cc-cc408-hya,data-node-03,9.9.2.155,elasticsearch_os_load5,6.37
2023/4/13 17:07,1681376867,cc-cc408-hya,data-node-03,9.9.2.155,elasticsearch_os_load5,6.1
2023/4/13 17:08,1681376927,cc-cc408-hya,data-node-03,9.9.2.155,elasticsearch_os_load5,6.18
2023/4/13 17:09,1681376987,cc-cc408-hya,data-node-03,9.9.2.155,elasticsearch_os_load5,5.96
2023/4/13 17:10,1681377047,cc-cc408-hya,data-node-03,9.9.2.155,elasticsearch_os_load5,5.9
2023/4/13 17:11,1681377107,cc-cc408-hya,data-node-03,9.9.2.155,elasticsearch_os_load5,5.83
2023/4/13 17:12,1681377167,cc-cc408-hya,data-node-03,9.9.2.155,elasticsearch_os_load5,5.95
2023/4/13 17:13,1681377227,cc-cc408-hya,data-node-03,9.9.2.155,elasticsearch_os_load5,5.84
2023/4/13 17:14,1681377287,cc-cc408-hya,data-node-03,9.9.2.155,elasticsearch_os_load5,5.72
2023/4/13 17:15,1681377347,cc-cc408-hya,data-node-03,9.9.2.155,elasticsearch_os_load5,5.49
2023/4/13 17:16,1681377407,cc-cc408-hya,data-node-03,9.9.2.155,elasticsearch_os_load5,5.34
2023/4/13 17:17,1681377467,cc-cc408-hya,data-node-03,9.9.2.155,elasticsearch_os_load5,5.21
2023/4/13 17:18,1681377527,cc-cc408-hya,data-node-03,9.9.2.155,elasticsearch_os_load5,5.17
2023/4/13 17:19,1681377587,cc-cc408-hya,data-node-03,9.9.2.155,elasticsearch_os_load5,4.87
2023/4/13 17:20,1681377647,cc-cc408-hya,data-node-03,9.9.2.155,elasticsearch_os_load5,4.72
2023/4/13 17:21,1681377707,cc-cc408-hya,data-node-03,9.9.2.155,elasticsearch_os_load5,4.91
2023/4/13 17:22,1681377767,cc-cc408-hya,data-node-03,9.9.2.155,elasticsearch_os_load5,5.18
2023/4/13 17:23,1681377827,cc-cc408-hya,data-node-03,9.9.2.155,elasticsearch_os_load5,4.89
2023/4/13 17:24,1681377887,cc-cc408-hya,data-node-03,9.9.2.155,elasticsearch_os_load5,5.05
2023/4/13 17:25,1681377947,cc-cc408-hya,data-node-03,9.9.2.155,elasticsearch_os_load5,4.73
2023/4/13 17:26,1681378007,cc-cc408-hya,data-node-03,9.9.2.155,elasticsearch_os_load5,4.9
2023/4/13 17:27,1681378067,cc-cc408-hya,data-node-03,9.9.2.155,elasticsearch_os_load5,4.91
2023/4/13 17:28,1681378127,cc-cc408-hya,data-node-03,9.9.2.155,elasticsearch_os_load5,5.19
2023/4/13 17:29,1681378187,cc-cc408-hya,data-node-03,9.9.2.155,elasticsearch_os_load5,5.24
2023/4/13 17:30,1681378247,cc-cc408-hya,data-node-03,9.9.2.155,elasticsearch_os_load5,5.49
2023/4/12 17:30,1681291847,cc-cc408-hya,data-node-08,9.9.2.155,elasticsearch_os_load5,5.8
2023/4/12 17:31,1681291907,cc-cc408-hya,data-node-08,9.9.2.155,elasticsearch_os_load5,5.58
2023/4/12 17:32,1681291967,cc-cc408-hya,data-node-08,9.9.2.155,elasticsearch_os_load5,5.31
2023/4/12 17:33,1681292027,cc-cc408-hya,data-node-08,9.9.2.155,elasticsearch_os_load5,5.48
2023/4/12 17:34,1681292087,cc-cc408-hya,data-node-08,9.9.2.155,elasticsearch_os_load5,5.39
2023/4/12 17:35,1681292147,cc-cc408-hya,data-node-08,9.9.2.155,elasticsearch_os_load5,6.04
2023/4/12 17:36,1681292207,cc-cc408-hya,data-node-08,9.9.2.155,elasticsearch_os_load5,5.78
2023/4/12 17:37,1681292267,cc-cc408-hya,data-node-08,9.9.2.155,elasticsearch_os_load5,5.33
2023/4/12 17:38,1681292327,cc-cc408-hya,data-node-08,9.9.2.155,elasticsearch_os_load5,5.15
2023/4/12 17:39,1681292387,cc-cc408-hya,data-node-08,9.9.2.155,elasticsearch_os_load5,5.13
2023/4/12 17:40,1681292447,cc-cc408-hya,data-node-08,9.9.2.155,elasticsearch_os_load5,5.08
2023/4/12 17:41,1681292507,cc-cc408-hya,data-node-08,9.9.2.155,elasticsearch_os_load5,4.97
2023/4/12 17:42,1681292567,cc-cc408-hya,data-node-08,9.9.2.155,elasticsearch_os_load5,5.13
2023/4/12 17:43,1681292627,cc-cc408-hya,data-node-08,9.9.2.155,elasticsearch_os_load5,5
2023/4/12 17:44,1681292687,cc-cc408-hya,data-node-08,9.9.2.155,elasticsearch_os_load5,5.55
2023/4/12 17:45,1681292747,cc-cc408-hya,data-node-08,9.9.2.155,elasticsearch_os_load5,6.04
2023/4/12 17:46,1681292807,cc-cc408-hya,data-node-08,9.9.2.155,elasticsearch_os_load5,5.88
2023/4/12 17:47,1681292867,cc-cc408-hya,data-node-08,9.9.2.155,elasticsearch_os_load5,5.83
2023/4/12 17:48,1681292927,cc-cc408-hya,data-node-08,9.9.2.155,elasticsearch_os_load5,5.6
2023/4/12 17:49,1681292987,cc-cc408-hya,data-node-08,9.9.2.155,elasticsearch_os_load5,5.36
2023/4/12 17:50,1681293047,cc-cc408-hya,data-node-08,9.9.2.155,elasticsearch_os_load5,5.86
2023/4/12 17:51,1681293107,cc-cc408-hya,data-node-08,9.9.2.155,elasticsearch_os_load5,5.66
2023/4/12 17:52,1681293167,cc-cc408-hya,data-node-08,9.9.2.155,elasticsearch_os_load5,5.33
2023/4/12 17:53,1681293227,cc-cc408-hya,data-node-08,9.9.2.155,elasticsearch_os_load5,5.46
2023/4/12 17:54,1681293287,cc-cc408-hya,data-node-08,9.9.2.155,elasticsearch_os_load5,5.25
2023/4/12 17:55,1681293347,cc-cc408-hya,data-node-08,9.9.2.155,elasticsearch_os_load5,5.18
2023/4/12 17:56,1681293407,cc-cc408-hya,data-node-08,9.9.2.155,elasticsearch_os_load5,5.4
2023/4/12 17:57,1681293467,cc-cc408-hya,data-node-08,9.9.2.155,elasticsearch_os_load5,5.77
2023/4/12 17:58,1681293527,cc-cc408-hya,data-node-08,9.9.2.155,elasticsearch_os_load5,6.12
2023/4/12 17:59,1681293587,cc-cc408-hya,data-node-08,9.9.2.155,elasticsearch_os_load5,5.94
2023/4/12 18:00,1681293647,cc-cc408-hya,data-node-08,9.9.2.155,elasticsearch_os_load5,6.06
2023/4/12 18:01,1681293707,cc-cc408-hya,data-node-08,9.9.2.155,elasticsearch_os_load5,5.52
2023/4/12 18:02,1681293767,cc-cc408-hya,data-node-08,9.9.2.155,elasticsearch_os_load5,5.28
2023/4/12 18:03,1681293827,cc-cc408-hya,data-node-08,9.9.2.155,elasticsearch_os_load5,5.16
2023/4/12 18:04,1681293887,cc-cc408-hya,data-node-08,9.9.2.155,elasticsearch_os_load5,4.91
2023/4/12 18:05,1681293947,cc-cc408-hya,data-node-08,9.9.2.155,elasticsearch_os_load5,4.93
2023/4/12 18:06,1681294007,cc-cc408-hya,data-node-08,9.9.2.155,elasticsearch_os_load5,5.13
2023/4/12 18:07,1681294067,cc-cc408-hya,data-node-08,9.9.2.155,elasticsearch_os_load5,5.14
2023/4/12 18:08,1681294127,cc-cc408-hya,data-node-08,9.9.2.155,elasticsearch_os_load5,5
2023/4/12 18:09,1681294187,cc-cc408-hya,data-node-08,9.9.2.155,elasticsearch_os_load5,4.94
2023/4/12 18:10,1681294247,cc-cc408-hya,data-node-08,9.9.2.155,elasticsearch_os_load5,4.95
2023/4/12 18:11,1681294307,cc-cc408-hya,data-node-08,9.9.2.155,elasticsearch_os_load5,4.65
2023/4/12 18:12,1681294367,cc-cc408-hya,data-node-08,9.9.2.155,elasticsearch_os_load5,4.46
2023/4/12 18:13,1681294427,cc-cc408-hya,data-node-08,9.9.2.155,elasticsearch_os_load5,4.61
2023/4/12 18:14,1681294487,cc-cc408-hya,data-node-08,9.9.2.155,elasticsearch_os_load5,4.61
2023/4/12 18:15,1681294547,cc-cc408-hya,data-node-08,9.9.2.155,elasticsearch_os_load5,4.61
2023/4/12 18:16,1681294607,cc-cc408-hya,data-node-08,9.9.2.155,elasticsearch_os_load5,4.81
2023/4/12 18:17,1681294667,cc-cc408-hya,data-node-08,9.9.2.155,elasticsearch_os_load5,4.84
2023/4/12 18:18,1681294727,cc-cc408-hya,data-node-08,9.9.2.155,elasticsearch_os_load5,4.83
2023/4/12 18:19,1681294787,cc-cc408-hya,data-node-08,9.9.2.155,elasticsearch_os_load5,4.97
2023/4/12 18:20,1681294847,cc-cc408-hya,data-node-08,9.9.2.155,elasticsearch_os_load5,4.88
2023/4/12 18:21,1681294907,cc-cc408-hya,data-node-08,9.9.2.155,elasticsearch_os_load5,5.12
2023/4/12 18:22,1681294967,cc-cc408-hya,data-node-08,9.9.2.155,elasticsearch_os_load5,5.46
2023/4/12 18:23,1681295027,cc-cc408-hya,data-node-08,9.9.2.155,elasticsearch_os_load5,5.59
2023/4/12 18:24,1681295087,cc-cc408-hya,data-node-08,9.9.2.155,elasticsearch_os_load5,5.11
2023/4/12 18:25,1681295147,cc-cc408-hya,data-node-08,9.9.2.155,elasticsearch_os_load5,4.79
2023/4/12 18:26,1681295207,cc-cc408-hya,data-node-08,9.9.2.155,elasticsearch_os_load5,4.99
2023/4/12 18:27,1681295267,cc-cc408-hya,data-node-08,9.9.2.155,elasticsearch_os_load5,5.06
2023/4/12 18:28,1681295327,cc-cc408-hya,data-node-08,9.9.2.155,elasticsearch_os_load5,5.55
2023/4/12 18:29,1681295387,cc-cc408-hya,data-node-08,9.9.2.155,elasticsearch_os_load5,5.14
2023/4/12 18:30,1681295447,cc-cc408-hya,data-node-08,9.9.2.155,elasticsearch_os_load5,5.33
2023/4/12 18:31,1681295507,cc-cc408-hya,data-node-08,9.9.2.155,elasticsearch_os_load5,5.26
2023/4/12 18:32,1681295567,cc-cc408-hya,data-node-08,9.9.2.155,elasticsearch_os_load5,5.14
2023/4/12 18:33,1681295627,cc-cc408-hya,data-node-08,9.9.2.155,elasticsearch_os_load5,4.93
2023/4/12 18:34,1681295687,cc-cc408-hya,data-node-08,9.9.2.155,elasticsearch_os_load5,4.66
2023/4/12 18:35,1681295747,cc-cc408-hya,data-node-08,9.9.2.155,elasticsearch_os_load5,4.55
2023/4/12 18:36,1681295807,cc-cc408-hya,data-node-08,9.9.2.155,elasticsearch_os_load5,4.72
2023/4/12 18:37,1681295867,cc-cc408-hya,data-node-08,9.9.2.155,elasticsearch_os_load5,4.67
2023/4/12 18:38,1681295927,cc-cc408-hya,data-node-08,9.9.2.155,elasticsearch_os_load5,4.69
2023/4/12 18:39,1681295987,cc-cc408-hya,data-node-08,9.9.2.155,elasticsearch_os_load5,4.6
2023/4/12 18:40,1681296047,cc-cc408-hya,data-node-08,9.9.2.155,elasticsearch_os_load5,4.81
2023/4/12 18:41,1681296107,cc-cc408-hya,data-node-08,9.9.2.155,elasticsearch_os_load5,4.87
2023/4/12 18:42,1681296167,cc-cc408-hya,data-node-08,9.9.2.155,elasticsearch_os_load5,4.92
2023/4/12 18:43,1681296227,cc-cc408-hya,data-node-08,9.9.2.155,elasticsearch_os_load5,4.95
2023/4/12 18:44,1681296287,cc-cc408-hya,data-node-08,9.9.2.155,elasticsearch_os_load5,4.62
2023/4/12 18:45,1681296347,cc-cc408-hya,data-node-08,9.9.2.155,elasticsearch_os_load5,4.37
2023/4/12 18:46,1681296407,cc-cc408-hya,data-node-08,9.9.2.155,elasticsearch_os_load5,4.22
2023/4/12 18:47,1681296467,cc-cc408-hya,data-node-08,9.9.2.155,elasticsearch_os_load5,4.19
2023/4/12 18:48,1681296527,cc-cc408-hya,data-node-08,9.9.2.155,elasticsearch_os_load5,4.06
2023/4/12 18:49,1681296587,cc-cc408-hya,data-node-08,9.9.2.155,elasticsearch_os_load5,3.96
2023/4/12 18:50,1681296647,cc-cc408-hya,data-node-08,9.9.2.155,elasticsearch_os_load5,3.94
2023/4/12 18:51,1681296707,cc-cc408-hya,data-node-08,9.9.2.155,elasticsearch_os_load5,3.93
2023/4/12 18:52,1681296767,cc-cc408-hya,data-node-08,9.9.2.155,elasticsearch_os_load5,4.1
2023/4/12 18:53,1681296827,cc-cc408-hya,data-node-08,9.9.2.155,elasticsearch_os_load5,4.67
2023/4/12 18:54,1681296887,cc-cc408-hya,data-node-08,9.9.2.155,elasticsearch_os_load5,4.52
2023/4/12 18:55,1681296947,cc-cc408-hya,data-node-08,9.9.2.155,elasticsearch_os_load5,4.67
2023/4/12 18:56,1681297007,cc-cc408-hya,data-node-08,9.9.2.155,elasticsearch_os_load5,4.74
2023/4/12 18:57,1681297067,cc-cc408-hya,data-node-08,9.9.2.155,elasticsearch_os_load5,4.84
2023/4/12 18:58,1681297127,cc-cc408-hya,data-node-08,9.9.2.155,elasticsearch_os_load5,4.6
2023/4/12 18:59,1681297187,cc-cc408-hya,data-node-08,9.9.2.155,elasticsearch_os_load5,4.47
2023/4/12 19:00,1681297247,cc-cc408-hya,data-node-08,9.9.2.155,elasticsearch_os_load5,4.4
2023/4/12 19:01,1681297307,cc-cc408-hya,data-node-08,9.9.2.155,elasticsearch_os_load5,4.42
2023/4/12 19:02,1681297367,cc-cc408-hya,data-node-08,9.9.2.155,elasticsearch_os_load5,4.24
2023/4/12 19:03,1681297427,cc-cc408-hya,data-node-08,9.9.2.155,elasticsearch_os_load5,4.24
2023/4/12 19:04,1681297487,cc-cc408-hya,data-node-08,9.9.2.155,elasticsearch_os_load5,4.14
2023/4/12 19:05,1681297547,cc-cc408-hya,data-node-08,9.9.2.155,elasticsearch_os_load5,4.9
2023/4/12 19:06,1681297607,cc-cc408-hya,data-node-08,9.9.2.155,elasticsearch_os_load5,4.81
2023/4/12 19:07,1681297667,cc-cc408-hya,data-node-08,9.9.2.155,elasticsearch_os_load5,4.7
2023/4/12 19:08,1681297727,cc-cc408-hya,data-node-08,9.9.2.155,elasticsearch_os_load5,4.71
2023/4/12 19:09,1681297787,cc-cc408-hya,data-node-08,9.9.2.155,elasticsearch_os_load5,4.53
2023/4/12 19:10,1681297847,cc-cc408-hya,data-node-08,9.9.2.155,elasticsearch_os_load5,4.72
2023/4/12 19:11,1681297907,cc-cc408-hya,data-node-08,9.9.2.155,elasticsearch_os_load5,4.63
2023/4/12 19:12,1681297967,cc-cc408-hya,data-node-08,9.9.2.155,elasticsearch_os_load5,4.41
2023/4/12 19:13,1681298027,cc-cc408-hya,data-node-08,9.9.2.155,elasticsearch_os_load5,4.42
2023/4/12 19:14,1681298087,cc-cc408-hya,data-node-08,9.9.2.155,elasticsearch_os_load5,4.39
2023/4/12 19:15,1681298147,cc-cc408-hya,data-node-08,9.9.2.155,elasticsearch_os_load5,4.37
2023/4/12 19:16,1681298207,cc-cc408-hya,data-node-08,9.9.2.155,elasticsearch_os_load5,4.18
2023/4/12 19:17,1681298267,cc-cc408-hya,data-node-08,9.9.2.155,elasticsearch_os_load5,4.06
2023/4/12 19:18,1681298327,cc-cc408-hya,data-node-08,9.9.2.155,elasticsearch_os_load5,4.31
2023/4/12 19:19,1681298387,cc-cc408-hya,data-node-08,9.9.2.155,elasticsearch_os_load5,4.25
2023/4/12 19:20,1681298447,cc-cc408-hya,data-node-08,9.9.2.155,elasticsearch_os_load5,4.15
2023/4/12 19:21,1681298507,cc-cc408-hya,data-node-08,9.9.2.155,elasticsearch_os_load5,4.17
2023/4/12 19:22,1681298567,cc-cc408-hya,data-node-08,9.9.2.155,elasticsearch_os_load5,4.25
2023/4/12 19:23,1681298627,cc-cc408-hya,data-node-08,9.9.2.155,elasticsearch_os_load5,4.17
2023/4/12 19:24,1681298687,cc-cc408-hya,data-node-08,9.9.2.155,elasticsearch_os_load5,4.25
2023/4/12 19:25,1681298747,cc-cc408-hya,data-node-08,9.9.2.155,elasticsearch_os_load5,4.12
2023/4/12 19:26,1681298807,cc-cc408-hya,data-node-08,9.9.2.155,elasticsearch_os_load5,3.87
2023/4/12 19:27,1681298867,cc-cc408-hya,data-node-08,9.9.2.155,elasticsearch_os_load5,3.96
2023/4/12 19:28,1681298927,cc-cc408-hya,data-node-08,9.9.2.155,elasticsearch_os_load5,3.77
2023/4/12 19:29,1681298987,cc-cc408-hya,data-node-08,9.9.2.155,elasticsearch_os_load5,3.8
2023/4/12 19:30,1681299047,cc-cc408-hya,data-node-08,9.9.2.155,elasticsearch_os_load5,4.08
2023/4/12 19:31,1681299107,cc-cc408-hya,data-node-08,9.9.2.155,elasticsearch_os_load5,4.79
2023/4/12 19:32,1681299167,cc-cc408-hya,data-node-08,9.9.2.155,elasticsearch_os_load5,4.6
2023/4/12 19:33,1681299227,cc-cc408-hya,data-node-08,9.9.2.155,elasticsearch_os_load5,4.43
2023/4/12 19:34,1681299287,cc-cc408-hya,data-node-08,9.9.2.155,elasticsearch_os_load5,4.34
2023/4/12 19:35,1681299347,cc-cc408-hya,data-node-08,9.9.2.155,elasticsearch_os_load5,4.52
2023/4/12 19:36,1681299407,cc-cc408-hya,data-node-08,9.9.2.155,elasticsearch_os_load5,4.3
2023/4/12 19:37,1681299467,cc-cc408-hya,data-node-08,9.9.2.155,elasticsearch_os_load5,4.04
2023/4/12 19:38,1681299527,cc-cc408-hya,data-node-08,9.9.2.155,elasticsearch_os_load5,3.69
2023/4/12 19:39,1681299587,cc-cc408-hya,data-node-08,9.9.2.155,elasticsearch_os_load5,3.56
2023/4/12 19:40,1681299647,cc-cc408-hya,data-node-08,9.9.2.155,elasticsearch_os_load5,3.43
2023/4/12 19:41,1681299707,cc-cc408-hya,data-node-08,9.9.2.155,elasticsearch_os_load5,3.29
2023/4/12 19:42,1681299767,cc-cc408-hya,data-node-08,9.9.2.155,elasticsearch_os_load5,3.18
2023/4/12 19:43,1681299827,cc-cc408-hya,data-node-08,9.9.2.155,elasticsearch_os_load5,3.17
2023/4/12 19:44,1681299887,cc-cc408-hya,data-node-08,9.9.2.155,elasticsearch_os_load5,3.09
2023/4/12 19:45,1681299947,cc-cc408-hya,data-node-08,9.9.2.155,elasticsearch_os_load5,3.05
2023/4/12 19:46,1681300007,cc-cc408-hya,data-node-08,9.9.2.155,elasticsearch_os_load5,3.17
2023/4/12 19:47,1681300067,cc-cc408-hya,data-node-08,9.9.2.155,elasticsearch_os_load5,3.19
2023/4/12 19:48,1681300127,cc-cc408-hya,data-node-08,9.9.2.155,elasticsearch_os_load5,2.99
2023/4/12 19:49,1681300187,cc-cc408-hya,data-node-08,9.9.2.155,elasticsearch_os_load5,3.01
2023/4/12 19:50,1681300247,cc-cc408-hya,data-node-08,9.9.2.155,elasticsearch_os_load5,2.9
2023/4/12 19:51,1681300307,cc-cc408-hya,data-node-08,9.9.2.155,elasticsearch_os_load5,3.1
2023/4/12 19:52,1681300367,cc-cc408-hya,data-node-08,9.9.2.155,elasticsearch_os_load5,3.2
2023/4/12 19:53,1681300427,cc-cc408-hya,data-node-08,9.9.2.155,elasticsearch_os_load5,3.25
2023/4/12 19:54,1681300487,cc-cc408-hya,data-node-08,9.9.2.155,elasticsearch_os_load5,3.08
2023/4/12 19:55,1681300547,cc-cc408-hya,data-node-08,9.9.2.155,elasticsearch_os_load5,2.95
2023/4/12 19:56,1681300607,cc-cc408-hya,data-node-08,9.9.2.155,elasticsearch_os_load5,3.01
2023/4/12 19:57,1681300667,cc-cc408-hya,data-node-08,9.9.2.155,elasticsearch_os_load5,2.86
2023/4/12 19:58,1681300727,cc-cc408-hya,data-node-08,9.9.2.155,elasticsearch_os_load5,2.77
2023/4/12 19:59,1681300787,cc-cc408-hya,data-node-08,9.9.2.155,elasticsearch_os_load5,2.55
2023/4/12 20:00,1681300847,cc-cc408-hya,data-node-08,9.9.2.155,elasticsearch_os_load5,2.36
2023/4/12 20:01,1681300907,cc-cc408-hya,data-node-08,9.9.2.155,elasticsearch_os_load5,2.23
2023/4/12 20:02,1681300967,cc-cc408-hya,data-node-08,9.9.2.155,elasticsearch_os_load5,2.15
2023/4/12 20:03,1681301027,cc-cc408-hya,data-node-08,9.9.2.155,elasticsearch_os_load5,2.39
2023/4/12 20:04,1681301087,cc-cc408-hya,data-node-08,9.9.2.155,elasticsearch_os_load5,2.52
2023/4/12 20:05,1681301147,cc-cc408-hya,data-node-08,9.9.2.155,elasticsearch_os_load5,2.62
2023/4/12 20:06,1681301207,cc-cc408-hya,data-node-08,9.9.2.155,elasticsearch_os_load5,2.6
2023/4/12 20:07,1681301267,cc-cc408-hya,data-node-08,9.9.2.155,elasticsearch_os_load5,2.56
2023/4/12 20:08,1681301327,cc-cc408-hya,data-node-08,9.9.2.155,elasticsearch_os_load5,2.53
2023/4/12 20:09,1681301387,cc-cc408-hya,data-node-08,9.9.2.155,elasticsearch_os_load5,2.32
2023/4/12 20:10,1681301447,cc-cc408-hya,data-node-08,9.9.2.155,elasticsearch_os_load5,2.16
2023/4/12 20:11,1681301507,cc-cc408-hya,data-node-08,9.9.2.155,elasticsearch_os_load5,2.15
2023/4/12 20:12,1681301567,cc-cc408-hya,data-node-08,9.9.2.155,elasticsearch_os_load5,2.45
2023/4/12 20:13,1681301627,cc-cc408-hya,data-node-08,9.9.2.155,elasticsearch_os_load5,2.56
2023/4/12 20:14,1681301687,cc-cc408-hya,data-node-08,9.9.2.155,elasticsearch_os_load5,2.45
2023/4/12 20:15,1681301747,cc-cc408-hya,data-node-08,9.9.2.155,elasticsearch_os_load5,2.44
2023/4/12 20:16,1681301807,cc-cc408-hya,data-node-08,9.9.2.155,elasticsearch_os_load5,2.36
2023/4/12 20:17,1681301867,cc-cc408-hya,data-node-08,9.9.2.155,elasticsearch_os_load5,2.22
2023/4/12 20:18,1681301927,cc-cc408-hya,data-node-08,9.9.2.155,elasticsearch_os_load5,2.16
2023/4/12 20:19,1681301987,cc-cc408-hya,data-node-08,9.9.2.155,elasticsearch_os_load5,2.1
2023/4/12 20:20,1681302047,cc-cc408-hya,data-node-08,9.9.2.155,elasticsearch_os_load5,1.97
2023/4/12 20:21,1681302107,cc-cc408-hya,data-node-08,9.9.2.155,elasticsearch_os_load5,2.1
2023/4/12 20:22,1681302167,cc-cc408-hya,data-node-08,9.9.2.155,elasticsearch_os_load5,1.93
2023/4/12 20:23,1681302227,cc-cc408-hya,data-node-08,9.9.2.155,elasticsearch_os_load5,1.86
2023/4/12 20:24,1681302287,cc-cc408-hya,data-node-08,9.9.2.155,elasticsearch_os_load5,1.71
2023/4/12 20:25,1681302347,cc-cc408-hya,data-node-08,9.9.2.155,elasticsearch_os_load5,1.73
2023/4/12 20:26,1681302407,cc-cc408-hya,data-node-08,9.9.2.155,elasticsearch_os_load5,1.65
2023/4/12 20:27,1681302467,cc-cc408-hya,data-node-08,9.9.2.155,elasticsearch_os_load5,1.54
2023/4/12 20:28,1681302527,cc-cc408-hya,data-node-08,9.9.2.155,elasticsearch_os_load5,1.58
2023/4/12 20:29,1681302587,cc-cc408-hya,data-node-08,9.9.2.155,elasticsearch_os_load5,1.45
2023/4/12 20:30,1681302647,cc-cc408-hya,data-node-08,9.9.2.155,elasticsearch_os_load5,1.42
2023/4/12 20:31,1681302707,cc-cc408-hya,data-node-08,9.9.2.155,elasticsearch_os_load5,1.47
2023/4/12 20:32,1681302767,cc-cc408-hya,data-node-08,9.9.2.155,elasticsearch_os_load5,1.57
2023/4/12 20:33,1681302827,cc-cc408-hya,data-node-08,9.9.2.155,elasticsearch_os_load5,1.67
2023/4/12 20:34,1681302887,cc-cc408-hya,data-node-08,9.9.2.155,elasticsearch_os_load5,1.66
2023/4/12 20:35,1681302947,cc-cc408-hya,data-node-08,9.9.2.155,elasticsearch_os_load5,1.68
2023/4/12 20:36,1681303007,cc-cc408-hya,data-node-08,9.9.2.155,elasticsearch_os_load5,1.66
2023/4/12 20:37,1681303067,cc-cc408-hya,data-node-08,9.9.2.155,elasticsearch_os_load5,1.52
2023/4/12 20:38,1681303127,cc-cc408-hya,data-node-08,9.9.2.155,elasticsearch_os_load5,1.51
2023/4/12 20:39,1681303187,cc-cc408-hya,data-node-08,9.9.2.155,elasticsearch_os_load5,1.42
2023/4/12 20:40,1681303247,cc-cc408-hya,data-node-08,9.9.2.155,elasticsearch_os_load5,1.34
2023/4/12 20:41,1681303307,cc-cc408-hya,data-node-08,9.9.2.155,elasticsearch_os_load5,1.39
2023/4/12 20:42,1681303367,cc-cc408-hya,data-node-08,9.9.2.155,elasticsearch_os_load5,1.28
2023/4/12 20:43,1681303427,cc-cc408-hya,data-node-08,9.9.2.155,elasticsearch_os_load5,1.38
2023/4/12 20:44,1681303487,cc-cc408-hya,data-node-08,9.9.2.155,elasticsearch_os_load5,1.32
2023/4/12 20:45,1681303547,cc-cc408-hya,data-node-08,9.9.2.155,elasticsearch_os_load5,1.25
2023/4/12 20:46,1681303607,cc-cc408-hya,data-node-08,9.9.2.155,elasticsearch_os_load5,1.37
2023/4/12 20:47,1681303667,cc-cc408-hya,data-node-08,9.9.2.155,elasticsearch_os_load5,1.5
2023/4/12 20:48,1681303727,cc-cc408-hya,data-node-08,9.9.2.155,elasticsearch_os_load5,1.41
2023/4/12 20:49,1681303787,cc-cc408-hya,data-node-08,9.9.2.155,elasticsearch_os_load5,1.42
2023/4/12 20:50,1681303847,cc-cc408-hya,data-node-08,9.9.2.155,elasticsearch_os_load5,1.33
2023/4/12 20:51,1681303907,cc-cc408-hya,data-node-08,9.9.2.155,elasticsearch_os_load5,1.16
2023/4/12 20:52,1681303967,cc-cc408-hya,data-node-08,9.9.2.155,elasticsearch_os_load5,1.1
2023/4/12 20:53,1681304027,cc-cc408-hya,data-node-08,9.9.2.155,elasticsearch_os_load5,1.07
2023/4/12 20:54,1681304087,cc-cc408-hya,data-node-08,9.9.2.155,elasticsearch_os_load5,1.05
2023/4/12 20:55,1681304147,cc-cc408-hya,data-node-08,9.9.2.155,elasticsearch_os_load5,1.14
2023/4/12 20:56,1681304207,cc-cc408-hya,data-node-08,9.9.2.155,elasticsearch_os_load5,1.06
2023/4/12 20:57,1681304267,cc-cc408-hya,data-node-08,9.9.2.155,elasticsearch_os_load5,1
2023/4/12 20:58,1681304327,cc-cc408-hya,data-node-08,9.9.2.155,elasticsearch_os_load5,1.08
2023/4/12 20:59,1681304387,cc-cc408-hya,data-node-08,9.9.2.155,elasticsearch_os_load5,1.04
2023/4/12 21:00,1681304447,cc-cc408-hya,data-node-08,9.9.2.155,elasticsearch_os_load5,1.09
2023/4/12 21:01,1681304507,cc-cc408-hya,data-node-08,9.9.2.155,elasticsearch_os_load5,1.01
2023/4/12 21:02,1681304567,cc-cc408-hya,data-node-08,9.9.2.155,elasticsearch_os_load5,1.02
2023/4/12 21:03,1681304627,cc-cc408-hya,data-node-08,9.9.2.155,elasticsearch_os_load5,1.09
2023/4/12 21:04,1681304687,cc-cc408-hya,data-node-08,9.9.2.155,elasticsearch_os_load5,1.02
2023/4/12 21:05,1681304747,cc-cc408-hya,data-node-08,9.9.2.155,elasticsearch_os_load5,1.04
2023/4/12 21:06,1681304807,cc-cc408-hya,data-node-08,9.9.2.155,elasticsearch_os_load5,0.97
2023/4/12 21:07,1681304867,cc-cc408-hya,data-node-08,9.9.2.155,elasticsearch_os_load5,0.93
2023/4/12 21:08,1681304927,cc-cc408-hya,data-node-08,9.9.2.155,elasticsearch_os_load5,0.84
2023/4/12 21:09,1681304987,cc-cc408-hya,data-node-08,9.9.2.155,elasticsearch_os_load5,0.91
2023/4/12 21:10,1681305047,cc-cc408-hya,data-node-08,9.9.2.155,elasticsearch_os_load5,0.89
2023/4/12 21:11,1681305107,cc-cc408-hya,data-node-08,9.9.2.155,elasticsearch_os_load5,1.11
2023/4/12 21:12,1681305167,cc-cc408-hya,data-node-08,9.9.2.155,elasticsearch_os_load5,1.06
2023/4/12 21:13,1681305227,cc-cc408-hya,data-node-08,9.9.2.155,elasticsearch_os_load5,1.04
2023/4/12 21:14,1681305287,cc-cc408-hya,data-node-08,9.9.2.155,elasticsearch_os_load5,0.93
2023/4/12 21:15,1681305347,cc-cc408-hya,data-node-08,9.9.2.155,elasticsearch_os_load5,1.05
2023/4/12 21:16,1681305407,cc-cc408-hya,data-node-08,9.9.2.155,elasticsearch_os_load5,1.28
2023/4/12 21:17,1681305467,cc-cc408-hya,data-node-08,9.9.2.155,elasticsearch_os_load5,1.4
2023/4/12 21:18,1681305527,cc-cc408-hya,data-node-08,9.9.2.155,elasticsearch_os_load5,1.36
2023/4/12 21:19,1681305587,cc-cc408-hya,data-node-08,9.9.2.155,elasticsearch_os_load5,1.41
2023/4/12 21:20,1681305647,cc-cc408-hya,data-node-08,9.9.2.155,elasticsearch_os_load5,1.43
2023/4/12 21:21,1681305707,cc-cc408-hya,data-node-08,9.9.2.155,elasticsearch_os_load5,1.36
2023/4/12 21:22,1681305767,cc-cc408-hya,data-node-08,9.9.2.155,elasticsearch_os_load5,1.18
2023/4/12 21:23,1681305827,cc-cc408-hya,data-node-08,9.9.2.155,elasticsearch_os_load5,1.08
2023/4/12 21:24,1681305887,cc-cc408-hya,data-node-08,9.9.2.155,elasticsearch_os_load5,1.04
2023/4/12 21:25,1681305947,cc-cc408-hya,data-node-08,9.9.2.155,elasticsearch_os_load5,1.03
2023/4/12 21:26,1681306007,cc-cc408-hya,data-node-08,9.9.2.155,elasticsearch_os_load5,1.15
2023/4/12 21:27,1681306067,cc-cc408-hya,data-node-08,9.9.2.155,elasticsearch_os_load5,1.18
2023/4/12 21:28,1681306127,cc-cc408-hya,data-node-08,9.9.2.155,elasticsearch_os_load5,1.21
2023/4/12 21:29,1681306187,cc-cc408-hya,data-node-08,9.9.2.155,elasticsearch_os_load5,1.3
2023/4/12 21:30,1681306247,cc-cc408-hya,data-node-08,9.9.2.155,elasticsearch_os_load5,1.26
2023/4/12 21:31,1681306307,cc-cc408-hya,data-node-08,9.9.2.155,elasticsearch_os_load5,1.2
2023/4/12 21:32,1681306367,cc-cc408-hya,data-node-08,9.9.2.155,elasticsearch_os_load5,1.17
2023/4/12 21:33,1681306427,cc-cc408-hya,data-node-08,9.9.2.155,elasticsearch_os_load5,1.2
2023/4/12 21:34,1681306487,cc-cc408-hya,data-node-08,9.9.2.155,elasticsearch_os_load5,1.1
2023/4/12 21:35,1681306547,cc-cc408-hya,data-node-08,9.9.2.155,elasticsearch_os_load5,1.08
2023/4/12 21:36,1681306607,cc-cc408-hya,data-node-08,9.9.2.155,elasticsearch_os_load5,1.13
2023/4/12 21:37,1681306667,cc-cc408-hya,data-node-08,9.9.2.155,elasticsearch_os_load5,1.18
2023/4/12 21:38,1681306727,cc-cc408-hya,data-node-08,9.9.2.155,elasticsearch_os_load5,1.18
2023/4/12 21:39,1681306787,cc-cc408-hya,data-node-08,9.9.2.155,elasticsearch_os_load5,1.25
2023/4/12 21:40,1681306847,cc-cc408-hya,data-node-08,9.9.2.155,elasticsearch_os_load5,1.26
2023/4/12 21:41,1681306907,cc-cc408-hya,data-node-08,9.9.2.155,elasticsearch_os_load5,1.27
2023/4/12 21:42,1681306967,cc-cc408-hya,data-node-08,9.9.2.155,elasticsearch_os_load5,1.2
2023/4/12 21:43,1681307027,cc-cc408-hya,data-node-08,9.9.2.155,elasticsearch_os_load5,1.14
2023/4/12 21:44,1681307087,cc-cc408-hya,data-node-08,9.9.2.155,elasticsearch_os_load5,1.02
2023/4/12 21:45,1681307147,cc-cc408-hya,data-node-08,9.9.2.155,elasticsearch_os_load5,1.12
2023/4/12 21:46,1681307207,cc-cc408-hya,data-node-08,9.9.2.155,elasticsearch_os_load5,1.14
2023/4/12 21:47,1681307267,cc-cc408-hya,data-node-08,9.9.2.155,elasticsearch_os_load5,1.1
2023/4/12 21:48,1681307327,cc-cc408-hya,data-node-08,9.9.2.155,elasticsearch_os_load5,1.07
2023/4/12 21:49,1681307387,cc-cc408-hya,data-node-08,9.9.2.155,elasticsearch_os_load5,1.01
2023/4/12 21:50,1681307447,cc-cc408-hya,data-node-08,9.9.2.155,elasticsearch_os_load5,0.9
2023/4/12 21:51,1681307507,cc-cc408-hya,data-node-08,9.9.2.155,elasticsearch_os_load5,0.9
2023/4/12 21:52,1681307567,cc-cc408-hya,data-node-08,9.9.2.155,elasticsearch_os_load5,0.89
2023/4/12 21:53,1681307627,cc-cc408-hya,data-node-08,9.9.2.155,elasticsearch_os_load5,0.88
2023/4/12 21:54,1681307687,cc-cc408-hya,data-node-08,9.9.2.155,elasticsearch_os_load5,0.98
2023/4/12 21:55,1681307747,cc-cc408-hya,data-node-08,9.9.2.155,elasticsearch_os_load5,1.01
2023/4/12 21:56,1681307807,cc-cc408-hya,data-node-08,9.9.2.155,elasticsearch_os_load5,1
2023/4/12 21:57,1681307867,cc-cc408-hya,data-node-08,9.9.2.155,elasticsearch_os_load5,1.02
2023/4/12 21:58,1681307927,cc-cc408-hya,data-node-08,9.9.2.155,elasticsearch_os_load5,1.25
2023/4/12 21:59,1681307987,cc-cc408-hya,data-node-08,9.9.2.155,elasticsearch_os_load5,1.31
2023/4/12 22:00,1681308047,cc-cc408-hya,data-node-08,9.9.2.155,elasticsearch_os_load5,1.48
2023/4/12 22:01,1681308107,cc-cc408-hya,data-node-08,9.9.2.155,elasticsearch_os_load5,1.38
2023/4/12 22:02,1681308167,cc-cc408-hya,data-node-08,9.9.2.155,elasticsearch_os_load5,1.31
2023/4/12 22:03,1681308227,cc-cc408-hya,data-node-08,9.9.2.155,elasticsearch_os_load5,1.22
2023/4/12 22:04,1681308287,cc-cc408-hya,data-node-08,9.9.2.155,elasticsearch_os_load5,1.13
2023/4/12 22:05,1681308347,cc-cc408-hya,data-node-08,9.9.2.155,elasticsearch_os_load5,1.18
2023/4/12 22:06,1681308407,cc-cc408-hya,data-node-08,9.9.2.155,elasticsearch_os_load5,1.07
2023/4/12 22:07,1681308467,cc-cc408-hya,data-node-08,9.9.2.155,elasticsearch_os_load5,1.01
2023/4/12 22:08,1681308527,cc-cc408-hya,data-node-08,9.9.2.155,elasticsearch_os_load5,0.94
2023/4/12 22:09,1681308587,cc-cc408-hya,data-node-08,9.9.2.155,elasticsearch_os_load5,0.99
2023/4/12 22:10,1681308647,cc-cc408-hya,data-node-08,9.9.2.155,elasticsearch_os_load5,1.16
2023/4/12 22:11,1681308707,cc-cc408-hya,data-node-08,9.9.2.155,elasticsearch_os_load5,1.27
2023/4/12 22:12,1681308767,cc-cc408-hya,data-node-08,9.9.2.155,elasticsearch_os_load5,1.4
2023/4/12 22:13,1681308827,cc-cc408-hya,data-node-08,9.9.2.155,elasticsearch_os_load5,1.35
2023/4/12 22:14,1681308887,cc-cc408-hya,data-node-08,9.9.2.155,elasticsearch_os_load5,1.36
2023/4/12 22:15,1681308947,cc-cc408-hya,data-node-08,9.9.2.155,elasticsearch_os_load5,1.27
2023/4/12 22:16,1681309007,cc-cc408-hya,data-node-08,9.9.2.155,elasticsearch_os_load5,1.23
2023/4/12 22:17,1681309067,cc-cc408-hya,data-node-08,9.9.2.155,elasticsearch_os_load5,1.39
2023/4/12 22:18,1681309127,cc-cc408-hya,data-node-08,9.9.2.155,elasticsearch_os_load5,1.3
2023/4/12 22:19,1681309187,cc-cc408-hya,data-node-08,9.9.2.155,elasticsearch_os_load5,1.26
2023/4/12 22:20,1681309247,cc-cc408-hya,data-node-08,9.9.2.155,elasticsearch_os_load5,1.21
2023/4/12 22:21,1681309307,cc-cc408-hya,data-node-08,9.9.2.155,elasticsearch_os_load5,1.18
2023/4/12 22:22,1681309367,cc-cc408-hya,data-node-08,9.9.2.155,elasticsearch_os_load5,1.26
2023/4/12 22:23,1681309427,cc-cc408-hya,data-node-08,9.9.2.155,elasticsearch_os_load5,1.31
2023/4/12 22:24,1681309487,cc-cc408-hya,data-node-08,9.9.2.155,elasticsearch_os_load5,1.25
2023/4/12 22:25,1681309547,cc-cc408-hya,data-node-08,9.9.2.155,elasticsearch_os_load5,1.18
2023/4/12 22:26,1681309607,cc-cc408-hya,data-node-08,9.9.2.155,elasticsearch_os_load5,1.2
2023/4/12 22:27,1681309667,cc-cc408-hya,data-node-08,9.9.2.155,elasticsearch_os_load5,1.22
2023/4/12 22:28,1681309727,cc-cc408-hya,data-node-08,9.9.2.155,elasticsearch_os_load5,1.2
2023/4/12 22:29,1681309787,cc-cc408-hya,data-node-08,9.9.2.155,elasticsearch_os_load5,1.85
2023/4/12 22:30,1681309847,cc-cc408-hya,data-node-08,9.9.2.155,elasticsearch_os_load5,1.68
2023/4/12 22:31,1681309907,cc-cc408-hya,data-node-08,9.9.2.155,elasticsearch_os_load5,1.6
2023/4/12 22:32,1681309967,cc-cc408-hya,data-node-08,9.9.2.155,elasticsearch_os_load5,1.46
2023/4/12 22:33,1681310027,cc-cc408-hya,data-node-08,9.9.2.155,elasticsearch_os_load5,1.38
2023/4/12 22:34,1681310087,cc-cc408-hya,data-node-08,9.9.2.155,elasticsearch_os_load5,1.4
2023/4/12 22:35,1681310147,cc-cc408-hya,data-node-08,9.9.2.155,elasticsearch_os_load5,1.37
2023/4/12 22:36,1681310207,cc-cc408-hya,data-node-08,9.9.2.155,elasticsearch_os_load5,1.27
2023/4/12 22:37,1681310267,cc-cc408-hya,data-node-08,9.9.2.155,elasticsearch_os_load5,1.18
2023/4/12 22:38,1681310327,cc-cc408-hya,data-node-08,9.9.2.155,elasticsearch_os_load5,1.1
2023/4/12 22:39,1681310387,cc-cc408-hya,data-node-08,9.9.2.155,elasticsearch_os_load5,1.09
2023/4/12 22:40,1681310447,cc-cc408-hya,data-node-08,9.9.2.155,elasticsearch_os_load5,1.29
2023/4/12 22:41,1681310507,cc-cc408-hya,data-node-08,9.9.2.155,elasticsearch_os_load5,1.34
2023/4/12 22:42,1681310567,cc-cc408-hya,data-node-08,9.9.2.155,elasticsearch_os_load5,1.43
2023/4/12 22:43,1681310627,cc-cc408-hya,data-node-08,9.9.2.155,elasticsearch_os_load5,1.39
2023/4/12 22:44,1681310687,cc-cc408-hya,data-node-08,9.9.2.155,elasticsearch_os_load5,1.31
2023/4/12 22:45,1681310747,cc-cc408-hya,data-node-08,9.9.2.155,elasticsearch_os_load5,1.15
2023/4/12 22:46,1681310807,cc-cc408-hya,data-node-08,9.9.2.155,elasticsearch_os_load5,1.05
2023/4/12 22:47,1681310867,cc-cc408-hya,data-node-08,9.9.2.155,elasticsearch_os_load5,1.07
2023/4/12 22:48,1681310927,cc-cc408-hya,data-node-08,9.9.2.155,elasticsearch_os_load5,1.04
2023/4/12 22:49,1681310987,cc-cc408-hya,data-node-08,9.9.2.155,elasticsearch_os_load5,0.97
2023/4/12 22:50,1681311047,cc-cc408-hya,data-node-08,9.9.2.155,elasticsearch_os_load5,0.9
2023/4/12 22:51,1681311107,cc-cc408-hya,data-node-08,9.9.2.155,elasticsearch_os_load5,0.97
2023/4/12 22:52,1681311167,cc-cc408-hya,data-node-08,9.9.2.155,elasticsearch_os_load5,1.19
2023/4/12 22:53,1681311227,cc-cc408-hya,data-node-08,9.9.2.155,elasticsearch_os_load5,1.2
2023/4/12 22:54,1681311287,cc-cc408-hya,data-node-08,9.9.2.155,elasticsearch_os_load5,1.37
2023/4/12 22:55,1681311347,cc-cc408-hya,data-node-08,9.9.2.155,elasticsearch_os_load5,1.52
2023/4/12 22:56,1681311407,cc-cc408-hya,data-node-08,9.9.2.155,elasticsearch_os_load5,1.35
2023/4/12 22:57,1681311467,cc-cc408-hya,data-node-08,9.9.2.155,elasticsearch_os_load5,1.25
2023/4/12 22:58,1681311527,cc-cc408-hya,data-node-08,9.9.2.155,elasticsearch_os_load5,1.23
2023/4/12 22:59,1681311587,cc-cc408-hya,data-node-08,9.9.2.155,elasticsearch_os_load5,1.2
2023/4/12 23:00,1681311647,cc-cc408-hya,data-node-08,9.9.2.155,elasticsearch_os_load5,1.16
2023/4/12 23:01,1681311707,cc-cc408-hya,data-node-08,9.9.2.155,elasticsearch_os_load5,1.23
2023/4/12 23:02,1681311767,cc-cc408-hya,data-node-08,9.9.2.155,elasticsearch_os_load5,1.32
2023/4/12 23:03,1681311827,cc-cc408-hya,data-node-08,9.9.2.155,elasticsearch_os_load5,1.23
2023/4/12 23:04,1681311887,cc-cc408-hya,data-node-08,9.9.2.155,elasticsearch_os_load5,1.21
2023/4/12 23:05,1681311947,cc-cc408-hya,data-node-08,9.9.2.155,elasticsearch_os_load5,1.16
2023/4/12 23:06,1681312007,cc-cc408-hya,data-node-08,9.9.2.155,elasticsearch_os_load5,1.08
2023/4/12 23:07,1681312067,cc-cc408-hya,data-node-08,9.9.2.155,elasticsearch_os_load5,1.1
2023/4/12 23:08,1681312127,cc-cc408-hya,data-node-08,9.9.2.155,elasticsearch_os_load5,1.21
2023/4/12 23:09,1681312187,cc-cc408-hya,data-node-08,9.9.2.155,elasticsearch_os_load5,1.14
2023/4/12 23:10,1681312247,cc-cc408-hya,data-node-08,9.9.2.155,elasticsearch_os_load5,1.25
2023/4/12 23:11,1681312307,cc-cc408-hya,data-node-08,9.9.2.155,elasticsearch_os_load5,1.13
2023/4/12 23:12,1681312367,cc-cc408-hya,data-node-08,9.9.2.155,elasticsearch_os_load5,1.04
2023/4/12 23:13,1681312427,cc-cc408-hya,data-node-08,9.9.2.155,elasticsearch_os_load5,1.12
2023/4/12 23:14,1681312487,cc-cc408-hya,data-node-08,9.9.2.155,elasticsearch_os_load5,1.07
2023/4/12 23:15,1681312547,cc-cc408-hya,data-node-08,9.9.2.155,elasticsearch_os_load5,1
2023/4/12 23:16,1681312607,cc-cc408-hya,data-node-08,9.9.2.155,elasticsearch_os_load5,1.08
2023/4/12 23:17,1681312667,cc-cc408-hya,data-node-08,9.9.2.155,elasticsearch_os_load5,0.98
2023/4/12 23:18,1681312727,cc-cc408-hya,data-node-08,9.9.2.155,elasticsearch_os_load5,0.97
2023/4/12 23:19,1681312787,cc-cc408-hya,data-node-08,9.9.2.155,elasticsearch_os_load5,0.96
2023/4/12 23:20,1681312847,cc-cc408-hya,data-node-08,9.9.2.155,elasticsearch_os_load5,0.84
2023/4/12 23:21,1681312907,cc-cc408-hya,data-node-08,9.9.2.155,elasticsearch_os_load5,0.83
2023/4/12 23:22,1681312967,cc-cc408-hya,data-node-08,9.9.2.155,elasticsearch_os_load5,0.9
2023/4/12 23:23,1681313027,cc-cc408-hya,data-node-08,9.9.2.155,elasticsearch_os_load5,1.1
2023/4/12 23:24,1681313087,cc-cc408-hya,data-node-08,9.9.2.155,elasticsearch_os_load5,1.03
2023/4/12 23:25,1681313147,cc-cc408-hya,data-node-08,9.9.2.155,elasticsearch_os_load5,1.26
2023/4/12 23:26,1681313207,cc-cc408-hya,data-node-08,9.9.2.155,elasticsearch_os_load5,1.18
2023/4/12 23:27,1681313267,cc-cc408-hya,data-node-08,9.9.2.155,elasticsearch_os_load5,1.33
2023/4/12 23:28,1681313327,cc-cc408-hya,data-node-08,9.9.2.155,elasticsearch_os_load5,1.22
2023/4/12 23:29,1681313387,cc-cc408-hya,data-node-08,9.9.2.155,elasticsearch_os_load5,1.2
2023/4/12 23:30,1681313447,cc-cc408-hya,data-node-08,9.9.2.155,elasticsearch_os_load5,1.14
2023/4/12 23:31,1681313507,cc-cc408-hya,data-node-08,9.9.2.155,elasticsearch_os_load5,0.98
2023/4/12 23:32,1681313567,cc-cc408-hya,data-node-08,9.9.2.155,elasticsearch_os_load5,0.95
2023/4/12 23:33,1681313627,cc-cc408-hya,data-node-08,9.9.2.155,elasticsearch_os_load5,0.84
2023/4/12 23:34,1681313687,cc-cc408-hya,data-node-08,9.9.2.155,elasticsearch_os_load5,0.93
2023/4/12 23:35,1681313747,cc-cc408-hya,data-node-08,9.9.2.155,elasticsearch_os_load5,0.93
2023/4/12 23:36,1681313807,cc-cc408-hya,data-node-08,9.9.2.155,elasticsearch_os_load5,0.96
2023/4/12 23:37,1681313867,cc-cc408-hya,data-node-08,9.9.2.155,elasticsearch_os_load5,0.95
2023/4/12 23:38,1681313927,cc-cc408-hya,data-node-08,9.9.2.155,elasticsearch_os_load5,0.92
2023/4/12 23:39,1681313987,cc-cc408-hya,data-node-08,9.9.2.155,elasticsearch_os_load5,0.89
2023/4/12 23:40,1681314047,cc-cc408-hya,data-node-08,9.9.2.155,elasticsearch_os_load5,0.9
2023/4/12 23:41,1681314107,cc-cc408-hya,data-node-08,9.9.2.155,elasticsearch_os_load5,0.97
2023/4/12 23:42,1681314167,cc-cc408-hya,data-node-08,9.9.2.155,elasticsearch_os_load5,0.99
2023/4/12 23:43,1681314227,cc-cc408-hya,data-node-08,9.9.2.155,elasticsearch_os_load5,0.98
2023/4/12 23:44,1681314287,cc-cc408-hya,data-node-08,9.9.2.155,elasticsearch_os_load5,0.91
2023/4/12 23:45,1681314347,cc-cc408-hya,data-node-08,9.9.2.155,elasticsearch_os_load5,0.78
2023/4/12 23:46,1681314407,cc-cc408-hya,data-node-08,9.9.2.155,elasticsearch_os_load5,0.79
2023/4/12 23:47,1681314467,cc-cc408-hya,data-node-08,9.9.2.155,elasticsearch_os_load5,0.82
2023/4/12 23:48,1681314527,cc-cc408-hya,data-node-08,9.9.2.155,elasticsearch_os_load5,0.7
2023/4/12 23:49,1681314587,cc-cc408-hya,data-node-08,9.9.2.155,elasticsearch_os_load5,0.63
2023/4/12 23:50,1681314647,cc-cc408-hya,data-node-08,9.9.2.155,elasticsearch_os_load5,0.7
2023/4/12 23:51,1681314707,cc-cc408-hya,data-node-08,9.9.2.155,elasticsearch_os_load5,0.68
2023/4/12 23:52,1681314767,cc-cc408-hya,data-node-08,9.9.2.155,elasticsearch_os_load5,0.68
2023/4/12 23:53,1681314827,cc-cc408-hya,data-node-08,9.9.2.155,elasticsearch_os_load5,0.65
2023/4/12 23:54,1681314887,cc-cc408-hya,data-node-08,9.9.2.155,elasticsearch_os_load5,0.65
2023/4/12 23:55,1681314947,cc-cc408-hya,data-node-08,9.9.2.155,elasticsearch_os_load5,0.64
2023/4/12 23:56,1681315007,cc-cc408-hya,data-node-08,9.9.2.155,elasticsearch_os_load5,0.63
2023/4/12 23:57,1681315067,cc-cc408-hya,data-node-08,9.9.2.155,elasticsearch_os_load5,0.59
2023/4/12 23:58,1681315127,cc-cc408-hya,data-node-08,9.9.2.155,elasticsearch_os_load5,0.59
2023/4/12 23:59,1681315187,cc-cc408-hya,data-node-08,9.9.2.155,elasticsearch_os_load5,0.54
2023/4/13 0:00,1681315247,cc-cc408-hya,data-node-08,9.9.2.155,elasticsearch_os_load5,0.49
2023/4/13 0:01,1681315307,cc-cc408-hya,data-node-08,9.9.2.155,elasticsearch_os_load5,0.43
2023/4/13 0:02,1681315367,cc-cc408-hya,data-node-08,9.9.2.155,elasticsearch_os_load5,0.47
2023/4/13 0:03,1681315427,cc-cc408-hya,data-node-08,9.9.2.155,elasticsearch_os_load5,0.47
2023/4/13 0:04,1681315487,cc-cc408-hya,data-node-08,9.9.2.155,elasticsearch_os_load5,0.45
2023/4/13 0:05,1681315547,cc-cc408-hya,data-node-08,9.9.2.155,elasticsearch_os_load5,0.64
2023/4/13 0:06,1681315607,cc-cc408-hya,data-node-08,9.9.2.155,elasticsearch_os_load5,0.78
2023/4/13 0:07,1681315667,cc-cc408-hya,data-node-08,9.9.2.155,elasticsearch_os_load5,0.85
2023/4/13 0:08,1681315727,cc-cc408-hya,data-node-08,9.9.2.155,elasticsearch_os_load5,0.75
2023/4/13 0:09,1681315787,cc-cc408-hya,data-node-08,9.9.2.155,elasticsearch_os_load5,0.73
2023/4/13 0:10,1681315847,cc-cc408-hya,data-node-08,9.9.2.155,elasticsearch_os_load5,0.7
2023/4/13 0:11,1681315907,cc-cc408-hya,data-node-08,9.9.2.155,elasticsearch_os_load5,0.69
2023/4/13 0:12,1681315967,cc-cc408-hya,data-node-08,9.9.2.155,elasticsearch_os_load5,0.71
2023/4/13 0:13,1681316027,cc-cc408-hya,data-node-08,9.9.2.155,elasticsearch_os_load5,0.61
2023/4/13 0:14,1681316087,cc-cc408-hya,data-node-08,9.9.2.155,elasticsearch_os_load5,0.55
2023/4/13 0:15,1681316147,cc-cc408-hya,data-node-08,9.9.2.155,elasticsearch_os_load5,0.52
2023/4/13 0:16,1681316207,cc-cc408-hya,data-node-08,9.9.2.155,elasticsearch_os_load5,0.61
2023/4/13 0:17,1681316267,cc-cc408-hya,data-node-08,9.9.2.155,elasticsearch_os_load5,0.6
2023/4/13 0:18,1681316327,cc-cc408-hya,data-node-08,9.9.2.155,elasticsearch_os_load5,0.78
2023/4/13 0:19,1681316387,cc-cc408-hya,data-node-08,9.9.2.155,elasticsearch_os_load5,0.79
2023/4/13 0:20,1681316447,cc-cc408-hya,data-node-08,9.9.2.155,elasticsearch_os_load5,0.83
2023/4/13 0:21,1681316507,cc-cc408-hya,data-node-08,9.9.2.155,elasticsearch_os_load5,0.86
2023/4/13 0:22,1681316567,cc-cc408-hya,data-node-08,9.9.2.155,elasticsearch_os_load5,0.89
2023/4/13 0:23,1681316627,cc-cc408-hya,data-node-08,9.9.2.155,elasticsearch_os_load5,0.96
2023/4/13 0:24,1681316687,cc-cc408-hya,data-node-08,9.9.2.155,elasticsearch_os_load5,1.02
2023/4/13 0:25,1681316747,cc-cc408-hya,data-node-08,9.9.2.155,elasticsearch_os_load5,1.24
2023/4/13 0:26,1681316807,cc-cc408-hya,data-node-08,9.9.2.155,elasticsearch_os_load5,1.16
2023/4/13 0:27,1681316867,cc-cc408-hya,data-node-08,9.9.2.155,elasticsearch_os_load5,1.2
2023/4/13 0:28,1681316927,cc-cc408-hya,data-node-08,9.9.2.155,elasticsearch_os_load5,1.22
2023/4/13 0:29,1681316987,cc-cc408-hya,data-node-08,9.9.2.155,elasticsearch_os_load5,1.14
2023/4/13 0:30,1681317047,cc-cc408-hya,data-node-08,9.9.2.155,elasticsearch_os_load5,1.14
2023/4/13 0:31,1681317107,cc-cc408-hya,data-node-08,9.9.2.155,elasticsearch_os_load5,1.08
2023/4/13 0:32,1681317167,cc-cc408-hya,data-node-08,9.9.2.155,elasticsearch_os_load5,1.13
2023/4/13 0:33,1681317227,cc-cc408-hya,data-node-08,9.9.2.155,elasticsearch_os_load5,1.16
2023/4/13 0:34,1681317287,cc-cc408-hya,data-node-08,9.9.2.155,elasticsearch_os_load5,1.16
2023/4/13 0:35,1681317347,cc-cc408-hya,data-node-08,9.9.2.155,elasticsearch_os_load5,1.14
2023/4/13 0:36,1681317407,cc-cc408-hya,data-node-08,9.9.2.155,elasticsearch_os_load5,1.12
2023/4/13 0:37,1681317467,cc-cc408-hya,data-node-08,9.9.2.155,elasticsearch_os_load5,1.13
2023/4/13 0:38,1681317527,cc-cc408-hya,data-node-08,9.9.2.155,elasticsearch_os_load5,1.07
2023/4/13 0:39,1681317587,cc-cc408-hya,data-node-08,9.9.2.155,elasticsearch_os_load5,1.15
2023/4/13 0:40,1681317647,cc-cc408-hya,data-node-08,9.9.2.155,elasticsearch_os_load5,1.14
2023/4/13 0:41,1681317707,cc-cc408-hya,data-node-08,9.9.2.155,elasticsearch_os_load5,1.02
2023/4/13 0:42,1681317767,cc-cc408-hya,data-node-08,9.9.2.155,elasticsearch_os_load5,1.03
2023/4/13 0:43,1681317827,cc-cc408-hya,data-node-08,9.9.2.155,elasticsearch_os_load5,1.02
2023/4/13 0:44,1681317887,cc-cc408-hya,data-node-08,9.9.2.155,elasticsearch_os_load5,1.72
2023/4/13 0:45,1681317947,cc-cc408-hya,data-node-08,9.9.2.155,elasticsearch_os_load5,1.57
2023/4/13 0:46,1681318007,cc-cc408-hya,data-node-08,9.9.2.155,elasticsearch_os_load5,1.48
2023/4/13 0:47,1681318067,cc-cc408-hya,data-node-08,9.9.2.155,elasticsearch_os_load5,1.37
2023/4/13 0:48,1681318127,cc-cc408-hya,data-node-08,9.9.2.155,elasticsearch_os_load5,1.49
2023/4/13 0:49,1681318187,cc-cc408-hya,data-node-08,9.9.2.155,elasticsearch_os_load5,1.63
2023/4/13 0:50,1681318247,cc-cc408-hya,data-node-08,9.9.2.155,elasticsearch_os_load5,1.6
2023/4/13 0:51,1681318307,cc-cc408-hya,data-node-08,9.9.2.155,elasticsearch_os_load5,1.43
2023/4/13 0:52,1681318367,cc-cc408-hya,data-node-08,9.9.2.155,elasticsearch_os_load5,1.33
2023/4/13 0:53,1681318427,cc-cc408-hya,data-node-08,9.9.2.155,elasticsearch_os_load5,1.33
2023/4/13 0:54,1681318487,cc-cc408-hya,data-node-08,9.9.2.155,elasticsearch_os_load5,1.36
2023/4/13 0:55,1681318547,cc-cc408-hya,data-node-08,9.9.2.155,elasticsearch_os_load5,1.24
2023/4/13 0:56,1681318607,cc-cc408-hya,data-node-08,9.9.2.155,elasticsearch_os_load5,1.18
2023/4/13 0:57,1681318667,cc-cc408-hya,data-node-08,9.9.2.155,elasticsearch_os_load5,1.12
2023/4/13 0:58,1681318727,cc-cc408-hya,data-node-08,9.9.2.155,elasticsearch_os_load5,1
2023/4/13 0:59,1681318787,cc-cc408-hya,data-node-08,9.9.2.155,elasticsearch_os_load5,1.06
2023/4/13 1:00,1681318847,cc-cc408-hya,data-node-08,9.9.2.155,elasticsearch_os_load5,1.23
2023/4/13 1:01,1681318907,cc-cc408-hya,data-node-08,9.9.2.155,elasticsearch_os_load5,1.28
2023/4/13 1:02,1681318967,cc-cc408-hya,data-node-08,9.9.2.155,elasticsearch_os_load5,1.36
2023/4/13 1:03,1681319027,cc-cc408-hya,data-node-08,9.9.2.155,elasticsearch_os_load5,1.27
2023/4/13 1:04,1681319087,cc-cc408-hya,data-node-08,9.9.2.155,elasticsearch_os_load5,1.51
2023/4/13 1:05,1681319147,cc-cc408-hya,data-node-08,9.9.2.155,elasticsearch_os_load5,1.47
2023/4/13 1:06,1681319207,cc-cc408-hya,data-node-08,9.9.2.155,elasticsearch_os_load5,1.37
2023/4/13 1:07,1681319267,cc-cc408-hya,data-node-08,9.9.2.155,elasticsearch_os_load5,1.37
2023/4/13 1:08,1681319327,cc-cc408-hya,data-node-08,9.9.2.155,elasticsearch_os_load5,1.32
2023/4/13 1:09,1681319387,cc-cc408-hya,data-node-08,9.9.2.155,elasticsearch_os_load5,1.4
2023/4/13 1:10,1681319447,cc-cc408-hya,data-node-08,9.9.2.155,elasticsearch_os_load5,1.36
2023/4/13 1:11,1681319507,cc-cc408-hya,data-node-08,9.9.2.155,elasticsearch_os_load5,1.32
2023/4/13 1:12,1681319567,cc-cc408-hya,data-node-08,9.9.2.155,elasticsearch_os_load5,1.25
2023/4/13 1:13,1681319627,cc-cc408-hya,data-node-08,9.9.2.155,elasticsearch_os_load5,1.2
2023/4/13 1:14,1681319687,cc-cc408-hya,data-node-08,9.9.2.155,elasticsearch_os_load5,1.14
2023/4/13 1:15,1681319747,cc-cc408-hya,data-node-08,9.9.2.155,elasticsearch_os_load5,1.1
2023/4/13 1:16,1681319807,cc-cc408-hya,data-node-08,9.9.2.155,elasticsearch_os_load5,1.03
2023/4/13 1:17,1681319867,cc-cc408-hya,data-node-08,9.9.2.155,elasticsearch_os_load5,0.99
2023/4/13 1:18,1681319927,cc-cc408-hya,data-node-08,9.9.2.155,elasticsearch_os_load5,0.96
2023/4/13 1:19,1681319987,cc-cc408-hya,data-node-08,9.9.2.155,elasticsearch_os_load5,0.94
2023/4/13 1:20,1681320047,cc-cc408-hya,data-node-08,9.9.2.155,elasticsearch_os_load5,0.91
2023/4/13 1:21,1681320107,cc-cc408-hya,data-node-08,9.9.2.155,elasticsearch_os_load5,0.85
2023/4/13 1:22,1681320167,cc-cc408-hya,data-node-08,9.9.2.155,elasticsearch_os_load5,0.72
2023/4/13 1:23,1681320227,cc-cc408-hya,data-node-08,9.9.2.155,elasticsearch_os_load5,0.62
2023/4/13 1:24,1681320287,cc-cc408-hya,data-node-08,9.9.2.155,elasticsearch_os_load5,0.6
2023/4/13 1:25,1681320347,cc-cc408-hya,data-node-08,9.9.2.155,elasticsearch_os_load5,0.52
2023/4/13 1:26,1681320407,cc-cc408-hya,data-node-08,9.9.2.155,elasticsearch_os_load5,0.47
2023/4/13 1:27,1681320467,cc-cc408-hya,data-node-08,9.9.2.155,elasticsearch_os_load5,0.43
2023/4/13 1:28,1681320527,cc-cc408-hya,data-node-08,9.9.2.155,elasticsearch_os_load5,0.47
2023/4/13 1:29,1681320587,cc-cc408-hya,data-node-08,9.9.2.155,elasticsearch_os_load5,0.38
2023/4/13 1:30,1681320647,cc-cc408-hya,data-node-08,9.9.2.155,elasticsearch_os_load5,0.51
2023/4/13 1:31,1681320707,cc-cc408-hya,data-node-08,9.9.2.155,elasticsearch_os_load5,0.83
2023/4/13 1:32,1681320767,cc-cc408-hya,data-node-08,9.9.2.155,elasticsearch_os_load5,1.02
2023/4/13 1:33,1681320827,cc-cc408-hya,data-node-08,9.9.2.155,elasticsearch_os_load5,0.89
2023/4/13 1:34,1681320887,cc-cc408-hya,data-node-08,9.9.2.155,elasticsearch_os_load5,0.76
2023/4/13 1:35,1681320947,cc-cc408-hya,data-node-08,9.9.2.155,elasticsearch_os_load5,0.75
2023/4/13 1:36,1681321007,cc-cc408-hya,data-node-08,9.9.2.155,elasticsearch_os_load5,0.68
2023/4/13 1:37,1681321067,cc-cc408-hya,data-node-08,9.9.2.155,elasticsearch_os_load5,0.61
2023/4/13 1:38,1681321127,cc-cc408-hya,data-node-08,9.9.2.155,elasticsearch_os_load5,0.58
2023/4/13 1:39,1681321187,cc-cc408-hya,data-node-08,9.9.2.155,elasticsearch_os_load5,0.58
2023/4/13 1:40,1681321247,cc-cc408-hya,data-node-08,9.9.2.155,elasticsearch_os_load5,0.59
2023/4/13 1:41,1681321307,cc-cc408-hya,data-node-08,9.9.2.155,elasticsearch_os_load5,0.6
2023/4/13 1:42,1681321367,cc-cc408-hya,data-node-08,9.9.2.155,elasticsearch_os_load5,0.54
2023/4/13 1:43,1681321427,cc-cc408-hya,data-node-08,9.9.2.155,elasticsearch_os_load5,0.67
2023/4/13 1:44,1681321487,cc-cc408-hya,data-node-08,9.9.2.155,elasticsearch_os_load5,0.68
2023/4/13 1:45,1681321547,cc-cc408-hya,data-node-08,9.9.2.155,elasticsearch_os_load5,0.66
2023/4/13 1:46,1681321607,cc-cc408-hya,data-node-08,9.9.2.155,elasticsearch_os_load5,0.65
2023/4/13 1:47,1681321667,cc-cc408-hya,data-node-08,9.9.2.155,elasticsearch_os_load5,0.66
2023/4/13 1:48,1681321727,cc-cc408-hya,data-node-08,9.9.2.155,elasticsearch_os_load5,0.59
2023/4/13 1:49,1681321787,cc-cc408-hya,data-node-08,9.9.2.155,elasticsearch_os_load5,0.56
2023/4/13 1:50,1681321847,cc-cc408-hya,data-node-08,9.9.2.155,elasticsearch_os_load5,0.53
2023/4/13 1:51,1681321907,cc-cc408-hya,data-node-08,9.9.2.155,elasticsearch_os_load5,0.53
2023/4/13 1:52,1681321967,cc-cc408-hya,data-node-08,9.9.2.155,elasticsearch_os_load5,0.54
2023/4/13 1:53,1681322027,cc-cc408-hya,data-node-08,9.9.2.155,elasticsearch_os_load5,0.51
2023/4/13 1:54,1681322087,cc-cc408-hya,data-node-08,9.9.2.155,elasticsearch_os_load5,0.49
2023/4/13 1:55,1681322147,cc-cc408-hya,data-node-08,9.9.2.155,elasticsearch_os_load5,0.54
2023/4/13 1:56,1681322207,cc-cc408-hya,data-node-08,9.9.2.155,elasticsearch_os_load5,0.46
2023/4/13 1:57,1681322267,cc-cc408-hya,data-node-08,9.9.2.155,elasticsearch_os_load5,0.4
2023/4/13 1:58,1681322327,cc-cc408-hya,data-node-08,9.9.2.155,elasticsearch_os_load5,0.37
2023/4/13 1:59,1681322387,cc-cc408-hya,data-node-08,9.9.2.155,elasticsearch_os_load5,0.35
2023/4/13 2:00,1681322447,cc-cc408-hya,data-node-08,9.9.2.155,elasticsearch_os_load5,0.31
2023/4/13 2:01,1681322507,cc-cc408-hya,data-node-08,9.9.2.155,elasticsearch_os_load5,0.31
2023/4/13 2:02,1681322567,cc-cc408-hya,data-node-08,9.9.2.155,elasticsearch_os_load5,0.27
2023/4/13 2:03,1681322627,cc-cc408-hya,data-node-08,9.9.2.155,elasticsearch_os_load5,0.27
2023/4/13 2:04,1681322687,cc-cc408-hya,data-node-08,9.9.2.155,elasticsearch_os_load5,0.27
2023/4/13 2:05,1681322747,cc-cc408-hya,data-node-08,9.9.2.155,elasticsearch_os_load5,0.24
2023/4/13 2:06,1681322807,cc-cc408-hya,data-node-08,9.9.2.155,elasticsearch_os_load5,0.29
2023/4/13 2:07,1681322867,cc-cc408-hya,data-node-08,9.9.2.155,elasticsearch_os_load5,0.29
2023/4/13 2:08,1681322927,cc-cc408-hya,data-node-08,9.9.2.155,elasticsearch_os_load5,0.28
2023/4/13 2:09,1681322987,cc-cc408-hya,data-node-08,9.9.2.155,elasticsearch_os_load5,0.28
2023/4/13 2:10,1681323047,cc-cc408-hya,data-node-08,9.9.2.155,elasticsearch_os_load5,0.26
2023/4/13 2:11,1681323107,cc-cc408-hya,data-node-08,9.9.2.155,elasticsearch_os_load5,0.22
2023/4/13 2:12,1681323167,cc-cc408-hya,data-node-08,9.9.2.155,elasticsearch_os_load5,0.39
2023/4/13 2:13,1681323227,cc-cc408-hya,data-node-08,9.9.2.155,elasticsearch_os_load5,0.52
2023/4/13 2:14,1681323287,cc-cc408-hya,data-node-08,9.9.2.155,elasticsearch_os_load5,0.67
2023/4/13 2:15,1681323347,cc-cc408-hya,data-node-08,9.9.2.155,elasticsearch_os_load5,0.58
2023/4/13 2:16,1681323407,cc-cc408-hya,data-node-08,9.9.2.155,elasticsearch_os_load5,0.52
2023/4/13 2:17,1681323467,cc-cc408-hya,data-node-08,9.9.2.155,elasticsearch_os_load5,0.51
2023/4/13 2:18,1681323527,cc-cc408-hya,data-node-08,9.9.2.155,elasticsearch_os_load5,0.47
2023/4/13 2:19,1681323587,cc-cc408-hya,data-node-08,9.9.2.155,elasticsearch_os_load5,0.42
2023/4/13 2:20,1681323647,cc-cc408-hya,data-node-08,9.9.2.155,elasticsearch_os_load5,0.4
2023/4/13 2:21,1681323707,cc-cc408-hya,data-node-08,9.9.2.155,elasticsearch_os_load5,0.4
2023/4/13 2:22,1681323767,cc-cc408-hya,data-node-08,9.9.2.155,elasticsearch_os_load5,0.39
2023/4/13 2:23,1681323827,cc-cc408-hya,data-node-08,9.9.2.155,elasticsearch_os_load5,0.39
2023/4/13 2:24,1681323887,cc-cc408-hya,data-node-08,9.9.2.155,elasticsearch_os_load5,0.43
2023/4/13 2:25,1681323947,cc-cc408-hya,data-node-08,9.9.2.155,elasticsearch_os_load5,0.5
2023/4/13 2:26,1681324007,cc-cc408-hya,data-node-08,9.9.2.155,elasticsearch_os_load5,0.58
2023/4/13 2:27,1681324067,cc-cc408-hya,data-node-08,9.9.2.155,elasticsearch_os_load5,0.55
2023/4/13 2:28,1681324127,cc-cc408-hya,data-node-08,9.9.2.155,elasticsearch_os_load5,0.75
2023/4/13 2:29,1681324187,cc-cc408-hya,data-node-08,9.9.2.155,elasticsearch_os_load5,0.79
2023/4/13 2:30,1681324247,cc-cc408-hya,data-node-08,9.9.2.155,elasticsearch_os_load5,0.7
2023/4/13 2:31,1681324307,cc-cc408-hya,data-node-08,9.9.2.155,elasticsearch_os_load5,0.69
2023/4/13 2:32,1681324367,cc-cc408-hya,data-node-08,9.9.2.155,elasticsearch_os_load5,0.65
2023/4/13 2:33,1681324427,cc-cc408-hya,data-node-08,9.9.2.155,elasticsearch_os_load5,0.71
2023/4/13 2:34,1681324487,cc-cc408-hya,data-node-08,9.9.2.155,elasticsearch_os_load5,0.66
2023/4/13 2:35,1681324547,cc-cc408-hya,data-node-08,9.9.2.155,elasticsearch_os_load5,0.58
2023/4/13 2:36,1681324607,cc-cc408-hya,data-node-08,9.9.2.155,elasticsearch_os_load5,0.54
2023/4/13 2:37,1681324667,cc-cc408-hya,data-node-08,9.9.2.155,elasticsearch_os_load5,0.53
2023/4/13 2:38,1681324727,cc-cc408-hya,data-node-08,9.9.2.155,elasticsearch_os_load5,0.56
2023/4/13 2:39,1681324787,cc-cc408-hya,data-node-08,9.9.2.155,elasticsearch_os_load5,0.53
2023/4/13 2:40,1681324847,cc-cc408-hya,data-node-08,9.9.2.155,elasticsearch_os_load5,0.46
2023/4/13 2:41,1681324907,cc-cc408-hya,data-node-08,9.9.2.155,elasticsearch_os_load5,0.42
2023/4/13 2:42,1681324967,cc-cc408-hya,data-node-08,9.9.2.155,elasticsearch_os_load5,0.36
2023/4/13 2:43,1681325027,cc-cc408-hya,data-node-08,9.9.2.155,elasticsearch_os_load5,0.34
2023/4/13 2:44,1681325087,cc-cc408-hya,data-node-08,9.9.2.155,elasticsearch_os_load5,0.35
2023/4/13 2:45,1681325147,cc-cc408-hya,data-node-08,9.9.2.155,elasticsearch_os_load5,0.38
2023/4/13 2:46,1681325207,cc-cc408-hya,data-node-08,9.9.2.155,elasticsearch_os_load5,0.36
2023/4/13 2:47,1681325267,cc-cc408-hya,data-node-08,9.9.2.155,elasticsearch_os_load5,0.32
2023/4/13 2:48,1681325327,cc-cc408-hya,data-node-08,9.9.2.155,elasticsearch_os_load5,0.29
2023/4/13 2:49,1681325387,cc-cc408-hya,data-node-08,9.9.2.155,elasticsearch_os_load5,0.25
2023/4/13 2:50,1681325447,cc-cc408-hya,data-node-08,9.9.2.155,elasticsearch_os_load5,0.22
2023/4/13 2:51,1681325507,cc-cc408-hya,data-node-08,9.9.2.155,elasticsearch_os_load5,0.19
2023/4/13 2:52,1681325567,cc-cc408-hya,data-node-08,9.9.2.155,elasticsearch_os_load5,0.2
2023/4/13 2:53,1681325627,cc-cc408-hya,data-node-08,9.9.2.155,elasticsearch_os_load5,0.23
2023/4/13 2:54,1681325687,cc-cc408-hya,data-node-08,9.9.2.155,elasticsearch_os_load5,0.2
2023/4/13 2:55,1681325747,cc-cc408-hya,data-node-08,9.9.2.155,elasticsearch_os_load5,0.44
2023/4/13 2:56,1681325807,cc-cc408-hya,data-node-08,9.9.2.155,elasticsearch_os_load5,0.59
2023/4/13 2:57,1681325867,cc-cc408-hya,data-node-08,9.9.2.155,elasticsearch_os_load5,0.69
2023/4/13 2:58,1681325927,cc-cc408-hya,data-node-08,9.9.2.155,elasticsearch_os_load5,0.65
2023/4/13 2:59,1681325987,cc-cc408-hya,data-node-08,9.9.2.155,elasticsearch_os_load5,0.57
2023/4/13 3:00,1681326047,cc-cc408-hya,data-node-08,9.9.2.155,elasticsearch_os_load5,0.47
2023/4/13 3:01,1681326107,cc-cc408-hya,data-node-08,9.9.2.155,elasticsearch_os_load5,0.39
2023/4/13 3:02,1681326167,cc-cc408-hya,data-node-08,9.9.2.155,elasticsearch_os_load5,0.35
2023/4/13 3:03,1681326227,cc-cc408-hya,data-node-08,9.9.2.155,elasticsearch_os_load5,0.39
2023/4/13 3:04,1681326287,cc-cc408-hya,data-node-08,9.9.2.155,elasticsearch_os_load5,0.35
2023/4/13 3:05,1681326347,cc-cc408-hya,data-node-08,9.9.2.155,elasticsearch_os_load5,0.37
2023/4/13 3:06,1681326407,cc-cc408-hya,data-node-08,9.9.2.155,elasticsearch_os_load5,0.44
2023/4/13 3:07,1681326467,cc-cc408-hya,data-node-08,9.9.2.155,elasticsearch_os_load5,0.47
2023/4/13 3:08,1681326527,cc-cc408-hya,data-node-08,9.9.2.155,elasticsearch_os_load5,0.49
2023/4/13 3:09,1681326587,cc-cc408-hya,data-node-08,9.9.2.155,elasticsearch_os_load5,0.52
2023/4/13 3:10,1681326647,cc-cc408-hya,data-node-08,9.9.2.155,elasticsearch_os_load5,0.64
2023/4/13 3:11,1681326707,cc-cc408-hya,data-node-08,9.9.2.155,elasticsearch_os_load5,0.57
2023/4/13 3:12,1681326767,cc-cc408-hya,data-node-08,9.9.2.155,elasticsearch_os_load5,0.57
2023/4/13 3:13,1681326827,cc-cc408-hya,data-node-08,9.9.2.155,elasticsearch_os_load5,0.5
2023/4/13 3:14,1681326887,cc-cc408-hya,data-node-08,9.9.2.155,elasticsearch_os_load5,0.53
2023/4/13 3:15,1681326947,cc-cc408-hya,data-node-08,9.9.2.155,elasticsearch_os_load5,0.75
2023/4/13 3:16,1681327007,cc-cc408-hya,data-node-08,9.9.2.155,elasticsearch_os_load5,0.69
2023/4/13 3:17,1681327067,cc-cc408-hya,data-node-08,9.9.2.155,elasticsearch_os_load5,0.66
2023/4/13 3:18,1681327127,cc-cc408-hya,data-node-08,9.9.2.155,elasticsearch_os_load5,0.57
2023/4/13 3:19,1681327187,cc-cc408-hya,data-node-08,9.9.2.155,elasticsearch_os_load5,0.49
2023/4/13 3:20,1681327247,cc-cc408-hya,data-node-08,9.9.2.155,elasticsearch_os_load5,0.43
2023/4/13 3:21,1681327307,cc-cc408-hya,data-node-08,9.9.2.155,elasticsearch_os_load5,0.37
2023/4/13 3:22,1681327367,cc-cc408-hya,data-node-08,9.9.2.155,elasticsearch_os_load5,0.35
2023/4/13 3:23,1681327427,cc-cc408-hya,data-node-08,9.9.2.155,elasticsearch_os_load5,0.41
2023/4/13 3:24,1681327487,cc-cc408-hya,data-node-08,9.9.2.155,elasticsearch_os_load5,0.33
2023/4/13 3:25,1681327547,cc-cc408-hya,data-node-08,9.9.2.155,elasticsearch_os_load5,0.27
2023/4/13 3:26,1681327607,cc-cc408-hya,data-node-08,9.9.2.155,elasticsearch_os_load5,0.25
2023/4/13 3:27,1681327667,cc-cc408-hya,data-node-08,9.9.2.155,elasticsearch_os_load5,0.28
2023/4/13 3:28,1681327727,cc-cc408-hya,data-node-08,9.9.2.155,elasticsearch_os_load5,0.26
2023/4/13 3:29,1681327787,cc-cc408-hya,data-node-08,9.9.2.155,elasticsearch_os_load5,0.22
2023/4/13 3:30,1681327847,cc-cc408-hya,data-node-08,9.9.2.155,elasticsearch_os_load5,0.24
2023/4/13 3:31,1681327907,cc-cc408-hya,data-node-08,9.9.2.155,elasticsearch_os_load5,0.24
2023/4/13 3:32,1681327967,cc-cc408-hya,data-node-08,9.9.2.155,elasticsearch_os_load5,0.26
2023/4/13 3:33,1681328027,cc-cc408-hya,data-node-08,9.9.2.155,elasticsearch_os_load5,0.24
2023/4/13 3:34,1681328087,cc-cc408-hya,data-node-08,9.9.2.155,elasticsearch_os_load5,0.21
2023/4/13 3:35,1681328147,cc-cc408-hya,data-node-08,9.9.2.155,elasticsearch_os_load5,0.25
2023/4/13 3:36,1681328207,cc-cc408-hya,data-node-08,9.9.2.155,elasticsearch_os_load5,0.26
2023/4/13 3:37,1681328267,cc-cc408-hya,data-node-08,9.9.2.155,elasticsearch_os_load5,0.39
2023/4/13 3:38,1681328327,cc-cc408-hya,data-node-08,9.9.2.155,elasticsearch_os_load5,0.53
2023/4/13 3:39,1681328387,cc-cc408-hya,data-node-08,9.9.2.155,elasticsearch_os_load5,0.58
2023/4/13 3:40,1681328447,cc-cc408-hya,data-node-08,9.9.2.155,elasticsearch_os_load5,0.56
2023/4/13 3:41,1681328507,cc-cc408-hya,data-node-08,9.9.2.155,elasticsearch_os_load5,0.5
2023/4/13 3:42,1681328567,cc-cc408-hya,data-node-08,9.9.2.155,elasticsearch_os_load5,0.44
2023/4/13 3:43,1681328627,cc-cc408-hya,data-node-08,9.9.2.155,elasticsearch_os_load5,0.37
2023/4/13 3:44,1681328687,cc-cc408-hya,data-node-08,9.9.2.155,elasticsearch_os_load5,0.35
2023/4/13 3:45,1681328747,cc-cc408-hya,data-node-08,9.9.2.155,elasticsearch_os_load5,0.35
2023/4/13 3:46,1681328807,cc-cc408-hya,data-node-08,9.9.2.155,elasticsearch_os_load5,0.33
2023/4/13 3:47,1681328867,cc-cc408-hya,data-node-08,9.9.2.155,elasticsearch_os_load5,0.34
2023/4/13 3:48,1681328927,cc-cc408-hya,data-node-08,9.9.2.155,elasticsearch_os_load5,0.39
2023/4/13 3:49,1681328987,cc-cc408-hya,data-node-08,9.9.2.155,elasticsearch_os_load5,0.41
2023/4/13 3:50,1681329047,cc-cc408-hya,data-node-08,9.9.2.155,elasticsearch_os_load5,0.45
2023/4/13 3:51,1681329107,cc-cc408-hya,data-node-08,9.9.2.155,elasticsearch_os_load5,0.63
2023/4/13 3:52,1681329167,cc-cc408-hya,data-node-08,9.9.2.155,elasticsearch_os_load5,0.69
2023/4/13 3:53,1681329227,cc-cc408-hya,data-node-08,9.9.2.155,elasticsearch_os_load5,0.71
2023/4/13 3:54,1681329287,cc-cc408-hya,data-node-08,9.9.2.155,elasticsearch_os_load5,0.65
2023/4/13 3:55,1681329347,cc-cc408-hya,data-node-08,9.9.2.155,elasticsearch_os_load5,0.56
2023/4/13 3:56,1681329407,cc-cc408-hya,data-node-08,9.9.2.155,elasticsearch_os_load5,0.48
2023/4/13 3:57,1681329467,cc-cc408-hya,data-node-08,9.9.2.155,elasticsearch_os_load5,0.42
2023/4/13 3:58,1681329527,cc-cc408-hya,data-node-08,9.9.2.155,elasticsearch_os_load5,0.45
2023/4/13 3:59,1681329587,cc-cc408-hya,data-node-08,9.9.2.155,elasticsearch_os_load5,0.47
2023/4/13 4:00,1681329647,cc-cc408-hya,data-node-08,9.9.2.155,elasticsearch_os_load5,0.46
2023/4/13 4:01,1681329707,cc-cc408-hya,data-node-08,9.9.2.155,elasticsearch_os_load5,0.42
2023/4/13 4:02,1681329767,cc-cc408-hya,data-node-08,9.9.2.155,elasticsearch_os_load5,0.34
2023/4/13 4:03,1681329827,cc-cc408-hya,data-node-08,9.9.2.155,elasticsearch_os_load5,0.32
2023/4/13 4:04,1681329887,cc-cc408-hya,data-node-08,9.9.2.155,elasticsearch_os_load5,0.26
2023/4/13 4:05,1681329947,cc-cc408-hya,data-node-08,9.9.2.155,elasticsearch_os_load5,0.31
2023/4/13 4:06,1681330007,cc-cc408-hya,data-node-08,9.9.2.155,elasticsearch_os_load5,0.32
2023/4/13 4:07,1681330067,cc-cc408-hya,data-node-08,9.9.2.155,elasticsearch_os_load5,0.38
2023/4/13 4:08,1681330127,cc-cc408-hya,data-node-08,9.9.2.155,elasticsearch_os_load5,0.39
2023/4/13 4:09,1681330187,cc-cc408-hya,data-node-08,9.9.2.155,elasticsearch_os_load5,0.41
2023/4/13 4:10,1681330247,cc-cc408-hya,data-node-08,9.9.2.155,elasticsearch_os_load5,0.33
2023/4/13 4:11,1681330307,cc-cc408-hya,data-node-08,9.9.2.155,elasticsearch_os_load5,0.28
2023/4/13 4:12,1681330367,cc-cc408-hya,data-node-08,9.9.2.155,elasticsearch_os_load5,0.24
2023/4/13 4:13,1681330427,cc-cc408-hya,data-node-08,9.9.2.155,elasticsearch_os_load5,0.23
2023/4/13 4:14,1681330487,cc-cc408-hya,data-node-08,9.9.2.155,elasticsearch_os_load5,0.2
2023/4/13 4:15,1681330547,cc-cc408-hya,data-node-08,9.9.2.155,elasticsearch_os_load5,0.2
2023/4/13 4:16,1681330607,cc-cc408-hya,data-node-08,9.9.2.155,elasticsearch_os_load5,0.22
2023/4/13 4:17,1681330667,cc-cc408-hya,data-node-08,9.9.2.155,elasticsearch_os_load5,0.22
2023/4/13 4:18,1681330727,cc-cc408-hya,data-node-08,9.9.2.155,elasticsearch_os_load5,0.21
2023/4/13 4:19,1681330787,cc-cc408-hya,data-node-08,9.9.2.155,elasticsearch_os_load5,0.38
2023/4/13 4:20,1681330847,cc-cc408-hya,data-node-08,9.9.2.155,elasticsearch_os_load5,0.45
2023/4/13 4:21,1681330907,cc-cc408-hya,data-node-08,9.9.2.155,elasticsearch_os_load5,0.53
2023/4/13 4:22,1681330967,cc-cc408-hya,data-node-08,9.9.2.155,elasticsearch_os_load5,0.49
2023/4/13 4:23,1681331027,cc-cc408-hya,data-node-08,9.9.2.155,elasticsearch_os_load5,0.4
2023/4/13 4:24,1681331087,cc-cc408-hya,data-node-08,9.9.2.155,elasticsearch_os_load5,0.37
2023/4/13 4:25,1681331147,cc-cc408-hya,data-node-08,9.9.2.155,elasticsearch_os_load5,0.35
2023/4/13 4:26,1681331207,cc-cc408-hya,data-node-08,9.9.2.155,elasticsearch_os_load5,0.39
2023/4/13 4:27,1681331267,cc-cc408-hya,data-node-08,9.9.2.155,elasticsearch_os_load5,0.38
2023/4/13 4:28,1681331327,cc-cc408-hya,data-node-08,9.9.2.155,elasticsearch_os_load5,0.32
2023/4/13 4:29,1681331387,cc-cc408-hya,data-node-08,9.9.2.155,elasticsearch_os_load5,0.26
2023/4/13 4:30,1681331447,cc-cc408-hya,data-node-08,9.9.2.155,elasticsearch_os_load5,0.37
2023/4/13 4:31,1681331507,cc-cc408-hya,data-node-08,9.9.2.155,elasticsearch_os_load5,0.41
2023/4/13 4:32,1681331567,cc-cc408-hya,data-node-08,9.9.2.155,elasticsearch_os_load5,0.48
2023/4/13 4:33,1681331627,cc-cc408-hya,data-node-08,9.9.2.155,elasticsearch_os_load5,0.63
2023/4/13 4:34,1681331687,cc-cc408-hya,data-node-08,9.9.2.155,elasticsearch_os_load5,1.34
2023/4/13 4:35,1681331747,cc-cc408-hya,data-node-08,9.9.2.155,elasticsearch_os_load5,1.19
2023/4/13 4:36,1681331807,cc-cc408-hya,data-node-08,9.9.2.155,elasticsearch_os_load5,1.42
2023/4/13 4:37,1681331867,cc-cc408-hya,data-node-08,9.9.2.155,elasticsearch_os_load5,1.29
2023/4/13 4:38,1681331927,cc-cc408-hya,data-node-08,9.9.2.155,elasticsearch_os_load5,1.11
2023/4/13 4:39,1681331987,cc-cc408-hya,data-node-08,9.9.2.155,elasticsearch_os_load5,0.96
2023/4/13 4:40,1681332047,cc-cc408-hya,data-node-08,9.9.2.155,elasticsearch_os_load5,0.86
2023/4/13 4:41,1681332107,cc-cc408-hya,data-node-08,9.9.2.155,elasticsearch_os_load5,0.78
2023/4/13 4:42,1681332167,cc-cc408-hya,data-node-08,9.9.2.155,elasticsearch_os_load5,0.75
2023/4/13 4:43,1681332227,cc-cc408-hya,data-node-08,9.9.2.155,elasticsearch_os_load5,0.7
2023/4/13 4:44,1681332287,cc-cc408-hya,data-node-08,9.9.2.155,elasticsearch_os_load5,0.59
2023/4/13 4:45,1681332347,cc-cc408-hya,data-node-08,9.9.2.155,elasticsearch_os_load5,0.59
2023/4/13 4:46,1681332407,cc-cc408-hya,data-node-08,9.9.2.155,elasticsearch_os_load5,0.51
2023/4/13 4:47,1681332467,cc-cc408-hya,data-node-08,9.9.2.155,elasticsearch_os_load5,0.46
2023/4/13 4:48,1681332527,cc-cc408-hya,data-node-08,9.9.2.155,elasticsearch_os_load5,0.42
2023/4/13 4:49,1681332587,cc-cc408-hya,data-node-08,9.9.2.155,elasticsearch_os_load5,0.34
2023/4/13 4:50,1681332647,cc-cc408-hya,data-node-08,9.9.2.155,elasticsearch_os_load5,0.29
2023/4/13 4:51,1681332707,cc-cc408-hya,data-node-08,9.9.2.155,elasticsearch_os_load5,0.52
2023/4/13 4:52,1681332767,cc-cc408-hya,data-node-08,9.9.2.155,elasticsearch_os_load5,0.54
2023/4/13 4:53,1681332827,cc-cc408-hya,data-node-08,9.9.2.155,elasticsearch_os_load5,0.5
2023/4/13 4:54,1681332887,cc-cc408-hya,data-node-08,9.9.2.155,elasticsearch_os_load5,0.45
2023/4/13 4:55,1681332947,cc-cc408-hya,data-node-08,9.9.2.155,elasticsearch_os_load5,0.41
2023/4/13 4:56,1681333007,cc-cc408-hya,data-node-08,9.9.2.155,elasticsearch_os_load5,0.37
2023/4/13 4:57,1681333067,cc-cc408-hya,data-node-08,9.9.2.155,elasticsearch_os_load5,0.3
2023/4/13 4:58,1681333127,cc-cc408-hya,data-node-08,9.9.2.155,elasticsearch_os_load5,0.27
2023/4/13 4:59,1681333187,cc-cc408-hya,data-node-08,9.9.2.155,elasticsearch_os_load5,0.29
2023/4/13 5:00,1681333247,cc-cc408-hya,data-node-08,9.9.2.155,elasticsearch_os_load5,0.45
2023/4/13 5:01,1681333307,cc-cc408-hya,data-node-08,9.9.2.155,elasticsearch_os_load5,0.79
2023/4/13 5:02,1681333367,cc-cc408-hya,data-node-08,9.9.2.155,elasticsearch_os_load5,0.9
2023/4/13 5:03,1681333427,cc-cc408-hya,data-node-08,9.9.2.155,elasticsearch_os_load5,0.97
2023/4/13 5:04,1681333487,cc-cc408-hya,data-node-08,9.9.2.155,elasticsearch_os_load5,0.9
2023/4/13 5:05,1681333547,cc-cc408-hya,data-node-08,9.9.2.155,elasticsearch_os_load5,0.84
2023/4/13 5:06,1681333607,cc-cc408-hya,data-node-08,9.9.2.155,elasticsearch_os_load5,0.7
2023/4/13 5:07,1681333667,cc-cc408-hya,data-node-08,9.9.2.155,elasticsearch_os_load5,0.61
2023/4/13 5:08,1681333727,cc-cc408-hya,data-node-08,9.9.2.155,elasticsearch_os_load5,0.53
2023/4/13 5:09,1681333787,cc-cc408-hya,data-node-08,9.9.2.155,elasticsearch_os_load5,0.46
2023/4/13 5:10,1681333847,cc-cc408-hya,data-node-08,9.9.2.155,elasticsearch_os_load5,0.39
2023/4/13 5:11,1681333907,cc-cc408-hya,data-node-08,9.9.2.155,elasticsearch_os_load5,0.36
2023/4/13 5:12,1681333967,cc-cc408-hya,data-node-08,9.9.2.155,elasticsearch_os_load5,0.43
2023/4/13 5:13,1681334027,cc-cc408-hya,data-node-08,9.9.2.155,elasticsearch_os_load5,0.47
2023/4/13 5:14,1681334087,cc-cc408-hya,data-node-08,9.9.2.155,elasticsearch_os_load5,0.48
2023/4/13 5:15,1681334147,cc-cc408-hya,data-node-08,9.9.2.155,elasticsearch_os_load5,0.75
2023/4/13 5:16,1681334207,cc-cc408-hya,data-node-08,9.9.2.155,elasticsearch_os_load5,0.78
2023/4/13 5:17,1681334267,cc-cc408-hya,data-node-08,9.9.2.155,elasticsearch_os_load5,0.75
2023/4/13 5:18,1681334327,cc-cc408-hya,data-node-08,9.9.2.155,elasticsearch_os_load5,0.68
2023/4/13 5:19,1681334387,cc-cc408-hya,data-node-08,9.9.2.155,elasticsearch_os_load5,0.58
2023/4/13 5:20,1681334447,cc-cc408-hya,data-node-08,9.9.2.155,elasticsearch_os_load5,0.54
2023/4/13 5:21,1681334507,cc-cc408-hya,data-node-08,9.9.2.155,elasticsearch_os_load5,0.53
2023/4/13 5:22,1681334567,cc-cc408-hya,data-node-08,9.9.2.155,elasticsearch_os_load5,0.49
2023/4/13 5:23,1681334627,cc-cc408-hya,data-node-08,9.9.2.155,elasticsearch_os_load5,0.4
2023/4/13 5:24,1681334687,cc-cc408-hya,data-node-08,9.9.2.155,elasticsearch_os_load5,0.4
2023/4/13 5:25,1681334747,cc-cc408-hya,data-node-08,9.9.2.155,elasticsearch_os_load5,0.37
2023/4/13 5:26,1681334807,cc-cc408-hya,data-node-08,9.9.2.155,elasticsearch_os_load5,0.3
2023/4/13 5:27,1681334867,cc-cc408-hya,data-node-08,9.9.2.155,elasticsearch_os_load5,0.3
2023/4/13 5:28,1681334927,cc-cc408-hya,data-node-08,9.9.2.155,elasticsearch_os_load5,0.29
2023/4/13 5:29,1681334987,cc-cc408-hya,data-node-08,9.9.2.155,elasticsearch_os_load5,0.32
2023/4/13 5:30,1681335047,cc-cc408-hya,data-node-08,9.9.2.155,elasticsearch_os_load5,0.3
2023/4/13 5:31,1681335107,cc-cc408-hya,data-node-08,9.9.2.155,elasticsearch_os_load5,0.28
2023/4/13 5:32,1681335167,cc-cc408-hya,data-node-08,9.9.2.155,elasticsearch_os_load5,0.3
2023/4/13 5:33,1681335227,cc-cc408-hya,data-node-08,9.9.2.155,elasticsearch_os_load5,0.3
2023/4/13 5:34,1681335287,cc-cc408-hya,data-node-08,9.9.2.155,elasticsearch_os_load5,0.26
2023/4/13 5:35,1681335347,cc-cc408-hya,data-node-08,9.9.2.155,elasticsearch_os_load5,0.27
2023/4/13 5:36,1681335407,cc-cc408-hya,data-node-08,9.9.2.155,elasticsearch_os_load5,0.28
2023/4/13 5:37,1681335467,cc-cc408-hya,data-node-08,9.9.2.155,elasticsearch_os_load5,0.38
2023/4/13 5:38,1681335527,cc-cc408-hya,data-node-08,9.9.2.155,elasticsearch_os_load5,0.34
2023/4/13 5:39,1681335587,cc-cc408-hya,data-node-08,9.9.2.155,elasticsearch_os_load5,0.29
2023/4/13 5:40,1681335647,cc-cc408-hya,data-node-08,9.9.2.155,elasticsearch_os_load5,0.27
2023/4/13 5:41,1681335707,cc-cc408-hya,data-node-08,9.9.2.155,elasticsearch_os_load5,0.26
2023/4/13 5:42,1681335767,cc-cc408-hya,data-node-08,9.9.2.155,elasticsearch_os_load5,0.32
2023/4/13 5:43,1681335827,cc-cc408-hya,data-node-08,9.9.2.155,elasticsearch_os_load5,0.32
2023/4/13 5:44,1681335887,cc-cc408-hya,data-node-08,9.9.2.155,elasticsearch_os_load5,0.49
2023/4/13 5:45,1681335947,cc-cc408-hya,data-node-08,9.9.2.155,elasticsearch_os_load5,0.58
2023/4/13 5:46,1681336007,cc-cc408-hya,data-node-08,9.9.2.155,elasticsearch_os_load5,0.67
2023/4/13 5:47,1681336067,cc-cc408-hya,data-node-08,9.9.2.155,elasticsearch_os_load5,0.6
2023/4/13 5:48,1681336127,cc-cc408-hya,data-node-08,9.9.2.155,elasticsearch_os_load5,0.51
2023/4/13 5:49,1681336187,cc-cc408-hya,data-node-08,9.9.2.155,elasticsearch_os_load5,0.46
2023/4/13 5:50,1681336247,cc-cc408-hya,data-node-08,9.9.2.155,elasticsearch_os_load5,0.46
2023/4/13 5:51,1681336307,cc-cc408-hya,data-node-08,9.9.2.155,elasticsearch_os_load5,0.44
2023/4/13 5:52,1681336367,cc-cc408-hya,data-node-08,9.9.2.155,elasticsearch_os_load5,0.39
2023/4/13 5:53,1681336427,cc-cc408-hya,data-node-08,9.9.2.155,elasticsearch_os_load5,0.36
2023/4/13 5:54,1681336487,cc-cc408-hya,data-node-08,9.9.2.155,elasticsearch_os_load5,0.37
2023/4/13 5:55,1681336547,cc-cc408-hya,data-node-08,9.9.2.155,elasticsearch_os_load5,0.44
2023/4/13 5:56,1681336607,cc-cc408-hya,data-node-08,9.9.2.155,elasticsearch_os_load5,0.48
2023/4/13 5:57,1681336667,cc-cc408-hya,data-node-08,9.9.2.155,elasticsearch_os_load5,0.79
2023/4/13 5:58,1681336727,cc-cc408-hya,data-node-08,9.9.2.155,elasticsearch_os_load5,0.87
2023/4/13 5:59,1681336787,cc-cc408-hya,data-node-08,9.9.2.155,elasticsearch_os_load5,1.07
2023/4/13 6:00,1681336847,cc-cc408-hya,data-node-08,9.9.2.155,elasticsearch_os_load5,1.01
2023/4/13 6:01,1681336907,cc-cc408-hya,data-node-08,9.9.2.155,elasticsearch_os_load5,0.94
2023/4/13 6:02,1681336967,cc-cc408-hya,data-node-08,9.9.2.155,elasticsearch_os_load5,0.92
2023/4/13 6:03,1681337027,cc-cc408-hya,data-node-08,9.9.2.155,elasticsearch_os_load5,0.86
2023/4/13 6:04,1681337087,cc-cc408-hya,data-node-08,9.9.2.155,elasticsearch_os_load5,0.84
2023/4/13 6:05,1681337147,cc-cc408-hya,data-node-08,9.9.2.155,elasticsearch_os_load5,0.79
2023/4/13 6:06,1681337207,cc-cc408-hya,data-node-08,9.9.2.155,elasticsearch_os_load5,0.7
2023/4/13 6:07,1681337267,cc-cc408-hya,data-node-08,9.9.2.155,elasticsearch_os_load5,0.62
2023/4/13 6:08,1681337327,cc-cc408-hya,data-node-08,9.9.2.155,elasticsearch_os_load5,0.56
2023/4/13 6:09,1681337387,cc-cc408-hya,data-node-08,9.9.2.155,elasticsearch_os_load5,0.49
2023/4/13 6:10,1681337447,cc-cc408-hya,data-node-08,9.9.2.155,elasticsearch_os_load5,0.46
2023/4/13 6:11,1681337507,cc-cc408-hya,data-node-08,9.9.2.155,elasticsearch_os_load5,0.43
2023/4/13 6:12,1681337567,cc-cc408-hya,data-node-08,9.9.2.155,elasticsearch_os_load5,0.36
2023/4/13 6:13,1681337627,cc-cc408-hya,data-node-08,9.9.2.155,elasticsearch_os_load5,0.33
2023/4/13 6:14,1681337687,cc-cc408-hya,data-node-08,9.9.2.155,elasticsearch_os_load5,0.34
2023/4/13 6:15,1681337747,cc-cc408-hya,data-node-08,9.9.2.155,elasticsearch_os_load5,0.37
2023/4/13 6:16,1681337807,cc-cc408-hya,data-node-08,9.9.2.155,elasticsearch_os_load5,0.35
2023/4/13 6:17,1681337867,cc-cc408-hya,data-node-08,9.9.2.155,elasticsearch_os_load5,0.28
2023/4/13 6:18,1681337927,cc-cc408-hya,data-node-08,9.9.2.155,elasticsearch_os_load5,0.26
2023/4/13 6:19,1681337987,cc-cc408-hya,data-node-08,9.9.2.155,elasticsearch_os_load5,0.23
2023/4/13 6:20,1681338047,cc-cc408-hya,data-node-08,9.9.2.155,elasticsearch_os_load5,0.35
2023/4/13 6:21,1681338107,cc-cc408-hya,data-node-08,9.9.2.155,elasticsearch_os_load5,0.43
2023/4/13 6:22,1681338167,cc-cc408-hya,data-node-08,9.9.2.155,elasticsearch_os_load5,0.4
2023/4/13 6:23,1681338227,cc-cc408-hya,data-node-08,9.9.2.155,elasticsearch_os_load5,0.34
2023/4/13 6:24,1681338287,cc-cc408-hya,data-node-08,9.9.2.155,elasticsearch_os_load5,0.35
2023/4/13 6:25,1681338347,cc-cc408-hya,data-node-08,9.9.2.155,elasticsearch_os_load5,0.36
2023/4/13 6:26,1681338407,cc-cc408-hya,data-node-08,9.9.2.155,elasticsearch_os_load5,0.43
2023/4/13 6:27,1681338467,cc-cc408-hya,data-node-08,9.9.2.155,elasticsearch_os_load5,0.48
2023/4/13 6:28,1681338527,cc-cc408-hya,data-node-08,9.9.2.155,elasticsearch_os_load5,0.47
2023/4/13 6:29,1681338587,cc-cc408-hya,data-node-08,9.9.2.155,elasticsearch_os_load5,0.39
2023/4/13 6:30,1681338647,cc-cc408-hya,data-node-08,9.9.2.155,elasticsearch_os_load5,0.34
2023/4/13 6:31,1681338707,cc-cc408-hya,data-node-08,9.9.2.155,elasticsearch_os_load5,0.4
2023/4/13 6:32,1681338767,cc-cc408-hya,data-node-08,9.9.2.155,elasticsearch_os_load5,0.37
2023/4/13 6:33,1681338827,cc-cc408-hya,data-node-08,9.9.2.155,elasticsearch_os_load5,0.33
2023/4/13 6:34,1681338887,cc-cc408-hya,data-node-08,9.9.2.155,elasticsearch_os_load5,0.27
2023/4/13 6:35,1681338947,cc-cc408-hya,data-node-08,9.9.2.155,elasticsearch_os_load5,0.32
2023/4/13 6:36,1681339007,cc-cc408-hya,data-node-08,9.9.2.155,elasticsearch_os_load5,0.28
2023/4/13 6:37,1681339067,cc-cc408-hya,data-node-08,9.9.2.155,elasticsearch_os_load5,0.3
2023/4/13 6:38,1681339127,cc-cc408-hya,data-node-08,9.9.2.155,elasticsearch_os_load5,0.6
2023/4/13 6:39,1681339187,cc-cc408-hya,data-node-08,9.9.2.155,elasticsearch_os_load5,0.66
2023/4/13 6:40,1681339247,cc-cc408-hya,data-node-08,9.9.2.155,elasticsearch_os_load5,0.66
2023/4/13 6:41,1681339307,cc-cc408-hya,data-node-08,9.9.2.155,elasticsearch_os_load5,0.8
2023/4/13 6:42,1681339367,cc-cc408-hya,data-node-08,9.9.2.155,elasticsearch_os_load5,0.75
2023/4/13 6:43,1681339427,cc-cc408-hya,data-node-08,9.9.2.155,elasticsearch_os_load5,0.67
2023/4/13 6:44,1681339487,cc-cc408-hya,data-node-08,9.9.2.155,elasticsearch_os_load5,0.61
2023/4/13 6:45,1681339547,cc-cc408-hya,data-node-08,9.9.2.155,elasticsearch_os_load5,0.61
2023/4/13 6:46,1681339607,cc-cc408-hya,data-node-08,9.9.2.155,elasticsearch_os_load5,0.59
2023/4/13 6:47,1681339667,cc-cc408-hya,data-node-08,9.9.2.155,elasticsearch_os_load5,0.59
2023/4/13 6:48,1681339727,cc-cc408-hya,data-node-08,9.9.2.155,elasticsearch_os_load5,0.53
2023/4/13 6:49,1681339787,cc-cc408-hya,data-node-08,9.9.2.155,elasticsearch_os_load5,0.51
2023/4/13 6:50,1681339847,cc-cc408-hya,data-node-08,9.9.2.155,elasticsearch_os_load5,0.61
2023/4/13 6:51,1681339907,cc-cc408-hya,data-node-08,9.9.2.155,elasticsearch_os_load5,0.77
2023/4/13 6:52,1681339967,cc-cc408-hya,data-node-08,9.9.2.155,elasticsearch_os_load5,0.86
2023/4/13 6:53,1681340027,cc-cc408-hya,data-node-08,9.9.2.155,elasticsearch_os_load5,0.81
2023/4/13 6:54,1681340087,cc-cc408-hya,data-node-08,9.9.2.155,elasticsearch_os_load5,1.06
2023/4/13 6:55,1681340147,cc-cc408-hya,data-node-08,9.9.2.155,elasticsearch_os_load5,0.94
2023/4/13 6:56,1681340207,cc-cc408-hya,data-node-08,9.9.2.155,elasticsearch_os_load5,0.85
2023/4/13 6:57,1681340267,cc-cc408-hya,data-node-08,9.9.2.155,elasticsearch_os_load5,0.76
2023/4/13 6:58,1681340327,cc-cc408-hya,data-node-08,9.9.2.155,elasticsearch_os_load5,0.67
2023/4/13 6:59,1681340387,cc-cc408-hya,data-node-08,9.9.2.155,elasticsearch_os_load5,0.64
2023/4/13 7:00,1681340447,cc-cc408-hya,data-node-08,9.9.2.155,elasticsearch_os_load5,0.64
2023/4/13 7:01,1681340507,cc-cc408-hya,data-node-08,9.9.2.155,elasticsearch_os_load5,0.6
2023/4/13 7:02,1681340567,cc-cc408-hya,data-node-08,9.9.2.155,elasticsearch_os_load5,0.5
2023/4/13 7:03,1681340627,cc-cc408-hya,data-node-08,9.9.2.155,elasticsearch_os_load5,0.42
2023/4/13 7:04,1681340687,cc-cc408-hya,data-node-08,9.9.2.155,elasticsearch_os_load5,0.49
2023/4/13 7:05,1681340747,cc-cc408-hya,data-node-08,9.9.2.155,elasticsearch_os_load5,0.44
2023/4/13 7:06,1681340807,cc-cc408-hya,data-node-08,9.9.2.155,elasticsearch_os_load5,0.44
2023/4/13 7:07,1681340867,cc-cc408-hya,data-node-08,9.9.2.155,elasticsearch_os_load5,0.4
2023/4/13 7:08,1681340927,cc-cc408-hya,data-node-08,9.9.2.155,elasticsearch_os_load5,0.5
2023/4/13 7:09,1681340987,cc-cc408-hya,data-node-08,9.9.2.155,elasticsearch_os_load5,0.58
2023/4/13 7:10,1681341047,cc-cc408-hya,data-node-08,9.9.2.155,elasticsearch_os_load5,0.6
2023/4/13 7:11,1681341107,cc-cc408-hya,data-node-08,9.9.2.155,elasticsearch_os_load5,0.66
2023/4/13 7:12,1681341167,cc-cc408-hya,data-node-08,9.9.2.155,elasticsearch_os_load5,0.65
2023/4/13 7:13,1681341227,cc-cc408-hya,data-node-08,9.9.2.155,elasticsearch_os_load5,0.71
2023/4/13 7:14,1681341287,cc-cc408-hya,data-node-08,9.9.2.155,elasticsearch_os_load5,0.64
2023/4/13 7:15,1681341347,cc-cc408-hya,data-node-08,9.9.2.155,elasticsearch_os_load5,0.62
2023/4/13 7:16,1681341407,cc-cc408-hya,data-node-08,9.9.2.155,elasticsearch_os_load5,0.6
2023/4/13 7:17,1681341467,cc-cc408-hya,data-node-08,9.9.2.155,elasticsearch_os_load5,0.52
2023/4/13 7:18,1681341527,cc-cc408-hya,data-node-08,9.9.2.155,elasticsearch_os_load5,0.52
2023/4/13 7:19,1681341587,cc-cc408-hya,data-node-08,9.9.2.155,elasticsearch_os_load5,0.66
2023/4/13 7:20,1681341647,cc-cc408-hya,data-node-08,9.9.2.155,elasticsearch_os_load5,0.82
2023/4/13 7:21,1681341707,cc-cc408-hya,data-node-08,9.9.2.155,elasticsearch_os_load5,0.9
2023/4/13 7:22,1681341767,cc-cc408-hya,data-node-08,9.9.2.155,elasticsearch_os_load5,0.92
2023/4/13 7:23,1681341827,cc-cc408-hya,data-node-08,9.9.2.155,elasticsearch_os_load5,0.97
2023/4/13 7:24,1681341887,cc-cc408-hya,data-node-08,9.9.2.155,elasticsearch_os_load5,1.02
2023/4/13 7:25,1681341947,cc-cc408-hya,data-node-08,9.9.2.155,elasticsearch_os_load5,0.94
2023/4/13 7:26,1681342007,cc-cc408-hya,data-node-08,9.9.2.155,elasticsearch_os_load5,0.9
2023/4/13 7:27,1681342067,cc-cc408-hya,data-node-08,9.9.2.155,elasticsearch_os_load5,0.93
2023/4/13 7:28,1681342127,cc-cc408-hya,data-node-08,9.9.2.155,elasticsearch_os_load5,0.79
2023/4/13 7:29,1681342187,cc-cc408-hya,data-node-08,9.9.2.155,elasticsearch_os_load5,0.79
2023/4/13 7:30,1681342247,cc-cc408-hya,data-node-08,9.9.2.155,elasticsearch_os_load5,0.75
2023/4/13 7:31,1681342307,cc-cc408-hya,data-node-08,9.9.2.155,elasticsearch_os_load5,0.66
2023/4/13 7:32,1681342367,cc-cc408-hya,data-node-08,9.9.2.155,elasticsearch_os_load5,0.6
2023/4/13 7:33,1681342427,cc-cc408-hya,data-node-08,9.9.2.155,elasticsearch_os_load5,0.52
2023/4/13 7:34,1681342487,cc-cc408-hya,data-node-08,9.9.2.155,elasticsearch_os_load5,0.61
2023/4/13 7:35,1681342547,cc-cc408-hya,data-node-08,9.9.2.155,elasticsearch_os_load5,0.66
2023/4/13 7:36,1681342607,cc-cc408-hya,data-node-08,9.9.2.155,elasticsearch_os_load5,0.57
2023/4/13 7:37,1681342667,cc-cc408-hya,data-node-08,9.9.2.155,elasticsearch_os_load5,0.61
2023/4/13 7:38,1681342727,cc-cc408-hya,data-node-08,9.9.2.155,elasticsearch_os_load5,0.59
2023/4/13 7:39,1681342787,cc-cc408-hya,data-node-08,9.9.2.155,elasticsearch_os_load5,0.59
2023/4/13 7:40,1681342847,cc-cc408-hya,data-node-08,9.9.2.155,elasticsearch_os_load5,0.7
2023/4/13 7:41,1681342907,cc-cc408-hya,data-node-08,9.9.2.155,elasticsearch_os_load5,0.6
2023/4/13 7:42,1681342967,cc-cc408-hya,data-node-08,9.9.2.155,elasticsearch_os_load5,0.57
2023/4/13 7:43,1681343027,cc-cc408-hya,data-node-08,9.9.2.155,elasticsearch_os_load5,0.57
2023/4/13 7:44,1681343087,cc-cc408-hya,data-node-08,9.9.2.155,elasticsearch_os_load5,0.53
2023/4/13 7:45,1681343147,cc-cc408-hya,data-node-08,9.9.2.155,elasticsearch_os_load5,0.5
2023/4/13 7:46,1681343207,cc-cc408-hya,data-node-08,9.9.2.155,elasticsearch_os_load5,0.58
2023/4/13 7:47,1681343267,cc-cc408-hya,data-node-08,9.9.2.155,elasticsearch_os_load5,0.59
2023/4/13 7:48,1681343327,cc-cc408-hya,data-node-08,9.9.2.155,elasticsearch_os_load5,0.6
2023/4/13 7:49,1681343387,cc-cc408-hya,data-node-08,9.9.2.155,elasticsearch_os_load5,0.72
2023/4/13 7:50,1681343447,cc-cc408-hya,data-node-08,9.9.2.155,elasticsearch_os_load5,0.85
2023/4/13 7:51,1681343507,cc-cc408-hya,data-node-08,9.9.2.155,elasticsearch_os_load5,1.11
2023/4/13 7:52,1681343567,cc-cc408-hya,data-node-08,9.9.2.155,elasticsearch_os_load5,1.15
2023/4/13 7:53,1681343627,cc-cc408-hya,data-node-08,9.9.2.155,elasticsearch_os_load5,1.14
2023/4/13 7:54,1681343687,cc-cc408-hya,data-node-08,9.9.2.155,elasticsearch_os_load5,1.12
2023/4/13 7:55,1681343747,cc-cc408-hya,data-node-08,9.9.2.155,elasticsearch_os_load5,1.14
2023/4/13 7:56,1681343807,cc-cc408-hya,data-node-08,9.9.2.155,elasticsearch_os_load5,0.99
2023/4/13 7:57,1681343867,cc-cc408-hya,data-node-08,9.9.2.155,elasticsearch_os_load5,0.9
2023/4/13 7:58,1681343927,cc-cc408-hya,data-node-08,9.9.2.155,elasticsearch_os_load5,0.78
2023/4/13 7:59,1681343987,cc-cc408-hya,data-node-08,9.9.2.155,elasticsearch_os_load5,0.75
2023/4/13 8:00,1681344047,cc-cc408-hya,data-node-08,9.9.2.155,elasticsearch_os_load5,0.87
2023/4/13 8:01,1681344107,cc-cc408-hya,data-node-08,9.9.2.155,elasticsearch_os_load5,1.21
2023/4/13 8:02,1681344167,cc-cc408-hya,data-node-08,9.9.2.155,elasticsearch_os_load5,1.61
2023/4/13 8:03,1681344227,cc-cc408-hya,data-node-08,9.9.2.155,elasticsearch_os_load5,1.96
2023/4/13 8:04,1681344287,cc-cc408-hya,data-node-08,9.9.2.155,elasticsearch_os_load5,2.06
2023/4/13 8:05,1681344347,cc-cc408-hya,data-node-08,9.9.2.155,elasticsearch_os_load5,2.15
2023/4/13 8:06,1681344407,cc-cc408-hya,data-node-08,9.9.2.155,elasticsearch_os_load5,2.13
2023/4/13 8:07,1681344467,cc-cc408-hya,data-node-08,9.9.2.155,elasticsearch_os_load5,2.07
2023/4/13 8:08,1681344527,cc-cc408-hya,data-node-08,9.9.2.155,elasticsearch_os_load5,2.26
2023/4/13 8:09,1681344587,cc-cc408-hya,data-node-08,9.9.2.155,elasticsearch_os_load5,2.82
2023/4/13 8:10,1681344647,cc-cc408-hya,data-node-08,9.9.2.155,elasticsearch_os_load5,2.71
2023/4/13 8:11,1681344707,cc-cc408-hya,data-node-08,9.9.2.155,elasticsearch_os_load5,2.33
2023/4/13 8:12,1681344767,cc-cc408-hya,data-node-08,9.9.2.155,elasticsearch_os_load5,2.12
2023/4/13 8:13,1681344827,cc-cc408-hya,data-node-08,9.9.2.155,elasticsearch_os_load5,1.83
2023/4/13 8:14,1681344887,cc-cc408-hya,data-node-08,9.9.2.155,elasticsearch_os_load5,1.65
2023/4/13 8:15,1681344947,cc-cc408-hya,data-node-08,9.9.2.155,elasticsearch_os_load5,1.51
2023/4/13 8:16,1681345007,cc-cc408-hya,data-node-08,9.9.2.155,elasticsearch_os_load5,1.51
2023/4/13 8:17,1681345067,cc-cc408-hya,data-node-08,9.9.2.155,elasticsearch_os_load5,1.36
2023/4/13 8:18,1681345127,cc-cc408-hya,data-node-08,9.9.2.155,elasticsearch_os_load5,1.37
2023/4/13 8:19,1681345187,cc-cc408-hya,data-node-08,9.9.2.155,elasticsearch_os_load5,1.35
2023/4/13 8:20,1681345247,cc-cc408-hya,data-node-08,9.9.2.155,elasticsearch_os_load5,1.23
2023/4/13 8:21,1681345307,cc-cc408-hya,data-node-08,9.9.2.155,elasticsearch_os_load5,1.31
2023/4/13 8:22,1681345367,cc-cc408-hya,data-node-08,9.9.2.155,elasticsearch_os_load5,1.84
2023/4/13 8:23,1681345427,cc-cc408-hya,data-node-08,9.9.2.155,elasticsearch_os_load5,1.68
2023/4/13 8:24,1681345487,cc-cc408-hya,data-node-08,9.9.2.155,elasticsearch_os_load5,1.54
2023/4/13 8:25,1681345547,cc-cc408-hya,data-node-08,9.9.2.155,elasticsearch_os_load5,1.38
2023/4/13 8:26,1681345607,cc-cc408-hya,data-node-08,9.9.2.155,elasticsearch_os_load5,1.37
2023/4/13 8:27,1681345667,cc-cc408-hya,data-node-08,9.9.2.155,elasticsearch_os_load5,1.43
2023/4/13 8:28,1681345727,cc-cc408-hya,data-node-08,9.9.2.155,elasticsearch_os_load5,1.31
2023/4/13 8:29,1681345787,cc-cc408-hya,data-node-08,9.9.2.155,elasticsearch_os_load5,1.29
2023/4/13 8:30,1681345847,cc-cc408-hya,data-node-08,9.9.2.155,elasticsearch_os_load5,1.36
2023/4/13 8:31,1681345907,cc-cc408-hya,data-node-08,9.9.2.155,elasticsearch_os_load5,1.36
2023/4/13 8:32,1681345967,cc-cc408-hya,data-node-08,9.9.2.155,elasticsearch_os_load5,1.32
2023/4/13 8:33,1681346027,cc-cc408-hya,data-node-08,9.9.2.155,elasticsearch_os_load5,1.37
2023/4/13 8:34,1681346087,cc-cc408-hya,data-node-08,9.9.2.155,elasticsearch_os_load5,1.46
2023/4/13 8:35,1681346147,cc-cc408-hya,data-node-08,9.9.2.155,elasticsearch_os_load5,1.42
2023/4/13 8:36,1681346207,cc-cc408-hya,data-node-08,9.9.2.155,elasticsearch_os_load5,1.42
2023/4/13 8:37,1681346267,cc-cc408-hya,data-node-08,9.9.2.155,elasticsearch_os_load5,1.46
2023/4/13 8:38,1681346327,cc-cc408-hya,data-node-08,9.9.2.155,elasticsearch_os_load5,1.33
2023/4/13 8:39,1681346387,cc-cc408-hya,data-node-08,9.9.2.155,elasticsearch_os_load5,1.34
2023/4/13 8:40,1681346447,cc-cc408-hya,data-node-08,9.9.2.155,elasticsearch_os_load5,1.34
2023/4/13 8:41,1681346507,cc-cc408-hya,data-node-08,9.9.2.155,elasticsearch_os_load5,1.32
2023/4/13 8:42,1681346567,cc-cc408-hya,data-node-08,9.9.2.155,elasticsearch_os_load5,1.36
2023/4/13 8:43,1681346627,cc-cc408-hya,data-node-08,9.9.2.155,elasticsearch_os_load5,1.34
2023/4/13 8:44,1681346687,cc-cc408-hya,data-node-08,9.9.2.155,elasticsearch_os_load5,1.52
2023/4/13 8:45,1681346747,cc-cc408-hya,data-node-08,9.9.2.155,elasticsearch_os_load5,1.54
2023/4/13 8:46,1681346807,cc-cc408-hya,data-node-08,9.9.2.155,elasticsearch_os_load5,1.64
2023/4/13 8:47,1681346867,cc-cc408-hya,data-node-08,9.9.2.155,elasticsearch_os_load5,1.59
2023/4/13 8:48,1681346927,cc-cc408-hya,data-node-08,9.9.2.155,elasticsearch_os_load5,1.65
2023/4/13 8:49,1681346987,cc-cc408-hya,data-node-08,9.9.2.155,elasticsearch_os_load5,1.48
2023/4/13 8:50,1681347047,cc-cc408-hya,data-node-08,9.9.2.155,elasticsearch_os_load5,1.5
2023/4/13 8:51,1681347107,cc-cc408-hya,data-node-08,9.9.2.155,elasticsearch_os_load5,1.74
2023/4/13 8:52,1681347167,cc-cc408-hya,data-node-08,9.9.2.155,elasticsearch_os_load5,1.75
2023/4/13 8:53,1681347227,cc-cc408-hya,data-node-08,9.9.2.155,elasticsearch_os_load5,1.7
2023/4/13 8:54,1681347287,cc-cc408-hya,data-node-08,9.9.2.155,elasticsearch_os_load5,1.85
2023/4/13 8:55,1681347347,cc-cc408-hya,data-node-08,9.9.2.155,elasticsearch_os_load5,2.05
2023/4/13 8:56,1681347407,cc-cc408-hya,data-node-08,9.9.2.155,elasticsearch_os_load5,2.08
2023/4/13 8:57,1681347467,cc-cc408-hya,data-node-08,9.9.2.155,elasticsearch_os_load5,2.07
2023/4/13 8:58,1681347527,cc-cc408-hya,data-node-08,9.9.2.155,elasticsearch_os_load5,2.04
2023/4/13 8:59,1681347587,cc-cc408-hya,data-node-08,9.9.2.155,elasticsearch_os_load5,2
2023/4/13 9:00,1681347647,cc-cc408-hya,data-node-08,9.9.2.155,elasticsearch_os_load5,2.2
2023/4/13 9:01,1681347707,cc-cc408-hya,data-node-08,9.9.2.155,elasticsearch_os_load5,2.27
2023/4/13 9:02,1681347767,cc-cc408-hya,data-node-08,9.9.2.155,elasticsearch_os_load5,2.26
2023/4/13 9:03,1681347827,cc-cc408-hya,data-node-08,9.9.2.155,elasticsearch_os_load5,2.28
2023/4/13 9:04,1681347887,cc-cc408-hya,data-node-08,9.9.2.155,elasticsearch_os_load5,2.35
2023/4/13 9:05,1681347947,cc-cc408-hya,data-node-08,9.9.2.155,elasticsearch_os_load5,2.32
2023/4/13 9:06,1681348007,cc-cc408-hya,data-node-08,9.9.2.155,elasticsearch_os_load5,2.46
2023/4/13 9:07,1681348067,cc-cc408-hya,data-node-08,9.9.2.155,elasticsearch_os_load5,2.54
2023/4/13 9:08,1681348127,cc-cc408-hya,data-node-08,9.9.2.155,elasticsearch_os_load5,2.46
2023/4/13 9:09,1681348187,cc-cc408-hya,data-node-08,9.9.2.155,elasticsearch_os_load5,2.58
2023/4/13 9:10,1681348247,cc-cc408-hya,data-node-08,9.9.2.155,elasticsearch_os_load5,2.95
2023/4/13 9:11,1681348307,cc-cc408-hya,data-node-08,9.9.2.155,elasticsearch_os_load5,3.1
2023/4/13 9:12,1681348367,cc-cc408-hya,data-node-08,9.9.2.155,elasticsearch_os_load5,3.43
2023/4/13 9:13,1681348427,cc-cc408-hya,data-node-08,9.9.2.155,elasticsearch_os_load5,3.72
2023/4/13 9:14,1681348487,cc-cc408-hya,data-node-08,9.9.2.155,elasticsearch_os_load5,3.95
2023/4/13 9:15,1681348547,cc-cc408-hya,data-node-08,9.9.2.155,elasticsearch_os_load5,4.3
2023/4/13 9:16,1681348607,cc-cc408-hya,data-node-08,9.9.2.155,elasticsearch_os_load5,4.24
2023/4/13 9:17,1681348667,cc-cc408-hya,data-node-08,9.9.2.155,elasticsearch_os_load5,4.31
2023/4/13 9:18,1681348727,cc-cc408-hya,data-node-08,9.9.2.155,elasticsearch_os_load5,3.99
2023/4/13 9:19,1681348787,cc-cc408-hya,data-node-08,9.9.2.155,elasticsearch_os_load5,3.79
2023/4/13 9:20,1681348847,cc-cc408-hya,data-node-08,9.9.2.155,elasticsearch_os_load5,3.67
2023/4/13 9:21,1681348907,cc-cc408-hya,data-node-08,9.9.2.155,elasticsearch_os_load5,3.55
2023/4/13 9:22,1681348967,cc-cc408-hya,data-node-08,9.9.2.155,elasticsearch_os_load5,3.67
2023/4/13 9:23,1681349027,cc-cc408-hya,data-node-08,9.9.2.155,elasticsearch_os_load5,3.59
2023/4/13 9:24,1681349087,cc-cc408-hya,data-node-08,9.9.2.155,elasticsearch_os_load5,3.55
2023/4/13 9:25,1681349147,cc-cc408-hya,data-node-08,9.9.2.155,elasticsearch_os_load5,3.62
2023/4/13 9:26,1681349207,cc-cc408-hya,data-node-08,9.9.2.155,elasticsearch_os_load5,3.8
2023/4/13 9:27,1681349267,cc-cc408-hya,data-node-08,9.9.2.155,elasticsearch_os_load5,3.77
2023/4/13 9:28,1681349327,cc-cc408-hya,data-node-08,9.9.2.155,elasticsearch_os_load5,3.69
2023/4/13 9:29,1681349387,cc-cc408-hya,data-node-08,9.9.2.155,elasticsearch_os_load5,3.39
2023/4/13 9:30,1681349447,cc-cc408-hya,data-node-08,9.9.2.155,elasticsearch_os_load5,3.41
2023/4/13 9:31,1681349507,cc-cc408-hya,data-node-08,9.9.2.155,elasticsearch_os_load5,3.54
2023/4/13 9:32,1681349567,cc-cc408-hya,data-node-08,9.9.2.155,elasticsearch_os_load5,3.76
2023/4/13 9:33,1681349627,cc-cc408-hya,data-node-08,9.9.2.155,elasticsearch_os_load5,3.52
2023/4/13 9:34,1681349687,cc-cc408-hya,data-node-08,9.9.2.155,elasticsearch_os_load5,3.62
2023/4/13 9:35,1681349747,cc-cc408-hya,data-node-08,9.9.2.155,elasticsearch_os_load5,3.57
2023/4/13 9:36,1681349807,cc-cc408-hya,data-node-08,9.9.2.155,elasticsearch_os_load5,3.62
2023/4/13 9:37,1681349867,cc-cc408-hya,data-node-08,9.9.2.155,elasticsearch_os_load5,3.37
2023/4/13 9:38,1681349927,cc-cc408-hya,data-node-08,9.9.2.155,elasticsearch_os_load5,3.37
2023/4/13 9:39,1681349987,cc-cc408-hya,data-node-08,9.9.2.155,elasticsearch_os_load5,3.54
2023/4/13 9:40,1681350047,cc-cc408-hya,data-node-08,9.9.2.155,elasticsearch_os_load5,3.38
2023/4/13 9:41,1681350107,cc-cc408-hya,data-node-08,9.9.2.155,elasticsearch_os_load5,3.1
2023/4/13 9:42,1681350167,cc-cc408-hya,data-node-08,9.9.2.155,elasticsearch_os_load5,3.17
2023/4/13 9:43,1681350227,cc-cc408-hya,data-node-08,9.9.2.155,elasticsearch_os_load5,3.25
2023/4/13 9:44,1681350287,cc-cc408-hya,data-node-08,9.9.2.155,elasticsearch_os_load5,3.39
2023/4/13 9:45,1681350347,cc-cc408-hya,data-node-08,9.9.2.155,elasticsearch_os_load5,3.71
2023/4/13 9:46,1681350407,cc-cc408-hya,data-node-08,9.9.2.155,elasticsearch_os_load5,3.76
2023/4/13 9:47,1681350467,cc-cc408-hya,data-node-08,9.9.2.155,elasticsearch_os_load5,3.68
2023/4/13 9:48,1681350527,cc-cc408-hya,data-node-08,9.9.2.155,elasticsearch_os_load5,3.79
2023/4/13 9:49,1681350587,cc-cc408-hya,data-node-08,9.9.2.155,elasticsearch_os_load5,3.83
2023/4/13 9:50,1681350647,cc-cc408-hya,data-node-08,9.9.2.155,elasticsearch_os_load5,3.75
2023/4/13 9:51,1681350707,cc-cc408-hya,data-node-08,9.9.2.155,elasticsearch_os_load5,4.3
2023/4/13 9:52,1681350767,cc-cc408-hya,data-node-08,9.9.2.155,elasticsearch_os_load5,4.21
2023/4/13 9:53,1681350827,cc-cc408-hya,data-node-08,9.9.2.155,elasticsearch_os_load5,3.95
2023/4/13 9:54,1681350887,cc-cc408-hya,data-node-08,9.9.2.155,elasticsearch_os_load5,3.96
2023/4/13 9:55,1681350947,cc-cc408-hya,data-node-08,9.9.2.155,elasticsearch_os_load5,3.74
2023/4/13 9:56,1681351007,cc-cc408-hya,data-node-08,9.9.2.155,elasticsearch_os_load5,3.68
2023/4/13 9:57,1681351067,cc-cc408-hya,data-node-08,9.9.2.155,elasticsearch_os_load5,3.58
2023/4/13 9:58,1681351127,cc-cc408-hya,data-node-08,9.9.2.155,elasticsearch_os_load5,3.91
2023/4/13 9:59,1681351187,cc-cc408-hya,data-node-08,9.9.2.155,elasticsearch_os_load5,3.91
2023/4/13 10:00,1681351247,cc-cc408-hya,data-node-08,9.9.2.155,elasticsearch_os_load5,4.58
2023/4/13 10:01,1681351307,cc-cc408-hya,data-node-08,9.9.2.155,elasticsearch_os_load5,4.51
2023/4/13 10:02,1681351367,cc-cc408-hya,data-node-08,9.9.2.155,elasticsearch_os_load5,4.81
2023/4/13 10:03,1681351427,cc-cc408-hya,data-node-08,9.9.2.155,elasticsearch_os_load5,4.64
2023/4/13 10:04,1681351487,cc-cc408-hya,data-node-08,9.9.2.155,elasticsearch_os_load5,4.55
2023/4/13 10:05,1681351547,cc-cc408-hya,data-node-08,9.9.2.155,elasticsearch_os_load5,4.43
2023/4/13 10:06,1681351607,cc-cc408-hya,data-node-08,9.9.2.155,elasticsearch_os_load5,4.43
2023/4/13 10:07,1681351667,cc-cc408-hya,data-node-08,9.9.2.155,elasticsearch_os_load5,4.45
2023/4/13 10:08,1681351727,cc-cc408-hya,data-node-08,9.9.2.155,elasticsearch_os_load5,4.33
2023/4/13 10:09,1681351787,cc-cc408-hya,data-node-08,9.9.2.155,elasticsearch_os_load5,4.05
2023/4/13 10:10,1681351847,cc-cc408-hya,data-node-08,9.9.2.155,elasticsearch_os_load5,4.21
2023/4/13 10:11,1681351907,cc-cc408-hya,data-node-08,9.9.2.155,elasticsearch_os_load5,4.03
2023/4/13 10:12,1681351967,cc-cc408-hya,data-node-08,9.9.2.155,elasticsearch_os_load5,3.9
2023/4/13 10:13,1681352027,cc-cc408-hya,data-node-08,9.9.2.155,elasticsearch_os_load5,3.86
2023/4/13 10:14,1681352087,cc-cc408-hya,data-node-08,9.9.2.155,elasticsearch_os_load5,3.76
2023/4/13 10:15,1681352147,cc-cc408-hya,data-node-08,9.9.2.155,elasticsearch_os_load5,3.77
2023/4/13 10:16,1681352207,cc-cc408-hya,data-node-08,9.9.2.155,elasticsearch_os_load5,3.84
2023/4/13 10:17,1681352267,cc-cc408-hya,data-node-08,9.9.2.155,elasticsearch_os_load5,3.79
2023/4/13 10:18,1681352327,cc-cc408-hya,data-node-08,9.9.2.155,elasticsearch_os_load5,3.77
2023/4/13 10:19,1681352387,cc-cc408-hya,data-node-08,9.9.2.155,elasticsearch_os_load5,3.78
2023/4/13 10:20,1681352447,cc-cc408-hya,data-node-08,9.9.2.155,elasticsearch_os_load5,3.65
2023/4/13 10:21,1681352507,cc-cc408-hya,data-node-08,9.9.2.155,elasticsearch_os_load5,3.86
2023/4/13 10:22,1681352567,cc-cc408-hya,data-node-08,9.9.2.155,elasticsearch_os_load5,3.73
2023/4/13 10:23,1681352627,cc-cc408-hya,data-node-08,9.9.2.155,elasticsearch_os_load5,3.89
2023/4/13 10:24,1681352687,cc-cc408-hya,data-node-08,9.9.2.155,elasticsearch_os_load5,4.01
2023/4/13 10:25,1681352747,cc-cc408-hya,data-node-08,9.9.2.155,elasticsearch_os_load5,3.97
2023/4/13 10:26,1681352807,cc-cc408-hya,data-node-08,9.9.2.155,elasticsearch_os_load5,3.97
2023/4/13 10:27,1681352867,cc-cc408-hya,data-node-08,9.9.2.155,elasticsearch_os_load5,3.9
2023/4/13 10:28,1681352927,cc-cc408-hya,data-node-08,9.9.2.155,elasticsearch_os_load5,4.11
2023/4/13 10:29,1681352987,cc-cc408-hya,data-node-08,9.9.2.155,elasticsearch_os_load5,4.24
2023/4/13 10:30,1681353047,cc-cc408-hya,data-node-08,9.9.2.155,elasticsearch_os_load5,3.99
2023/4/13 10:31,1681353107,cc-cc408-hya,data-node-08,9.9.2.155,elasticsearch_os_load5,4.12
2023/4/13 10:32,1681353167,cc-cc408-hya,data-node-08,9.9.2.155,elasticsearch_os_load5,3.98
2023/4/13 10:33,1681353227,cc-cc408-hya,data-node-08,9.9.2.155,elasticsearch_os_load5,4.29
2023/4/13 10:34,1681353287,cc-cc408-hya,data-node-08,9.9.2.155,elasticsearch_os_load5,4.3
2023/4/13 10:35,1681353347,cc-cc408-hya,data-node-08,9.9.2.155,elasticsearch_os_load5,5.42
2023/4/13 10:36,1681353407,cc-cc408-hya,data-node-08,9.9.2.155,elasticsearch_os_load5,5.29
2023/4/13 10:37,1681353467,cc-cc408-hya,data-node-08,9.9.2.155,elasticsearch_os_load5,5.16
2023/4/13 10:38,1681353527,cc-cc408-hya,data-node-08,9.9.2.155,elasticsearch_os_load5,4.94
2023/4/13 10:39,1681353587,cc-cc408-hya,data-node-08,9.9.2.155,elasticsearch_os_load5,4.95
2023/4/13 10:40,1681353647,cc-cc408-hya,data-node-08,9.9.2.155,elasticsearch_os_load5,5.43
2023/4/13 10:41,1681353707,cc-cc408-hya,data-node-08,9.9.2.155,elasticsearch_os_load5,5.46
2023/4/13 10:42,1681353767,cc-cc408-hya,data-node-08,9.9.2.155,elasticsearch_os_load5,6.04
2023/4/13 10:43,1681353827,cc-cc408-hya,data-node-08,9.9.2.155,elasticsearch_os_load5,5.76
2023/4/13 10:44,1681353887,cc-cc408-hya,data-node-08,9.9.2.155,elasticsearch_os_load5,5.42
2023/4/13 10:45,1681353947,cc-cc408-hya,data-node-08,9.9.2.155,elasticsearch_os_load5,5.46
2023/4/13 10:46,1681354007,cc-cc408-hya,data-node-08,9.9.2.155,elasticsearch_os_load5,5.2
2023/4/13 10:47,1681354067,cc-cc408-hya,data-node-08,9.9.2.155,elasticsearch_os_load5,5.02
2023/4/13 10:48,1681354127,cc-cc408-hya,data-node-08,9.9.2.155,elasticsearch_os_load5,4.87
2023/4/13 10:49,1681354187,cc-cc408-hya,data-node-08,9.9.2.155,elasticsearch_os_load5,4.96
2023/4/13 10:50,1681354247,cc-cc408-hya,data-node-08,9.9.2.155,elasticsearch_os_load5,4.93
2023/4/13 10:51,1681354307,cc-cc408-hya,data-node-08,9.9.2.155,elasticsearch_os_load5,4.97
2023/4/13 10:52,1681354367,cc-cc408-hya,data-node-08,9.9.2.155,elasticsearch_os_load5,4.65
2023/4/13 10:53,1681354427,cc-cc408-hya,data-node-08,9.9.2.155,elasticsearch_os_load5,5.13
2023/4/13 10:54,1681354487,cc-cc408-hya,data-node-08,9.9.2.155,elasticsearch_os_load5,5.02
2023/4/13 10:55,1681354547,cc-cc408-hya,data-node-08,9.9.2.155,elasticsearch_os_load5,4.92
2023/4/13 10:56,1681354607,cc-cc408-hya,data-node-08,9.9.2.155,elasticsearch_os_load5,4.79
2023/4/13 10:57,1681354667,cc-cc408-hya,data-node-08,9.9.2.155,elasticsearch_os_load5,4.68
2023/4/13 10:58,1681354727,cc-cc408-hya,data-node-08,9.9.2.155,elasticsearch_os_load5,4.55
2023/4/13 10:59,1681354787,cc-cc408-hya,data-node-08,9.9.2.155,elasticsearch_os_load5,4.56
2023/4/13 11:00,1681354847,cc-cc408-hya,data-node-08,9.9.2.155,elasticsearch_os_load5,4.66
2023/4/13 11:01,1681354907,cc-cc408-hya,data-node-08,9.9.2.155,elasticsearch_os_load5,4.54
2023/4/13 11:02,1681354967,cc-cc408-hya,data-node-08,9.9.2.155,elasticsearch_os_load5,4.55
2023/4/13 11:03,1681355027,cc-cc408-hya,data-node-08,9.9.2.155,elasticsearch_os_load5,4.61
2023/4/13 11:04,1681355087,cc-cc408-hya,data-node-08,9.9.2.155,elasticsearch_os_load5,4.47
2023/4/13 11:05,1681355147,cc-cc408-hya,data-node-08,9.9.2.155,elasticsearch_os_load5,4.52
2023/4/13 11:06,1681355207,cc-cc408-hya,data-node-08,9.9.2.155,elasticsearch_os_load5,4.75
2023/4/13 11:07,1681355267,cc-cc408-hya,data-node-08,9.9.2.155,elasticsearch_os_load5,4.71
2023/4/13 11:08,1681355327,cc-cc408-hya,data-node-08,9.9.2.155,elasticsearch_os_load5,5.02
2023/4/13 11:09,1681355387,cc-cc408-hya,data-node-08,9.9.2.155,elasticsearch_os_load5,4.86
2023/4/13 11:10,1681355447,cc-cc408-hya,data-node-08,9.9.2.155,elasticsearch_os_load5,4.46
2023/4/13 11:11,1681355507,cc-cc408-hya,data-node-08,9.9.2.155,elasticsearch_os_load5,4.28
2023/4/13 11:12,1681355567,cc-cc408-hya,data-node-08,9.9.2.155,elasticsearch_os_load5,4.44
2023/4/13 11:13,1681355627,cc-cc408-hya,data-node-08,9.9.2.155,elasticsearch_os_load5,4.31
2023/4/13 11:14,1681355687,cc-cc408-hya,data-node-08,9.9.2.155,elasticsearch_os_load5,4.28
2023/4/13 11:15,1681355747,cc-cc408-hya,data-node-08,9.9.2.155,elasticsearch_os_load5,4.66
2023/4/13 11:16,1681355807,cc-cc408-hya,data-node-08,9.9.2.155,elasticsearch_os_load5,4.63
2023/4/13 11:17,1681355867,cc-cc408-hya,data-node-08,9.9.2.155,elasticsearch_os_load5,4.36
2023/4/13 11:18,1681355927,cc-cc408-hya,data-node-08,9.9.2.155,elasticsearch_os_load5,4.43
2023/4/13 11:19,1681355987,cc-cc408-hya,data-node-08,9.9.2.155,elasticsearch_os_load5,4.29
2023/4/13 11:20,1681356047,cc-cc408-hya,data-node-08,9.9.2.155,elasticsearch_os_load5,4.29
2023/4/13 11:21,1681356107,cc-cc408-hya,data-node-08,9.9.2.155,elasticsearch_os_load5,4.19
2023/4/13 11:22,1681356167,cc-cc408-hya,data-node-08,9.9.2.155,elasticsearch_os_load5,4.31
2023/4/13 11:23,1681356227,cc-cc408-hya,data-node-08,9.9.2.155,elasticsearch_os_load5,4.47
2023/4/13 11:24,1681356287,cc-cc408-hya,data-node-08,9.9.2.155,elasticsearch_os_load5,4.66
2023/4/13 11:25,1681356347,cc-cc408-hya,data-node-08,9.9.2.155,elasticsearch_os_load5,4.38
2023/4/13 11:26,1681356407,cc-cc408-hya,data-node-08,9.9.2.155,elasticsearch_os_load5,4.15
2023/4/13 11:27,1681356467,cc-cc408-hya,data-node-08,9.9.2.155,elasticsearch_os_load5,4.11
2023/4/13 11:28,1681356527,cc-cc408-hya,data-node-08,9.9.2.155,elasticsearch_os_load5,4.2
2023/4/13 11:29,1681356587,cc-cc408-hya,data-node-08,9.9.2.155,elasticsearch_os_load5,4.18
2023/4/13 11:30,1681356647,cc-cc408-hya,data-node-08,9.9.2.155,elasticsearch_os_load5,4.08
2023/4/13 11:31,1681356707,cc-cc408-hya,data-node-08,9.9.2.155,elasticsearch_os_load5,4.46
2023/4/13 11:32,1681356767,cc-cc408-hya,data-node-08,9.9.2.155,elasticsearch_os_load5,4.52
2023/4/13 11:33,1681356827,cc-cc408-hya,data-node-08,9.9.2.155,elasticsearch_os_load5,4.59
2023/4/13 11:34,1681356887,cc-cc408-hya,data-node-08,9.9.2.155,elasticsearch_os_load5,4.62
2023/4/13 11:35,1681356947,cc-cc408-hya,data-node-08,9.9.2.155,elasticsearch_os_load5,4.52
2023/4/13 11:36,1681357007,cc-cc408-hya,data-node-08,9.9.2.155,elasticsearch_os_load5,4.71
2023/4/13 11:37,1681357067,cc-cc408-hya,data-node-08,9.9.2.155,elasticsearch_os_load5,4.72
2023/4/13 11:38,1681357127,cc-cc408-hya,data-node-08,9.9.2.155,elasticsearch_os_load5,4.84
2023/4/13 11:39,1681357187,cc-cc408-hya,data-node-08,9.9.2.155,elasticsearch_os_load5,4.92
2023/4/13 11:40,1681357247,cc-cc408-hya,data-node-08,9.9.2.155,elasticsearch_os_load5,4.8
2023/4/13 11:41,1681357307,cc-cc408-hya,data-node-08,9.9.2.155,elasticsearch_os_load5,4.83
2023/4/13 11:42,1681357367,cc-cc408-hya,data-node-08,9.9.2.155,elasticsearch_os_load5,4.43
2023/4/13 11:43,1681357427,cc-cc408-hya,data-node-08,9.9.2.155,elasticsearch_os_load5,4.06
2023/4/13 11:44,1681357487,cc-cc408-hya,data-node-08,9.9.2.155,elasticsearch_os_load5,4.27
2023/4/13 11:45,1681357547,cc-cc408-hya,data-node-08,9.9.2.155,elasticsearch_os_load5,4.52
2023/4/13 11:46,1681357607,cc-cc408-hya,data-node-08,9.9.2.155,elasticsearch_os_load5,4.41
2023/4/13 11:47,1681357667,cc-cc408-hya,data-node-08,9.9.2.155,elasticsearch_os_load5,4.53
2023/4/13 11:48,1681357727,cc-cc408-hya,data-node-08,9.9.2.155,elasticsearch_os_load5,4.79
2023/4/13 11:49,1681357787,cc-cc408-hya,data-node-08,9.9.2.155,elasticsearch_os_load5,5
2023/4/13 11:50,1681357847,cc-cc408-hya,data-node-08,9.9.2.155,elasticsearch_os_load5,4.95
2023/4/13 11:51,1681357907,cc-cc408-hya,data-node-08,9.9.2.155,elasticsearch_os_load5,5.16
2023/4/13 11:52,1681357967,cc-cc408-hya,data-node-08,9.9.2.155,elasticsearch_os_load5,5.29
2023/4/13 11:53,1681358027,cc-cc408-hya,data-node-08,9.9.2.155,elasticsearch_os_load5,5.27
2023/4/13 11:54,1681358087,cc-cc408-hya,data-node-08,9.9.2.155,elasticsearch_os_load5,5.13
2023/4/13 11:55,1681358147,cc-cc408-hya,data-node-08,9.9.2.155,elasticsearch_os_load5,4.82
2023/4/13 11:56,1681358207,cc-cc408-hya,data-node-08,9.9.2.155,elasticsearch_os_load5,4.71
2023/4/13 11:57,1681358267,cc-cc408-hya,data-node-08,9.9.2.155,elasticsearch_os_load5,4.52
2023/4/13 11:58,1681358327,cc-cc408-hya,data-node-08,9.9.2.155,elasticsearch_os_load5,4.59
2023/4/13 11:59,1681358387,cc-cc408-hya,data-node-08,9.9.2.155,elasticsearch_os_load5,4.38
2023/4/13 12:00,1681358447,cc-cc408-hya,data-node-08,9.9.2.155,elasticsearch_os_load5,4.19
2023/4/13 12:01,1681358507,cc-cc408-hya,data-node-08,9.9.2.155,elasticsearch_os_load5,4.08
2023/4/13 12:02,1681358567,cc-cc408-hya,data-node-08,9.9.2.155,elasticsearch_os_load5,4.2
2023/4/13 12:03,1681358627,cc-cc408-hya,data-node-08,9.9.2.155,elasticsearch_os_load5,4.21
2023/4/13 12:04,1681358687,cc-cc408-hya,data-node-08,9.9.2.155,elasticsearch_os_load5,4.08
2023/4/13 12:05,1681358747,cc-cc408-hya,data-node-08,9.9.2.155,elasticsearch_os_load5,4.11
2023/4/13 12:06,1681358807,cc-cc408-hya,data-node-08,9.9.2.155,elasticsearch_os_load5,4.12
2023/4/13 12:07,1681358867,cc-cc408-hya,data-node-08,9.9.2.155,elasticsearch_os_load5,4.17
2023/4/13 12:08,1681358927,cc-cc408-hya,data-node-08,9.9.2.155,elasticsearch_os_load5,4.07
2023/4/13 12:09,1681358987,cc-cc408-hya,data-node-08,9.9.2.155,elasticsearch_os_load5,3.76
2023/4/13 12:10,1681359047,cc-cc408-hya,data-node-08,9.9.2.155,elasticsearch_os_load5,3.64
2023/4/13 12:11,1681359107,cc-cc408-hya,data-node-08,9.9.2.155,elasticsearch_os_load5,3.5
2023/4/13 12:12,1681359167,cc-cc408-hya,data-node-08,9.9.2.155,elasticsearch_os_load5,3.79
2023/4/13 12:13,1681359227,cc-cc408-hya,data-node-08,9.9.2.155,elasticsearch_os_load5,3.84
2023/4/13 12:14,1681359287,cc-cc408-hya,data-node-08,9.9.2.155,elasticsearch_os_load5,3.55
2023/4/13 12:15,1681359347,cc-cc408-hya,data-node-08,9.9.2.155,elasticsearch_os_load5,3.52
2023/4/13 12:16,1681359407,cc-cc408-hya,data-node-08,9.9.2.155,elasticsearch_os_load5,3.5
2023/4/13 12:17,1681359467,cc-cc408-hya,data-node-08,9.9.2.155,elasticsearch_os_load5,3.3
2023/4/13 12:18,1681359527,cc-cc408-hya,data-node-08,9.9.2.155,elasticsearch_os_load5,3.28
2023/4/13 12:19,1681359587,cc-cc408-hya,data-node-08,9.9.2.155,elasticsearch_os_load5,2.98
2023/4/13 12:20,1681359647,cc-cc408-hya,data-node-08,9.9.2.155,elasticsearch_os_load5,3.04
2023/4/13 12:21,1681359707,cc-cc408-hya,data-node-08,9.9.2.155,elasticsearch_os_load5,2.94
2023/4/13 12:22,1681359767,cc-cc408-hya,data-node-08,9.9.2.155,elasticsearch_os_load5,2.81
2023/4/13 12:23,1681359827,cc-cc408-hya,data-node-08,9.9.2.155,elasticsearch_os_load5,2.73
2023/4/13 12:24,1681359887,cc-cc408-hya,data-node-08,9.9.2.155,elasticsearch_os_load5,2.73
2023/4/13 12:25,1681359947,cc-cc408-hya,data-node-08,9.9.2.155,elasticsearch_os_load5,2.64
2023/4/13 12:26,1681360007,cc-cc408-hya,data-node-08,9.9.2.155,elasticsearch_os_load5,2.7
2023/4/13 12:27,1681360067,cc-cc408-hya,data-node-08,9.9.2.155,elasticsearch_os_load5,2.59
2023/4/13 12:28,1681360127,cc-cc408-hya,data-node-08,9.9.2.155,elasticsearch_os_load5,2.68
2023/4/13 12:29,1681360187,cc-cc408-hya,data-node-08,9.9.2.155,elasticsearch_os_load5,2.77
2023/4/13 12:30,1681360247,cc-cc408-hya,data-node-08,9.9.2.155,elasticsearch_os_load5,2.74
2023/4/13 12:31,1681360307,cc-cc408-hya,data-node-08,9.9.2.155,elasticsearch_os_load5,2.8
2023/4/13 12:32,1681360367,cc-cc408-hya,data-node-08,9.9.2.155,elasticsearch_os_load5,2.96
2023/4/13 12:33,1681360427,cc-cc408-hya,data-node-08,9.9.2.155,elasticsearch_os_load5,2.77
2023/4/13 12:34,1681360487,cc-cc408-hya,data-node-08,9.9.2.155,elasticsearch_os_load5,2.7
2023/4/13 12:35,1681360547,cc-cc408-hya,data-node-08,9.9.2.155,elasticsearch_os_load5,2.68
2023/4/13 12:36,1681360607,cc-cc408-hya,data-node-08,9.9.2.155,elasticsearch_os_load5,2.53
2023/4/13 12:37,1681360667,cc-cc408-hya,data-node-08,9.9.2.155,elasticsearch_os_load5,2.41
2023/4/13 12:38,1681360727,cc-cc408-hya,data-node-08,9.9.2.155,elasticsearch_os_load5,2.35
2023/4/13 12:39,1681360787,cc-cc408-hya,data-node-08,9.9.2.155,elasticsearch_os_load5,2.21
2023/4/13 12:40,1681360847,cc-cc408-hya,data-node-08,9.9.2.155,elasticsearch_os_load5,2.11
2023/4/13 12:41,1681360907,cc-cc408-hya,data-node-08,9.9.2.155,elasticsearch_os_load5,2.09
2023/4/13 12:42,1681360967,cc-cc408-hya,data-node-08,9.9.2.155,elasticsearch_os_load5,2.19
2023/4/13 12:43,1681361027,cc-cc408-hya,data-node-08,9.9.2.155,elasticsearch_os_load5,2.12
2023/4/13 12:44,1681361087,cc-cc408-hya,data-node-08,9.9.2.155,elasticsearch_os_load5,2.07
2023/4/13 12:45,1681361147,cc-cc408-hya,data-node-08,9.9.2.155,elasticsearch_os_load5,2.14
2023/4/13 12:46,1681361207,cc-cc408-hya,data-node-08,9.9.2.155,elasticsearch_os_load5,2.25
2023/4/13 12:47,1681361267,cc-cc408-hya,data-node-08,9.9.2.155,elasticsearch_os_load5,2.56
2023/4/13 12:48,1681361327,cc-cc408-hya,data-node-08,9.9.2.155,elasticsearch_os_load5,2.68
2023/4/13 12:49,1681361387,cc-cc408-hya,data-node-08,9.9.2.155,elasticsearch_os_load5,2.72
2023/4/13 12:50,1681361447,cc-cc408-hya,data-node-08,9.9.2.155,elasticsearch_os_load5,2.79
2023/4/13 12:51,1681361507,cc-cc408-hya,data-node-08,9.9.2.155,elasticsearch_os_load5,2.95
2023/4/13 12:52,1681361567,cc-cc408-hya,data-node-08,9.9.2.155,elasticsearch_os_load5,2.65
2023/4/13 12:53,1681361627,cc-cc408-hya,data-node-08,9.9.2.155,elasticsearch_os_load5,2.7
2023/4/13 12:54,1681361687,cc-cc408-hya,data-node-08,9.9.2.155,elasticsearch_os_load5,2.74
2023/4/13 12:55,1681361747,cc-cc408-hya,data-node-08,9.9.2.155,elasticsearch_os_load5,3.1
2023/4/13 12:56,1681361807,cc-cc408-hya,data-node-08,9.9.2.155,elasticsearch_os_load5,3.14
2023/4/13 12:57,1681361867,cc-cc408-hya,data-node-08,9.9.2.155,elasticsearch_os_load5,3.36
2023/4/13 12:58,1681361927,cc-cc408-hya,data-node-08,9.9.2.155,elasticsearch_os_load5,3.29
2023/4/13 12:59,1681361987,cc-cc408-hya,data-node-08,9.9.2.155,elasticsearch_os_load5,3.77
2023/4/13 13:00,1681362047,cc-cc408-hya,data-node-08,9.9.2.155,elasticsearch_os_load5,3.65
2023/4/13 13:01,1681362107,cc-cc408-hya,data-node-08,9.9.2.155,elasticsearch_os_load5,3.44
2023/4/13 13:02,1681362167,cc-cc408-hya,data-node-08,9.9.2.155,elasticsearch_os_load5,3.15
2023/4/13 13:03,1681362227,cc-cc408-hya,data-node-08,9.9.2.155,elasticsearch_os_load5,3.03
2023/4/13 13:04,1681362287,cc-cc408-hya,data-node-08,9.9.2.155,elasticsearch_os_load5,2.99
2023/4/13 13:05,1681362347,cc-cc408-hya,data-node-08,9.9.2.155,elasticsearch_os_load5,3.07
2023/4/13 13:06,1681362407,cc-cc408-hya,data-node-08,9.9.2.155,elasticsearch_os_load5,3.03
2023/4/13 13:07,1681362467,cc-cc408-hya,data-node-08,9.9.2.155,elasticsearch_os_load5,2.91
2023/4/13 13:08,1681362527,cc-cc408-hya,data-node-08,9.9.2.155,elasticsearch_os_load5,2.85
2023/4/13 13:09,1681362587,cc-cc408-hya,data-node-08,9.9.2.155,elasticsearch_os_load5,2.85
2023/4/13 13:10,1681362647,cc-cc408-hya,data-node-08,9.9.2.155,elasticsearch_os_load5,2.84
2023/4/13 13:11,1681362707,cc-cc408-hya,data-node-08,9.9.2.155,elasticsearch_os_load5,2.77
2023/4/13 13:12,1681362767,cc-cc408-hya,data-node-08,9.9.2.155,elasticsearch_os_load5,2.65
2023/4/13 13:13,1681362827,cc-cc408-hya,data-node-08,9.9.2.155,elasticsearch_os_load5,2.54
2023/4/13 13:14,1681362887,cc-cc408-hya,data-node-08,9.9.2.155,elasticsearch_os_load5,2.44
2023/4/13 13:15,1681362947,cc-cc408-hya,data-node-08,9.9.2.155,elasticsearch_os_load5,2.47
2023/4/13 13:16,1681363007,cc-cc408-hya,data-node-08,9.9.2.155,elasticsearch_os_load5,2.37
2023/4/13 13:17,1681363067,cc-cc408-hya,data-node-08,9.9.2.155,elasticsearch_os_load5,2.32
2023/4/13 13:18,1681363127,cc-cc408-hya,data-node-08,9.9.2.155,elasticsearch_os_load5,2.28
2023/4/13 13:19,1681363187,cc-cc408-hya,data-node-08,9.9.2.155,elasticsearch_os_load5,2.27
2023/4/13 13:20,1681363247,cc-cc408-hya,data-node-08,9.9.2.155,elasticsearch_os_load5,2.23
2023/4/13 13:21,1681363307,cc-cc408-hya,data-node-08,9.9.2.155,elasticsearch_os_load5,2.34
2023/4/13 13:22,1681363367,cc-cc408-hya,data-node-08,9.9.2.155,elasticsearch_os_load5,2.45
2023/4/13 13:23,1681363427,cc-cc408-hya,data-node-08,9.9.2.155,elasticsearch_os_load5,2.32
2023/4/13 13:24,1681363487,cc-cc408-hya,data-node-08,9.9.2.155,elasticsearch_os_load5,2.39
2023/4/13 13:25,1681363547,cc-cc408-hya,data-node-08,9.9.2.155,elasticsearch_os_load5,2.37
2023/4/13 13:26,1681363607,cc-cc408-hya,data-node-08,9.9.2.155,elasticsearch_os_load5,2.31
2023/4/13 13:27,1681363667,cc-cc408-hya,data-node-08,9.9.2.155,elasticsearch_os_load5,2.06
2023/4/13 13:28,1681363727,cc-cc408-hya,data-node-08,9.9.2.155,elasticsearch_os_load5,2.35
2023/4/13 13:29,1681363787,cc-cc408-hya,data-node-08,9.9.2.155,elasticsearch_os_load5,2.49
2023/4/13 13:30,1681363847,cc-cc408-hya,data-node-08,9.9.2.155,elasticsearch_os_load5,2.72
2023/4/13 13:31,1681363907,cc-cc408-hya,data-node-08,9.9.2.155,elasticsearch_os_load5,2.68
2023/4/13 13:32,1681363967,cc-cc408-hya,data-node-08,9.9.2.155,elasticsearch_os_load5,2.92
2023/4/13 13:33,1681364027,cc-cc408-hya,data-node-08,9.9.2.155,elasticsearch_os_load5,2.77
2023/4/13 13:34,1681364087,cc-cc408-hya,data-node-08,9.9.2.155,elasticsearch_os_load5,2.68
2023/4/13 13:35,1681364147,cc-cc408-hya,data-node-08,9.9.2.155,elasticsearch_os_load5,2.54
2023/4/13 13:36,1681364207,cc-cc408-hya,data-node-08,9.9.2.155,elasticsearch_os_load5,2.57
2023/4/13 13:37,1681364267,cc-cc408-hya,data-node-08,9.9.2.155,elasticsearch_os_load5,2.66
2023/4/13 13:38,1681364327,cc-cc408-hya,data-node-08,9.9.2.155,elasticsearch_os_load5,2.81
2023/4/13 13:39,1681364387,cc-cc408-hya,data-node-08,9.9.2.155,elasticsearch_os_load5,2.8
2023/4/13 13:40,1681364447,cc-cc408-hya,data-node-08,9.9.2.155,elasticsearch_os_load5,3.5
2023/4/13 13:41,1681364507,cc-cc408-hya,data-node-08,9.9.2.155,elasticsearch_os_load5,3.4
2023/4/13 13:42,1681364567,cc-cc408-hya,data-node-08,9.9.2.155,elasticsearch_os_load5,3.37
2023/4/13 13:43,1681364627,cc-cc408-hya,data-node-08,9.9.2.155,elasticsearch_os_load5,3.47
2023/4/13 13:44,1681364687,cc-cc408-hya,data-node-08,9.9.2.155,elasticsearch_os_load5,3.43
2023/4/13 13:45,1681364747,cc-cc408-hya,data-node-08,9.9.2.155,elasticsearch_os_load5,3.52
2023/4/13 13:46,1681364807,cc-cc408-hya,data-node-08,9.9.2.155,elasticsearch_os_load5,3.39
2023/4/13 13:47,1681364867,cc-cc408-hya,data-node-08,9.9.2.155,elasticsearch_os_load5,3.42
2023/4/13 13:48,1681364927,cc-cc408-hya,data-node-08,9.9.2.155,elasticsearch_os_load5,3.46
2023/4/13 13:49,1681364987,cc-cc408-hya,data-node-08,9.9.2.155,elasticsearch_os_load5,3.47
2023/4/13 13:50,1681365047,cc-cc408-hya,data-node-08,9.9.2.155,elasticsearch_os_load5,3.37
2023/4/13 13:51,1681365107,cc-cc408-hya,data-node-08,9.9.2.155,elasticsearch_os_load5,3.42
2023/4/13 13:52,1681365167,cc-cc408-hya,data-node-08,9.9.2.155,elasticsearch_os_load5,3.22
2023/4/13 13:53,1681365227,cc-cc408-hya,data-node-08,9.9.2.155,elasticsearch_os_load5,3.07
2023/4/13 13:54,1681365287,cc-cc408-hya,data-node-08,9.9.2.155,elasticsearch_os_load5,3.25
2023/4/13 13:55,1681365347,cc-cc408-hya,data-node-08,9.9.2.155,elasticsearch_os_load5,3.18
2023/4/13 13:56,1681365407,cc-cc408-hya,data-node-08,9.9.2.155,elasticsearch_os_load5,3.63
2023/4/13 13:57,1681365467,cc-cc408-hya,data-node-08,9.9.2.155,elasticsearch_os_load5,3.46
2023/4/13 13:58,1681365527,cc-cc408-hya,data-node-08,9.9.2.155,elasticsearch_os_load5,3.38
2023/4/13 13:59,1681365587,cc-cc408-hya,data-node-08,9.9.2.155,elasticsearch_os_load5,3.39
2023/4/13 14:00,1681365647,cc-cc408-hya,data-node-08,9.9.2.155,elasticsearch_os_load5,3.46
2023/4/13 14:01,1681365707,cc-cc408-hya,data-node-08,9.9.2.155,elasticsearch_os_load5,3.21
2023/4/13 14:02,1681365767,cc-cc408-hya,data-node-08,9.9.2.155,elasticsearch_os_load5,3.34
2023/4/13 14:03,1681365827,cc-cc408-hya,data-node-08,9.9.2.155,elasticsearch_os_load5,3.14
2023/4/13 14:04,1681365887,cc-cc408-hya,data-node-08,9.9.2.155,elasticsearch_os_load5,3.32
2023/4/13 14:05,1681365947,cc-cc408-hya,data-node-08,9.9.2.155,elasticsearch_os_load5,3.31
2023/4/13 14:06,1681366007,cc-cc408-hya,data-node-08,9.9.2.155,elasticsearch_os_load5,3.34
2023/4/13 14:07,1681366067,cc-cc408-hya,data-node-08,9.9.2.155,elasticsearch_os_load5,3.34
2023/4/13 14:08,1681366127,cc-cc408-hya,data-node-08,9.9.2.155,elasticsearch_os_load5,3.65
2023/4/13 14:09,1681366187,cc-cc408-hya,data-node-08,9.9.2.155,elasticsearch_os_load5,3.57
2023/4/13 14:10,1681366247,cc-cc408-hya,data-node-08,9.9.2.155,elasticsearch_os_load5,3.31
2023/4/13 14:11,1681366307,cc-cc408-hya,data-node-08,9.9.2.155,elasticsearch_os_load5,3.84
2023/4/13 14:12,1681366367,cc-cc408-hya,data-node-08,9.9.2.155,elasticsearch_os_load5,3.89
2023/4/13 14:13,1681366427,cc-cc408-hya,data-node-08,9.9.2.155,elasticsearch_os_load5,4.27
2023/4/13 14:14,1681366487,cc-cc408-hya,data-node-08,9.9.2.155,elasticsearch_os_load5,4.2
2023/4/13 14:15,1681366547,cc-cc408-hya,data-node-08,9.9.2.155,elasticsearch_os_load5,4
2023/4/13 14:16,1681366607,cc-cc408-hya,data-node-08,9.9.2.155,elasticsearch_os_load5,3.86
2023/4/13 14:17,1681366667,cc-cc408-hya,data-node-08,9.9.2.155,elasticsearch_os_load5,4.18
2023/4/13 14:18,1681366727,cc-cc408-hya,data-node-08,9.9.2.155,elasticsearch_os_load5,4.24
2023/4/13 14:19,1681366787,cc-cc408-hya,data-node-08,9.9.2.155,elasticsearch_os_load5,4.26
2023/4/13 14:20,1681366847,cc-cc408-hya,data-node-08,9.9.2.155,elasticsearch_os_load5,4.19
2023/4/13 14:21,1681366907,cc-cc408-hya,data-node-08,9.9.2.155,elasticsearch_os_load5,4.07
2023/4/13 14:22,1681366967,cc-cc408-hya,data-node-08,9.9.2.155,elasticsearch_os_load5,4.02
2023/4/13 14:23,1681367027,cc-cc408-hya,data-node-08,9.9.2.155,elasticsearch_os_load5,4
2023/4/13 14:24,1681367087,cc-cc408-hya,data-node-08,9.9.2.155,elasticsearch_os_load5,4.13
2023/4/13 14:25,1681367147,cc-cc408-hya,data-node-08,9.9.2.155,elasticsearch_os_load5,4.23
2023/4/13 14:26,1681367207,cc-cc408-hya,data-node-08,9.9.2.155,elasticsearch_os_load5,3.96
2023/4/13 14:27,1681367267,cc-cc408-hya,data-node-08,9.9.2.155,elasticsearch_os_load5,3.95
2023/4/13 14:28,1681367327,cc-cc408-hya,data-node-08,9.9.2.155,elasticsearch_os_load5,4.14
2023/4/13 14:29,1681367387,cc-cc408-hya,data-node-08,9.9.2.155,elasticsearch_os_load5,4.24
2023/4/13 14:30,1681367447,cc-cc408-hya,data-node-08,9.9.2.155,elasticsearch_os_load5,4.39
2023/4/13 14:31,1681367507,cc-cc408-hya,data-node-08,9.9.2.155,elasticsearch_os_load5,4.14
2023/4/13 14:32,1681367567,cc-cc408-hya,data-node-08,9.9.2.155,elasticsearch_os_load5,4.19
2023/4/13 14:33,1681367627,cc-cc408-hya,data-node-08,9.9.2.155,elasticsearch_os_load5,4.27
2023/4/13 14:34,1681367687,cc-cc408-hya,data-node-08,9.9.2.155,elasticsearch_os_load5,4.39
2023/4/13 14:35,1681367747,cc-cc408-hya,data-node-08,9.9.2.155,elasticsearch_os_load5,4.31
2023/4/13 14:36,1681367807,cc-cc408-hya,data-node-08,9.9.2.155,elasticsearch_os_load5,4.55
2023/4/13 14:37,1681367867,cc-cc408-hya,data-node-08,9.9.2.155,elasticsearch_os_load5,4.91
2023/4/13 14:38,1681367927,cc-cc408-hya,data-node-08,9.9.2.155,elasticsearch_os_load5,4.75
2023/4/13 14:39,1681367987,cc-cc408-hya,data-node-08,9.9.2.155,elasticsearch_os_load5,4.54
2023/4/13 14:40,1681368047,cc-cc408-hya,data-node-08,9.9.2.155,elasticsearch_os_load5,4.41
2023/4/13 14:41,1681368107,cc-cc408-hya,data-node-08,9.9.2.155,elasticsearch_os_load5,4.2
2023/4/13 14:42,1681368167,cc-cc408-hya,data-node-08,9.9.2.155,elasticsearch_os_load5,4.06
2023/4/13 14:43,1681368227,cc-cc408-hya,data-node-08,9.9.2.155,elasticsearch_os_load5,4.09
2023/4/13 14:44,1681368287,cc-cc408-hya,data-node-08,9.9.2.155,elasticsearch_os_load5,4.95
2023/4/13 14:45,1681368347,cc-cc408-hya,data-node-08,9.9.2.155,elasticsearch_os_load5,4.65
2023/4/13 14:46,1681368407,cc-cc408-hya,data-node-08,9.9.2.155,elasticsearch_os_load5,4.58
2023/4/13 14:47,1681368467,cc-cc408-hya,data-node-08,9.9.2.155,elasticsearch_os_load5,5.09
2023/4/13 14:48,1681368527,cc-cc408-hya,data-node-08,9.9.2.155,elasticsearch_os_load5,5.66
2023/4/13 14:49,1681368587,cc-cc408-hya,data-node-08,9.9.2.155,elasticsearch_os_load5,5.39
2023/4/13 14:50,1681368647,cc-cc408-hya,data-node-08,9.9.2.155,elasticsearch_os_load5,5.41
2023/4/13 14:51,1681368707,cc-cc408-hya,data-node-08,9.9.2.155,elasticsearch_os_load5,4.99
2023/4/13 14:52,1681368767,cc-cc408-hya,data-node-08,9.9.2.155,elasticsearch_os_load5,5.03
2023/4/13 14:53,1681368827,cc-cc408-hya,data-node-08,9.9.2.155,elasticsearch_os_load5,4.99
2023/4/13 14:54,1681368887,cc-cc408-hya,data-node-08,9.9.2.155,elasticsearch_os_load5,4.81
2023/4/13 14:55,1681368947,cc-cc408-hya,data-node-08,9.9.2.155,elasticsearch_os_load5,4.93
2023/4/13 14:56,1681369007,cc-cc408-hya,data-node-08,9.9.2.155,elasticsearch_os_load5,4.83
2023/4/13 14:57,1681369067,cc-cc408-hya,data-node-08,9.9.2.155,elasticsearch_os_load5,4.72
2023/4/13 14:58,1681369127,cc-cc408-hya,data-node-08,9.9.2.155,elasticsearch_os_load5,4.55
2023/4/13 14:59,1681369187,cc-cc408-hya,data-node-08,9.9.2.155,elasticsearch_os_load5,4.27
2023/4/13 15:00,1681369247,cc-cc408-hya,data-node-08,9.9.2.155,elasticsearch_os_load5,4.39
2023/4/13 15:01,1681369307,cc-cc408-hya,data-node-08,9.9.2.155,elasticsearch_os_load5,4.36
2023/4/13 15:02,1681369367,cc-cc408-hya,data-node-08,9.9.2.155,elasticsearch_os_load5,4.25
2023/4/13 15:03,1681369427,cc-cc408-hya,data-node-08,9.9.2.155,elasticsearch_os_load5,4.02
2023/4/13 15:04,1681369487,cc-cc408-hya,data-node-08,9.9.2.155,elasticsearch_os_load5,4.29
2023/4/13 15:05,1681369547,cc-cc408-hya,data-node-08,9.9.2.155,elasticsearch_os_load5,4.52
2023/4/13 15:06,1681369607,cc-cc408-hya,data-node-08,9.9.2.155,elasticsearch_os_load5,4.58
2023/4/13 15:07,1681369667,cc-cc408-hya,data-node-08,9.9.2.155,elasticsearch_os_load5,4.32
2023/4/13 15:08,1681369727,cc-cc408-hya,data-node-08,9.9.2.155,elasticsearch_os_load5,4.18
2023/4/13 15:09,1681369787,cc-cc408-hya,data-node-08,9.9.2.155,elasticsearch_os_load5,4.28
2023/4/13 15:10,1681369847,cc-cc408-hya,data-node-08,9.9.2.155,elasticsearch_os_load5,4.53
2023/4/13 15:11,1681369907,cc-cc408-hya,data-node-08,9.9.2.155,elasticsearch_os_load5,4.54
2023/4/13 15:12,1681369967,cc-cc408-hya,data-node-08,9.9.2.155,elasticsearch_os_load5,4.24
2023/4/13 15:13,1681370027,cc-cc408-hya,data-node-08,9.9.2.155,elasticsearch_os_load5,4.45
2023/4/13 15:14,1681370087,cc-cc408-hya,data-node-08,9.9.2.155,elasticsearch_os_load5,4.16
2023/4/13 15:15,1681370147,cc-cc408-hya,data-node-08,9.9.2.155,elasticsearch_os_load5,4.3
2023/4/13 15:16,1681370207,cc-cc408-hya,data-node-08,9.9.2.155,elasticsearch_os_load5,4.26
2023/4/13 15:17,1681370267,cc-cc408-hya,data-node-08,9.9.2.155,elasticsearch_os_load5,4.46
2023/4/13 15:18,1681370327,cc-cc408-hya,data-node-08,9.9.2.155,elasticsearch_os_load5,4.29
2023/4/13 15:19,1681370387,cc-cc408-hya,data-node-08,9.9.2.155,elasticsearch_os_load5,4.43
2023/4/13 15:20,1681370447,cc-cc408-hya,data-node-08,9.9.2.155,elasticsearch_os_load5,4.64
2023/4/13 15:21,1681370507,cc-cc408-hya,data-node-08,9.9.2.155,elasticsearch_os_load5,4.93
2023/4/13 15:22,1681370567,cc-cc408-hya,data-node-08,9.9.2.155,elasticsearch_os_load5,4.61
2023/4/13 15:23,1681370627,cc-cc408-hya,data-node-08,9.9.2.155,elasticsearch_os_load5,4.57
2023/4/13 15:24,1681370687,cc-cc408-hya,data-node-08,9.9.2.155,elasticsearch_os_load5,4.28
2023/4/13 15:25,1681370747,cc-cc408-hya,data-node-08,9.9.2.155,elasticsearch_os_load5,4.31
2023/4/13 15:26,1681370807,cc-cc408-hya,data-node-08,9.9.2.155,elasticsearch_os_load5,4.38
2023/4/13 15:27,1681370867,cc-cc408-hya,data-node-08,9.9.2.155,elasticsearch_os_load5,4.38
2023/4/13 15:28,1681370927,cc-cc408-hya,data-node-08,9.9.2.155,elasticsearch_os_load5,4.51
2023/4/13 15:29,1681370987,cc-cc408-hya,data-node-08,9.9.2.155,elasticsearch_os_load5,4.68
2023/4/13 15:30,1681371047,cc-cc408-hya,data-node-08,9.9.2.155,elasticsearch_os_load5,4.97
2023/4/13 15:31,1681371107,cc-cc408-hya,data-node-08,9.9.2.155,elasticsearch_os_load5,4.92
2023/4/13 15:32,1681371167,cc-cc408-hya,data-node-08,9.9.2.155,elasticsearch_os_load5,4.98
2023/4/13 15:33,1681371227,cc-cc408-hya,data-node-08,9.9.2.155,elasticsearch_os_load5,5.02
2023/4/13 15:34,1681371287,cc-cc408-hya,data-node-08,9.9.2.155,elasticsearch_os_load5,5.17
2023/4/13 15:35,1681371347,cc-cc408-hya,data-node-08,9.9.2.155,elasticsearch_os_load5,4.88
2023/4/13 15:36,1681371407,cc-cc408-hya,data-node-08,9.9.2.155,elasticsearch_os_load5,5.97
2023/4/13 15:37,1681371467,cc-cc408-hya,data-node-08,9.9.2.155,elasticsearch_os_load5,5.9
2023/4/13 15:38,1681371527,cc-cc408-hya,data-node-08,9.9.2.155,elasticsearch_os_load5,6.15
2023/4/13 15:39,1681371587,cc-cc408-hya,data-node-08,9.9.2.155,elasticsearch_os_load5,5.99
2023/4/13 15:40,1681371647,cc-cc408-hya,data-node-08,9.9.2.155,elasticsearch_os_load5,5.99
2023/4/13 15:41,1681371707,cc-cc408-hya,data-node-08,9.9.2.155,elasticsearch_os_load5,5.85
2023/4/13 15:42,1681371767,cc-cc408-hya,data-node-08,9.9.2.155,elasticsearch_os_load5,5.97
2023/4/13 15:43,1681371827,cc-cc408-hya,data-node-08,9.9.2.155,elasticsearch_os_load5,6.11
2023/4/13 15:44,1681371887,cc-cc408-hya,data-node-08,9.9.2.155,elasticsearch_os_load5,5.71
2023/4/13 15:45,1681371947,cc-cc408-hya,data-node-08,9.9.2.155,elasticsearch_os_load5,5.69
2023/4/13 15:46,1681372007,cc-cc408-hya,data-node-08,9.9.2.155,elasticsearch_os_load5,5.49
2023/4/13 15:47,1681372067,cc-cc408-hya,data-node-08,9.9.2.155,elasticsearch_os_load5,5.57
2023/4/13 15:48,1681372127,cc-cc408-hya,data-node-08,9.9.2.155,elasticsearch_os_load5,6.45
2023/4/13 15:49,1681372187,cc-cc408-hya,data-node-08,9.9.2.155,elasticsearch_os_load5,6.49
2023/4/13 15:50,1681372247,cc-cc408-hya,data-node-08,9.9.2.155,elasticsearch_os_load5,5.78
2023/4/13 15:51,1681372307,cc-cc408-hya,data-node-08,9.9.2.155,elasticsearch_os_load5,5.36
2023/4/13 15:52,1681372367,cc-cc408-hya,data-node-08,9.9.2.155,elasticsearch_os_load5,4.74
2023/4/13 15:53,1681372427,cc-cc408-hya,data-node-08,9.9.2.155,elasticsearch_os_load5,4.69
2023/4/13 15:54,1681372487,cc-cc408-hya,data-node-08,9.9.2.155,elasticsearch_os_load5,4.91
2023/4/13 15:55,1681372547,cc-cc408-hya,data-node-08,9.9.2.155,elasticsearch_os_load5,4.92
2023/4/13 15:56,1681372607,cc-cc408-hya,data-node-08,9.9.2.155,elasticsearch_os_load5,5.18
2023/4/13 15:57,1681372667,cc-cc408-hya,data-node-08,9.9.2.155,elasticsearch_os_load5,5.09
2023/4/13 15:58,1681372727,cc-cc408-hya,data-node-08,9.9.2.155,elasticsearch_os_load5,5.4
2023/4/13 15:59,1681372787,cc-cc408-hya,data-node-08,9.9.2.155,elasticsearch_os_load5,5.31
2023/4/13 16:00,1681372847,cc-cc408-hya,data-node-08,9.9.2.155,elasticsearch_os_load5,5.03
2023/4/13 16:01,1681372907,cc-cc408-hya,data-node-08,9.9.2.155,elasticsearch_os_load5,4.78
2023/4/13 16:02,1681372967,cc-cc408-hya,data-node-08,9.9.2.155,elasticsearch_os_load5,4.99
2023/4/13 16:03,1681373027,cc-cc408-hya,data-node-08,9.9.2.155,elasticsearch_os_load5,5.06
2023/4/13 16:04,1681373087,cc-cc408-hya,data-node-08,9.9.2.155,elasticsearch_os_load5,5.04
2023/4/13 16:05,1681373147,cc-cc408-hya,data-node-08,9.9.2.155,elasticsearch_os_load5,4.92
2023/4/13 16:06,1681373207,cc-cc408-hya,data-node-08,9.9.2.155,elasticsearch_os_load5,4.91
2023/4/13 16:07,1681373267,cc-cc408-hya,data-node-08,9.9.2.155,elasticsearch_os_load5,4.97
2023/4/13 16:08,1681373327,cc-cc408-hya,data-node-08,9.9.2.155,elasticsearch_os_load5,5.36
2023/4/13 16:09,1681373387,cc-cc408-hya,data-node-08,9.9.2.155,elasticsearch_os_load5,5.35
2023/4/13 16:10,1681373447,cc-cc408-hya,data-node-08,9.9.2.155,elasticsearch_os_load5,5.21
2023/4/13 16:11,1681373507,cc-cc408-hya,data-node-08,9.9.2.155,elasticsearch_os_load5,5.21
2023/4/13 16:12,1681373567,cc-cc408-hya,data-node-08,9.9.2.155,elasticsearch_os_load5,5.38
2023/4/13 16:13,1681373627,cc-cc408-hya,data-node-08,9.9.2.155,elasticsearch_os_load5,5.53
2023/4/13 16:14,1681373687,cc-cc408-hya,data-node-08,9.9.2.155,elasticsearch_os_load5,5.76
2023/4/13 16:15,1681373747,cc-cc408-hya,data-node-08,9.9.2.155,elasticsearch_os_load5,5.76
2023/4/13 16:16,1681373807,cc-cc408-hya,data-node-08,9.9.2.155,elasticsearch_os_load5,5.69
2023/4/13 16:17,1681373867,cc-cc408-hya,data-node-08,9.9.2.155,elasticsearch_os_load5,5.6
2023/4/13 16:18,1681373927,cc-cc408-hya,data-node-08,9.9.2.155,elasticsearch_os_load5,5.54
2023/4/13 16:19,1681373987,cc-cc408-hya,data-node-08,9.9.2.155,elasticsearch_os_load5,5.39
2023/4/13 16:20,1681374047,cc-cc408-hya,data-node-08,9.9.2.155,elasticsearch_os_load5,5.7
2023/4/13 16:21,1681374107,cc-cc408-hya,data-node-08,9.9.2.155,elasticsearch_os_load5,5.93
2023/4/13 16:22,1681374167,cc-cc408-hya,data-node-08,9.9.2.155,elasticsearch_os_load5,6.12
2023/4/13 16:23,1681374227,cc-cc408-hya,data-node-08,9.9.2.155,elasticsearch_os_load5,5.99
2023/4/13 16:24,1681374287,cc-cc408-hya,data-node-08,9.9.2.155,elasticsearch_os_load5,5.81
2023/4/13 16:25,1681374347,cc-cc408-hya,data-node-08,9.9.2.155,elasticsearch_os_load5,5.85
2023/4/13 16:26,1681374407,cc-cc408-hya,data-node-08,9.9.2.155,elasticsearch_os_load5,5.77
2023/4/13 16:27,1681374467,cc-cc408-hya,data-node-08,9.9.2.155,elasticsearch_os_load5,5.77
2023/4/13 16:28,1681374527,cc-cc408-hya,data-node-08,9.9.2.155,elasticsearch_os_load5,5.64
2023/4/13 16:29,1681374587,cc-cc408-hya,data-node-08,9.9.2.155,elasticsearch_os_load5,5.67
2023/4/13 16:30,1681374647,cc-cc408-hya,data-node-08,9.9.2.155,elasticsearch_os_load5,5.56
2023/4/13 16:31,1681374707,cc-cc408-hya,data-node-08,9.9.2.155,elasticsearch_os_load5,5.41
2023/4/13 16:32,1681374767,cc-cc408-hya,data-node-08,9.9.2.155,elasticsearch_os_load5,5.57
2023/4/13 16:33,1681374827,cc-cc408-hya,data-node-08,9.9.2.155,elasticsearch_os_load5,5.81
2023/4/13 16:34,1681374887,cc-cc408-hya,data-node-08,9.9.2.155,elasticsearch_os_load5,5.71
2023/4/13 16:35,1681374947,cc-cc408-hya,data-node-08,9.9.2.155,elasticsearch_os_load5,5.67
2023/4/13 16:36,1681375007,cc-cc408-hya,data-node-08,9.9.2.155,elasticsearch_os_load5,5.64
2023/4/13 16:37,1681375067,cc-cc408-hya,data-node-08,9.9.2.155,elasticsearch_os_load5,5.71
2023/4/13 16:38,1681375127,cc-cc408-hya,data-node-08,9.9.2.155,elasticsearch_os_load5,5.54
2023/4/13 16:39,1681375187,cc-cc408-hya,data-node-08,9.9.2.155,elasticsearch_os_load5,5.44
2023/4/13 16:40,1681375247,cc-cc408-hya,data-node-08,9.9.2.155,elasticsearch_os_load5,5.42
2023/4/13 16:41,1681375307,cc-cc408-hya,data-node-08,9.9.2.155,elasticsearch_os_load5,5.49
2023/4/13 16:42,1681375367,cc-cc408-hya,data-node-08,9.9.2.155,elasticsearch_os_load5,5.41
2023/4/13 16:43,1681375427,cc-cc408-hya,data-node-08,9.9.2.155,elasticsearch_os_load5,5.29
2023/4/13 16:44,1681375487,cc-cc408-hya,data-node-08,9.9.2.155,elasticsearch_os_load5,5.15
2023/4/13 16:45,1681375547,cc-cc408-hya,data-node-08,9.9.2.155,elasticsearch_os_load5,5.31
2023/4/13 16:46,1681375607,cc-cc408-hya,data-node-08,9.9.2.155,elasticsearch_os_load5,5.13
2023/4/13 16:47,1681375667,cc-cc408-hya,data-node-08,9.9.2.155,elasticsearch_os_load5,5.21
2023/4/13 16:48,1681375727,cc-cc408-hya,data-node-08,9.9.2.155,elasticsearch_os_load5,5.15
2023/4/13 16:49,1681375787,cc-cc408-hya,data-node-08,9.9.2.155,elasticsearch_os_load5,5
2023/4/13 16:50,1681375847,cc-cc408-hya,data-node-08,9.9.2.155,elasticsearch_os_load5,5.13
2023/4/13 16:51,1681375907,cc-cc408-hya,data-node-08,9.9.2.155,elasticsearch_os_load5,4.89
2023/4/13 16:52,1681375967,cc-cc408-hya,data-node-08,9.9.2.155,elasticsearch_os_load5,4.94
2023/4/13 16:53,1681376027,cc-cc408-hya,data-node-08,9.9.2.155,elasticsearch_os_load5,4.89
2023/4/13 16:54,1681376087,cc-cc408-hya,data-node-08,9.9.2.155,elasticsearch_os_load5,4.81
2023/4/13 16:55,1681376147,cc-cc408-hya,data-node-08,9.9.2.155,elasticsearch_os_load5,5.39
2023/4/13 16:56,1681376207,cc-cc408-hya,data-node-08,9.9.2.155,elasticsearch_os_load5,5.04
2023/4/13 16:57,1681376267,cc-cc408-hya,data-node-08,9.9.2.155,elasticsearch_os_load5,4.98
2023/4/13 16:58,1681376327,cc-cc408-hya,data-node-08,9.9.2.155,elasticsearch_os_load5,5.1
2023/4/13 16:59,1681376387,cc-cc408-hya,data-node-08,9.9.2.155,elasticsearch_os_load5,5
2023/4/13 17:00,1681376447,cc-cc408-hya,data-node-08,9.9.2.155,elasticsearch_os_load5,4.99
2023/4/13 17:01,1681376507,cc-cc408-hya,data-node-08,9.9.2.155,elasticsearch_os_load5,5.32
2023/4/13 17:02,1681376567,cc-cc408-hya,data-node-08,9.9.2.155,elasticsearch_os_load5,5.74
2023/4/13 17:03,1681376627,cc-cc408-hya,data-node-08,9.9.2.155,elasticsearch_os_load5,6.35
2023/4/13 17:04,1681376687,cc-cc408-hya,data-node-08,9.9.2.155,elasticsearch_os_load5,6.22
2023/4/13 17:05,1681376747,cc-cc408-hya,data-node-08,9.9.2.155,elasticsearch_os_load5,6.17
2023/4/13 17:06,1681376807,cc-cc408-hya,data-node-08,9.9.2.155,elasticsearch_os_load5,6.37
2023/4/13 17:07,1681376867,cc-cc408-hya,data-node-08,9.9.2.155,elasticsearch_os_load5,6.1
2023/4/13 17:08,1681376927,cc-cc408-hya,data-node-08,9.9.2.155,elasticsearch_os_load5,6.18
2023/4/13 17:09,1681376987,cc-cc408-hya,data-node-08,9.9.2.155,elasticsearch_os_load5,5.96
2023/4/13 17:10,1681377047,cc-cc408-hya,data-node-08,9.9.2.155,elasticsearch_os_load5,5.9
2023/4/13 17:11,1681377107,cc-cc408-hya,data-node-08,9.9.2.155,elasticsearch_os_load5,5.83
2023/4/13 17:12,1681377167,cc-cc408-hya,data-node-08,9.9.2.155,elasticsearch_os_load5,5.95
2023/4/13 17:13,1681377227,cc-cc408-hya,data-node-08,9.9.2.155,elasticsearch_os_load5,5.84
2023/4/13 17:14,1681377287,cc-cc408-hya,data-node-08,9.9.2.155,elasticsearch_os_load5,5.72
2023/4/13 17:15,1681377347,cc-cc408-hya,data-node-08,9.9.2.155,elasticsearch_os_load5,5.49
2023/4/13 17:16,1681377407,cc-cc408-hya,data-node-08,9.9.2.155,elasticsearch_os_load5,5.34
2023/4/13 17:17,1681377467,cc-cc408-hya,data-node-08,9.9.2.155,elasticsearch_os_load5,5.21
2023/4/13 17:18,1681377527,cc-cc408-hya,data-node-08,9.9.2.155,elasticsearch_os_load5,5.17
2023/4/13 17:19,1681377587,cc-cc408-hya,data-node-08,9.9.2.155,elasticsearch_os_load5,4.87
2023/4/13 17:20,1681377647,cc-cc408-hya,data-node-08,9.9.2.155,elasticsearch_os_load5,4.72
2023/4/13 17:21,1681377707,cc-cc408-hya,data-node-08,9.9.2.155,elasticsearch_os_load5,4.91
2023/4/13 17:22,1681377767,cc-cc408-hya,data-node-08,9.9.2.155,elasticsearch_os_load5,5.18
2023/4/13 17:23,1681377827,cc-cc408-hya,data-node-08,9.9.2.155,elasticsearch_os_load5,4.89
2023/4/13 17:24,1681377887,cc-cc408-hya,data-node-08,9.9.2.155,elasticsearch_os_load5,5.05
2023/4/13 17:25,1681377947,cc-cc408-hya,data-node-08,9.9.2.155,elasticsearch_os_load5,4.73
2023/4/13 17:26,1681378007,cc-cc408-hya,data-node-08,9.9.2.155,elasticsearch_os_load5,4.9
2023/4/13 17:27,1681378067,cc-cc408-hya,data-node-08,9.9.2.155,elasticsearch_os_load5,4.91
2023/4/13 17:28,1681378127,cc-cc408-hya,data-node-08,9.9.2.155,elasticsearch_os_load5,5.19
2023/4/13 17:29,1681378187,cc-cc408-hya,data-node-08,9.9.2.155,elasticsearch_os_load5,5.24
2023/4/13 17:30,1681378247,cc-cc408-hya,data-node-08,9.9.2.155,elasticsearch_os_load5,5.49
2023/4/12 17:30,1681291847,cc-cc408-hya,data-node-13,9.9.2.155,elasticsearch_os_load5,5.8
2023/4/12 17:31,1681291907,cc-cc408-hya,data-node-13,9.9.2.155,elasticsearch_os_load5,5.58
2023/4/12 17:32,1681291967,cc-cc408-hya,data-node-13,9.9.2.155,elasticsearch_os_load5,5.31
2023/4/12 17:33,1681292027,cc-cc408-hya,data-node-13,9.9.2.155,elasticsearch_os_load5,5.48
2023/4/12 17:34,1681292087,cc-cc408-hya,data-node-13,9.9.2.155,elasticsearch_os_load5,5.39
2023/4/12 17:35,1681292147,cc-cc408-hya,data-node-13,9.9.2.155,elasticsearch_os_load5,6.04
2023/4/12 17:36,1681292207,cc-cc408-hya,data-node-13,9.9.2.155,elasticsearch_os_load5,5.78
2023/4/12 17:37,1681292267,cc-cc408-hya,data-node-13,9.9.2.155,elasticsearch_os_load5,5.33
2023/4/12 17:38,1681292327,cc-cc408-hya,data-node-13,9.9.2.155,elasticsearch_os_load5,5.15
2023/4/12 17:39,1681292387,cc-cc408-hya,data-node-13,9.9.2.155,elasticsearch_os_load5,5.13
2023/4/12 17:40,1681292447,cc-cc408-hya,data-node-13,9.9.2.155,elasticsearch_os_load5,5.08
2023/4/12 17:41,1681292507,cc-cc408-hya,data-node-13,9.9.2.155,elasticsearch_os_load5,4.97
2023/4/12 17:42,1681292567,cc-cc408-hya,data-node-13,9.9.2.155,elasticsearch_os_load5,5.13
2023/4/12 17:43,1681292627,cc-cc408-hya,data-node-13,9.9.2.155,elasticsearch_os_load5,5
2023/4/12 17:44,1681292687,cc-cc408-hya,data-node-13,9.9.2.155,elasticsearch_os_load5,5.55
2023/4/12 17:45,1681292747,cc-cc408-hya,data-node-13,9.9.2.155,elasticsearch_os_load5,6.04
2023/4/12 17:46,1681292807,cc-cc408-hya,data-node-13,9.9.2.155,elasticsearch_os_load5,5.88
2023/4/12 17:47,1681292867,cc-cc408-hya,data-node-13,9.9.2.155,elasticsearch_os_load5,5.83
2023/4/12 17:48,1681292927,cc-cc408-hya,data-node-13,9.9.2.155,elasticsearch_os_load5,5.6
2023/4/12 17:49,1681292987,cc-cc408-hya,data-node-13,9.9.2.155,elasticsearch_os_load5,5.36
2023/4/12 17:50,1681293047,cc-cc408-hya,data-node-13,9.9.2.155,elasticsearch_os_load5,5.86
2023/4/12 17:51,1681293107,cc-cc408-hya,data-node-13,9.9.2.155,elasticsearch_os_load5,5.66
2023/4/12 17:52,1681293167,cc-cc408-hya,data-node-13,9.9.2.155,elasticsearch_os_load5,5.33
2023/4/12 17:53,1681293227,cc-cc408-hya,data-node-13,9.9.2.155,elasticsearch_os_load5,5.46
2023/4/12 17:54,1681293287,cc-cc408-hya,data-node-13,9.9.2.155,elasticsearch_os_load5,5.25
2023/4/12 17:55,1681293347,cc-cc408-hya,data-node-13,9.9.2.155,elasticsearch_os_load5,5.18
2023/4/12 17:56,1681293407,cc-cc408-hya,data-node-13,9.9.2.155,elasticsearch_os_load5,5.4
2023/4/12 17:57,1681293467,cc-cc408-hya,data-node-13,9.9.2.155,elasticsearch_os_load5,5.77
2023/4/12 17:58,1681293527,cc-cc408-hya,data-node-13,9.9.2.155,elasticsearch_os_load5,6.12
2023/4/12 17:59,1681293587,cc-cc408-hya,data-node-13,9.9.2.155,elasticsearch_os_load5,5.94
2023/4/12 18:00,1681293647,cc-cc408-hya,data-node-13,9.9.2.155,elasticsearch_os_load5,6.06
2023/4/12 18:01,1681293707,cc-cc408-hya,data-node-13,9.9.2.155,elasticsearch_os_load5,5.52
2023/4/12 18:02,1681293767,cc-cc408-hya,data-node-13,9.9.2.155,elasticsearch_os_load5,5.28
2023/4/12 18:03,1681293827,cc-cc408-hya,data-node-13,9.9.2.155,elasticsearch_os_load5,5.16
2023/4/12 18:04,1681293887,cc-cc408-hya,data-node-13,9.9.2.155,elasticsearch_os_load5,4.91
2023/4/12 18:05,1681293947,cc-cc408-hya,data-node-13,9.9.2.155,elasticsearch_os_load5,4.93
2023/4/12 18:06,1681294007,cc-cc408-hya,data-node-13,9.9.2.155,elasticsearch_os_load5,5.13
2023/4/12 18:07,1681294067,cc-cc408-hya,data-node-13,9.9.2.155,elasticsearch_os_load5,5.14
2023/4/12 18:08,1681294127,cc-cc408-hya,data-node-13,9.9.2.155,elasticsearch_os_load5,5
2023/4/12 18:09,1681294187,cc-cc408-hya,data-node-13,9.9.2.155,elasticsearch_os_load5,5.01
2023/4/12 18:10,1681294247,cc-cc408-hya,data-node-13,9.9.2.155,elasticsearch_os_load5,5
2023/4/12 18:11,1681294307,cc-cc408-hya,data-node-13,9.9.2.155,elasticsearch_os_load5,4.65
2023/4/12 18:12,1681294367,cc-cc408-hya,data-node-13,9.9.2.155,elasticsearch_os_load5,4.46
2023/4/12 18:13,1681294427,cc-cc408-hya,data-node-13,9.9.2.155,elasticsearch_os_load5,4.61
2023/4/12 18:14,1681294487,cc-cc408-hya,data-node-13,9.9.2.155,elasticsearch_os_load5,4.61
2023/4/12 18:15,1681294547,cc-cc408-hya,data-node-13,9.9.2.155,elasticsearch_os_load5,4.61
2023/4/12 18:16,1681294607,cc-cc408-hya,data-node-13,9.9.2.155,elasticsearch_os_load5,4.81
2023/4/12 18:17,1681294667,cc-cc408-hya,data-node-13,9.9.2.155,elasticsearch_os_load5,4.84
2023/4/12 18:18,1681294727,cc-cc408-hya,data-node-13,9.9.2.155,elasticsearch_os_load5,4.83
2023/4/12 18:19,1681294787,cc-cc408-hya,data-node-13,9.9.2.155,elasticsearch_os_load5,4.97
2023/4/12 18:20,1681294847,cc-cc408-hya,data-node-13,9.9.2.155,elasticsearch_os_load5,4.88
2023/4/12 18:21,1681294907,cc-cc408-hya,data-node-13,9.9.2.155,elasticsearch_os_load5,5.12
2023/4/12 18:22,1681294967,cc-cc408-hya,data-node-13,9.9.2.155,elasticsearch_os_load5,5.46
2023/4/12 18:23,1681295027,cc-cc408-hya,data-node-13,9.9.2.155,elasticsearch_os_load5,5.59
2023/4/12 18:24,1681295087,cc-cc408-hya,data-node-13,9.9.2.155,elasticsearch_os_load5,5.11
2023/4/12 18:25,1681295147,cc-cc408-hya,data-node-13,9.9.2.155,elasticsearch_os_load5,4.79
2023/4/12 18:26,1681295207,cc-cc408-hya,data-node-13,9.9.2.155,elasticsearch_os_load5,4.99
2023/4/12 18:27,1681295267,cc-cc408-hya,data-node-13,9.9.2.155,elasticsearch_os_load5,5.06
2023/4/12 18:28,1681295327,cc-cc408-hya,data-node-13,9.9.2.155,elasticsearch_os_load5,5.55
2023/4/12 18:29,1681295387,cc-cc408-hya,data-node-13,9.9.2.155,elasticsearch_os_load5,5.14
2023/4/12 18:30,1681295447,cc-cc408-hya,data-node-13,9.9.2.155,elasticsearch_os_load5,5.33
2023/4/12 18:31,1681295507,cc-cc408-hya,data-node-13,9.9.2.155,elasticsearch_os_load5,5.26
2023/4/12 18:32,1681295567,cc-cc408-hya,data-node-13,9.9.2.155,elasticsearch_os_load5,5.14
2023/4/12 18:33,1681295627,cc-cc408-hya,data-node-13,9.9.2.155,elasticsearch_os_load5,4.93
2023/4/12 18:34,1681295687,cc-cc408-hya,data-node-13,9.9.2.155,elasticsearch_os_load5,4.66
2023/4/12 18:35,1681295747,cc-cc408-hya,data-node-13,9.9.2.155,elasticsearch_os_load5,4.55
2023/4/12 18:36,1681295807,cc-cc408-hya,data-node-13,9.9.2.155,elasticsearch_os_load5,4.72
2023/4/12 18:37,1681295867,cc-cc408-hya,data-node-13,9.9.2.155,elasticsearch_os_load5,4.67
2023/4/12 18:38,1681295927,cc-cc408-hya,data-node-13,9.9.2.155,elasticsearch_os_load5,4.69
2023/4/12 18:39,1681295987,cc-cc408-hya,data-node-13,9.9.2.155,elasticsearch_os_load5,4.6
2023/4/12 18:40,1681296047,cc-cc408-hya,data-node-13,9.9.2.155,elasticsearch_os_load5,4.81
2023/4/12 18:41,1681296107,cc-cc408-hya,data-node-13,9.9.2.155,elasticsearch_os_load5,4.87
2023/4/12 18:42,1681296167,cc-cc408-hya,data-node-13,9.9.2.155,elasticsearch_os_load5,4.92
2023/4/12 18:43,1681296227,cc-cc408-hya,data-node-13,9.9.2.155,elasticsearch_os_load5,4.95
2023/4/12 18:44,1681296287,cc-cc408-hya,data-node-13,9.9.2.155,elasticsearch_os_load5,4.62
2023/4/12 18:45,1681296347,cc-cc408-hya,data-node-13,9.9.2.155,elasticsearch_os_load5,4.37
2023/4/12 18:46,1681296407,cc-cc408-hya,data-node-13,9.9.2.155,elasticsearch_os_load5,4.22
2023/4/12 18:47,1681296467,cc-cc408-hya,data-node-13,9.9.2.155,elasticsearch_os_load5,4.19
2023/4/12 18:48,1681296527,cc-cc408-hya,data-node-13,9.9.2.155,elasticsearch_os_load5,4.06
2023/4/12 18:49,1681296587,cc-cc408-hya,data-node-13,9.9.2.155,elasticsearch_os_load5,3.96
2023/4/12 18:50,1681296647,cc-cc408-hya,data-node-13,9.9.2.155,elasticsearch_os_load5,3.94
2023/4/12 18:51,1681296707,cc-cc408-hya,data-node-13,9.9.2.155,elasticsearch_os_load5,3.9
2023/4/12 18:52,1681296767,cc-cc408-hya,data-node-13,9.9.2.155,elasticsearch_os_load5,4.1
2023/4/12 18:53,1681296827,cc-cc408-hya,data-node-13,9.9.2.155,elasticsearch_os_load5,4.67
2023/4/12 18:54,1681296887,cc-cc408-hya,data-node-13,9.9.2.155,elasticsearch_os_load5,4.52
2023/4/12 18:55,1681296947,cc-cc408-hya,data-node-13,9.9.2.155,elasticsearch_os_load5,4.67
2023/4/12 18:56,1681297007,cc-cc408-hya,data-node-13,9.9.2.155,elasticsearch_os_load5,4.74
2023/4/12 18:57,1681297067,cc-cc408-hya,data-node-13,9.9.2.155,elasticsearch_os_load5,4.84
2023/4/12 18:58,1681297127,cc-cc408-hya,data-node-13,9.9.2.155,elasticsearch_os_load5,4.6
2023/4/12 18:59,1681297187,cc-cc408-hya,data-node-13,9.9.2.155,elasticsearch_os_load5,4.47
2023/4/12 19:00,1681297247,cc-cc408-hya,data-node-13,9.9.2.155,elasticsearch_os_load5,4.4
2023/4/12 19:01,1681297307,cc-cc408-hya,data-node-13,9.9.2.155,elasticsearch_os_load5,4.42
2023/4/12 19:02,1681297367,cc-cc408-hya,data-node-13,9.9.2.155,elasticsearch_os_load5,4.24
2023/4/12 19:03,1681297427,cc-cc408-hya,data-node-13,9.9.2.155,elasticsearch_os_load5,4.24
2023/4/12 19:04,1681297487,cc-cc408-hya,data-node-13,9.9.2.155,elasticsearch_os_load5,4.14
2023/4/12 19:05,1681297547,cc-cc408-hya,data-node-13,9.9.2.155,elasticsearch_os_load5,4.9
2023/4/12 19:06,1681297607,cc-cc408-hya,data-node-13,9.9.2.155,elasticsearch_os_load5,4.81
2023/4/12 19:07,1681297667,cc-cc408-hya,data-node-13,9.9.2.155,elasticsearch_os_load5,4.7
2023/4/12 19:08,1681297727,cc-cc408-hya,data-node-13,9.9.2.155,elasticsearch_os_load5,4.71
2023/4/12 19:09,1681297787,cc-cc408-hya,data-node-13,9.9.2.155,elasticsearch_os_load5,4.53
2023/4/12 19:10,1681297847,cc-cc408-hya,data-node-13,9.9.2.155,elasticsearch_os_load5,4.72
2023/4/12 19:11,1681297907,cc-cc408-hya,data-node-13,9.9.2.155,elasticsearch_os_load5,4.63
2023/4/12 19:12,1681297967,cc-cc408-hya,data-node-13,9.9.2.155,elasticsearch_os_load5,4.41
2023/4/12 19:13,1681298027,cc-cc408-hya,data-node-13,9.9.2.155,elasticsearch_os_load5,4.42
2023/4/12 19:14,1681298087,cc-cc408-hya,data-node-13,9.9.2.155,elasticsearch_os_load5,4.39
2023/4/12 19:15,1681298147,cc-cc408-hya,data-node-13,9.9.2.155,elasticsearch_os_load5,4.37
2023/4/12 19:16,1681298207,cc-cc408-hya,data-node-13,9.9.2.155,elasticsearch_os_load5,4.18
2023/4/12 19:17,1681298267,cc-cc408-hya,data-node-13,9.9.2.155,elasticsearch_os_load5,4.06
2023/4/12 19:18,1681298327,cc-cc408-hya,data-node-13,9.9.2.155,elasticsearch_os_load5,4.31
2023/4/12 19:19,1681298387,cc-cc408-hya,data-node-13,9.9.2.155,elasticsearch_os_load5,4.25
2023/4/12 19:20,1681298447,cc-cc408-hya,data-node-13,9.9.2.155,elasticsearch_os_load5,4.15
2023/4/12 19:21,1681298507,cc-cc408-hya,data-node-13,9.9.2.155,elasticsearch_os_load5,4.17
2023/4/12 19:22,1681298567,cc-cc408-hya,data-node-13,9.9.2.155,elasticsearch_os_load5,4.25
2023/4/12 19:23,1681298627,cc-cc408-hya,data-node-13,9.9.2.155,elasticsearch_os_load5,4.17
2023/4/12 19:24,1681298687,cc-cc408-hya,data-node-13,9.9.2.155,elasticsearch_os_load5,4.25
2023/4/12 19:25,1681298747,cc-cc408-hya,data-node-13,9.9.2.155,elasticsearch_os_load5,4.12
2023/4/12 19:26,1681298807,cc-cc408-hya,data-node-13,9.9.2.155,elasticsearch_os_load5,3.87
2023/4/12 19:27,1681298867,cc-cc408-hya,data-node-13,9.9.2.155,elasticsearch_os_load5,3.96
2023/4/12 19:28,1681298927,cc-cc408-hya,data-node-13,9.9.2.155,elasticsearch_os_load5,3.77
2023/4/12 19:29,1681298987,cc-cc408-hya,data-node-13,9.9.2.155,elasticsearch_os_load5,3.8
2023/4/12 19:30,1681299047,cc-cc408-hya,data-node-13,9.9.2.155,elasticsearch_os_load5,4.08
2023/4/12 19:31,1681299107,cc-cc408-hya,data-node-13,9.9.2.155,elasticsearch_os_load5,4.79
2023/4/12 19:32,1681299167,cc-cc408-hya,data-node-13,9.9.2.155,elasticsearch_os_load5,4.6
2023/4/12 19:33,1681299227,cc-cc408-hya,data-node-13,9.9.2.155,elasticsearch_os_load5,4.41
2023/4/12 19:34,1681299287,cc-cc408-hya,data-node-13,9.9.2.155,elasticsearch_os_load5,4.34
2023/4/12 19:35,1681299347,cc-cc408-hya,data-node-13,9.9.2.155,elasticsearch_os_load5,4.52
2023/4/12 19:36,1681299407,cc-cc408-hya,data-node-13,9.9.2.155,elasticsearch_os_load5,4.3
2023/4/12 19:37,1681299467,cc-cc408-hya,data-node-13,9.9.2.155,elasticsearch_os_load5,4.04
2023/4/12 19:38,1681299527,cc-cc408-hya,data-node-13,9.9.2.155,elasticsearch_os_load5,3.69
2023/4/12 19:39,1681299587,cc-cc408-hya,data-node-13,9.9.2.155,elasticsearch_os_load5,3.56
2023/4/12 19:40,1681299647,cc-cc408-hya,data-node-13,9.9.2.155,elasticsearch_os_load5,3.43
2023/4/12 19:41,1681299707,cc-cc408-hya,data-node-13,9.9.2.155,elasticsearch_os_load5,3.29
2023/4/12 19:42,1681299767,cc-cc408-hya,data-node-13,9.9.2.155,elasticsearch_os_load5,3.18
2023/4/12 19:43,1681299827,cc-cc408-hya,data-node-13,9.9.2.155,elasticsearch_os_load5,3.17
2023/4/12 19:44,1681299887,cc-cc408-hya,data-node-13,9.9.2.155,elasticsearch_os_load5,3.09
2023/4/12 19:45,1681299947,cc-cc408-hya,data-node-13,9.9.2.155,elasticsearch_os_load5,3.05
2023/4/12 19:46,1681300007,cc-cc408-hya,data-node-13,9.9.2.155,elasticsearch_os_load5,3.17
2023/4/12 19:47,1681300067,cc-cc408-hya,data-node-13,9.9.2.155,elasticsearch_os_load5,3.19
2023/4/12 19:48,1681300127,cc-cc408-hya,data-node-13,9.9.2.155,elasticsearch_os_load5,2.99
2023/4/12 19:49,1681300187,cc-cc408-hya,data-node-13,9.9.2.155,elasticsearch_os_load5,3.01
2023/4/12 19:50,1681300247,cc-cc408-hya,data-node-13,9.9.2.155,elasticsearch_os_load5,2.9
2023/4/12 19:51,1681300307,cc-cc408-hya,data-node-13,9.9.2.155,elasticsearch_os_load5,3.1
2023/4/12 19:52,1681300367,cc-cc408-hya,data-node-13,9.9.2.155,elasticsearch_os_load5,3.2
2023/4/12 19:53,1681300427,cc-cc408-hya,data-node-13,9.9.2.155,elasticsearch_os_load5,3.25
2023/4/12 19:54,1681300487,cc-cc408-hya,data-node-13,9.9.2.155,elasticsearch_os_load5,3.08
2023/4/12 19:55,1681300547,cc-cc408-hya,data-node-13,9.9.2.155,elasticsearch_os_load5,2.95
2023/4/12 19:56,1681300607,cc-cc408-hya,data-node-13,9.9.2.155,elasticsearch_os_load5,3.01
2023/4/12 19:57,1681300667,cc-cc408-hya,data-node-13,9.9.2.155,elasticsearch_os_load5,2.86
2023/4/12 19:58,1681300727,cc-cc408-hya,data-node-13,9.9.2.155,elasticsearch_os_load5,2.77
2023/4/12 19:59,1681300787,cc-cc408-hya,data-node-13,9.9.2.155,elasticsearch_os_load5,2.55
2023/4/12 20:00,1681300847,cc-cc408-hya,data-node-13,9.9.2.155,elasticsearch_os_load5,2.36
2023/4/12 20:01,1681300907,cc-cc408-hya,data-node-13,9.9.2.155,elasticsearch_os_load5,2.23
2023/4/12 20:02,1681300967,cc-cc408-hya,data-node-13,9.9.2.155,elasticsearch_os_load5,2.15
2023/4/12 20:03,1681301027,cc-cc408-hya,data-node-13,9.9.2.155,elasticsearch_os_load5,2.39
2023/4/12 20:04,1681301087,cc-cc408-hya,data-node-13,9.9.2.155,elasticsearch_os_load5,2.52
2023/4/12 20:05,1681301147,cc-cc408-hya,data-node-13,9.9.2.155,elasticsearch_os_load5,2.62
2023/4/12 20:06,1681301207,cc-cc408-hya,data-node-13,9.9.2.155,elasticsearch_os_load5,2.6
2023/4/12 20:07,1681301267,cc-cc408-hya,data-node-13,9.9.2.155,elasticsearch_os_load5,2.56
2023/4/12 20:08,1681301327,cc-cc408-hya,data-node-13,9.9.2.155,elasticsearch_os_load5,2.53
2023/4/12 20:09,1681301387,cc-cc408-hya,data-node-13,9.9.2.155,elasticsearch_os_load5,2.32
2023/4/12 20:10,1681301447,cc-cc408-hya,data-node-13,9.9.2.155,elasticsearch_os_load5,2.16
2023/4/12 20:11,1681301507,cc-cc408-hya,data-node-13,9.9.2.155,elasticsearch_os_load5,2.15
2023/4/12 20:12,1681301567,cc-cc408-hya,data-node-13,9.9.2.155,elasticsearch_os_load5,2.45
2023/4/12 20:13,1681301627,cc-cc408-hya,data-node-13,9.9.2.155,elasticsearch_os_load5,2.56
2023/4/12 20:14,1681301687,cc-cc408-hya,data-node-13,9.9.2.155,elasticsearch_os_load5,2.51
2023/4/12 20:15,1681301747,cc-cc408-hya,data-node-13,9.9.2.155,elasticsearch_os_load5,2.44
2023/4/12 20:16,1681301807,cc-cc408-hya,data-node-13,9.9.2.155,elasticsearch_os_load5,2.36
2023/4/12 20:17,1681301867,cc-cc408-hya,data-node-13,9.9.2.155,elasticsearch_os_load5,2.22
2023/4/12 20:18,1681301927,cc-cc408-hya,data-node-13,9.9.2.155,elasticsearch_os_load5,2.16
2023/4/12 20:19,1681301987,cc-cc408-hya,data-node-13,9.9.2.155,elasticsearch_os_load5,2.1
2023/4/12 20:20,1681302047,cc-cc408-hya,data-node-13,9.9.2.155,elasticsearch_os_load5,1.97
2023/4/12 20:21,1681302107,cc-cc408-hya,data-node-13,9.9.2.155,elasticsearch_os_load5,2.1
2023/4/12 20:22,1681302167,cc-cc408-hya,data-node-13,9.9.2.155,elasticsearch_os_load5,1.93
2023/4/12 20:23,1681302227,cc-cc408-hya,data-node-13,9.9.2.155,elasticsearch_os_load5,1.86
2023/4/12 20:24,1681302287,cc-cc408-hya,data-node-13,9.9.2.155,elasticsearch_os_load5,1.71
2023/4/12 20:25,1681302347,cc-cc408-hya,data-node-13,9.9.2.155,elasticsearch_os_load5,1.73
2023/4/12 20:26,1681302407,cc-cc408-hya,data-node-13,9.9.2.155,elasticsearch_os_load5,1.65
2023/4/12 20:27,1681302467,cc-cc408-hya,data-node-13,9.9.2.155,elasticsearch_os_load5,1.54
2023/4/12 20:28,1681302527,cc-cc408-hya,data-node-13,9.9.2.155,elasticsearch_os_load5,1.58
2023/4/12 20:29,1681302587,cc-cc408-hya,data-node-13,9.9.2.155,elasticsearch_os_load5,1.45
2023/4/12 20:30,1681302647,cc-cc408-hya,data-node-13,9.9.2.155,elasticsearch_os_load5,1.42
2023/4/12 20:31,1681302707,cc-cc408-hya,data-node-13,9.9.2.155,elasticsearch_os_load5,1.47
2023/4/12 20:32,1681302767,cc-cc408-hya,data-node-13,9.9.2.155,elasticsearch_os_load5,1.57
2023/4/12 20:33,1681302827,cc-cc408-hya,data-node-13,9.9.2.155,elasticsearch_os_load5,1.67
2023/4/12 20:34,1681302887,cc-cc408-hya,data-node-13,9.9.2.155,elasticsearch_os_load5,1.66
2023/4/12 20:35,1681302947,cc-cc408-hya,data-node-13,9.9.2.155,elasticsearch_os_load5,1.68
2023/4/12 20:36,1681303007,cc-cc408-hya,data-node-13,9.9.2.155,elasticsearch_os_load5,1.66
2023/4/12 20:37,1681303067,cc-cc408-hya,data-node-13,9.9.2.155,elasticsearch_os_load5,1.52
2023/4/12 20:38,1681303127,cc-cc408-hya,data-node-13,9.9.2.155,elasticsearch_os_load5,1.51
2023/4/12 20:39,1681303187,cc-cc408-hya,data-node-13,9.9.2.155,elasticsearch_os_load5,1.42
2023/4/12 20:40,1681303247,cc-cc408-hya,data-node-13,9.9.2.155,elasticsearch_os_load5,1.34
2023/4/12 20:41,1681303307,cc-cc408-hya,data-node-13,9.9.2.155,elasticsearch_os_load5,1.39
2023/4/12 20:42,1681303367,cc-cc408-hya,data-node-13,9.9.2.155,elasticsearch_os_load5,1.28
2023/4/12 20:43,1681303427,cc-cc408-hya,data-node-13,9.9.2.155,elasticsearch_os_load5,1.38
2023/4/12 20:44,1681303487,cc-cc408-hya,data-node-13,9.9.2.155,elasticsearch_os_load5,1.32
2023/4/12 20:45,1681303547,cc-cc408-hya,data-node-13,9.9.2.155,elasticsearch_os_load5,1.25
2023/4/12 20:46,1681303607,cc-cc408-hya,data-node-13,9.9.2.155,elasticsearch_os_load5,1.37
2023/4/12 20:47,1681303667,cc-cc408-hya,data-node-13,9.9.2.155,elasticsearch_os_load5,1.5
2023/4/12 20:48,1681303727,cc-cc408-hya,data-node-13,9.9.2.155,elasticsearch_os_load5,1.41
2023/4/12 20:49,1681303787,cc-cc408-hya,data-node-13,9.9.2.155,elasticsearch_os_load5,1.42
2023/4/12 20:50,1681303847,cc-cc408-hya,data-node-13,9.9.2.155,elasticsearch_os_load5,1.33
2023/4/12 20:51,1681303907,cc-cc408-hya,data-node-13,9.9.2.155,elasticsearch_os_load5,1.16
2023/4/12 20:52,1681303967,cc-cc408-hya,data-node-13,9.9.2.155,elasticsearch_os_load5,1.1
2023/4/12 20:53,1681304027,cc-cc408-hya,data-node-13,9.9.2.155,elasticsearch_os_load5,1.07
2023/4/12 20:54,1681304087,cc-cc408-hya,data-node-13,9.9.2.155,elasticsearch_os_load5,1.05
2023/4/12 20:55,1681304147,cc-cc408-hya,data-node-13,9.9.2.155,elasticsearch_os_load5,1.14
2023/4/12 20:56,1681304207,cc-cc408-hya,data-node-13,9.9.2.155,elasticsearch_os_load5,1.1
2023/4/12 20:57,1681304267,cc-cc408-hya,data-node-13,9.9.2.155,elasticsearch_os_load5,1.03
2023/4/12 20:58,1681304327,cc-cc408-hya,data-node-13,9.9.2.155,elasticsearch_os_load5,1.08
2023/4/12 20:59,1681304387,cc-cc408-hya,data-node-13,9.9.2.155,elasticsearch_os_load5,1.04
2023/4/12 21:00,1681304447,cc-cc408-hya,data-node-13,9.9.2.155,elasticsearch_os_load5,1.09
2023/4/12 21:01,1681304507,cc-cc408-hya,data-node-13,9.9.2.155,elasticsearch_os_load5,1.01
2023/4/12 21:02,1681304567,cc-cc408-hya,data-node-13,9.9.2.155,elasticsearch_os_load5,1.02
2023/4/12 21:03,1681304627,cc-cc408-hya,data-node-13,9.9.2.155,elasticsearch_os_load5,1.09
2023/4/12 21:04,1681304687,cc-cc408-hya,data-node-13,9.9.2.155,elasticsearch_os_load5,1.02
2023/4/12 21:05,1681304747,cc-cc408-hya,data-node-13,9.9.2.155,elasticsearch_os_load5,1.04
2023/4/12 21:06,1681304807,cc-cc408-hya,data-node-13,9.9.2.155,elasticsearch_os_load5,0.97
2023/4/12 21:07,1681304867,cc-cc408-hya,data-node-13,9.9.2.155,elasticsearch_os_load5,0.93
2023/4/12 21:08,1681304927,cc-cc408-hya,data-node-13,9.9.2.155,elasticsearch_os_load5,0.84
2023/4/12 21:09,1681304987,cc-cc408-hya,data-node-13,9.9.2.155,elasticsearch_os_load5,0.91
2023/4/12 21:10,1681305047,cc-cc408-hya,data-node-13,9.9.2.155,elasticsearch_os_load5,0.89
2023/4/12 21:11,1681305107,cc-cc408-hya,data-node-13,9.9.2.155,elasticsearch_os_load5,1.11
2023/4/12 21:12,1681305167,cc-cc408-hya,data-node-13,9.9.2.155,elasticsearch_os_load5,1.06
2023/4/12 21:13,1681305227,cc-cc408-hya,data-node-13,9.9.2.155,elasticsearch_os_load5,1.04
2023/4/12 21:14,1681305287,cc-cc408-hya,data-node-13,9.9.2.155,elasticsearch_os_load5,0.93
2023/4/12 21:15,1681305347,cc-cc408-hya,data-node-13,9.9.2.155,elasticsearch_os_load5,1.05
2023/4/12 21:16,1681305407,cc-cc408-hya,data-node-13,9.9.2.155,elasticsearch_os_load5,1.28
2023/4/12 21:17,1681305467,cc-cc408-hya,data-node-13,9.9.2.155,elasticsearch_os_load5,1.4
2023/4/12 21:18,1681305527,cc-cc408-hya,data-node-13,9.9.2.155,elasticsearch_os_load5,1.36
2023/4/12 21:19,1681305587,cc-cc408-hya,data-node-13,9.9.2.155,elasticsearch_os_load5,1.41
2023/4/12 21:20,1681305647,cc-cc408-hya,data-node-13,9.9.2.155,elasticsearch_os_load5,1.43
2023/4/12 21:21,1681305707,cc-cc408-hya,data-node-13,9.9.2.155,elasticsearch_os_load5,1.36
2023/4/12 21:22,1681305767,cc-cc408-hya,data-node-13,9.9.2.155,elasticsearch_os_load5,1.18
2023/4/12 21:23,1681305827,cc-cc408-hya,data-node-13,9.9.2.155,elasticsearch_os_load5,1.08
2023/4/12 21:24,1681305887,cc-cc408-hya,data-node-13,9.9.2.155,elasticsearch_os_load5,1.04
2023/4/12 21:25,1681305947,cc-cc408-hya,data-node-13,9.9.2.155,elasticsearch_os_load5,1.03
2023/4/12 21:26,1681306007,cc-cc408-hya,data-node-13,9.9.2.155,elasticsearch_os_load5,1.15
2023/4/12 21:27,1681306067,cc-cc408-hya,data-node-13,9.9.2.155,elasticsearch_os_load5,1.18
2023/4/12 21:28,1681306127,cc-cc408-hya,data-node-13,9.9.2.155,elasticsearch_os_load5,1.21
2023/4/12 21:29,1681306187,cc-cc408-hya,data-node-13,9.9.2.155,elasticsearch_os_load5,1.3
2023/4/12 21:30,1681306247,cc-cc408-hya,data-node-13,9.9.2.155,elasticsearch_os_load5,1.26
2023/4/12 21:31,1681306307,cc-cc408-hya,data-node-13,9.9.2.155,elasticsearch_os_load5,1.2
2023/4/12 21:32,1681306367,cc-cc408-hya,data-node-13,9.9.2.155,elasticsearch_os_load5,1.17
2023/4/12 21:33,1681306427,cc-cc408-hya,data-node-13,9.9.2.155,elasticsearch_os_load5,1.2
2023/4/12 21:34,1681306487,cc-cc408-hya,data-node-13,9.9.2.155,elasticsearch_os_load5,1.1
2023/4/12 21:35,1681306547,cc-cc408-hya,data-node-13,9.9.2.155,elasticsearch_os_load5,1.08
2023/4/12 21:36,1681306607,cc-cc408-hya,data-node-13,9.9.2.155,elasticsearch_os_load5,1.13
2023/4/12 21:37,1681306667,cc-cc408-hya,data-node-13,9.9.2.155,elasticsearch_os_load5,1.18
2023/4/12 21:38,1681306727,cc-cc408-hya,data-node-13,9.9.2.155,elasticsearch_os_load5,1.19
2023/4/12 21:39,1681306787,cc-cc408-hya,data-node-13,9.9.2.155,elasticsearch_os_load5,1.25
2023/4/12 21:40,1681306847,cc-cc408-hya,data-node-13,9.9.2.155,elasticsearch_os_load5,1.26
2023/4/12 21:41,1681306907,cc-cc408-hya,data-node-13,9.9.2.155,elasticsearch_os_load5,1.27
2023/4/12 21:42,1681306967,cc-cc408-hya,data-node-13,9.9.2.155,elasticsearch_os_load5,1.2
2023/4/12 21:43,1681307027,cc-cc408-hya,data-node-13,9.9.2.155,elasticsearch_os_load5,1.14
2023/4/12 21:44,1681307087,cc-cc408-hya,data-node-13,9.9.2.155,elasticsearch_os_load5,1.02
2023/4/12 21:45,1681307147,cc-cc408-hya,data-node-13,9.9.2.155,elasticsearch_os_load5,1.12
2023/4/12 21:46,1681307207,cc-cc408-hya,data-node-13,9.9.2.155,elasticsearch_os_load5,1.14
2023/4/12 21:47,1681307267,cc-cc408-hya,data-node-13,9.9.2.155,elasticsearch_os_load5,1.1
2023/4/12 21:48,1681307327,cc-cc408-hya,data-node-13,9.9.2.155,elasticsearch_os_load5,1.07
2023/4/12 21:49,1681307387,cc-cc408-hya,data-node-13,9.9.2.155,elasticsearch_os_load5,1.01
2023/4/12 21:50,1681307447,cc-cc408-hya,data-node-13,9.9.2.155,elasticsearch_os_load5,0.9
2023/4/12 21:51,1681307507,cc-cc408-hya,data-node-13,9.9.2.155,elasticsearch_os_load5,0.9
2023/4/12 21:52,1681307567,cc-cc408-hya,data-node-13,9.9.2.155,elasticsearch_os_load5,0.89
2023/4/12 21:53,1681307627,cc-cc408-hya,data-node-13,9.9.2.155,elasticsearch_os_load5,0.88
2023/4/12 21:54,1681307687,cc-cc408-hya,data-node-13,9.9.2.155,elasticsearch_os_load5,0.98
2023/4/12 21:55,1681307747,cc-cc408-hya,data-node-13,9.9.2.155,elasticsearch_os_load5,1.01
2023/4/12 21:56,1681307807,cc-cc408-hya,data-node-13,9.9.2.155,elasticsearch_os_load5,1
2023/4/12 21:57,1681307867,cc-cc408-hya,data-node-13,9.9.2.155,elasticsearch_os_load5,1.02
2023/4/12 21:58,1681307927,cc-cc408-hya,data-node-13,9.9.2.155,elasticsearch_os_load5,1.25
2023/4/12 21:59,1681307987,cc-cc408-hya,data-node-13,9.9.2.155,elasticsearch_os_load5,1.31
2023/4/12 22:00,1681308047,cc-cc408-hya,data-node-13,9.9.2.155,elasticsearch_os_load5,1.48
2023/4/12 22:01,1681308107,cc-cc408-hya,data-node-13,9.9.2.155,elasticsearch_os_load5,1.38
2023/4/12 22:02,1681308167,cc-cc408-hya,data-node-13,9.9.2.155,elasticsearch_os_load5,1.31
2023/4/12 22:03,1681308227,cc-cc408-hya,data-node-13,9.9.2.155,elasticsearch_os_load5,1.22
2023/4/12 22:04,1681308287,cc-cc408-hya,data-node-13,9.9.2.155,elasticsearch_os_load5,1.13
2023/4/12 22:05,1681308347,cc-cc408-hya,data-node-13,9.9.2.155,elasticsearch_os_load5,1.18
2023/4/12 22:06,1681308407,cc-cc408-hya,data-node-13,9.9.2.155,elasticsearch_os_load5,1.07
2023/4/12 22:07,1681308467,cc-cc408-hya,data-node-13,9.9.2.155,elasticsearch_os_load5,1.01
2023/4/12 22:08,1681308527,cc-cc408-hya,data-node-13,9.9.2.155,elasticsearch_os_load5,0.94
2023/4/12 22:09,1681308587,cc-cc408-hya,data-node-13,9.9.2.155,elasticsearch_os_load5,0.99
2023/4/12 22:10,1681308647,cc-cc408-hya,data-node-13,9.9.2.155,elasticsearch_os_load5,1.16
2023/4/12 22:11,1681308707,cc-cc408-hya,data-node-13,9.9.2.155,elasticsearch_os_load5,1.27
2023/4/12 22:12,1681308767,cc-cc408-hya,data-node-13,9.9.2.155,elasticsearch_os_load5,1.4
2023/4/12 22:13,1681308827,cc-cc408-hya,data-node-13,9.9.2.155,elasticsearch_os_load5,1.35
2023/4/12 22:14,1681308887,cc-cc408-hya,data-node-13,9.9.2.155,elasticsearch_os_load5,1.36
2023/4/12 22:15,1681308947,cc-cc408-hya,data-node-13,9.9.2.155,elasticsearch_os_load5,1.27
2023/4/12 22:16,1681309007,cc-cc408-hya,data-node-13,9.9.2.155,elasticsearch_os_load5,1.23
2023/4/12 22:17,1681309067,cc-cc408-hya,data-node-13,9.9.2.155,elasticsearch_os_load5,1.39
2023/4/12 22:18,1681309127,cc-cc408-hya,data-node-13,9.9.2.155,elasticsearch_os_load5,1.3
2023/4/12 22:19,1681309187,cc-cc408-hya,data-node-13,9.9.2.155,elasticsearch_os_load5,1.39
2023/4/12 22:20,1681309247,cc-cc408-hya,data-node-13,9.9.2.155,elasticsearch_os_load5,1.24
2023/4/12 22:21,1681309307,cc-cc408-hya,data-node-13,9.9.2.155,elasticsearch_os_load5,1.18
2023/4/12 22:22,1681309367,cc-cc408-hya,data-node-13,9.9.2.155,elasticsearch_os_load5,1.26
2023/4/12 22:23,1681309427,cc-cc408-hya,data-node-13,9.9.2.155,elasticsearch_os_load5,1.31
2023/4/12 22:24,1681309487,cc-cc408-hya,data-node-13,9.9.2.155,elasticsearch_os_load5,1.25
2023/4/12 22:25,1681309547,cc-cc408-hya,data-node-13,9.9.2.155,elasticsearch_os_load5,1.18
2023/4/12 22:26,1681309607,cc-cc408-hya,data-node-13,9.9.2.155,elasticsearch_os_load5,1.2
2023/4/12 22:27,1681309667,cc-cc408-hya,data-node-13,9.9.2.155,elasticsearch_os_load5,1.22
2023/4/12 22:28,1681309727,cc-cc408-hya,data-node-13,9.9.2.155,elasticsearch_os_load5,1.2
2023/4/12 22:29,1681309787,cc-cc408-hya,data-node-13,9.9.2.155,elasticsearch_os_load5,1.85
2023/4/12 22:30,1681309847,cc-cc408-hya,data-node-13,9.9.2.155,elasticsearch_os_load5,1.68
2023/4/12 22:31,1681309907,cc-cc408-hya,data-node-13,9.9.2.155,elasticsearch_os_load5,1.6
2023/4/12 22:32,1681309967,cc-cc408-hya,data-node-13,9.9.2.155,elasticsearch_os_load5,1.46
2023/4/12 22:33,1681310027,cc-cc408-hya,data-node-13,9.9.2.155,elasticsearch_os_load5,1.38
2023/4/12 22:34,1681310087,cc-cc408-hya,data-node-13,9.9.2.155,elasticsearch_os_load5,1.4
2023/4/12 22:35,1681310147,cc-cc408-hya,data-node-13,9.9.2.155,elasticsearch_os_load5,1.37
2023/4/12 22:36,1681310207,cc-cc408-hya,data-node-13,9.9.2.155,elasticsearch_os_load5,1.27
2023/4/12 22:37,1681310267,cc-cc408-hya,data-node-13,9.9.2.155,elasticsearch_os_load5,1.18
2023/4/12 22:38,1681310327,cc-cc408-hya,data-node-13,9.9.2.155,elasticsearch_os_load5,1.1
2023/4/12 22:39,1681310387,cc-cc408-hya,data-node-13,9.9.2.155,elasticsearch_os_load5,1.09
2023/4/12 22:40,1681310447,cc-cc408-hya,data-node-13,9.9.2.155,elasticsearch_os_load5,1.29
2023/4/12 22:41,1681310507,cc-cc408-hya,data-node-13,9.9.2.155,elasticsearch_os_load5,1.34
2023/4/12 22:42,1681310567,cc-cc408-hya,data-node-13,9.9.2.155,elasticsearch_os_load5,1.43
2023/4/12 22:43,1681310627,cc-cc408-hya,data-node-13,9.9.2.155,elasticsearch_os_load5,1.39
2023/4/12 22:44,1681310687,cc-cc408-hya,data-node-13,9.9.2.155,elasticsearch_os_load5,1.31
2023/4/12 22:45,1681310747,cc-cc408-hya,data-node-13,9.9.2.155,elasticsearch_os_load5,1.15
2023/4/12 22:46,1681310807,cc-cc408-hya,data-node-13,9.9.2.155,elasticsearch_os_load5,1.05
2023/4/12 22:47,1681310867,cc-cc408-hya,data-node-13,9.9.2.155,elasticsearch_os_load5,1.07
2023/4/12 22:48,1681310927,cc-cc408-hya,data-node-13,9.9.2.155,elasticsearch_os_load5,1.04
2023/4/12 22:49,1681310987,cc-cc408-hya,data-node-13,9.9.2.155,elasticsearch_os_load5,0.97
2023/4/12 22:50,1681311047,cc-cc408-hya,data-node-13,9.9.2.155,elasticsearch_os_load5,0.9
2023/4/12 22:51,1681311107,cc-cc408-hya,data-node-13,9.9.2.155,elasticsearch_os_load5,0.97
2023/4/12 22:52,1681311167,cc-cc408-hya,data-node-13,9.9.2.155,elasticsearch_os_load5,1.19
2023/4/12 22:53,1681311227,cc-cc408-hya,data-node-13,9.9.2.155,elasticsearch_os_load5,1.2
2023/4/12 22:54,1681311287,cc-cc408-hya,data-node-13,9.9.2.155,elasticsearch_os_load5,1.37
2023/4/12 22:55,1681311347,cc-cc408-hya,data-node-13,9.9.2.155,elasticsearch_os_load5,1.52
2023/4/12 22:56,1681311407,cc-cc408-hya,data-node-13,9.9.2.155,elasticsearch_os_load5,1.35
2023/4/12 22:57,1681311467,cc-cc408-hya,data-node-13,9.9.2.155,elasticsearch_os_load5,1.25
2023/4/12 22:58,1681311527,cc-cc408-hya,data-node-13,9.9.2.155,elasticsearch_os_load5,1.23
2023/4/12 22:59,1681311587,cc-cc408-hya,data-node-13,9.9.2.155,elasticsearch_os_load5,1.2
2023/4/12 23:00,1681311647,cc-cc408-hya,data-node-13,9.9.2.155,elasticsearch_os_load5,1.16
2023/4/12 23:01,1681311707,cc-cc408-hya,data-node-13,9.9.2.155,elasticsearch_os_load5,1.26
2023/4/12 23:02,1681311767,cc-cc408-hya,data-node-13,9.9.2.155,elasticsearch_os_load5,1.32
2023/4/12 23:03,1681311827,cc-cc408-hya,data-node-13,9.9.2.155,elasticsearch_os_load5,1.23
2023/4/12 23:04,1681311887,cc-cc408-hya,data-node-13,9.9.2.155,elasticsearch_os_load5,1.21
2023/4/12 23:05,1681311947,cc-cc408-hya,data-node-13,9.9.2.155,elasticsearch_os_load5,1.16
2023/4/12 23:06,1681312007,cc-cc408-hya,data-node-13,9.9.2.155,elasticsearch_os_load5,1.08
2023/4/12 23:07,1681312067,cc-cc408-hya,data-node-13,9.9.2.155,elasticsearch_os_load5,1.1
2023/4/12 23:08,1681312127,cc-cc408-hya,data-node-13,9.9.2.155,elasticsearch_os_load5,1.21
2023/4/12 23:09,1681312187,cc-cc408-hya,data-node-13,9.9.2.155,elasticsearch_os_load5,1.14
2023/4/12 23:10,1681312247,cc-cc408-hya,data-node-13,9.9.2.155,elasticsearch_os_load5,1.25
2023/4/12 23:11,1681312307,cc-cc408-hya,data-node-13,9.9.2.155,elasticsearch_os_load5,1.13
2023/4/12 23:12,1681312367,cc-cc408-hya,data-node-13,9.9.2.155,elasticsearch_os_load5,1.04
2023/4/12 23:13,1681312427,cc-cc408-hya,data-node-13,9.9.2.155,elasticsearch_os_load5,1.12
2023/4/12 23:14,1681312487,cc-cc408-hya,data-node-13,9.9.2.155,elasticsearch_os_load5,1.07
2023/4/12 23:15,1681312547,cc-cc408-hya,data-node-13,9.9.2.155,elasticsearch_os_load5,1
2023/4/12 23:16,1681312607,cc-cc408-hya,data-node-13,9.9.2.155,elasticsearch_os_load5,1.08
2023/4/12 23:17,1681312667,cc-cc408-hya,data-node-13,9.9.2.155,elasticsearch_os_load5,0.98
2023/4/12 23:18,1681312727,cc-cc408-hya,data-node-13,9.9.2.155,elasticsearch_os_load5,0.97
2023/4/12 23:19,1681312787,cc-cc408-hya,data-node-13,9.9.2.155,elasticsearch_os_load5,0.96
2023/4/12 23:20,1681312847,cc-cc408-hya,data-node-13,9.9.2.155,elasticsearch_os_load5,0.84
2023/4/12 23:21,1681312907,cc-cc408-hya,data-node-13,9.9.2.155,elasticsearch_os_load5,0.83
2023/4/12 23:22,1681312967,cc-cc408-hya,data-node-13,9.9.2.155,elasticsearch_os_load5,0.9
2023/4/12 23:23,1681313027,cc-cc408-hya,data-node-13,9.9.2.155,elasticsearch_os_load5,1.1
2023/4/12 23:24,1681313087,cc-cc408-hya,data-node-13,9.9.2.155,elasticsearch_os_load5,1.03
2023/4/12 23:25,1681313147,cc-cc408-hya,data-node-13,9.9.2.155,elasticsearch_os_load5,1.26
2023/4/12 23:26,1681313207,cc-cc408-hya,data-node-13,9.9.2.155,elasticsearch_os_load5,1.18
2023/4/12 23:27,1681313267,cc-cc408-hya,data-node-13,9.9.2.155,elasticsearch_os_load5,1.33
2023/4/12 23:28,1681313327,cc-cc408-hya,data-node-13,9.9.2.155,elasticsearch_os_load5,1.22
2023/4/12 23:29,1681313387,cc-cc408-hya,data-node-13,9.9.2.155,elasticsearch_os_load5,1.2
2023/4/12 23:30,1681313447,cc-cc408-hya,data-node-13,9.9.2.155,elasticsearch_os_load5,1.14
2023/4/12 23:31,1681313507,cc-cc408-hya,data-node-13,9.9.2.155,elasticsearch_os_load5,0.98
2023/4/12 23:32,1681313567,cc-cc408-hya,data-node-13,9.9.2.155,elasticsearch_os_load5,0.95
2023/4/12 23:33,1681313627,cc-cc408-hya,data-node-13,9.9.2.155,elasticsearch_os_load5,0.84
2023/4/12 23:34,1681313687,cc-cc408-hya,data-node-13,9.9.2.155,elasticsearch_os_load5,0.93
2023/4/12 23:35,1681313747,cc-cc408-hya,data-node-13,9.9.2.155,elasticsearch_os_load5,0.93
2023/4/12 23:36,1681313807,cc-cc408-hya,data-node-13,9.9.2.155,elasticsearch_os_load5,0.96
2023/4/12 23:37,1681313867,cc-cc408-hya,data-node-13,9.9.2.155,elasticsearch_os_load5,0.95
2023/4/12 23:38,1681313927,cc-cc408-hya,data-node-13,9.9.2.155,elasticsearch_os_load5,0.92
2023/4/12 23:39,1681313987,cc-cc408-hya,data-node-13,9.9.2.155,elasticsearch_os_load5,0.89
2023/4/12 23:40,1681314047,cc-cc408-hya,data-node-13,9.9.2.155,elasticsearch_os_load5,0.9
2023/4/12 23:41,1681314107,cc-cc408-hya,data-node-13,9.9.2.155,elasticsearch_os_load5,0.97
2023/4/12 23:42,1681314167,cc-cc408-hya,data-node-13,9.9.2.155,elasticsearch_os_load5,0.99
2023/4/12 23:43,1681314227,cc-cc408-hya,data-node-13,9.9.2.155,elasticsearch_os_load5,1.01
2023/4/12 23:44,1681314287,cc-cc408-hya,data-node-13,9.9.2.155,elasticsearch_os_load5,0.91
2023/4/12 23:45,1681314347,cc-cc408-hya,data-node-13,9.9.2.155,elasticsearch_os_load5,0.78
2023/4/12 23:46,1681314407,cc-cc408-hya,data-node-13,9.9.2.155,elasticsearch_os_load5,0.79
2023/4/12 23:47,1681314467,cc-cc408-hya,data-node-13,9.9.2.155,elasticsearch_os_load5,0.82
2023/4/12 23:48,1681314527,cc-cc408-hya,data-node-13,9.9.2.155,elasticsearch_os_load5,0.7
2023/4/12 23:49,1681314587,cc-cc408-hya,data-node-13,9.9.2.155,elasticsearch_os_load5,0.63
2023/4/12 23:50,1681314647,cc-cc408-hya,data-node-13,9.9.2.155,elasticsearch_os_load5,0.7
2023/4/12 23:51,1681314707,cc-cc408-hya,data-node-13,9.9.2.155,elasticsearch_os_load5,0.68
2023/4/12 23:52,1681314767,cc-cc408-hya,data-node-13,9.9.2.155,elasticsearch_os_load5,0.68
2023/4/12 23:53,1681314827,cc-cc408-hya,data-node-13,9.9.2.155,elasticsearch_os_load5,0.65
2023/4/12 23:54,1681314887,cc-cc408-hya,data-node-13,9.9.2.155,elasticsearch_os_load5,0.65
2023/4/12 23:55,1681314947,cc-cc408-hya,data-node-13,9.9.2.155,elasticsearch_os_load5,0.64
2023/4/12 23:56,1681315007,cc-cc408-hya,data-node-13,9.9.2.155,elasticsearch_os_load5,0.63
2023/4/12 23:57,1681315067,cc-cc408-hya,data-node-13,9.9.2.155,elasticsearch_os_load5,0.59
2023/4/12 23:58,1681315127,cc-cc408-hya,data-node-13,9.9.2.155,elasticsearch_os_load5,0.59
2023/4/12 23:59,1681315187,cc-cc408-hya,data-node-13,9.9.2.155,elasticsearch_os_load5,0.54
2023/4/13 0:00,1681315247,cc-cc408-hya,data-node-13,9.9.2.155,elasticsearch_os_load5,0.49
2023/4/13 0:01,1681315307,cc-cc408-hya,data-node-13,9.9.2.155,elasticsearch_os_load5,0.43
2023/4/13 0:02,1681315367,cc-cc408-hya,data-node-13,9.9.2.155,elasticsearch_os_load5,0.47
2023/4/13 0:03,1681315427,cc-cc408-hya,data-node-13,9.9.2.155,elasticsearch_os_load5,0.47
2023/4/13 0:04,1681315487,cc-cc408-hya,data-node-13,9.9.2.155,elasticsearch_os_load5,0.45
2023/4/13 0:05,1681315547,cc-cc408-hya,data-node-13,9.9.2.155,elasticsearch_os_load5,0.64
2023/4/13 0:06,1681315607,cc-cc408-hya,data-node-13,9.9.2.155,elasticsearch_os_load5,0.78
2023/4/13 0:07,1681315667,cc-cc408-hya,data-node-13,9.9.2.155,elasticsearch_os_load5,0.85
2023/4/13 0:08,1681315727,cc-cc408-hya,data-node-13,9.9.2.155,elasticsearch_os_load5,0.75
2023/4/13 0:09,1681315787,cc-cc408-hya,data-node-13,9.9.2.155,elasticsearch_os_load5,0.73
2023/4/13 0:10,1681315847,cc-cc408-hya,data-node-13,9.9.2.155,elasticsearch_os_load5,0.7
2023/4/13 0:11,1681315907,cc-cc408-hya,data-node-13,9.9.2.155,elasticsearch_os_load5,0.69
2023/4/13 0:12,1681315967,cc-cc408-hya,data-node-13,9.9.2.155,elasticsearch_os_load5,0.71
2023/4/13 0:13,1681316027,cc-cc408-hya,data-node-13,9.9.2.155,elasticsearch_os_load5,0.61
2023/4/13 0:14,1681316087,cc-cc408-hya,data-node-13,9.9.2.155,elasticsearch_os_load5,0.55
2023/4/13 0:15,1681316147,cc-cc408-hya,data-node-13,9.9.2.155,elasticsearch_os_load5,0.52
2023/4/13 0:16,1681316207,cc-cc408-hya,data-node-13,9.9.2.155,elasticsearch_os_load5,0.61
2023/4/13 0:17,1681316267,cc-cc408-hya,data-node-13,9.9.2.155,elasticsearch_os_load5,0.6
2023/4/13 0:18,1681316327,cc-cc408-hya,data-node-13,9.9.2.155,elasticsearch_os_load5,0.78
2023/4/13 0:19,1681316387,cc-cc408-hya,data-node-13,9.9.2.155,elasticsearch_os_load5,0.79
2023/4/13 0:20,1681316447,cc-cc408-hya,data-node-13,9.9.2.155,elasticsearch_os_load5,0.83
2023/4/13 0:21,1681316507,cc-cc408-hya,data-node-13,9.9.2.155,elasticsearch_os_load5,0.86
2023/4/13 0:22,1681316567,cc-cc408-hya,data-node-13,9.9.2.155,elasticsearch_os_load5,0.89
2023/4/13 0:23,1681316627,cc-cc408-hya,data-node-13,9.9.2.155,elasticsearch_os_load5,0.96
2023/4/13 0:24,1681316687,cc-cc408-hya,data-node-13,9.9.2.155,elasticsearch_os_load5,1.1
2023/4/13 0:25,1681316747,cc-cc408-hya,data-node-13,9.9.2.155,elasticsearch_os_load5,1.26
2023/4/13 0:26,1681316807,cc-cc408-hya,data-node-13,9.9.2.155,elasticsearch_os_load5,1.16
2023/4/13 0:27,1681316867,cc-cc408-hya,data-node-13,9.9.2.155,elasticsearch_os_load5,1.2
2023/4/13 0:28,1681316927,cc-cc408-hya,data-node-13,9.9.2.155,elasticsearch_os_load5,1.22
2023/4/13 0:29,1681316987,cc-cc408-hya,data-node-13,9.9.2.155,elasticsearch_os_load5,1.14
2023/4/13 0:30,1681317047,cc-cc408-hya,data-node-13,9.9.2.155,elasticsearch_os_load5,1.14
2023/4/13 0:31,1681317107,cc-cc408-hya,data-node-13,9.9.2.155,elasticsearch_os_load5,1.08
2023/4/13 0:32,1681317167,cc-cc408-hya,data-node-13,9.9.2.155,elasticsearch_os_load5,1.13
2023/4/13 0:33,1681317227,cc-cc408-hya,data-node-13,9.9.2.155,elasticsearch_os_load5,1.16
2023/4/13 0:34,1681317287,cc-cc408-hya,data-node-13,9.9.2.155,elasticsearch_os_load5,1.16
2023/4/13 0:35,1681317347,cc-cc408-hya,data-node-13,9.9.2.155,elasticsearch_os_load5,1.14
2023/4/13 0:36,1681317407,cc-cc408-hya,data-node-13,9.9.2.155,elasticsearch_os_load5,1.12
2023/4/13 0:37,1681317467,cc-cc408-hya,data-node-13,9.9.2.155,elasticsearch_os_load5,1.13
2023/4/13 0:38,1681317527,cc-cc408-hya,data-node-13,9.9.2.155,elasticsearch_os_load5,1.07
2023/4/13 0:39,1681317587,cc-cc408-hya,data-node-13,9.9.2.155,elasticsearch_os_load5,1.15
2023/4/13 0:40,1681317647,cc-cc408-hya,data-node-13,9.9.2.155,elasticsearch_os_load5,1.14
2023/4/13 0:41,1681317707,cc-cc408-hya,data-node-13,9.9.2.155,elasticsearch_os_load5,1.02
2023/4/13 0:42,1681317767,cc-cc408-hya,data-node-13,9.9.2.155,elasticsearch_os_load5,1.03
2023/4/13 0:43,1681317827,cc-cc408-hya,data-node-13,9.9.2.155,elasticsearch_os_load5,1.02
2023/4/13 0:44,1681317887,cc-cc408-hya,data-node-13,9.9.2.155,elasticsearch_os_load5,1.72
2023/4/13 0:45,1681317947,cc-cc408-hya,data-node-13,9.9.2.155,elasticsearch_os_load5,1.57
2023/4/13 0:46,1681318007,cc-cc408-hya,data-node-13,9.9.2.155,elasticsearch_os_load5,1.48
2023/4/13 0:47,1681318067,cc-cc408-hya,data-node-13,9.9.2.155,elasticsearch_os_load5,1.37
2023/4/13 0:48,1681318127,cc-cc408-hya,data-node-13,9.9.2.155,elasticsearch_os_load5,1.49
2023/4/13 0:49,1681318187,cc-cc408-hya,data-node-13,9.9.2.155,elasticsearch_os_load5,1.63
2023/4/13 0:50,1681318247,cc-cc408-hya,data-node-13,9.9.2.155,elasticsearch_os_load5,1.6
2023/4/13 0:51,1681318307,cc-cc408-hya,data-node-13,9.9.2.155,elasticsearch_os_load5,1.43
2023/4/13 0:52,1681318367,cc-cc408-hya,data-node-13,9.9.2.155,elasticsearch_os_load5,1.33
2023/4/13 0:53,1681318427,cc-cc408-hya,data-node-13,9.9.2.155,elasticsearch_os_load5,1.33
2023/4/13 0:54,1681318487,cc-cc408-hya,data-node-13,9.9.2.155,elasticsearch_os_load5,1.36
2023/4/13 0:55,1681318547,cc-cc408-hya,data-node-13,9.9.2.155,elasticsearch_os_load5,1.24
2023/4/13 0:56,1681318607,cc-cc408-hya,data-node-13,9.9.2.155,elasticsearch_os_load5,1.18
2023/4/13 0:57,1681318667,cc-cc408-hya,data-node-13,9.9.2.155,elasticsearch_os_load5,1.12
2023/4/13 0:58,1681318727,cc-cc408-hya,data-node-13,9.9.2.155,elasticsearch_os_load5,1
2023/4/13 0:59,1681318787,cc-cc408-hya,data-node-13,9.9.2.155,elasticsearch_os_load5,1.06
2023/4/13 1:00,1681318847,cc-cc408-hya,data-node-13,9.9.2.155,elasticsearch_os_load5,1.23
2023/4/13 1:01,1681318907,cc-cc408-hya,data-node-13,9.9.2.155,elasticsearch_os_load5,1.28
2023/4/13 1:02,1681318967,cc-cc408-hya,data-node-13,9.9.2.155,elasticsearch_os_load5,1.36
2023/4/13 1:03,1681319027,cc-cc408-hya,data-node-13,9.9.2.155,elasticsearch_os_load5,1.27
2023/4/13 1:04,1681319087,cc-cc408-hya,data-node-13,9.9.2.155,elasticsearch_os_load5,1.51
2023/4/13 1:05,1681319147,cc-cc408-hya,data-node-13,9.9.2.155,elasticsearch_os_load5,1.47
2023/4/13 1:06,1681319207,cc-cc408-hya,data-node-13,9.9.2.155,elasticsearch_os_load5,1.48
2023/4/13 1:07,1681319267,cc-cc408-hya,data-node-13,9.9.2.155,elasticsearch_os_load5,1.37
2023/4/13 1:08,1681319327,cc-cc408-hya,data-node-13,9.9.2.155,elasticsearch_os_load5,1.32
2023/4/13 1:09,1681319387,cc-cc408-hya,data-node-13,9.9.2.155,elasticsearch_os_load5,1.4
2023/4/13 1:10,1681319447,cc-cc408-hya,data-node-13,9.9.2.155,elasticsearch_os_load5,1.36
2023/4/13 1:11,1681319507,cc-cc408-hya,data-node-13,9.9.2.155,elasticsearch_os_load5,1.32
2023/4/13 1:12,1681319567,cc-cc408-hya,data-node-13,9.9.2.155,elasticsearch_os_load5,1.25
2023/4/13 1:13,1681319627,cc-cc408-hya,data-node-13,9.9.2.155,elasticsearch_os_load5,1.2
2023/4/13 1:14,1681319687,cc-cc408-hya,data-node-13,9.9.2.155,elasticsearch_os_load5,1.14
2023/4/13 1:15,1681319747,cc-cc408-hya,data-node-13,9.9.2.155,elasticsearch_os_load5,1.1
2023/4/13 1:16,1681319807,cc-cc408-hya,data-node-13,9.9.2.155,elasticsearch_os_load5,1.03
2023/4/13 1:17,1681319867,cc-cc408-hya,data-node-13,9.9.2.155,elasticsearch_os_load5,0.99
2023/4/13 1:18,1681319927,cc-cc408-hya,data-node-13,9.9.2.155,elasticsearch_os_load5,0.96
2023/4/13 1:19,1681319987,cc-cc408-hya,data-node-13,9.9.2.155,elasticsearch_os_load5,0.94
2023/4/13 1:20,1681320047,cc-cc408-hya,data-node-13,9.9.2.155,elasticsearch_os_load5,0.91
2023/4/13 1:21,1681320107,cc-cc408-hya,data-node-13,9.9.2.155,elasticsearch_os_load5,0.85
2023/4/13 1:22,1681320167,cc-cc408-hya,data-node-13,9.9.2.155,elasticsearch_os_load5,0.72
2023/4/13 1:23,1681320227,cc-cc408-hya,data-node-13,9.9.2.155,elasticsearch_os_load5,0.62
2023/4/13 1:24,1681320287,cc-cc408-hya,data-node-13,9.9.2.155,elasticsearch_os_load5,0.6
2023/4/13 1:25,1681320347,cc-cc408-hya,data-node-13,9.9.2.155,elasticsearch_os_load5,0.52
2023/4/13 1:26,1681320407,cc-cc408-hya,data-node-13,9.9.2.155,elasticsearch_os_load5,0.47
2023/4/13 1:27,1681320467,cc-cc408-hya,data-node-13,9.9.2.155,elasticsearch_os_load5,0.43
2023/4/13 1:28,1681320527,cc-cc408-hya,data-node-13,9.9.2.155,elasticsearch_os_load5,0.47
2023/4/13 1:29,1681320587,cc-cc408-hya,data-node-13,9.9.2.155,elasticsearch_os_load5,0.38
2023/4/13 1:30,1681320647,cc-cc408-hya,data-node-13,9.9.2.155,elasticsearch_os_load5,0.51
2023/4/13 1:31,1681320707,cc-cc408-hya,data-node-13,9.9.2.155,elasticsearch_os_load5,0.83
2023/4/13 1:32,1681320767,cc-cc408-hya,data-node-13,9.9.2.155,elasticsearch_os_load5,1.02
2023/4/13 1:33,1681320827,cc-cc408-hya,data-node-13,9.9.2.155,elasticsearch_os_load5,0.89
2023/4/13 1:34,1681320887,cc-cc408-hya,data-node-13,9.9.2.155,elasticsearch_os_load5,0.76
2023/4/13 1:35,1681320947,cc-cc408-hya,data-node-13,9.9.2.155,elasticsearch_os_load5,0.75
2023/4/13 1:36,1681321007,cc-cc408-hya,data-node-13,9.9.2.155,elasticsearch_os_load5,0.68
2023/4/13 1:37,1681321067,cc-cc408-hya,data-node-13,9.9.2.155,elasticsearch_os_load5,0.61
2023/4/13 1:38,1681321127,cc-cc408-hya,data-node-13,9.9.2.155,elasticsearch_os_load5,0.58
2023/4/13 1:39,1681321187,cc-cc408-hya,data-node-13,9.9.2.155,elasticsearch_os_load5,0.58
2023/4/13 1:40,1681321247,cc-cc408-hya,data-node-13,9.9.2.155,elasticsearch_os_load5,0.59
2023/4/13 1:41,1681321307,cc-cc408-hya,data-node-13,9.9.2.155,elasticsearch_os_load5,0.6
2023/4/13 1:42,1681321367,cc-cc408-hya,data-node-13,9.9.2.155,elasticsearch_os_load5,0.54
2023/4/13 1:43,1681321427,cc-cc408-hya,data-node-13,9.9.2.155,elasticsearch_os_load5,0.67
2023/4/13 1:44,1681321487,cc-cc408-hya,data-node-13,9.9.2.155,elasticsearch_os_load5,0.68
2023/4/13 1:45,1681321547,cc-cc408-hya,data-node-13,9.9.2.155,elasticsearch_os_load5,0.66
2023/4/13 1:46,1681321607,cc-cc408-hya,data-node-13,9.9.2.155,elasticsearch_os_load5,0.65
2023/4/13 1:47,1681321667,cc-cc408-hya,data-node-13,9.9.2.155,elasticsearch_os_load5,0.66
2023/4/13 1:48,1681321727,cc-cc408-hya,data-node-13,9.9.2.155,elasticsearch_os_load5,0.63
2023/4/13 1:49,1681321787,cc-cc408-hya,data-node-13,9.9.2.155,elasticsearch_os_load5,0.56
2023/4/13 1:50,1681321847,cc-cc408-hya,data-node-13,9.9.2.155,elasticsearch_os_load5,0.53
2023/4/13 1:51,1681321907,cc-cc408-hya,data-node-13,9.9.2.155,elasticsearch_os_load5,0.53
2023/4/13 1:52,1681321967,cc-cc408-hya,data-node-13,9.9.2.155,elasticsearch_os_load5,0.54
2023/4/13 1:53,1681322027,cc-cc408-hya,data-node-13,9.9.2.155,elasticsearch_os_load5,0.51
2023/4/13 1:54,1681322087,cc-cc408-hya,data-node-13,9.9.2.155,elasticsearch_os_load5,0.49
2023/4/13 1:55,1681322147,cc-cc408-hya,data-node-13,9.9.2.155,elasticsearch_os_load5,0.54
2023/4/13 1:56,1681322207,cc-cc408-hya,data-node-13,9.9.2.155,elasticsearch_os_load5,0.46
2023/4/13 1:57,1681322267,cc-cc408-hya,data-node-13,9.9.2.155,elasticsearch_os_load5,0.4
2023/4/13 1:58,1681322327,cc-cc408-hya,data-node-13,9.9.2.155,elasticsearch_os_load5,0.37
2023/4/13 1:59,1681322387,cc-cc408-hya,data-node-13,9.9.2.155,elasticsearch_os_load5,0.35
2023/4/13 2:00,1681322447,cc-cc408-hya,data-node-13,9.9.2.155,elasticsearch_os_load5,0.31
2023/4/13 2:01,1681322507,cc-cc408-hya,data-node-13,9.9.2.155,elasticsearch_os_load5,0.31
2023/4/13 2:02,1681322567,cc-cc408-hya,data-node-13,9.9.2.155,elasticsearch_os_load5,0.27
2023/4/13 2:03,1681322627,cc-cc408-hya,data-node-13,9.9.2.155,elasticsearch_os_load5,0.27
2023/4/13 2:04,1681322687,cc-cc408-hya,data-node-13,9.9.2.155,elasticsearch_os_load5,0.27
2023/4/13 2:05,1681322747,cc-cc408-hya,data-node-13,9.9.2.155,elasticsearch_os_load5,0.24
2023/4/13 2:06,1681322807,cc-cc408-hya,data-node-13,9.9.2.155,elasticsearch_os_load5,0.29
2023/4/13 2:07,1681322867,cc-cc408-hya,data-node-13,9.9.2.155,elasticsearch_os_load5,0.29
2023/4/13 2:08,1681322927,cc-cc408-hya,data-node-13,9.9.2.155,elasticsearch_os_load5,0.28
2023/4/13 2:09,1681322987,cc-cc408-hya,data-node-13,9.9.2.155,elasticsearch_os_load5,0.28
2023/4/13 2:10,1681323047,cc-cc408-hya,data-node-13,9.9.2.155,elasticsearch_os_load5,0.26
2023/4/13 2:11,1681323107,cc-cc408-hya,data-node-13,9.9.2.155,elasticsearch_os_load5,0.22
2023/4/13 2:12,1681323167,cc-cc408-hya,data-node-13,9.9.2.155,elasticsearch_os_load5,0.39
2023/4/13 2:13,1681323227,cc-cc408-hya,data-node-13,9.9.2.155,elasticsearch_os_load5,0.52
2023/4/13 2:14,1681323287,cc-cc408-hya,data-node-13,9.9.2.155,elasticsearch_os_load5,0.67
2023/4/13 2:15,1681323347,cc-cc408-hya,data-node-13,9.9.2.155,elasticsearch_os_load5,0.58
2023/4/13 2:16,1681323407,cc-cc408-hya,data-node-13,9.9.2.155,elasticsearch_os_load5,0.52
2023/4/13 2:17,1681323467,cc-cc408-hya,data-node-13,9.9.2.155,elasticsearch_os_load5,0.51
2023/4/13 2:18,1681323527,cc-cc408-hya,data-node-13,9.9.2.155,elasticsearch_os_load5,0.47
2023/4/13 2:19,1681323587,cc-cc408-hya,data-node-13,9.9.2.155,elasticsearch_os_load5,0.42
2023/4/13 2:20,1681323647,cc-cc408-hya,data-node-13,9.9.2.155,elasticsearch_os_load5,0.4
2023/4/13 2:21,1681323707,cc-cc408-hya,data-node-13,9.9.2.155,elasticsearch_os_load5,0.4
2023/4/13 2:22,1681323767,cc-cc408-hya,data-node-13,9.9.2.155,elasticsearch_os_load5,0.39
2023/4/13 2:23,1681323827,cc-cc408-hya,data-node-13,9.9.2.155,elasticsearch_os_load5,0.39
2023/4/13 2:24,1681323887,cc-cc408-hya,data-node-13,9.9.2.155,elasticsearch_os_load5,0.43
2023/4/13 2:25,1681323947,cc-cc408-hya,data-node-13,9.9.2.155,elasticsearch_os_load5,0.5
2023/4/13 2:26,1681324007,cc-cc408-hya,data-node-13,9.9.2.155,elasticsearch_os_load5,0.58
2023/4/13 2:27,1681324067,cc-cc408-hya,data-node-13,9.9.2.155,elasticsearch_os_load5,0.55
2023/4/13 2:28,1681324127,cc-cc408-hya,data-node-13,9.9.2.155,elasticsearch_os_load5,0.75
2023/4/13 2:29,1681324187,cc-cc408-hya,data-node-13,9.9.2.155,elasticsearch_os_load5,0.79
2023/4/13 2:30,1681324247,cc-cc408-hya,data-node-13,9.9.2.155,elasticsearch_os_load5,0.76
2023/4/13 2:31,1681324307,cc-cc408-hya,data-node-13,9.9.2.155,elasticsearch_os_load5,0.69
2023/4/13 2:32,1681324367,cc-cc408-hya,data-node-13,9.9.2.155,elasticsearch_os_load5,0.74
2023/4/13 2:33,1681324427,cc-cc408-hya,data-node-13,9.9.2.155,elasticsearch_os_load5,0.71
2023/4/13 2:34,1681324487,cc-cc408-hya,data-node-13,9.9.2.155,elasticsearch_os_load5,0.66
2023/4/13 2:35,1681324547,cc-cc408-hya,data-node-13,9.9.2.155,elasticsearch_os_load5,0.58
2023/4/13 2:36,1681324607,cc-cc408-hya,data-node-13,9.9.2.155,elasticsearch_os_load5,0.54
2023/4/13 2:37,1681324667,cc-cc408-hya,data-node-13,9.9.2.155,elasticsearch_os_load5,0.53
2023/4/13 2:38,1681324727,cc-cc408-hya,data-node-13,9.9.2.155,elasticsearch_os_load5,0.56
2023/4/13 2:39,1681324787,cc-cc408-hya,data-node-13,9.9.2.155,elasticsearch_os_load5,0.53
2023/4/13 2:40,1681324847,cc-cc408-hya,data-node-13,9.9.2.155,elasticsearch_os_load5,0.46
2023/4/13 2:41,1681324907,cc-cc408-hya,data-node-13,9.9.2.155,elasticsearch_os_load5,0.42
2023/4/13 2:42,1681324967,cc-cc408-hya,data-node-13,9.9.2.155,elasticsearch_os_load5,0.36
2023/4/13 2:43,1681325027,cc-cc408-hya,data-node-13,9.9.2.155,elasticsearch_os_load5,0.34
2023/4/13 2:44,1681325087,cc-cc408-hya,data-node-13,9.9.2.155,elasticsearch_os_load5,0.35
2023/4/13 2:45,1681325147,cc-cc408-hya,data-node-13,9.9.2.155,elasticsearch_os_load5,0.38
2023/4/13 2:46,1681325207,cc-cc408-hya,data-node-13,9.9.2.155,elasticsearch_os_load5,0.36
2023/4/13 2:47,1681325267,cc-cc408-hya,data-node-13,9.9.2.155,elasticsearch_os_load5,0.32
2023/4/13 2:48,1681325327,cc-cc408-hya,data-node-13,9.9.2.155,elasticsearch_os_load5,0.29
2023/4/13 2:49,1681325387,cc-cc408-hya,data-node-13,9.9.2.155,elasticsearch_os_load5,0.25
2023/4/13 2:50,1681325447,cc-cc408-hya,data-node-13,9.9.2.155,elasticsearch_os_load5,0.22
2023/4/13 2:51,1681325507,cc-cc408-hya,data-node-13,9.9.2.155,elasticsearch_os_load5,0.19
2023/4/13 2:52,1681325567,cc-cc408-hya,data-node-13,9.9.2.155,elasticsearch_os_load5,0.2
2023/4/13 2:53,1681325627,cc-cc408-hya,data-node-13,9.9.2.155,elasticsearch_os_load5,0.23
2023/4/13 2:54,1681325687,cc-cc408-hya,data-node-13,9.9.2.155,elasticsearch_os_load5,0.2
2023/4/13 2:55,1681325747,cc-cc408-hya,data-node-13,9.9.2.155,elasticsearch_os_load5,0.44
2023/4/13 2:56,1681325807,cc-cc408-hya,data-node-13,9.9.2.155,elasticsearch_os_load5,0.59
2023/4/13 2:57,1681325867,cc-cc408-hya,data-node-13,9.9.2.155,elasticsearch_os_load5,0.69
2023/4/13 2:58,1681325927,cc-cc408-hya,data-node-13,9.9.2.155,elasticsearch_os_load5,0.65
2023/4/13 2:59,1681325987,cc-cc408-hya,data-node-13,9.9.2.155,elasticsearch_os_load5,0.57
2023/4/13 3:00,1681326047,cc-cc408-hya,data-node-13,9.9.2.155,elasticsearch_os_load5,0.47
2023/4/13 3:01,1681326107,cc-cc408-hya,data-node-13,9.9.2.155,elasticsearch_os_load5,0.39
2023/4/13 3:02,1681326167,cc-cc408-hya,data-node-13,9.9.2.155,elasticsearch_os_load5,0.35
2023/4/13 3:03,1681326227,cc-cc408-hya,data-node-13,9.9.2.155,elasticsearch_os_load5,0.39
2023/4/13 3:04,1681326287,cc-cc408-hya,data-node-13,9.9.2.155,elasticsearch_os_load5,0.35
2023/4/13 3:05,1681326347,cc-cc408-hya,data-node-13,9.9.2.155,elasticsearch_os_load5,0.37
2023/4/13 3:06,1681326407,cc-cc408-hya,data-node-13,9.9.2.155,elasticsearch_os_load5,0.44
2023/4/13 3:07,1681326467,cc-cc408-hya,data-node-13,9.9.2.155,elasticsearch_os_load5,0.47
2023/4/13 3:08,1681326527,cc-cc408-hya,data-node-13,9.9.2.155,elasticsearch_os_load5,0.49
2023/4/13 3:09,1681326587,cc-cc408-hya,data-node-13,9.9.2.155,elasticsearch_os_load5,0.52
2023/4/13 3:10,1681326647,cc-cc408-hya,data-node-13,9.9.2.155,elasticsearch_os_load5,0.64
2023/4/13 3:11,1681326707,cc-cc408-hya,data-node-13,9.9.2.155,elasticsearch_os_load5,0.64
2023/4/13 3:12,1681326767,cc-cc408-hya,data-node-13,9.9.2.155,elasticsearch_os_load5,0.57
2023/4/13 3:13,1681326827,cc-cc408-hya,data-node-13,9.9.2.155,elasticsearch_os_load5,0.5
2023/4/13 3:14,1681326887,cc-cc408-hya,data-node-13,9.9.2.155,elasticsearch_os_load5,0.53
2023/4/13 3:15,1681326947,cc-cc408-hya,data-node-13,9.9.2.155,elasticsearch_os_load5,0.75
2023/4/13 3:16,1681327007,cc-cc408-hya,data-node-13,9.9.2.155,elasticsearch_os_load5,0.69
2023/4/13 3:17,1681327067,cc-cc408-hya,data-node-13,9.9.2.155,elasticsearch_os_load5,0.66
2023/4/13 3:18,1681327127,cc-cc408-hya,data-node-13,9.9.2.155,elasticsearch_os_load5,0.57
2023/4/13 3:19,1681327187,cc-cc408-hya,data-node-13,9.9.2.155,elasticsearch_os_load5,0.49
2023/4/13 3:20,1681327247,cc-cc408-hya,data-node-13,9.9.2.155,elasticsearch_os_load5,0.43
2023/4/13 3:21,1681327307,cc-cc408-hya,data-node-13,9.9.2.155,elasticsearch_os_load5,0.37
2023/4/13 3:22,1681327367,cc-cc408-hya,data-node-13,9.9.2.155,elasticsearch_os_load5,0.35
2023/4/13 3:23,1681327427,cc-cc408-hya,data-node-13,9.9.2.155,elasticsearch_os_load5,0.41
2023/4/13 3:24,1681327487,cc-cc408-hya,data-node-13,9.9.2.155,elasticsearch_os_load5,0.33
2023/4/13 3:25,1681327547,cc-cc408-hya,data-node-13,9.9.2.155,elasticsearch_os_load5,0.27
2023/4/13 3:26,1681327607,cc-cc408-hya,data-node-13,9.9.2.155,elasticsearch_os_load5,0.25
2023/4/13 3:27,1681327667,cc-cc408-hya,data-node-13,9.9.2.155,elasticsearch_os_load5,0.28
2023/4/13 3:28,1681327727,cc-cc408-hya,data-node-13,9.9.2.155,elasticsearch_os_load5,0.26
2023/4/13 3:29,1681327787,cc-cc408-hya,data-node-13,9.9.2.155,elasticsearch_os_load5,0.22
2023/4/13 3:30,1681327847,cc-cc408-hya,data-node-13,9.9.2.155,elasticsearch_os_load5,0.24
2023/4/13 3:31,1681327907,cc-cc408-hya,data-node-13,9.9.2.155,elasticsearch_os_load5,0.24
2023/4/13 3:32,1681327967,cc-cc408-hya,data-node-13,9.9.2.155,elasticsearch_os_load5,0.26
2023/4/13 3:33,1681328027,cc-cc408-hya,data-node-13,9.9.2.155,elasticsearch_os_load5,0.24
2023/4/13 3:34,1681328087,cc-cc408-hya,data-node-13,9.9.2.155,elasticsearch_os_load5,0.21
2023/4/13 3:35,1681328147,cc-cc408-hya,data-node-13,9.9.2.155,elasticsearch_os_load5,0.25
2023/4/13 3:36,1681328207,cc-cc408-hya,data-node-13,9.9.2.155,elasticsearch_os_load5,0.26
2023/4/13 3:37,1681328267,cc-cc408-hya,data-node-13,9.9.2.155,elasticsearch_os_load5,0.39
2023/4/13 3:38,1681328327,cc-cc408-hya,data-node-13,9.9.2.155,elasticsearch_os_load5,0.53
2023/4/13 3:39,1681328387,cc-cc408-hya,data-node-13,9.9.2.155,elasticsearch_os_load5,0.58
2023/4/13 3:40,1681328447,cc-cc408-hya,data-node-13,9.9.2.155,elasticsearch_os_load5,0.56
2023/4/13 3:41,1681328507,cc-cc408-hya,data-node-13,9.9.2.155,elasticsearch_os_load5,0.5
2023/4/13 3:42,1681328567,cc-cc408-hya,data-node-13,9.9.2.155,elasticsearch_os_load5,0.44
2023/4/13 3:43,1681328627,cc-cc408-hya,data-node-13,9.9.2.155,elasticsearch_os_load5,0.37
2023/4/13 3:44,1681328687,cc-cc408-hya,data-node-13,9.9.2.155,elasticsearch_os_load5,0.35
2023/4/13 3:45,1681328747,cc-cc408-hya,data-node-13,9.9.2.155,elasticsearch_os_load5,0.35
2023/4/13 3:46,1681328807,cc-cc408-hya,data-node-13,9.9.2.155,elasticsearch_os_load5,0.33
2023/4/13 3:47,1681328867,cc-cc408-hya,data-node-13,9.9.2.155,elasticsearch_os_load5,0.34
2023/4/13 3:48,1681328927,cc-cc408-hya,data-node-13,9.9.2.155,elasticsearch_os_load5,0.39
2023/4/13 3:49,1681328987,cc-cc408-hya,data-node-13,9.9.2.155,elasticsearch_os_load5,0.41
2023/4/13 3:50,1681329047,cc-cc408-hya,data-node-13,9.9.2.155,elasticsearch_os_load5,0.45
2023/4/13 3:51,1681329107,cc-cc408-hya,data-node-13,9.9.2.155,elasticsearch_os_load5,0.63
2023/4/13 3:52,1681329167,cc-cc408-hya,data-node-13,9.9.2.155,elasticsearch_os_load5,0.69
2023/4/13 3:53,1681329227,cc-cc408-hya,data-node-13,9.9.2.155,elasticsearch_os_load5,0.71
2023/4/13 3:54,1681329287,cc-cc408-hya,data-node-13,9.9.2.155,elasticsearch_os_load5,0.65
2023/4/13 3:55,1681329347,cc-cc408-hya,data-node-13,9.9.2.155,elasticsearch_os_load5,0.56
2023/4/13 3:56,1681329407,cc-cc408-hya,data-node-13,9.9.2.155,elasticsearch_os_load5,0.48
2023/4/13 3:57,1681329467,cc-cc408-hya,data-node-13,9.9.2.155,elasticsearch_os_load5,0.42
2023/4/13 3:58,1681329527,cc-cc408-hya,data-node-13,9.9.2.155,elasticsearch_os_load5,0.45
2023/4/13 3:59,1681329587,cc-cc408-hya,data-node-13,9.9.2.155,elasticsearch_os_load5,0.47
2023/4/13 4:00,1681329647,cc-cc408-hya,data-node-13,9.9.2.155,elasticsearch_os_load5,0.46
2023/4/13 4:01,1681329707,cc-cc408-hya,data-node-13,9.9.2.155,elasticsearch_os_load5,0.42
2023/4/13 4:02,1681329767,cc-cc408-hya,data-node-13,9.9.2.155,elasticsearch_os_load5,0.34
2023/4/13 4:03,1681329827,cc-cc408-hya,data-node-13,9.9.2.155,elasticsearch_os_load5,0.32
2023/4/13 4:04,1681329887,cc-cc408-hya,data-node-13,9.9.2.155,elasticsearch_os_load5,0.26
2023/4/13 4:05,1681329947,cc-cc408-hya,data-node-13,9.9.2.155,elasticsearch_os_load5,0.31
2023/4/13 4:06,1681330007,cc-cc408-hya,data-node-13,9.9.2.155,elasticsearch_os_load5,0.32
2023/4/13 4:07,1681330067,cc-cc408-hya,data-node-13,9.9.2.155,elasticsearch_os_load5,0.38
2023/4/13 4:08,1681330127,cc-cc408-hya,data-node-13,9.9.2.155,elasticsearch_os_load5,0.39
2023/4/13 4:09,1681330187,cc-cc408-hya,data-node-13,9.9.2.155,elasticsearch_os_load5,0.41
2023/4/13 4:10,1681330247,cc-cc408-hya,data-node-13,9.9.2.155,elasticsearch_os_load5,0.33
2023/4/13 4:11,1681330307,cc-cc408-hya,data-node-13,9.9.2.155,elasticsearch_os_load5,0.28
2023/4/13 4:12,1681330367,cc-cc408-hya,data-node-13,9.9.2.155,elasticsearch_os_load5,0.24
2023/4/13 4:13,1681330427,cc-cc408-hya,data-node-13,9.9.2.155,elasticsearch_os_load5,0.23
2023/4/13 4:14,1681330487,cc-cc408-hya,data-node-13,9.9.2.155,elasticsearch_os_load5,0.2
2023/4/13 4:15,1681330547,cc-cc408-hya,data-node-13,9.9.2.155,elasticsearch_os_load5,0.2
2023/4/13 4:16,1681330607,cc-cc408-hya,data-node-13,9.9.2.155,elasticsearch_os_load5,0.22
2023/4/13 4:17,1681330667,cc-cc408-hya,data-node-13,9.9.2.155,elasticsearch_os_load5,0.22
2023/4/13 4:18,1681330727,cc-cc408-hya,data-node-13,9.9.2.155,elasticsearch_os_load5,0.21
2023/4/13 4:19,1681330787,cc-cc408-hya,data-node-13,9.9.2.155,elasticsearch_os_load5,0.38
2023/4/13 4:20,1681330847,cc-cc408-hya,data-node-13,9.9.2.155,elasticsearch_os_load5,0.45
2023/4/13 4:21,1681330907,cc-cc408-hya,data-node-13,9.9.2.155,elasticsearch_os_load5,0.53
2023/4/13 4:22,1681330967,cc-cc408-hya,data-node-13,9.9.2.155,elasticsearch_os_load5,0.49
2023/4/13 4:23,1681331027,cc-cc408-hya,data-node-13,9.9.2.155,elasticsearch_os_load5,0.4
2023/4/13 4:24,1681331087,cc-cc408-hya,data-node-13,9.9.2.155,elasticsearch_os_load5,0.37
2023/4/13 4:25,1681331147,cc-cc408-hya,data-node-13,9.9.2.155,elasticsearch_os_load5,0.35
2023/4/13 4:26,1681331207,cc-cc408-hya,data-node-13,9.9.2.155,elasticsearch_os_load5,0.39
2023/4/13 4:27,1681331267,cc-cc408-hya,data-node-13,9.9.2.155,elasticsearch_os_load5,0.38
2023/4/13 4:28,1681331327,cc-cc408-hya,data-node-13,9.9.2.155,elasticsearch_os_load5,0.32
2023/4/13 4:29,1681331387,cc-cc408-hya,data-node-13,9.9.2.155,elasticsearch_os_load5,0.26
2023/4/13 4:30,1681331447,cc-cc408-hya,data-node-13,9.9.2.155,elasticsearch_os_load5,0.37
2023/4/13 4:31,1681331507,cc-cc408-hya,data-node-13,9.9.2.155,elasticsearch_os_load5,0.41
2023/4/13 4:32,1681331567,cc-cc408-hya,data-node-13,9.9.2.155,elasticsearch_os_load5,0.48
2023/4/13 4:33,1681331627,cc-cc408-hya,data-node-13,9.9.2.155,elasticsearch_os_load5,0.63
2023/4/13 4:34,1681331687,cc-cc408-hya,data-node-13,9.9.2.155,elasticsearch_os_load5,1.34
2023/4/13 4:35,1681331747,cc-cc408-hya,data-node-13,9.9.2.155,elasticsearch_os_load5,1.22
2023/4/13 4:36,1681331807,cc-cc408-hya,data-node-13,9.9.2.155,elasticsearch_os_load5,1.42
2023/4/13 4:37,1681331867,cc-cc408-hya,data-node-13,9.9.2.155,elasticsearch_os_load5,1.29
2023/4/13 4:38,1681331927,cc-cc408-hya,data-node-13,9.9.2.155,elasticsearch_os_load5,1.11
2023/4/13 4:39,1681331987,cc-cc408-hya,data-node-13,9.9.2.155,elasticsearch_os_load5,0.96
2023/4/13 4:40,1681332047,cc-cc408-hya,data-node-13,9.9.2.155,elasticsearch_os_load5,0.86
2023/4/13 4:41,1681332107,cc-cc408-hya,data-node-13,9.9.2.155,elasticsearch_os_load5,0.78
2023/4/13 4:42,1681332167,cc-cc408-hya,data-node-13,9.9.2.155,elasticsearch_os_load5,0.75
2023/4/13 4:43,1681332227,cc-cc408-hya,data-node-13,9.9.2.155,elasticsearch_os_load5,0.7
2023/4/13 4:44,1681332287,cc-cc408-hya,data-node-13,9.9.2.155,elasticsearch_os_load5,0.59
2023/4/13 4:45,1681332347,cc-cc408-hya,data-node-13,9.9.2.155,elasticsearch_os_load5,0.59
2023/4/13 4:46,1681332407,cc-cc408-hya,data-node-13,9.9.2.155,elasticsearch_os_load5,0.51
2023/4/13 4:47,1681332467,cc-cc408-hya,data-node-13,9.9.2.155,elasticsearch_os_load5,0.46
2023/4/13 4:48,1681332527,cc-cc408-hya,data-node-13,9.9.2.155,elasticsearch_os_load5,0.42
2023/4/13 4:49,1681332587,cc-cc408-hya,data-node-13,9.9.2.155,elasticsearch_os_load5,0.34
2023/4/13 4:50,1681332647,cc-cc408-hya,data-node-13,9.9.2.155,elasticsearch_os_load5,0.29
2023/4/13 4:51,1681332707,cc-cc408-hya,data-node-13,9.9.2.155,elasticsearch_os_load5,0.52
2023/4/13 4:52,1681332767,cc-cc408-hya,data-node-13,9.9.2.155,elasticsearch_os_load5,0.54
2023/4/13 4:53,1681332827,cc-cc408-hya,data-node-13,9.9.2.155,elasticsearch_os_load5,0.5
2023/4/13 4:54,1681332887,cc-cc408-hya,data-node-13,9.9.2.155,elasticsearch_os_load5,0.45
2023/4/13 4:55,1681332947,cc-cc408-hya,data-node-13,9.9.2.155,elasticsearch_os_load5,0.41
2023/4/13 4:56,1681333007,cc-cc408-hya,data-node-13,9.9.2.155,elasticsearch_os_load5,0.37
2023/4/13 4:57,1681333067,cc-cc408-hya,data-node-13,9.9.2.155,elasticsearch_os_load5,0.3
2023/4/13 4:58,1681333127,cc-cc408-hya,data-node-13,9.9.2.155,elasticsearch_os_load5,0.27
2023/4/13 4:59,1681333187,cc-cc408-hya,data-node-13,9.9.2.155,elasticsearch_os_load5,0.29
2023/4/13 5:00,1681333247,cc-cc408-hya,data-node-13,9.9.2.155,elasticsearch_os_load5,0.45
2023/4/13 5:01,1681333307,cc-cc408-hya,data-node-13,9.9.2.155,elasticsearch_os_load5,0.79
2023/4/13 5:02,1681333367,cc-cc408-hya,data-node-13,9.9.2.155,elasticsearch_os_load5,0.9
2023/4/13 5:03,1681333427,cc-cc408-hya,data-node-13,9.9.2.155,elasticsearch_os_load5,0.97
2023/4/13 5:04,1681333487,cc-cc408-hya,data-node-13,9.9.2.155,elasticsearch_os_load5,0.9
2023/4/13 5:05,1681333547,cc-cc408-hya,data-node-13,9.9.2.155,elasticsearch_os_load5,0.84
2023/4/13 5:06,1681333607,cc-cc408-hya,data-node-13,9.9.2.155,elasticsearch_os_load5,0.7
2023/4/13 5:07,1681333667,cc-cc408-hya,data-node-13,9.9.2.155,elasticsearch_os_load5,0.61
2023/4/13 5:08,1681333727,cc-cc408-hya,data-node-13,9.9.2.155,elasticsearch_os_load5,0.53
2023/4/13 5:09,1681333787,cc-cc408-hya,data-node-13,9.9.2.155,elasticsearch_os_load5,0.46
2023/4/13 5:10,1681333847,cc-cc408-hya,data-node-13,9.9.2.155,elasticsearch_os_load5,0.39
2023/4/13 5:11,1681333907,cc-cc408-hya,data-node-13,9.9.2.155,elasticsearch_os_load5,0.36
2023/4/13 5:12,1681333967,cc-cc408-hya,data-node-13,9.9.2.155,elasticsearch_os_load5,0.43
2023/4/13 5:13,1681334027,cc-cc408-hya,data-node-13,9.9.2.155,elasticsearch_os_load5,0.47
2023/4/13 5:14,1681334087,cc-cc408-hya,data-node-13,9.9.2.155,elasticsearch_os_load5,0.48
2023/4/13 5:15,1681334147,cc-cc408-hya,data-node-13,9.9.2.155,elasticsearch_os_load5,0.75
2023/4/13 5:16,1681334207,cc-cc408-hya,data-node-13,9.9.2.155,elasticsearch_os_load5,0.78
2023/4/13 5:17,1681334267,cc-cc408-hya,data-node-13,9.9.2.155,elasticsearch_os_load5,0.78
2023/4/13 5:18,1681334327,cc-cc408-hya,data-node-13,9.9.2.155,elasticsearch_os_load5,0.68
2023/4/13 5:19,1681334387,cc-cc408-hya,data-node-13,9.9.2.155,elasticsearch_os_load5,0.58
2023/4/13 5:20,1681334447,cc-cc408-hya,data-node-13,9.9.2.155,elasticsearch_os_load5,0.54
2023/4/13 5:21,1681334507,cc-cc408-hya,data-node-13,9.9.2.155,elasticsearch_os_load5,0.53
2023/4/13 5:22,1681334567,cc-cc408-hya,data-node-13,9.9.2.155,elasticsearch_os_load5,0.49
2023/4/13 5:23,1681334627,cc-cc408-hya,data-node-13,9.9.2.155,elasticsearch_os_load5,0.4
2023/4/13 5:24,1681334687,cc-cc408-hya,data-node-13,9.9.2.155,elasticsearch_os_load5,0.4
2023/4/13 5:25,1681334747,cc-cc408-hya,data-node-13,9.9.2.155,elasticsearch_os_load5,0.37
2023/4/13 5:26,1681334807,cc-cc408-hya,data-node-13,9.9.2.155,elasticsearch_os_load5,0.3
2023/4/13 5:27,1681334867,cc-cc408-hya,data-node-13,9.9.2.155,elasticsearch_os_load5,0.3
2023/4/13 5:28,1681334927,cc-cc408-hya,data-node-13,9.9.2.155,elasticsearch_os_load5,0.29
2023/4/13 5:29,1681334987,cc-cc408-hya,data-node-13,9.9.2.155,elasticsearch_os_load5,0.32
2023/4/13 5:30,1681335047,cc-cc408-hya,data-node-13,9.9.2.155,elasticsearch_os_load5,0.3
2023/4/13 5:31,1681335107,cc-cc408-hya,data-node-13,9.9.2.155,elasticsearch_os_load5,0.28
2023/4/13 5:32,1681335167,cc-cc408-hya,data-node-13,9.9.2.155,elasticsearch_os_load5,0.3
2023/4/13 5:33,1681335227,cc-cc408-hya,data-node-13,9.9.2.155,elasticsearch_os_load5,0.3
2023/4/13 5:34,1681335287,cc-cc408-hya,data-node-13,9.9.2.155,elasticsearch_os_load5,0.26
2023/4/13 5:35,1681335347,cc-cc408-hya,data-node-13,9.9.2.155,elasticsearch_os_load5,0.27
2023/4/13 5:36,1681335407,cc-cc408-hya,data-node-13,9.9.2.155,elasticsearch_os_load5,0.28
2023/4/13 5:37,1681335467,cc-cc408-hya,data-node-13,9.9.2.155,elasticsearch_os_load5,0.38
2023/4/13 5:38,1681335527,cc-cc408-hya,data-node-13,9.9.2.155,elasticsearch_os_load5,0.34
2023/4/13 5:39,1681335587,cc-cc408-hya,data-node-13,9.9.2.155,elasticsearch_os_load5,0.29
2023/4/13 5:40,1681335647,cc-cc408-hya,data-node-13,9.9.2.155,elasticsearch_os_load5,0.27
2023/4/13 5:41,1681335707,cc-cc408-hya,data-node-13,9.9.2.155,elasticsearch_os_load5,0.26
2023/4/13 5:42,1681335767,cc-cc408-hya,data-node-13,9.9.2.155,elasticsearch_os_load5,0.32
2023/4/13 5:43,1681335827,cc-cc408-hya,data-node-13,9.9.2.155,elasticsearch_os_load5,0.32
2023/4/13 5:44,1681335887,cc-cc408-hya,data-node-13,9.9.2.155,elasticsearch_os_load5,0.49
2023/4/13 5:45,1681335947,cc-cc408-hya,data-node-13,9.9.2.155,elasticsearch_os_load5,0.58
2023/4/13 5:46,1681336007,cc-cc408-hya,data-node-13,9.9.2.155,elasticsearch_os_load5,0.67
2023/4/13 5:47,1681336067,cc-cc408-hya,data-node-13,9.9.2.155,elasticsearch_os_load5,0.6
2023/4/13 5:48,1681336127,cc-cc408-hya,data-node-13,9.9.2.155,elasticsearch_os_load5,0.51
2023/4/13 5:49,1681336187,cc-cc408-hya,data-node-13,9.9.2.155,elasticsearch_os_load5,0.46
2023/4/13 5:50,1681336247,cc-cc408-hya,data-node-13,9.9.2.155,elasticsearch_os_load5,0.46
2023/4/13 5:51,1681336307,cc-cc408-hya,data-node-13,9.9.2.155,elasticsearch_os_load5,0.44
2023/4/13 5:52,1681336367,cc-cc408-hya,data-node-13,9.9.2.155,elasticsearch_os_load5,0.39
2023/4/13 5:53,1681336427,cc-cc408-hya,data-node-13,9.9.2.155,elasticsearch_os_load5,0.36
2023/4/13 5:54,1681336487,cc-cc408-hya,data-node-13,9.9.2.155,elasticsearch_os_load5,0.37
2023/4/13 5:55,1681336547,cc-cc408-hya,data-node-13,9.9.2.155,elasticsearch_os_load5,0.44
2023/4/13 5:56,1681336607,cc-cc408-hya,data-node-13,9.9.2.155,elasticsearch_os_load5,0.48
2023/4/13 5:57,1681336667,cc-cc408-hya,data-node-13,9.9.2.155,elasticsearch_os_load5,0.79
2023/4/13 5:58,1681336727,cc-cc408-hya,data-node-13,9.9.2.155,elasticsearch_os_load5,0.99
2023/4/13 5:59,1681336787,cc-cc408-hya,data-node-13,9.9.2.155,elasticsearch_os_load5,1.07
2023/4/13 6:00,1681336847,cc-cc408-hya,data-node-13,9.9.2.155,elasticsearch_os_load5,1.01
2023/4/13 6:01,1681336907,cc-cc408-hya,data-node-13,9.9.2.155,elasticsearch_os_load5,0.94
2023/4/13 6:02,1681336967,cc-cc408-hya,data-node-13,9.9.2.155,elasticsearch_os_load5,0.92
2023/4/13 6:03,1681337027,cc-cc408-hya,data-node-13,9.9.2.155,elasticsearch_os_load5,0.86
2023/4/13 6:04,1681337087,cc-cc408-hya,data-node-13,9.9.2.155,elasticsearch_os_load5,0.84
2023/4/13 6:05,1681337147,cc-cc408-hya,data-node-13,9.9.2.155,elasticsearch_os_load5,0.79
2023/4/13 6:06,1681337207,cc-cc408-hya,data-node-13,9.9.2.155,elasticsearch_os_load5,0.7
2023/4/13 6:07,1681337267,cc-cc408-hya,data-node-13,9.9.2.155,elasticsearch_os_load5,0.62
2023/4/13 6:08,1681337327,cc-cc408-hya,data-node-13,9.9.2.155,elasticsearch_os_load5,0.56
2023/4/13 6:09,1681337387,cc-cc408-hya,data-node-13,9.9.2.155,elasticsearch_os_load5,0.49
2023/4/13 6:10,1681337447,cc-cc408-hya,data-node-13,9.9.2.155,elasticsearch_os_load5,0.46
2023/4/13 6:11,1681337507,cc-cc408-hya,data-node-13,9.9.2.155,elasticsearch_os_load5,0.43
2023/4/13 6:12,1681337567,cc-cc408-hya,data-node-13,9.9.2.155,elasticsearch_os_load5,0.36
2023/4/13 6:13,1681337627,cc-cc408-hya,data-node-13,9.9.2.155,elasticsearch_os_load5,0.33
2023/4/13 6:14,1681337687,cc-cc408-hya,data-node-13,9.9.2.155,elasticsearch_os_load5,0.34
2023/4/13 6:15,1681337747,cc-cc408-hya,data-node-13,9.9.2.155,elasticsearch_os_load5,0.37
2023/4/13 6:16,1681337807,cc-cc408-hya,data-node-13,9.9.2.155,elasticsearch_os_load5,0.35
2023/4/13 6:17,1681337867,cc-cc408-hya,data-node-13,9.9.2.155,elasticsearch_os_load5,0.28
2023/4/13 6:18,1681337927,cc-cc408-hya,data-node-13,9.9.2.155,elasticsearch_os_load5,0.26
2023/4/13 6:19,1681337987,cc-cc408-hya,data-node-13,9.9.2.155,elasticsearch_os_load5,0.23
2023/4/13 6:20,1681338047,cc-cc408-hya,data-node-13,9.9.2.155,elasticsearch_os_load5,0.35
2023/4/13 6:21,1681338107,cc-cc408-hya,data-node-13,9.9.2.155,elasticsearch_os_load5,0.43
2023/4/13 6:22,1681338167,cc-cc408-hya,data-node-13,9.9.2.155,elasticsearch_os_load5,0.4
2023/4/13 6:23,1681338227,cc-cc408-hya,data-node-13,9.9.2.155,elasticsearch_os_load5,0.34
2023/4/13 6:24,1681338287,cc-cc408-hya,data-node-13,9.9.2.155,elasticsearch_os_load5,0.35
2023/4/13 6:25,1681338347,cc-cc408-hya,data-node-13,9.9.2.155,elasticsearch_os_load5,0.36
2023/4/13 6:26,1681338407,cc-cc408-hya,data-node-13,9.9.2.155,elasticsearch_os_load5,0.43
2023/4/13 6:27,1681338467,cc-cc408-hya,data-node-13,9.9.2.155,elasticsearch_os_load5,0.48
2023/4/13 6:28,1681338527,cc-cc408-hya,data-node-13,9.9.2.155,elasticsearch_os_load5,0.47
2023/4/13 6:29,1681338587,cc-cc408-hya,data-node-13,9.9.2.155,elasticsearch_os_load5,0.39
2023/4/13 6:30,1681338647,cc-cc408-hya,data-node-13,9.9.2.155,elasticsearch_os_load5,0.34
2023/4/13 6:31,1681338707,cc-cc408-hya,data-node-13,9.9.2.155,elasticsearch_os_load5,0.4
2023/4/13 6:32,1681338767,cc-cc408-hya,data-node-13,9.9.2.155,elasticsearch_os_load5,0.37
2023/4/13 6:33,1681338827,cc-cc408-hya,data-node-13,9.9.2.155,elasticsearch_os_load5,0.33
2023/4/13 6:34,1681338887,cc-cc408-hya,data-node-13,9.9.2.155,elasticsearch_os_load5,0.27
2023/4/13 6:35,1681338947,cc-cc408-hya,data-node-13,9.9.2.155,elasticsearch_os_load5,0.32
2023/4/13 6:36,1681339007,cc-cc408-hya,data-node-13,9.9.2.155,elasticsearch_os_load5,0.28
2023/4/13 6:37,1681339067,cc-cc408-hya,data-node-13,9.9.2.155,elasticsearch_os_load5,0.3
2023/4/13 6:38,1681339127,cc-cc408-hya,data-node-13,9.9.2.155,elasticsearch_os_load5,0.6
2023/4/13 6:39,1681339187,cc-cc408-hya,data-node-13,9.9.2.155,elasticsearch_os_load5,0.66
2023/4/13 6:40,1681339247,cc-cc408-hya,data-node-13,9.9.2.155,elasticsearch_os_load5,0.73
2023/4/13 6:41,1681339307,cc-cc408-hya,data-node-13,9.9.2.155,elasticsearch_os_load5,0.8
2023/4/13 6:42,1681339367,cc-cc408-hya,data-node-13,9.9.2.155,elasticsearch_os_load5,0.75
2023/4/13 6:43,1681339427,cc-cc408-hya,data-node-13,9.9.2.155,elasticsearch_os_load5,0.67
2023/4/13 6:44,1681339487,cc-cc408-hya,data-node-13,9.9.2.155,elasticsearch_os_load5,0.61
2023/4/13 6:45,1681339547,cc-cc408-hya,data-node-13,9.9.2.155,elasticsearch_os_load5,0.61
2023/4/13 6:46,1681339607,cc-cc408-hya,data-node-13,9.9.2.155,elasticsearch_os_load5,0.59
2023/4/13 6:47,1681339667,cc-cc408-hya,data-node-13,9.9.2.155,elasticsearch_os_load5,0.59
2023/4/13 6:48,1681339727,cc-cc408-hya,data-node-13,9.9.2.155,elasticsearch_os_load5,0.53
2023/4/13 6:49,1681339787,cc-cc408-hya,data-node-13,9.9.2.155,elasticsearch_os_load5,0.51
2023/4/13 6:50,1681339847,cc-cc408-hya,data-node-13,9.9.2.155,elasticsearch_os_load5,0.61
2023/4/13 6:51,1681339907,cc-cc408-hya,data-node-13,9.9.2.155,elasticsearch_os_load5,0.77
2023/4/13 6:52,1681339967,cc-cc408-hya,data-node-13,9.9.2.155,elasticsearch_os_load5,0.86
2023/4/13 6:53,1681340027,cc-cc408-hya,data-node-13,9.9.2.155,elasticsearch_os_load5,0.81
2023/4/13 6:54,1681340087,cc-cc408-hya,data-node-13,9.9.2.155,elasticsearch_os_load5,1.06
2023/4/13 6:55,1681340147,cc-cc408-hya,data-node-13,9.9.2.155,elasticsearch_os_load5,0.94
2023/4/13 6:56,1681340207,cc-cc408-hya,data-node-13,9.9.2.155,elasticsearch_os_load5,0.85
2023/4/13 6:57,1681340267,cc-cc408-hya,data-node-13,9.9.2.155,elasticsearch_os_load5,0.76
2023/4/13 6:58,1681340327,cc-cc408-hya,data-node-13,9.9.2.155,elasticsearch_os_load5,0.67
2023/4/13 6:59,1681340387,cc-cc408-hya,data-node-13,9.9.2.155,elasticsearch_os_load5,0.64
2023/4/13 7:00,1681340447,cc-cc408-hya,data-node-13,9.9.2.155,elasticsearch_os_load5,0.64
2023/4/13 7:01,1681340507,cc-cc408-hya,data-node-13,9.9.2.155,elasticsearch_os_load5,0.6
2023/4/13 7:02,1681340567,cc-cc408-hya,data-node-13,9.9.2.155,elasticsearch_os_load5,0.5
2023/4/13 7:03,1681340627,cc-cc408-hya,data-node-13,9.9.2.155,elasticsearch_os_load5,0.42
2023/4/13 7:04,1681340687,cc-cc408-hya,data-node-13,9.9.2.155,elasticsearch_os_load5,0.49
2023/4/13 7:05,1681340747,cc-cc408-hya,data-node-13,9.9.2.155,elasticsearch_os_load5,0.44
2023/4/13 7:06,1681340807,cc-cc408-hya,data-node-13,9.9.2.155,elasticsearch_os_load5,0.44
2023/4/13 7:07,1681340867,cc-cc408-hya,data-node-13,9.9.2.155,elasticsearch_os_load5,0.4
2023/4/13 7:08,1681340927,cc-cc408-hya,data-node-13,9.9.2.155,elasticsearch_os_load5,0.5
2023/4/13 7:09,1681340987,cc-cc408-hya,data-node-13,9.9.2.155,elasticsearch_os_load5,0.58
2023/4/13 7:10,1681341047,cc-cc408-hya,data-node-13,9.9.2.155,elasticsearch_os_load5,0.6
2023/4/13 7:11,1681341107,cc-cc408-hya,data-node-13,9.9.2.155,elasticsearch_os_load5,0.66
2023/4/13 7:12,1681341167,cc-cc408-hya,data-node-13,9.9.2.155,elasticsearch_os_load5,0.65
2023/4/13 7:13,1681341227,cc-cc408-hya,data-node-13,9.9.2.155,elasticsearch_os_load5,0.71
2023/4/13 7:14,1681341287,cc-cc408-hya,data-node-13,9.9.2.155,elasticsearch_os_load5,0.64
2023/4/13 7:15,1681341347,cc-cc408-hya,data-node-13,9.9.2.155,elasticsearch_os_load5,0.62
2023/4/13 7:16,1681341407,cc-cc408-hya,data-node-13,9.9.2.155,elasticsearch_os_load5,0.6
2023/4/13 7:17,1681341467,cc-cc408-hya,data-node-13,9.9.2.155,elasticsearch_os_load5,0.52
2023/4/13 7:18,1681341527,cc-cc408-hya,data-node-13,9.9.2.155,elasticsearch_os_load5,0.52
2023/4/13 7:19,1681341587,cc-cc408-hya,data-node-13,9.9.2.155,elasticsearch_os_load5,0.66
2023/4/13 7:20,1681341647,cc-cc408-hya,data-node-13,9.9.2.155,elasticsearch_os_load5,0.82
2023/4/13 7:21,1681341707,cc-cc408-hya,data-node-13,9.9.2.155,elasticsearch_os_load5,0.9
2023/4/13 7:22,1681341767,cc-cc408-hya,data-node-13,9.9.2.155,elasticsearch_os_load5,1.01
2023/4/13 7:23,1681341827,cc-cc408-hya,data-node-13,9.9.2.155,elasticsearch_os_load5,0.97
2023/4/13 7:24,1681341887,cc-cc408-hya,data-node-13,9.9.2.155,elasticsearch_os_load5,1.02
2023/4/13 7:25,1681341947,cc-cc408-hya,data-node-13,9.9.2.155,elasticsearch_os_load5,0.94
2023/4/13 7:26,1681342007,cc-cc408-hya,data-node-13,9.9.2.155,elasticsearch_os_load5,0.9
2023/4/13 7:27,1681342067,cc-cc408-hya,data-node-13,9.9.2.155,elasticsearch_os_load5,0.93
2023/4/13 7:28,1681342127,cc-cc408-hya,data-node-13,9.9.2.155,elasticsearch_os_load5,0.79
2023/4/13 7:29,1681342187,cc-cc408-hya,data-node-13,9.9.2.155,elasticsearch_os_load5,0.79
2023/4/13 7:30,1681342247,cc-cc408-hya,data-node-13,9.9.2.155,elasticsearch_os_load5,0.75
2023/4/13 7:31,1681342307,cc-cc408-hya,data-node-13,9.9.2.155,elasticsearch_os_load5,0.66
2023/4/13 7:32,1681342367,cc-cc408-hya,data-node-13,9.9.2.155,elasticsearch_os_load5,0.6
2023/4/13 7:33,1681342427,cc-cc408-hya,data-node-13,9.9.2.155,elasticsearch_os_load5,0.52
2023/4/13 7:34,1681342487,cc-cc408-hya,data-node-13,9.9.2.155,elasticsearch_os_load5,0.61
2023/4/13 7:35,1681342547,cc-cc408-hya,data-node-13,9.9.2.155,elasticsearch_os_load5,0.66
2023/4/13 7:36,1681342607,cc-cc408-hya,data-node-13,9.9.2.155,elasticsearch_os_load5,0.57
2023/4/13 7:37,1681342667,cc-cc408-hya,data-node-13,9.9.2.155,elasticsearch_os_load5,0.61
2023/4/13 7:38,1681342727,cc-cc408-hya,data-node-13,9.9.2.155,elasticsearch_os_load5,0.59
2023/4/13 7:39,1681342787,cc-cc408-hya,data-node-13,9.9.2.155,elasticsearch_os_load5,0.59
2023/4/13 7:40,1681342847,cc-cc408-hya,data-node-13,9.9.2.155,elasticsearch_os_load5,0.7
2023/4/13 7:41,1681342907,cc-cc408-hya,data-node-13,9.9.2.155,elasticsearch_os_load5,0.6
2023/4/13 7:42,1681342967,cc-cc408-hya,data-node-13,9.9.2.155,elasticsearch_os_load5,0.57
2023/4/13 7:43,1681343027,cc-cc408-hya,data-node-13,9.9.2.155,elasticsearch_os_load5,0.57
2023/4/13 7:44,1681343087,cc-cc408-hya,data-node-13,9.9.2.155,elasticsearch_os_load5,0.53
2023/4/13 7:45,1681343147,cc-cc408-hya,data-node-13,9.9.2.155,elasticsearch_os_load5,0.5
2023/4/13 7:46,1681343207,cc-cc408-hya,data-node-13,9.9.2.155,elasticsearch_os_load5,0.58
2023/4/13 7:47,1681343267,cc-cc408-hya,data-node-13,9.9.2.155,elasticsearch_os_load5,0.59
2023/4/13 7:48,1681343327,cc-cc408-hya,data-node-13,9.9.2.155,elasticsearch_os_load5,0.6
2023/4/13 7:49,1681343387,cc-cc408-hya,data-node-13,9.9.2.155,elasticsearch_os_load5,0.72
2023/4/13 7:50,1681343447,cc-cc408-hya,data-node-13,9.9.2.155,elasticsearch_os_load5,0.85
2023/4/13 7:51,1681343507,cc-cc408-hya,data-node-13,9.9.2.155,elasticsearch_os_load5,1.11
2023/4/13 7:52,1681343567,cc-cc408-hya,data-node-13,9.9.2.155,elasticsearch_os_load5,1.15
2023/4/13 7:53,1681343627,cc-cc408-hya,data-node-13,9.9.2.155,elasticsearch_os_load5,1.14
2023/4/13 7:54,1681343687,cc-cc408-hya,data-node-13,9.9.2.155,elasticsearch_os_load5,1.12
2023/4/13 7:55,1681343747,cc-cc408-hya,data-node-13,9.9.2.155,elasticsearch_os_load5,1.14
2023/4/13 7:56,1681343807,cc-cc408-hya,data-node-13,9.9.2.155,elasticsearch_os_load5,0.99
2023/4/13 7:57,1681343867,cc-cc408-hya,data-node-13,9.9.2.155,elasticsearch_os_load5,0.9
2023/4/13 7:58,1681343927,cc-cc408-hya,data-node-13,9.9.2.155,elasticsearch_os_load5,0.78
2023/4/13 7:59,1681343987,cc-cc408-hya,data-node-13,9.9.2.155,elasticsearch_os_load5,0.75
2023/4/13 8:00,1681344047,cc-cc408-hya,data-node-13,9.9.2.155,elasticsearch_os_load5,0.87
2023/4/13 8:01,1681344107,cc-cc408-hya,data-node-13,9.9.2.155,elasticsearch_os_load5,1.21
2023/4/13 8:02,1681344167,cc-cc408-hya,data-node-13,9.9.2.155,elasticsearch_os_load5,1.61
2023/4/13 8:03,1681344227,cc-cc408-hya,data-node-13,9.9.2.155,elasticsearch_os_load5,1.96
2023/4/13 8:04,1681344287,cc-cc408-hya,data-node-13,9.9.2.155,elasticsearch_os_load5,2.12
2023/4/13 8:05,1681344347,cc-cc408-hya,data-node-13,9.9.2.155,elasticsearch_os_load5,2.15
2023/4/13 8:06,1681344407,cc-cc408-hya,data-node-13,9.9.2.155,elasticsearch_os_load5,2.13
2023/4/13 8:07,1681344467,cc-cc408-hya,data-node-13,9.9.2.155,elasticsearch_os_load5,2.07
2023/4/13 8:08,1681344527,cc-cc408-hya,data-node-13,9.9.2.155,elasticsearch_os_load5,2.26
2023/4/13 8:09,1681344587,cc-cc408-hya,data-node-13,9.9.2.155,elasticsearch_os_load5,2.82
2023/4/13 8:10,1681344647,cc-cc408-hya,data-node-13,9.9.2.155,elasticsearch_os_load5,2.71
2023/4/13 8:11,1681344707,cc-cc408-hya,data-node-13,9.9.2.155,elasticsearch_os_load5,2.33
2023/4/13 8:12,1681344767,cc-cc408-hya,data-node-13,9.9.2.155,elasticsearch_os_load5,2.12
2023/4/13 8:13,1681344827,cc-cc408-hya,data-node-13,9.9.2.155,elasticsearch_os_load5,1.83
2023/4/13 8:14,1681344887,cc-cc408-hya,data-node-13,9.9.2.155,elasticsearch_os_load5,1.65
2023/4/13 8:15,1681344947,cc-cc408-hya,data-node-13,9.9.2.155,elasticsearch_os_load5,1.51
2023/4/13 8:16,1681345007,cc-cc408-hya,data-node-13,9.9.2.155,elasticsearch_os_load5,1.51
2023/4/13 8:17,1681345067,cc-cc408-hya,data-node-13,9.9.2.155,elasticsearch_os_load5,1.36
2023/4/13 8:18,1681345127,cc-cc408-hya,data-node-13,9.9.2.155,elasticsearch_os_load5,1.37
2023/4/13 8:19,1681345187,cc-cc408-hya,data-node-13,9.9.2.155,elasticsearch_os_load5,1.35
2023/4/13 8:20,1681345247,cc-cc408-hya,data-node-13,9.9.2.155,elasticsearch_os_load5,1.23
2023/4/13 8:21,1681345307,cc-cc408-hya,data-node-13,9.9.2.155,elasticsearch_os_load5,1.31
2023/4/13 8:22,1681345367,cc-cc408-hya,data-node-13,9.9.2.155,elasticsearch_os_load5,1.84
2023/4/13 8:23,1681345427,cc-cc408-hya,data-node-13,9.9.2.155,elasticsearch_os_load5,1.68
2023/4/13 8:24,1681345487,cc-cc408-hya,data-node-13,9.9.2.155,elasticsearch_os_load5,1.54
2023/4/13 8:25,1681345547,cc-cc408-hya,data-node-13,9.9.2.155,elasticsearch_os_load5,1.38
2023/4/13 8:26,1681345607,cc-cc408-hya,data-node-13,9.9.2.155,elasticsearch_os_load5,1.37
2023/4/13 8:27,1681345667,cc-cc408-hya,data-node-13,9.9.2.155,elasticsearch_os_load5,1.43
2023/4/13 8:28,1681345727,cc-cc408-hya,data-node-13,9.9.2.155,elasticsearch_os_load5,1.31
2023/4/13 8:29,1681345787,cc-cc408-hya,data-node-13,9.9.2.155,elasticsearch_os_load5,1.29
2023/4/13 8:30,1681345847,cc-cc408-hya,data-node-13,9.9.2.155,elasticsearch_os_load5,1.36
2023/4/13 8:31,1681345907,cc-cc408-hya,data-node-13,9.9.2.155,elasticsearch_os_load5,1.36
2023/4/13 8:32,1681345967,cc-cc408-hya,data-node-13,9.9.2.155,elasticsearch_os_load5,1.32
2023/4/13 8:33,1681346027,cc-cc408-hya,data-node-13,9.9.2.155,elasticsearch_os_load5,1.37
2023/4/13 8:34,1681346087,cc-cc408-hya,data-node-13,9.9.2.155,elasticsearch_os_load5,1.46
2023/4/13 8:35,1681346147,cc-cc408-hya,data-node-13,9.9.2.155,elasticsearch_os_load5,1.42
2023/4/13 8:36,1681346207,cc-cc408-hya,data-node-13,9.9.2.155,elasticsearch_os_load5,1.42
2023/4/13 8:37,1681346267,cc-cc408-hya,data-node-13,9.9.2.155,elasticsearch_os_load5,1.46
2023/4/13 8:38,1681346327,cc-cc408-hya,data-node-13,9.9.2.155,elasticsearch_os_load5,1.33
2023/4/13 8:39,1681346387,cc-cc408-hya,data-node-13,9.9.2.155,elasticsearch_os_load5,1.34
2023/4/13 8:40,1681346447,cc-cc408-hya,data-node-13,9.9.2.155,elasticsearch_os_load5,1.34
2023/4/13 8:41,1681346507,cc-cc408-hya,data-node-13,9.9.2.155,elasticsearch_os_load5,1.32
2023/4/13 8:42,1681346567,cc-cc408-hya,data-node-13,9.9.2.155,elasticsearch_os_load5,1.36
2023/4/13 8:43,1681346627,cc-cc408-hya,data-node-13,9.9.2.155,elasticsearch_os_load5,1.34
2023/4/13 8:44,1681346687,cc-cc408-hya,data-node-13,9.9.2.155,elasticsearch_os_load5,1.52
2023/4/13 8:45,1681346747,cc-cc408-hya,data-node-13,9.9.2.155,elasticsearch_os_load5,1.54
2023/4/13 8:46,1681346807,cc-cc408-hya,data-node-13,9.9.2.155,elasticsearch_os_load5,1.63
2023/4/13 8:47,1681346867,cc-cc408-hya,data-node-13,9.9.2.155,elasticsearch_os_load5,1.59
2023/4/13 8:48,1681346927,cc-cc408-hya,data-node-13,9.9.2.155,elasticsearch_os_load5,1.65
2023/4/13 8:49,1681346987,cc-cc408-hya,data-node-13,9.9.2.155,elasticsearch_os_load5,1.48
2023/4/13 8:50,1681347047,cc-cc408-hya,data-node-13,9.9.2.155,elasticsearch_os_load5,1.5
2023/4/13 8:51,1681347107,cc-cc408-hya,data-node-13,9.9.2.155,elasticsearch_os_load5,1.74
2023/4/13 8:52,1681347167,cc-cc408-hya,data-node-13,9.9.2.155,elasticsearch_os_load5,1.75
2023/4/13 8:53,1681347227,cc-cc408-hya,data-node-13,9.9.2.155,elasticsearch_os_load5,1.7
2023/4/13 8:54,1681347287,cc-cc408-hya,data-node-13,9.9.2.155,elasticsearch_os_load5,1.85
2023/4/13 8:55,1681347347,cc-cc408-hya,data-node-13,9.9.2.155,elasticsearch_os_load5,2.05
2023/4/13 8:56,1681347407,cc-cc408-hya,data-node-13,9.9.2.155,elasticsearch_os_load5,2.08
2023/4/13 8:57,1681347467,cc-cc408-hya,data-node-13,9.9.2.155,elasticsearch_os_load5,2.07
2023/4/13 8:58,1681347527,cc-cc408-hya,data-node-13,9.9.2.155,elasticsearch_os_load5,2.04
2023/4/13 8:59,1681347587,cc-cc408-hya,data-node-13,9.9.2.155,elasticsearch_os_load5,2
2023/4/13 9:00,1681347647,cc-cc408-hya,data-node-13,9.9.2.155,elasticsearch_os_load5,2.2
2023/4/13 9:01,1681347707,cc-cc408-hya,data-node-13,9.9.2.155,elasticsearch_os_load5,2.27
2023/4/13 9:02,1681347767,cc-cc408-hya,data-node-13,9.9.2.155,elasticsearch_os_load5,2.26
2023/4/13 9:03,1681347827,cc-cc408-hya,data-node-13,9.9.2.155,elasticsearch_os_load5,2.28
2023/4/13 9:04,1681347887,cc-cc408-hya,data-node-13,9.9.2.155,elasticsearch_os_load5,2.35
2023/4/13 9:05,1681347947,cc-cc408-hya,data-node-13,9.9.2.155,elasticsearch_os_load5,2.32
2023/4/13 9:06,1681348007,cc-cc408-hya,data-node-13,9.9.2.155,elasticsearch_os_load5,2.46
2023/4/13 9:07,1681348067,cc-cc408-hya,data-node-13,9.9.2.155,elasticsearch_os_load5,2.54
2023/4/13 9:08,1681348127,cc-cc408-hya,data-node-13,9.9.2.155,elasticsearch_os_load5,2.46
2023/4/13 9:09,1681348187,cc-cc408-hya,data-node-13,9.9.2.155,elasticsearch_os_load5,2.58
2023/4/13 9:10,1681348247,cc-cc408-hya,data-node-13,9.9.2.155,elasticsearch_os_load5,2.95
2023/4/13 9:11,1681348307,cc-cc408-hya,data-node-13,9.9.2.155,elasticsearch_os_load5,3.1
2023/4/13 9:12,1681348367,cc-cc408-hya,data-node-13,9.9.2.155,elasticsearch_os_load5,3.43
2023/4/13 9:13,1681348427,cc-cc408-hya,data-node-13,9.9.2.155,elasticsearch_os_load5,3.72
2023/4/13 9:14,1681348487,cc-cc408-hya,data-node-13,9.9.2.155,elasticsearch_os_load5,3.95
2023/4/13 9:15,1681348547,cc-cc408-hya,data-node-13,9.9.2.155,elasticsearch_os_load5,4.3
2023/4/13 9:16,1681348607,cc-cc408-hya,data-node-13,9.9.2.155,elasticsearch_os_load5,4.24
2023/4/13 9:17,1681348667,cc-cc408-hya,data-node-13,9.9.2.155,elasticsearch_os_load5,4.31
2023/4/13 9:18,1681348727,cc-cc408-hya,data-node-13,9.9.2.155,elasticsearch_os_load5,3.99
2023/4/13 9:19,1681348787,cc-cc408-hya,data-node-13,9.9.2.155,elasticsearch_os_load5,3.79
2023/4/13 9:20,1681348847,cc-cc408-hya,data-node-13,9.9.2.155,elasticsearch_os_load5,3.67
2023/4/13 9:21,1681348907,cc-cc408-hya,data-node-13,9.9.2.155,elasticsearch_os_load5,3.55
2023/4/13 9:22,1681348967,cc-cc408-hya,data-node-13,9.9.2.155,elasticsearch_os_load5,3.67
2023/4/13 9:23,1681349027,cc-cc408-hya,data-node-13,9.9.2.155,elasticsearch_os_load5,3.59
2023/4/13 9:24,1681349087,cc-cc408-hya,data-node-13,9.9.2.155,elasticsearch_os_load5,3.55
2023/4/13 9:25,1681349147,cc-cc408-hya,data-node-13,9.9.2.155,elasticsearch_os_load5,3.62
2023/4/13 9:26,1681349207,cc-cc408-hya,data-node-13,9.9.2.155,elasticsearch_os_load5,3.8
2023/4/13 9:27,1681349267,cc-cc408-hya,data-node-13,9.9.2.155,elasticsearch_os_load5,3.77
2023/4/13 9:28,1681349327,cc-cc408-hya,data-node-13,9.9.2.155,elasticsearch_os_load5,3.68
2023/4/13 9:29,1681349387,cc-cc408-hya,data-node-13,9.9.2.155,elasticsearch_os_load5,3.39
2023/4/13 9:30,1681349447,cc-cc408-hya,data-node-13,9.9.2.155,elasticsearch_os_load5,3.41
2023/4/13 9:31,1681349507,cc-cc408-hya,data-node-13,9.9.2.155,elasticsearch_os_load5,3.54
2023/4/13 9:32,1681349567,cc-cc408-hya,data-node-13,9.9.2.155,elasticsearch_os_load5,3.76
2023/4/13 9:33,1681349627,cc-cc408-hya,data-node-13,9.9.2.155,elasticsearch_os_load5,3.52
2023/4/13 9:34,1681349687,cc-cc408-hya,data-node-13,9.9.2.155,elasticsearch_os_load5,3.62
2023/4/13 9:35,1681349747,cc-cc408-hya,data-node-13,9.9.2.155,elasticsearch_os_load5,3.57
2023/4/13 9:36,1681349807,cc-cc408-hya,data-node-13,9.9.2.155,elasticsearch_os_load5,3.62
2023/4/13 9:37,1681349867,cc-cc408-hya,data-node-13,9.9.2.155,elasticsearch_os_load5,3.37
2023/4/13 9:38,1681349927,cc-cc408-hya,data-node-13,9.9.2.155,elasticsearch_os_load5,3.37
2023/4/13 9:39,1681349987,cc-cc408-hya,data-node-13,9.9.2.155,elasticsearch_os_load5,3.54
2023/4/13 9:40,1681350047,cc-cc408-hya,data-node-13,9.9.2.155,elasticsearch_os_load5,3.38
2023/4/13 9:41,1681350107,cc-cc408-hya,data-node-13,9.9.2.155,elasticsearch_os_load5,3.1
2023/4/13 9:42,1681350167,cc-cc408-hya,data-node-13,9.9.2.155,elasticsearch_os_load5,3.17
2023/4/13 9:43,1681350227,cc-cc408-hya,data-node-13,9.9.2.155,elasticsearch_os_load5,3.25
2023/4/13 9:44,1681350287,cc-cc408-hya,data-node-13,9.9.2.155,elasticsearch_os_load5,3.39
2023/4/13 9:45,1681350347,cc-cc408-hya,data-node-13,9.9.2.155,elasticsearch_os_load5,3.71
2023/4/13 9:46,1681350407,cc-cc408-hya,data-node-13,9.9.2.155,elasticsearch_os_load5,3.76
2023/4/13 9:47,1681350467,cc-cc408-hya,data-node-13,9.9.2.155,elasticsearch_os_load5,3.68
2023/4/13 9:48,1681350527,cc-cc408-hya,data-node-13,9.9.2.155,elasticsearch_os_load5,3.79
2023/4/13 9:49,1681350587,cc-cc408-hya,data-node-13,9.9.2.155,elasticsearch_os_load5,3.83
2023/4/13 9:50,1681350647,cc-cc408-hya,data-node-13,9.9.2.155,elasticsearch_os_load5,3.75
2023/4/13 9:51,1681350707,cc-cc408-hya,data-node-13,9.9.2.155,elasticsearch_os_load5,4.3
2023/4/13 9:52,1681350767,cc-cc408-hya,data-node-13,9.9.2.155,elasticsearch_os_load5,4.21
2023/4/13 9:53,1681350827,cc-cc408-hya,data-node-13,9.9.2.155,elasticsearch_os_load5,3.95
2023/4/13 9:54,1681350887,cc-cc408-hya,data-node-13,9.9.2.155,elasticsearch_os_load5,3.96
2023/4/13 9:55,1681350947,cc-cc408-hya,data-node-13,9.9.2.155,elasticsearch_os_load5,3.74
2023/4/13 9:56,1681351007,cc-cc408-hya,data-node-13,9.9.2.155,elasticsearch_os_load5,3.68
2023/4/13 9:57,1681351067,cc-cc408-hya,data-node-13,9.9.2.155,elasticsearch_os_load5,3.58
2023/4/13 9:58,1681351127,cc-cc408-hya,data-node-13,9.9.2.155,elasticsearch_os_load5,3.91
2023/4/13 9:59,1681351187,cc-cc408-hya,data-node-13,9.9.2.155,elasticsearch_os_load5,3.91
2023/4/13 10:00,1681351247,cc-cc408-hya,data-node-13,9.9.2.155,elasticsearch_os_load5,4.58
2023/4/13 10:01,1681351307,cc-cc408-hya,data-node-13,9.9.2.155,elasticsearch_os_load5,4.51
2023/4/13 10:02,1681351367,cc-cc408-hya,data-node-13,9.9.2.155,elasticsearch_os_load5,4.81
2023/4/13 10:03,1681351427,cc-cc408-hya,data-node-13,9.9.2.155,elasticsearch_os_load5,4.64
2023/4/13 10:04,1681351487,cc-cc408-hya,data-node-13,9.9.2.155,elasticsearch_os_load5,4.55
2023/4/13 10:05,1681351547,cc-cc408-hya,data-node-13,9.9.2.155,elasticsearch_os_load5,4.43
2023/4/13 10:06,1681351607,cc-cc408-hya,data-node-13,9.9.2.155,elasticsearch_os_load5,4.43
2023/4/13 10:07,1681351667,cc-cc408-hya,data-node-13,9.9.2.155,elasticsearch_os_load5,4.45
2023/4/13 10:08,1681351727,cc-cc408-hya,data-node-13,9.9.2.155,elasticsearch_os_load5,4.33
2023/4/13 10:09,1681351787,cc-cc408-hya,data-node-13,9.9.2.155,elasticsearch_os_load5,4.23
2023/4/13 10:10,1681351847,cc-cc408-hya,data-node-13,9.9.2.155,elasticsearch_os_load5,4.21
2023/4/13 10:11,1681351907,cc-cc408-hya,data-node-13,9.9.2.155,elasticsearch_os_load5,4.03
2023/4/13 10:12,1681351967,cc-cc408-hya,data-node-13,9.9.2.155,elasticsearch_os_load5,3.9
2023/4/13 10:13,1681352027,cc-cc408-hya,data-node-13,9.9.2.155,elasticsearch_os_load5,3.86
2023/4/13 10:14,1681352087,cc-cc408-hya,data-node-13,9.9.2.155,elasticsearch_os_load5,3.76
2023/4/13 10:15,1681352147,cc-cc408-hya,data-node-13,9.9.2.155,elasticsearch_os_load5,3.77
2023/4/13 10:16,1681352207,cc-cc408-hya,data-node-13,9.9.2.155,elasticsearch_os_load5,3.84
2023/4/13 10:17,1681352267,cc-cc408-hya,data-node-13,9.9.2.155,elasticsearch_os_load5,3.79
2023/4/13 10:18,1681352327,cc-cc408-hya,data-node-13,9.9.2.155,elasticsearch_os_load5,3.77
2023/4/13 10:19,1681352387,cc-cc408-hya,data-node-13,9.9.2.155,elasticsearch_os_load5,3.78
2023/4/13 10:20,1681352447,cc-cc408-hya,data-node-13,9.9.2.155,elasticsearch_os_load5,3.65
2023/4/13 10:21,1681352507,cc-cc408-hya,data-node-13,9.9.2.155,elasticsearch_os_load5,3.86
2023/4/13 10:22,1681352567,cc-cc408-hya,data-node-13,9.9.2.155,elasticsearch_os_load5,3.73
2023/4/13 10:23,1681352627,cc-cc408-hya,data-node-13,9.9.2.155,elasticsearch_os_load5,3.89
2023/4/13 10:24,1681352687,cc-cc408-hya,data-node-13,9.9.2.155,elasticsearch_os_load5,4.01
2023/4/13 10:25,1681352747,cc-cc408-hya,data-node-13,9.9.2.155,elasticsearch_os_load5,3.97
2023/4/13 10:26,1681352807,cc-cc408-hya,data-node-13,9.9.2.155,elasticsearch_os_load5,3.97
2023/4/13 10:27,1681352867,cc-cc408-hya,data-node-13,9.9.2.155,elasticsearch_os_load5,3.9
2023/4/13 10:28,1681352927,cc-cc408-hya,data-node-13,9.9.2.155,elasticsearch_os_load5,4.11
2023/4/13 10:29,1681352987,cc-cc408-hya,data-node-13,9.9.2.155,elasticsearch_os_load5,4.24
2023/4/13 10:30,1681353047,cc-cc408-hya,data-node-13,9.9.2.155,elasticsearch_os_load5,3.99
2023/4/13 10:31,1681353107,cc-cc408-hya,data-node-13,9.9.2.155,elasticsearch_os_load5,4.12
2023/4/13 10:32,1681353167,cc-cc408-hya,data-node-13,9.9.2.155,elasticsearch_os_load5,3.98
2023/4/13 10:33,1681353227,cc-cc408-hya,data-node-13,9.9.2.155,elasticsearch_os_load5,4.29
2023/4/13 10:34,1681353287,cc-cc408-hya,data-node-13,9.9.2.155,elasticsearch_os_load5,4.3
2023/4/13 10:35,1681353347,cc-cc408-hya,data-node-13,9.9.2.155,elasticsearch_os_load5,5.42
2023/4/13 10:36,1681353407,cc-cc408-hya,data-node-13,9.9.2.155,elasticsearch_os_load5,5.29
2023/4/13 10:37,1681353467,cc-cc408-hya,data-node-13,9.9.2.155,elasticsearch_os_load5,5.16
2023/4/13 10:38,1681353527,cc-cc408-hya,data-node-13,9.9.2.155,elasticsearch_os_load5,4.94
2023/4/13 10:39,1681353587,cc-cc408-hya,data-node-13,9.9.2.155,elasticsearch_os_load5,4.95
2023/4/13 10:40,1681353647,cc-cc408-hya,data-node-13,9.9.2.155,elasticsearch_os_load5,5.43
2023/4/13 10:41,1681353707,cc-cc408-hya,data-node-13,9.9.2.155,elasticsearch_os_load5,5.46
2023/4/13 10:42,1681353767,cc-cc408-hya,data-node-13,9.9.2.155,elasticsearch_os_load5,6.04
2023/4/13 10:43,1681353827,cc-cc408-hya,data-node-13,9.9.2.155,elasticsearch_os_load5,5.76
2023/4/13 10:44,1681353887,cc-cc408-hya,data-node-13,9.9.2.155,elasticsearch_os_load5,5.42
2023/4/13 10:45,1681353947,cc-cc408-hya,data-node-13,9.9.2.155,elasticsearch_os_load5,5.46
2023/4/13 10:46,1681354007,cc-cc408-hya,data-node-13,9.9.2.155,elasticsearch_os_load5,5.2
2023/4/13 10:47,1681354067,cc-cc408-hya,data-node-13,9.9.2.155,elasticsearch_os_load5,5.02
2023/4/13 10:48,1681354127,cc-cc408-hya,data-node-13,9.9.2.155,elasticsearch_os_load5,4.87
2023/4/13 10:49,1681354187,cc-cc408-hya,data-node-13,9.9.2.155,elasticsearch_os_load5,4.96
2023/4/13 10:50,1681354247,cc-cc408-hya,data-node-13,9.9.2.155,elasticsearch_os_load5,4.93
2023/4/13 10:51,1681354307,cc-cc408-hya,data-node-13,9.9.2.155,elasticsearch_os_load5,4.97
2023/4/13 10:52,1681354367,cc-cc408-hya,data-node-13,9.9.2.155,elasticsearch_os_load5,4.65
2023/4/13 10:53,1681354427,cc-cc408-hya,data-node-13,9.9.2.155,elasticsearch_os_load5,5.13
2023/4/13 10:54,1681354487,cc-cc408-hya,data-node-13,9.9.2.155,elasticsearch_os_load5,5.02
2023/4/13 10:55,1681354547,cc-cc408-hya,data-node-13,9.9.2.155,elasticsearch_os_load5,4.92
2023/4/13 10:56,1681354607,cc-cc408-hya,data-node-13,9.9.2.155,elasticsearch_os_load5,4.79
2023/4/13 10:57,1681354667,cc-cc408-hya,data-node-13,9.9.2.155,elasticsearch_os_load5,4.68
2023/4/13 10:58,1681354727,cc-cc408-hya,data-node-13,9.9.2.155,elasticsearch_os_load5,4.55
2023/4/13 10:59,1681354787,cc-cc408-hya,data-node-13,9.9.2.155,elasticsearch_os_load5,4.56
2023/4/13 11:00,1681354847,cc-cc408-hya,data-node-13,9.9.2.155,elasticsearch_os_load5,4.66
2023/4/13 11:01,1681354907,cc-cc408-hya,data-node-13,9.9.2.155,elasticsearch_os_load5,4.54
2023/4/13 11:02,1681354967,cc-cc408-hya,data-node-13,9.9.2.155,elasticsearch_os_load5,4.55
2023/4/13 11:03,1681355027,cc-cc408-hya,data-node-13,9.9.2.155,elasticsearch_os_load5,4.61
2023/4/13 11:04,1681355087,cc-cc408-hya,data-node-13,9.9.2.155,elasticsearch_os_load5,4.47
2023/4/13 11:05,1681355147,cc-cc408-hya,data-node-13,9.9.2.155,elasticsearch_os_load5,4.52
2023/4/13 11:06,1681355207,cc-cc408-hya,data-node-13,9.9.2.155,elasticsearch_os_load5,4.75
2023/4/13 11:07,1681355267,cc-cc408-hya,data-node-13,9.9.2.155,elasticsearch_os_load5,4.71
2023/4/13 11:08,1681355327,cc-cc408-hya,data-node-13,9.9.2.155,elasticsearch_os_load5,5.02
2023/4/13 11:09,1681355387,cc-cc408-hya,data-node-13,9.9.2.155,elasticsearch_os_load5,4.86
2023/4/13 11:10,1681355447,cc-cc408-hya,data-node-13,9.9.2.155,elasticsearch_os_load5,4.46
2023/4/13 11:11,1681355507,cc-cc408-hya,data-node-13,9.9.2.155,elasticsearch_os_load5,4.28
2023/4/13 11:12,1681355567,cc-cc408-hya,data-node-13,9.9.2.155,elasticsearch_os_load5,4.44
2023/4/13 11:13,1681355627,cc-cc408-hya,data-node-13,9.9.2.155,elasticsearch_os_load5,4.31
2023/4/13 11:14,1681355687,cc-cc408-hya,data-node-13,9.9.2.155,elasticsearch_os_load5,4.28
2023/4/13 11:15,1681355747,cc-cc408-hya,data-node-13,9.9.2.155,elasticsearch_os_load5,4.66
2023/4/13 11:16,1681355807,cc-cc408-hya,data-node-13,9.9.2.155,elasticsearch_os_load5,4.63
2023/4/13 11:17,1681355867,cc-cc408-hya,data-node-13,9.9.2.155,elasticsearch_os_load5,4.36
2023/4/13 11:18,1681355927,cc-cc408-hya,data-node-13,9.9.2.155,elasticsearch_os_load5,4.43
2023/4/13 11:19,1681355987,cc-cc408-hya,data-node-13,9.9.2.155,elasticsearch_os_load5,4.29
2023/4/13 11:20,1681356047,cc-cc408-hya,data-node-13,9.9.2.155,elasticsearch_os_load5,4.29
2023/4/13 11:21,1681356107,cc-cc408-hya,data-node-13,9.9.2.155,elasticsearch_os_load5,4.19
2023/4/13 11:22,1681356167,cc-cc408-hya,data-node-13,9.9.2.155,elasticsearch_os_load5,4.31
2023/4/13 11:23,1681356227,cc-cc408-hya,data-node-13,9.9.2.155,elasticsearch_os_load5,4.47
2023/4/13 11:24,1681356287,cc-cc408-hya,data-node-13,9.9.2.155,elasticsearch_os_load5,4.66
2023/4/13 11:25,1681356347,cc-cc408-hya,data-node-13,9.9.2.155,elasticsearch_os_load5,4.38
2023/4/13 11:26,1681356407,cc-cc408-hya,data-node-13,9.9.2.155,elasticsearch_os_load5,4.15
2023/4/13 11:27,1681356467,cc-cc408-hya,data-node-13,9.9.2.155,elasticsearch_os_load5,4.11
2023/4/13 11:28,1681356527,cc-cc408-hya,data-node-13,9.9.2.155,elasticsearch_os_load5,4.2
2023/4/13 11:29,1681356587,cc-cc408-hya,data-node-13,9.9.2.155,elasticsearch_os_load5,4.18
2023/4/13 11:30,1681356647,cc-cc408-hya,data-node-13,9.9.2.155,elasticsearch_os_load5,4.08
2023/4/13 11:31,1681356707,cc-cc408-hya,data-node-13,9.9.2.155,elasticsearch_os_load5,4.46
2023/4/13 11:32,1681356767,cc-cc408-hya,data-node-13,9.9.2.155,elasticsearch_os_load5,4.52
2023/4/13 11:33,1681356827,cc-cc408-hya,data-node-13,9.9.2.155,elasticsearch_os_load5,4.56
2023/4/13 11:34,1681356887,cc-cc408-hya,data-node-13,9.9.2.155,elasticsearch_os_load5,4.62
2023/4/13 11:35,1681356947,cc-cc408-hya,data-node-13,9.9.2.155,elasticsearch_os_load5,4.52
2023/4/13 11:36,1681357007,cc-cc408-hya,data-node-13,9.9.2.155,elasticsearch_os_load5,4.71
2023/4/13 11:37,1681357067,cc-cc408-hya,data-node-13,9.9.2.155,elasticsearch_os_load5,4.72
2023/4/13 11:38,1681357127,cc-cc408-hya,data-node-13,9.9.2.155,elasticsearch_os_load5,4.84
2023/4/13 11:39,1681357187,cc-cc408-hya,data-node-13,9.9.2.155,elasticsearch_os_load5,4.92
2023/4/13 11:40,1681357247,cc-cc408-hya,data-node-13,9.9.2.155,elasticsearch_os_load5,4.8
2023/4/13 11:41,1681357307,cc-cc408-hya,data-node-13,9.9.2.155,elasticsearch_os_load5,4.83
2023/4/13 11:42,1681357367,cc-cc408-hya,data-node-13,9.9.2.155,elasticsearch_os_load5,4.43
2023/4/13 11:43,1681357427,cc-cc408-hya,data-node-13,9.9.2.155,elasticsearch_os_load5,4.06
2023/4/13 11:44,1681357487,cc-cc408-hya,data-node-13,9.9.2.155,elasticsearch_os_load5,4.27
2023/4/13 11:45,1681357547,cc-cc408-hya,data-node-13,9.9.2.155,elasticsearch_os_load5,4.52
2023/4/13 11:46,1681357607,cc-cc408-hya,data-node-13,9.9.2.155,elasticsearch_os_load5,4.41
2023/4/13 11:47,1681357667,cc-cc408-hya,data-node-13,9.9.2.155,elasticsearch_os_load5,4.53
2023/4/13 11:48,1681357727,cc-cc408-hya,data-node-13,9.9.2.155,elasticsearch_os_load5,4.79
2023/4/13 11:49,1681357787,cc-cc408-hya,data-node-13,9.9.2.155,elasticsearch_os_load5,5
2023/4/13 11:50,1681357847,cc-cc408-hya,data-node-13,9.9.2.155,elasticsearch_os_load5,4.95
2023/4/13 11:51,1681357907,cc-cc408-hya,data-node-13,9.9.2.155,elasticsearch_os_load5,5.16
2023/4/13 11:52,1681357967,cc-cc408-hya,data-node-13,9.9.2.155,elasticsearch_os_load5,5.29
2023/4/13 11:53,1681358027,cc-cc408-hya,data-node-13,9.9.2.155,elasticsearch_os_load5,5.27
2023/4/13 11:54,1681358087,cc-cc408-hya,data-node-13,9.9.2.155,elasticsearch_os_load5,5.13
2023/4/13 11:55,1681358147,cc-cc408-hya,data-node-13,9.9.2.155,elasticsearch_os_load5,4.82
2023/4/13 11:56,1681358207,cc-cc408-hya,data-node-13,9.9.2.155,elasticsearch_os_load5,4.71
2023/4/13 11:57,1681358267,cc-cc408-hya,data-node-13,9.9.2.155,elasticsearch_os_load5,4.52
2023/4/13 11:58,1681358327,cc-cc408-hya,data-node-13,9.9.2.155,elasticsearch_os_load5,4.59
2023/4/13 11:59,1681358387,cc-cc408-hya,data-node-13,9.9.2.155,elasticsearch_os_load5,4.38
2023/4/13 12:00,1681358447,cc-cc408-hya,data-node-13,9.9.2.155,elasticsearch_os_load5,4.19
2023/4/13 12:01,1681358507,cc-cc408-hya,data-node-13,9.9.2.155,elasticsearch_os_load5,4.08
2023/4/13 12:02,1681358567,cc-cc408-hya,data-node-13,9.9.2.155,elasticsearch_os_load5,4.2
2023/4/13 12:03,1681358627,cc-cc408-hya,data-node-13,9.9.2.155,elasticsearch_os_load5,4.21
2023/4/13 12:04,1681358687,cc-cc408-hya,data-node-13,9.9.2.155,elasticsearch_os_load5,4.08
2023/4/13 12:05,1681358747,cc-cc408-hya,data-node-13,9.9.2.155,elasticsearch_os_load5,4.11
2023/4/13 12:06,1681358807,cc-cc408-hya,data-node-13,9.9.2.155,elasticsearch_os_load5,4.12
2023/4/13 12:07,1681358867,cc-cc408-hya,data-node-13,9.9.2.155,elasticsearch_os_load5,4.17
2023/4/13 12:08,1681358927,cc-cc408-hya,data-node-13,9.9.2.155,elasticsearch_os_load5,4.07
2023/4/13 12:09,1681358987,cc-cc408-hya,data-node-13,9.9.2.155,elasticsearch_os_load5,3.76
2023/4/13 12:10,1681359047,cc-cc408-hya,data-node-13,9.9.2.155,elasticsearch_os_load5,3.64
2023/4/13 12:11,1681359107,cc-cc408-hya,data-node-13,9.9.2.155,elasticsearch_os_load5,3.5
2023/4/13 12:12,1681359167,cc-cc408-hya,data-node-13,9.9.2.155,elasticsearch_os_load5,3.79
2023/4/13 12:13,1681359227,cc-cc408-hya,data-node-13,9.9.2.155,elasticsearch_os_load5,3.84
2023/4/13 12:14,1681359287,cc-cc408-hya,data-node-13,9.9.2.155,elasticsearch_os_load5,3.59
2023/4/13 12:15,1681359347,cc-cc408-hya,data-node-13,9.9.2.155,elasticsearch_os_load5,3.51
2023/4/13 12:16,1681359407,cc-cc408-hya,data-node-13,9.9.2.155,elasticsearch_os_load5,3.5
2023/4/13 12:17,1681359467,cc-cc408-hya,data-node-13,9.9.2.155,elasticsearch_os_load5,3.3
2023/4/13 12:18,1681359527,cc-cc408-hya,data-node-13,9.9.2.155,elasticsearch_os_load5,3.28
2023/4/13 12:19,1681359587,cc-cc408-hya,data-node-13,9.9.2.155,elasticsearch_os_load5,2.98
2023/4/13 12:20,1681359647,cc-cc408-hya,data-node-13,9.9.2.155,elasticsearch_os_load5,3.04
2023/4/13 12:21,1681359707,cc-cc408-hya,data-node-13,9.9.2.155,elasticsearch_os_load5,2.94
2023/4/13 12:22,1681359767,cc-cc408-hya,data-node-13,9.9.2.155,elasticsearch_os_load5,2.81
2023/4/13 12:23,1681359827,cc-cc408-hya,data-node-13,9.9.2.155,elasticsearch_os_load5,2.73
2023/4/13 12:24,1681359887,cc-cc408-hya,data-node-13,9.9.2.155,elasticsearch_os_load5,2.73
2023/4/13 12:25,1681359947,cc-cc408-hya,data-node-13,9.9.2.155,elasticsearch_os_load5,2.64
2023/4/13 12:26,1681360007,cc-cc408-hya,data-node-13,9.9.2.155,elasticsearch_os_load5,2.7
2023/4/13 12:27,1681360067,cc-cc408-hya,data-node-13,9.9.2.155,elasticsearch_os_load5,2.59
2023/4/13 12:28,1681360127,cc-cc408-hya,data-node-13,9.9.2.155,elasticsearch_os_load5,2.68
2023/4/13 12:29,1681360187,cc-cc408-hya,data-node-13,9.9.2.155,elasticsearch_os_load5,2.77
2023/4/13 12:30,1681360247,cc-cc408-hya,data-node-13,9.9.2.155,elasticsearch_os_load5,2.74
2023/4/13 12:31,1681360307,cc-cc408-hya,data-node-13,9.9.2.155,elasticsearch_os_load5,2.8
2023/4/13 12:32,1681360367,cc-cc408-hya,data-node-13,9.9.2.155,elasticsearch_os_load5,2.96
2023/4/13 12:33,1681360427,cc-cc408-hya,data-node-13,9.9.2.155,elasticsearch_os_load5,2.77
2023/4/13 12:34,1681360487,cc-cc408-hya,data-node-13,9.9.2.155,elasticsearch_os_load5,2.7
2023/4/13 12:35,1681360547,cc-cc408-hya,data-node-13,9.9.2.155,elasticsearch_os_load5,2.68
2023/4/13 12:36,1681360607,cc-cc408-hya,data-node-13,9.9.2.155,elasticsearch_os_load5,2.53
2023/4/13 12:37,1681360667,cc-cc408-hya,data-node-13,9.9.2.155,elasticsearch_os_load5,2.41
2023/4/13 12:38,1681360727,cc-cc408-hya,data-node-13,9.9.2.155,elasticsearch_os_load5,2.35
2023/4/13 12:39,1681360787,cc-cc408-hya,data-node-13,9.9.2.155,elasticsearch_os_load5,2.21
2023/4/13 12:40,1681360847,cc-cc408-hya,data-node-13,9.9.2.155,elasticsearch_os_load5,2.11
2023/4/13 12:41,1681360907,cc-cc408-hya,data-node-13,9.9.2.155,elasticsearch_os_load5,2.09
2023/4/13 12:42,1681360967,cc-cc408-hya,data-node-13,9.9.2.155,elasticsearch_os_load5,2.19
2023/4/13 12:43,1681361027,cc-cc408-hya,data-node-13,9.9.2.155,elasticsearch_os_load5,2.12
2023/4/13 12:44,1681361087,cc-cc408-hya,data-node-13,9.9.2.155,elasticsearch_os_load5,2.07
2023/4/13 12:45,1681361147,cc-cc408-hya,data-node-13,9.9.2.155,elasticsearch_os_load5,2.14
2023/4/13 12:46,1681361207,cc-cc408-hya,data-node-13,9.9.2.155,elasticsearch_os_load5,2.25
2023/4/13 12:47,1681361267,cc-cc408-hya,data-node-13,9.9.2.155,elasticsearch_os_load5,2.56
2023/4/13 12:48,1681361327,cc-cc408-hya,data-node-13,9.9.2.155,elasticsearch_os_load5,2.68
2023/4/13 12:49,1681361387,cc-cc408-hya,data-node-13,9.9.2.155,elasticsearch_os_load5,2.72
2023/4/13 12:50,1681361447,cc-cc408-hya,data-node-13,9.9.2.155,elasticsearch_os_load5,2.79
2023/4/13 12:51,1681361507,cc-cc408-hya,data-node-13,9.9.2.155,elasticsearch_os_load5,2.95
2023/4/13 12:52,1681361567,cc-cc408-hya,data-node-13,9.9.2.155,elasticsearch_os_load5,2.65
2023/4/13 12:53,1681361627,cc-cc408-hya,data-node-13,9.9.2.155,elasticsearch_os_load5,2.7
2023/4/13 12:54,1681361687,cc-cc408-hya,data-node-13,9.9.2.155,elasticsearch_os_load5,2.74
2023/4/13 12:55,1681361747,cc-cc408-hya,data-node-13,9.9.2.155,elasticsearch_os_load5,3.1
2023/4/13 12:56,1681361807,cc-cc408-hya,data-node-13,9.9.2.155,elasticsearch_os_load5,3.27
2023/4/13 12:57,1681361867,cc-cc408-hya,data-node-13,9.9.2.155,elasticsearch_os_load5,3.38
2023/4/13 12:58,1681361927,cc-cc408-hya,data-node-13,9.9.2.155,elasticsearch_os_load5,3.29
2023/4/13 12:59,1681361987,cc-cc408-hya,data-node-13,9.9.2.155,elasticsearch_os_load5,3.77
2023/4/13 13:00,1681362047,cc-cc408-hya,data-node-13,9.9.2.155,elasticsearch_os_load5,3.65
2023/4/13 13:01,1681362107,cc-cc408-hya,data-node-13,9.9.2.155,elasticsearch_os_load5,3.44
2023/4/13 13:02,1681362167,cc-cc408-hya,data-node-13,9.9.2.155,elasticsearch_os_load5,3.15
2023/4/13 13:03,1681362227,cc-cc408-hya,data-node-13,9.9.2.155,elasticsearch_os_load5,3.03
2023/4/13 13:04,1681362287,cc-cc408-hya,data-node-13,9.9.2.155,elasticsearch_os_load5,2.99
2023/4/13 13:05,1681362347,cc-cc408-hya,data-node-13,9.9.2.155,elasticsearch_os_load5,3.07
2023/4/13 13:06,1681362407,cc-cc408-hya,data-node-13,9.9.2.155,elasticsearch_os_load5,3.03
2023/4/13 13:07,1681362467,cc-cc408-hya,data-node-13,9.9.2.155,elasticsearch_os_load5,2.91
2023/4/13 13:08,1681362527,cc-cc408-hya,data-node-13,9.9.2.155,elasticsearch_os_load5,2.85
2023/4/13 13:09,1681362587,cc-cc408-hya,data-node-13,9.9.2.155,elasticsearch_os_load5,2.85
2023/4/13 13:10,1681362647,cc-cc408-hya,data-node-13,9.9.2.155,elasticsearch_os_load5,2.84
2023/4/13 13:11,1681362707,cc-cc408-hya,data-node-13,9.9.2.155,elasticsearch_os_load5,2.77
2023/4/13 13:12,1681362767,cc-cc408-hya,data-node-13,9.9.2.155,elasticsearch_os_load5,2.65
2023/4/13 13:13,1681362827,cc-cc408-hya,data-node-13,9.9.2.155,elasticsearch_os_load5,2.54
2023/4/13 13:14,1681362887,cc-cc408-hya,data-node-13,9.9.2.155,elasticsearch_os_load5,2.44
2023/4/13 13:15,1681362947,cc-cc408-hya,data-node-13,9.9.2.155,elasticsearch_os_load5,2.47
2023/4/13 13:16,1681363007,cc-cc408-hya,data-node-13,9.9.2.155,elasticsearch_os_load5,2.37
2023/4/13 13:17,1681363067,cc-cc408-hya,data-node-13,9.9.2.155,elasticsearch_os_load5,2.32
2023/4/13 13:18,1681363127,cc-cc408-hya,data-node-13,9.9.2.155,elasticsearch_os_load5,2.28
2023/4/13 13:19,1681363187,cc-cc408-hya,data-node-13,9.9.2.155,elasticsearch_os_load5,2.27
2023/4/13 13:20,1681363247,cc-cc408-hya,data-node-13,9.9.2.155,elasticsearch_os_load5,2.23
2023/4/13 13:21,1681363307,cc-cc408-hya,data-node-13,9.9.2.155,elasticsearch_os_load5,2.34
2023/4/13 13:22,1681363367,cc-cc408-hya,data-node-13,9.9.2.155,elasticsearch_os_load5,2.45
2023/4/13 13:23,1681363427,cc-cc408-hya,data-node-13,9.9.2.155,elasticsearch_os_load5,2.32
2023/4/13 13:24,1681363487,cc-cc408-hya,data-node-13,9.9.2.155,elasticsearch_os_load5,2.39
2023/4/13 13:25,1681363547,cc-cc408-hya,data-node-13,9.9.2.155,elasticsearch_os_load5,2.37
2023/4/13 13:26,1681363607,cc-cc408-hya,data-node-13,9.9.2.155,elasticsearch_os_load5,2.31
2023/4/13 13:27,1681363667,cc-cc408-hya,data-node-13,9.9.2.155,elasticsearch_os_load5,2.06
2023/4/13 13:28,1681363727,cc-cc408-hya,data-node-13,9.9.2.155,elasticsearch_os_load5,2.35
2023/4/13 13:29,1681363787,cc-cc408-hya,data-node-13,9.9.2.155,elasticsearch_os_load5,2.49
2023/4/13 13:30,1681363847,cc-cc408-hya,data-node-13,9.9.2.155,elasticsearch_os_load5,2.76
2023/4/13 13:31,1681363907,cc-cc408-hya,data-node-13,9.9.2.155,elasticsearch_os_load5,2.63
2023/4/13 13:32,1681363967,cc-cc408-hya,data-node-13,9.9.2.155,elasticsearch_os_load5,2.87
2023/4/13 13:33,1681364027,cc-cc408-hya,data-node-13,9.9.2.155,elasticsearch_os_load5,2.74
2023/4/13 13:34,1681364087,cc-cc408-hya,data-node-13,9.9.2.155,elasticsearch_os_load5,2.7
2023/4/13 13:35,1681364147,cc-cc408-hya,data-node-13,9.9.2.155,elasticsearch_os_load5,2.58
2023/4/13 13:36,1681364207,cc-cc408-hya,data-node-13,9.9.2.155,elasticsearch_os_load5,2.66
2023/4/13 13:37,1681364267,cc-cc408-hya,data-node-13,9.9.2.155,elasticsearch_os_load5,2.77
2023/4/13 13:38,1681364327,cc-cc408-hya,data-node-13,9.9.2.155,elasticsearch_os_load5,2.83
2023/4/13 13:39,1681364387,cc-cc408-hya,data-node-13,9.9.2.155,elasticsearch_os_load5,2.8
2023/4/13 13:40,1681364447,cc-cc408-hya,data-node-13,9.9.2.155,elasticsearch_os_load5,3.5
2023/4/13 13:41,1681364507,cc-cc408-hya,data-node-13,9.9.2.155,elasticsearch_os_load5,3.4
2023/4/13 13:42,1681364567,cc-cc408-hya,data-node-13,9.9.2.155,elasticsearch_os_load5,3.37
2023/4/13 13:43,1681364627,cc-cc408-hya,data-node-13,9.9.2.155,elasticsearch_os_load5,3.47
2023/4/13 13:44,1681364687,cc-cc408-hya,data-node-13,9.9.2.155,elasticsearch_os_load5,3.43
2023/4/13 13:45,1681364747,cc-cc408-hya,data-node-13,9.9.2.155,elasticsearch_os_load5,3.52
2023/4/13 13:46,1681364807,cc-cc408-hya,data-node-13,9.9.2.155,elasticsearch_os_load5,3.39
2023/4/13 13:47,1681364867,cc-cc408-hya,data-node-13,9.9.2.155,elasticsearch_os_load5,3.42
2023/4/13 13:48,1681364927,cc-cc408-hya,data-node-13,9.9.2.155,elasticsearch_os_load5,3.46
2023/4/13 13:49,1681364987,cc-cc408-hya,data-node-13,9.9.2.155,elasticsearch_os_load5,3.47
2023/4/13 13:50,1681365047,cc-cc408-hya,data-node-13,9.9.2.155,elasticsearch_os_load5,3.37
2023/4/13 13:51,1681365107,cc-cc408-hya,data-node-13,9.9.2.155,elasticsearch_os_load5,3.42
2023/4/13 13:52,1681365167,cc-cc408-hya,data-node-13,9.9.2.155,elasticsearch_os_load5,3.22
2023/4/13 13:53,1681365227,cc-cc408-hya,data-node-13,9.9.2.155,elasticsearch_os_load5,3.07
2023/4/13 13:54,1681365287,cc-cc408-hya,data-node-13,9.9.2.155,elasticsearch_os_load5,3.25
2023/4/13 13:55,1681365347,cc-cc408-hya,data-node-13,9.9.2.155,elasticsearch_os_load5,3.18
2023/4/13 13:56,1681365407,cc-cc408-hya,data-node-13,9.9.2.155,elasticsearch_os_load5,3.63
2023/4/13 13:57,1681365467,cc-cc408-hya,data-node-13,9.9.2.155,elasticsearch_os_load5,3.46
2023/4/13 13:58,1681365527,cc-cc408-hya,data-node-13,9.9.2.155,elasticsearch_os_load5,3.38
2023/4/13 13:59,1681365587,cc-cc408-hya,data-node-13,9.9.2.155,elasticsearch_os_load5,3.39
2023/4/13 14:00,1681365647,cc-cc408-hya,data-node-13,9.9.2.155,elasticsearch_os_load5,3.46
2023/4/13 14:01,1681365707,cc-cc408-hya,data-node-13,9.9.2.155,elasticsearch_os_load5,3.21
2023/4/13 14:02,1681365767,cc-cc408-hya,data-node-13,9.9.2.155,elasticsearch_os_load5,3.34
2023/4/13 14:03,1681365827,cc-cc408-hya,data-node-13,9.9.2.155,elasticsearch_os_load5,3.14
2023/4/13 14:04,1681365887,cc-cc408-hya,data-node-13,9.9.2.155,elasticsearch_os_load5,3.32
2023/4/13 14:05,1681365947,cc-cc408-hya,data-node-13,9.9.2.155,elasticsearch_os_load5,3.31
2023/4/13 14:06,1681366007,cc-cc408-hya,data-node-13,9.9.2.155,elasticsearch_os_load5,3.34
2023/4/13 14:07,1681366067,cc-cc408-hya,data-node-13,9.9.2.155,elasticsearch_os_load5,3.34
2023/4/13 14:08,1681366127,cc-cc408-hya,data-node-13,9.9.2.155,elasticsearch_os_load5,3.65
2023/4/13 14:09,1681366187,cc-cc408-hya,data-node-13,9.9.2.155,elasticsearch_os_load5,3.57
2023/4/13 14:10,1681366247,cc-cc408-hya,data-node-13,9.9.2.155,elasticsearch_os_load5,3.31
2023/4/13 14:11,1681366307,cc-cc408-hya,data-node-13,9.9.2.155,elasticsearch_os_load5,3.84
2023/4/13 14:12,1681366367,cc-cc408-hya,data-node-13,9.9.2.155,elasticsearch_os_load5,3.89
2023/4/13 14:13,1681366427,cc-cc408-hya,data-node-13,9.9.2.155,elasticsearch_os_load5,4.27
2023/4/13 14:14,1681366487,cc-cc408-hya,data-node-13,9.9.2.155,elasticsearch_os_load5,4.19
2023/4/13 14:15,1681366547,cc-cc408-hya,data-node-13,9.9.2.155,elasticsearch_os_load5,3.93
2023/4/13 14:16,1681366607,cc-cc408-hya,data-node-13,9.9.2.155,elasticsearch_os_load5,3.85
2023/4/13 14:17,1681366667,cc-cc408-hya,data-node-13,9.9.2.155,elasticsearch_os_load5,4.15
2023/4/13 14:18,1681366727,cc-cc408-hya,data-node-13,9.9.2.155,elasticsearch_os_load5,4.3
2023/4/13 14:19,1681366787,cc-cc408-hya,data-node-13,9.9.2.155,elasticsearch_os_load5,4.24
2023/4/13 14:20,1681366847,cc-cc408-hya,data-node-13,9.9.2.155,elasticsearch_os_load5,4.21
2023/4/13 14:21,1681366907,cc-cc408-hya,data-node-13,9.9.2.155,elasticsearch_os_load5,4.07
2023/4/13 14:22,1681366967,cc-cc408-hya,data-node-13,9.9.2.155,elasticsearch_os_load5,4.02
2023/4/13 14:23,1681367027,cc-cc408-hya,data-node-13,9.9.2.155,elasticsearch_os_load5,4
2023/4/13 14:24,1681367087,cc-cc408-hya,data-node-13,9.9.2.155,elasticsearch_os_load5,4.13
2023/4/13 14:25,1681367147,cc-cc408-hya,data-node-13,9.9.2.155,elasticsearch_os_load5,4.23
2023/4/13 14:26,1681367207,cc-cc408-hya,data-node-13,9.9.2.155,elasticsearch_os_load5,3.96
2023/4/13 14:27,1681367267,cc-cc408-hya,data-node-13,9.9.2.155,elasticsearch_os_load5,3.95
2023/4/13 14:28,1681367327,cc-cc408-hya,data-node-13,9.9.2.155,elasticsearch_os_load5,4.14
2023/4/13 14:29,1681367387,cc-cc408-hya,data-node-13,9.9.2.155,elasticsearch_os_load5,4.24
2023/4/13 14:30,1681367447,cc-cc408-hya,data-node-13,9.9.2.155,elasticsearch_os_load5,4.39
2023/4/13 14:31,1681367507,cc-cc408-hya,data-node-13,9.9.2.155,elasticsearch_os_load5,4.14
2023/4/13 14:32,1681367567,cc-cc408-hya,data-node-13,9.9.2.155,elasticsearch_os_load5,4.19
2023/4/13 14:33,1681367627,cc-cc408-hya,data-node-13,9.9.2.155,elasticsearch_os_load5,4.27
2023/4/13 14:34,1681367687,cc-cc408-hya,data-node-13,9.9.2.155,elasticsearch_os_load5,4.39
2023/4/13 14:35,1681367747,cc-cc408-hya,data-node-13,9.9.2.155,elasticsearch_os_load5,4.31
2023/4/13 14:36,1681367807,cc-cc408-hya,data-node-13,9.9.2.155,elasticsearch_os_load5,4.55
2023/4/13 14:37,1681367867,cc-cc408-hya,data-node-13,9.9.2.155,elasticsearch_os_load5,4.91
2023/4/13 14:38,1681367927,cc-cc408-hya,data-node-13,9.9.2.155,elasticsearch_os_load5,4.75
2023/4/13 14:39,1681367987,cc-cc408-hya,data-node-13,9.9.2.155,elasticsearch_os_load5,4.54
2023/4/13 14:40,1681368047,cc-cc408-hya,data-node-13,9.9.2.155,elasticsearch_os_load5,4.41
2023/4/13 14:41,1681368107,cc-cc408-hya,data-node-13,9.9.2.155,elasticsearch_os_load5,4.2
2023/4/13 14:42,1681368167,cc-cc408-hya,data-node-13,9.9.2.155,elasticsearch_os_load5,4.06
2023/4/13 14:43,1681368227,cc-cc408-hya,data-node-13,9.9.2.155,elasticsearch_os_load5,4.09
2023/4/13 14:44,1681368287,cc-cc408-hya,data-node-13,9.9.2.155,elasticsearch_os_load5,4.95
2023/4/13 14:45,1681368347,cc-cc408-hya,data-node-13,9.9.2.155,elasticsearch_os_load5,4.65
2023/4/13 14:46,1681368407,cc-cc408-hya,data-node-13,9.9.2.155,elasticsearch_os_load5,4.58
2023/4/13 14:47,1681368467,cc-cc408-hya,data-node-13,9.9.2.155,elasticsearch_os_load5,5.09
2023/4/13 14:48,1681368527,cc-cc408-hya,data-node-13,9.9.2.155,elasticsearch_os_load5,5.66
2023/4/13 14:49,1681368587,cc-cc408-hya,data-node-13,9.9.2.155,elasticsearch_os_load5,5.39
2023/4/13 14:50,1681368647,cc-cc408-hya,data-node-13,9.9.2.155,elasticsearch_os_load5,5.41
2023/4/13 14:51,1681368707,cc-cc408-hya,data-node-13,9.9.2.155,elasticsearch_os_load5,4.99
2023/4/13 14:52,1681368767,cc-cc408-hya,data-node-13,9.9.2.155,elasticsearch_os_load5,5.03
2023/4/13 14:53,1681368827,cc-cc408-hya,data-node-13,9.9.2.155,elasticsearch_os_load5,4.99
2023/4/13 14:54,1681368887,cc-cc408-hya,data-node-13,9.9.2.155,elasticsearch_os_load5,4.81
2023/4/13 14:55,1681368947,cc-cc408-hya,data-node-13,9.9.2.155,elasticsearch_os_load5,4.93
2023/4/13 14:56,1681369007,cc-cc408-hya,data-node-13,9.9.2.155,elasticsearch_os_load5,4.83
2023/4/13 14:57,1681369067,cc-cc408-hya,data-node-13,9.9.2.155,elasticsearch_os_load5,4.74
2023/4/13 14:58,1681369127,cc-cc408-hya,data-node-13,9.9.2.155,elasticsearch_os_load5,4.55
2023/4/13 14:59,1681369187,cc-cc408-hya,data-node-13,9.9.2.155,elasticsearch_os_load5,4.27
2023/4/13 15:00,1681369247,cc-cc408-hya,data-node-13,9.9.2.155,elasticsearch_os_load5,4.55
2023/4/13 15:01,1681369307,cc-cc408-hya,data-node-13,9.9.2.155,elasticsearch_os_load5,4.36
2023/4/13 15:02,1681369367,cc-cc408-hya,data-node-13,9.9.2.155,elasticsearch_os_load5,4.25
2023/4/13 15:03,1681369427,cc-cc408-hya,data-node-13,9.9.2.155,elasticsearch_os_load5,4.02
2023/4/13 15:04,1681369487,cc-cc408-hya,data-node-13,9.9.2.155,elasticsearch_os_load5,4.24
2023/4/13 15:05,1681369547,cc-cc408-hya,data-node-13,9.9.2.155,elasticsearch_os_load5,4.52
2023/4/13 15:06,1681369607,cc-cc408-hya,data-node-13,9.9.2.155,elasticsearch_os_load5,4.58
2023/4/13 15:07,1681369667,cc-cc408-hya,data-node-13,9.9.2.155,elasticsearch_os_load5,4.32
2023/4/13 15:08,1681369727,cc-cc408-hya,data-node-13,9.9.2.155,elasticsearch_os_load5,4.18
2023/4/13 15:09,1681369787,cc-cc408-hya,data-node-13,9.9.2.155,elasticsearch_os_load5,4.28
2023/4/13 15:10,1681369847,cc-cc408-hya,data-node-13,9.9.2.155,elasticsearch_os_load5,4.53
2023/4/13 15:11,1681369907,cc-cc408-hya,data-node-13,9.9.2.155,elasticsearch_os_load5,4.54
2023/4/13 15:12,1681369967,cc-cc408-hya,data-node-13,9.9.2.155,elasticsearch_os_load5,4.24
2023/4/13 15:13,1681370027,cc-cc408-hya,data-node-13,9.9.2.155,elasticsearch_os_load5,4.45
2023/4/13 15:14,1681370087,cc-cc408-hya,data-node-13,9.9.2.155,elasticsearch_os_load5,4.16
2023/4/13 15:15,1681370147,cc-cc408-hya,data-node-13,9.9.2.155,elasticsearch_os_load5,4.3
2023/4/13 15:16,1681370207,cc-cc408-hya,data-node-13,9.9.2.155,elasticsearch_os_load5,4.26
2023/4/13 15:17,1681370267,cc-cc408-hya,data-node-13,9.9.2.155,elasticsearch_os_load5,4.46
2023/4/13 15:18,1681370327,cc-cc408-hya,data-node-13,9.9.2.155,elasticsearch_os_load5,4.29
2023/4/13 15:19,1681370387,cc-cc408-hya,data-node-13,9.9.2.155,elasticsearch_os_load5,4.43
2023/4/13 15:20,1681370447,cc-cc408-hya,data-node-13,9.9.2.155,elasticsearch_os_load5,4.64
2023/4/13 15:21,1681370507,cc-cc408-hya,data-node-13,9.9.2.155,elasticsearch_os_load5,4.93
2023/4/13 15:22,1681370567,cc-cc408-hya,data-node-13,9.9.2.155,elasticsearch_os_load5,4.61
2023/4/13 15:23,1681370627,cc-cc408-hya,data-node-13,9.9.2.155,elasticsearch_os_load5,4.57
2023/4/13 15:24,1681370687,cc-cc408-hya,data-node-13,9.9.2.155,elasticsearch_os_load5,4.28
2023/4/13 15:25,1681370747,cc-cc408-hya,data-node-13,9.9.2.155,elasticsearch_os_load5,4.31
2023/4/13 15:26,1681370807,cc-cc408-hya,data-node-13,9.9.2.155,elasticsearch_os_load5,4.38
2023/4/13 15:27,1681370867,cc-cc408-hya,data-node-13,9.9.2.155,elasticsearch_os_load5,4.38
2023/4/13 15:28,1681370927,cc-cc408-hya,data-node-13,9.9.2.155,elasticsearch_os_load5,4.51
2023/4/13 15:29,1681370987,cc-cc408-hya,data-node-13,9.9.2.155,elasticsearch_os_load5,4.68
2023/4/13 15:30,1681371047,cc-cc408-hya,data-node-13,9.9.2.155,elasticsearch_os_load5,4.97
2023/4/13 15:31,1681371107,cc-cc408-hya,data-node-13,9.9.2.155,elasticsearch_os_load5,4.92
2023/4/13 15:32,1681371167,cc-cc408-hya,data-node-13,9.9.2.155,elasticsearch_os_load5,4.98
2023/4/13 15:33,1681371227,cc-cc408-hya,data-node-13,9.9.2.155,elasticsearch_os_load5,5.02
2023/4/13 15:34,1681371287,cc-cc408-hya,data-node-13,9.9.2.155,elasticsearch_os_load5,5.17
2023/4/13 15:35,1681371347,cc-cc408-hya,data-node-13,9.9.2.155,elasticsearch_os_load5,4.88
2023/4/13 15:36,1681371407,cc-cc408-hya,data-node-13,9.9.2.155,elasticsearch_os_load5,5.97
2023/4/13 15:37,1681371467,cc-cc408-hya,data-node-13,9.9.2.155,elasticsearch_os_load5,5.9
2023/4/13 15:38,1681371527,cc-cc408-hya,data-node-13,9.9.2.155,elasticsearch_os_load5,6.15
2023/4/13 15:39,1681371587,cc-cc408-hya,data-node-13,9.9.2.155,elasticsearch_os_load5,5.99
2023/4/13 15:40,1681371647,cc-cc408-hya,data-node-13,9.9.2.155,elasticsearch_os_load5,5.99
2023/4/13 15:41,1681371707,cc-cc408-hya,data-node-13,9.9.2.155,elasticsearch_os_load5,5.85
2023/4/13 15:42,1681371767,cc-cc408-hya,data-node-13,9.9.2.155,elasticsearch_os_load5,5.97
2023/4/13 15:43,1681371827,cc-cc408-hya,data-node-13,9.9.2.155,elasticsearch_os_load5,6.11
2023/4/13 15:44,1681371887,cc-cc408-hya,data-node-13,9.9.2.155,elasticsearch_os_load5,5.71
2023/4/13 15:45,1681371947,cc-cc408-hya,data-node-13,9.9.2.155,elasticsearch_os_load5,5.72
2023/4/13 15:46,1681372007,cc-cc408-hya,data-node-13,9.9.2.155,elasticsearch_os_load5,5.49
2023/4/13 15:47,1681372067,cc-cc408-hya,data-node-13,9.9.2.155,elasticsearch_os_load5,5.57
2023/4/13 15:48,1681372127,cc-cc408-hya,data-node-13,9.9.2.155,elasticsearch_os_load5,6.45
2023/4/13 15:49,1681372187,cc-cc408-hya,data-node-13,9.9.2.155,elasticsearch_os_load5,6.49
2023/4/13 15:50,1681372247,cc-cc408-hya,data-node-13,9.9.2.155,elasticsearch_os_load5,5.78
2023/4/13 15:51,1681372307,cc-cc408-hya,data-node-13,9.9.2.155,elasticsearch_os_load5,5.36
2023/4/13 15:52,1681372367,cc-cc408-hya,data-node-13,9.9.2.155,elasticsearch_os_load5,4.74
2023/4/13 15:53,1681372427,cc-cc408-hya,data-node-13,9.9.2.155,elasticsearch_os_load5,4.69
2023/4/13 15:54,1681372487,cc-cc408-hya,data-node-13,9.9.2.155,elasticsearch_os_load5,4.91
2023/4/13 15:55,1681372547,cc-cc408-hya,data-node-13,9.9.2.155,elasticsearch_os_load5,4.92
2023/4/13 15:56,1681372607,cc-cc408-hya,data-node-13,9.9.2.155,elasticsearch_os_load5,5.18
2023/4/13 15:57,1681372667,cc-cc408-hya,data-node-13,9.9.2.155,elasticsearch_os_load5,5.09
2023/4/13 15:58,1681372727,cc-cc408-hya,data-node-13,9.9.2.155,elasticsearch_os_load5,5.4
2023/4/13 15:59,1681372787,cc-cc408-hya,data-node-13,9.9.2.155,elasticsearch_os_load5,5.31
2023/4/13 16:00,1681372847,cc-cc408-hya,data-node-13,9.9.2.155,elasticsearch_os_load5,5.03
2023/4/13 16:01,1681372907,cc-cc408-hya,data-node-13,9.9.2.155,elasticsearch_os_load5,4.78
2023/4/13 16:02,1681372967,cc-cc408-hya,data-node-13,9.9.2.155,elasticsearch_os_load5,4.99
2023/4/13 16:03,1681373027,cc-cc408-hya,data-node-13,9.9.2.155,elasticsearch_os_load5,5.06
2023/4/13 16:04,1681373087,cc-cc408-hya,data-node-13,9.9.2.155,elasticsearch_os_load5,5.04
2023/4/13 16:05,1681373147,cc-cc408-hya,data-node-13,9.9.2.155,elasticsearch_os_load5,4.92
2023/4/13 16:06,1681373207,cc-cc408-hya,data-node-13,9.9.2.155,elasticsearch_os_load5,4.91
2023/4/13 16:07,1681373267,cc-cc408-hya,data-node-13,9.9.2.155,elasticsearch_os_load5,4.97
2023/4/13 16:08,1681373327,cc-cc408-hya,data-node-13,9.9.2.155,elasticsearch_os_load5,5.36
2023/4/13 16:09,1681373387,cc-cc408-hya,data-node-13,9.9.2.155,elasticsearch_os_load5,5.35
2023/4/13 16:10,1681373447,cc-cc408-hya,data-node-13,9.9.2.155,elasticsearch_os_load5,5.21
2023/4/13 16:11,1681373507,cc-cc408-hya,data-node-13,9.9.2.155,elasticsearch_os_load5,5.21
2023/4/13 16:12,1681373567,cc-cc408-hya,data-node-13,9.9.2.155,elasticsearch_os_load5,5.38
2023/4/13 16:13,1681373627,cc-cc408-hya,data-node-13,9.9.2.155,elasticsearch_os_load5,5.53
2023/4/13 16:14,1681373687,cc-cc408-hya,data-node-13,9.9.2.155,elasticsearch_os_load5,5.76
2023/4/13 16:15,1681373747,cc-cc408-hya,data-node-13,9.9.2.155,elasticsearch_os_load5,5.76
2023/4/13 16:16,1681373807,cc-cc408-hya,data-node-13,9.9.2.155,elasticsearch_os_load5,5.69
2023/4/13 16:17,1681373867,cc-cc408-hya,data-node-13,9.9.2.155,elasticsearch_os_load5,5.6
2023/4/13 16:18,1681373927,cc-cc408-hya,data-node-13,9.9.2.155,elasticsearch_os_load5,5.54
2023/4/13 16:19,1681373987,cc-cc408-hya,data-node-13,9.9.2.155,elasticsearch_os_load5,5.39
2023/4/13 16:20,1681374047,cc-cc408-hya,data-node-13,9.9.2.155,elasticsearch_os_load5,5.7
2023/4/13 16:21,1681374107,cc-cc408-hya,data-node-13,9.9.2.155,elasticsearch_os_load5,5.93
2023/4/13 16:22,1681374167,cc-cc408-hya,data-node-13,9.9.2.155,elasticsearch_os_load5,6.12
2023/4/13 16:23,1681374227,cc-cc408-hya,data-node-13,9.9.2.155,elasticsearch_os_load5,5.99
2023/4/13 16:24,1681374287,cc-cc408-hya,data-node-13,9.9.2.155,elasticsearch_os_load5,5.81
2023/4/13 16:25,1681374347,cc-cc408-hya,data-node-13,9.9.2.155,elasticsearch_os_load5,5.9
2023/4/13 16:26,1681374407,cc-cc408-hya,data-node-13,9.9.2.155,elasticsearch_os_load5,5.77
2023/4/13 16:27,1681374467,cc-cc408-hya,data-node-13,9.9.2.155,elasticsearch_os_load5,5.77
2023/4/13 16:28,1681374527,cc-cc408-hya,data-node-13,9.9.2.155,elasticsearch_os_load5,5.64
2023/4/13 16:29,1681374587,cc-cc408-hya,data-node-13,9.9.2.155,elasticsearch_os_load5,5.67
2023/4/13 16:30,1681374647,cc-cc408-hya,data-node-13,9.9.2.155,elasticsearch_os_load5,5.56
2023/4/13 16:31,1681374707,cc-cc408-hya,data-node-13,9.9.2.155,elasticsearch_os_load5,5.41
2023/4/13 16:32,1681374767,cc-cc408-hya,data-node-13,9.9.2.155,elasticsearch_os_load5,5.57
2023/4/13 16:33,1681374827,cc-cc408-hya,data-node-13,9.9.2.155,elasticsearch_os_load5,5.81
2023/4/13 16:34,1681374887,cc-cc408-hya,data-node-13,9.9.2.155,elasticsearch_os_load5,5.71
2023/4/13 16:35,1681374947,cc-cc408-hya,data-node-13,9.9.2.155,elasticsearch_os_load5,5.67
2023/4/13 16:36,1681375007,cc-cc408-hya,data-node-13,9.9.2.155,elasticsearch_os_load5,5.64
2023/4/13 16:37,1681375067,cc-cc408-hya,data-node-13,9.9.2.155,elasticsearch_os_load5,5.71
2023/4/13 16:38,1681375127,cc-cc408-hya,data-node-13,9.9.2.155,elasticsearch_os_load5,5.54
2023/4/13 16:39,1681375187,cc-cc408-hya,data-node-13,9.9.2.155,elasticsearch_os_load5,5.44
2023/4/13 16:40,1681375247,cc-cc408-hya,data-node-13,9.9.2.155,elasticsearch_os_load5,5.42
2023/4/13 16:41,1681375307,cc-cc408-hya,data-node-13,9.9.2.155,elasticsearch_os_load5,5.49
2023/4/13 16:42,1681375367,cc-cc408-hya,data-node-13,9.9.2.155,elasticsearch_os_load5,5.41
2023/4/13 16:43,1681375427,cc-cc408-hya,data-node-13,9.9.2.155,elasticsearch_os_load5,5.29
2023/4/13 16:44,1681375487,cc-cc408-hya,data-node-13,9.9.2.155,elasticsearch_os_load5,5.15
2023/4/13 16:45,1681375547,cc-cc408-hya,data-node-13,9.9.2.155,elasticsearch_os_load5,5.31
2023/4/13 16:46,1681375607,cc-cc408-hya,data-node-13,9.9.2.155,elasticsearch_os_load5,5.13
2023/4/13 16:47,1681375667,cc-cc408-hya,data-node-13,9.9.2.155,elasticsearch_os_load5,5.21
2023/4/13 16:48,1681375727,cc-cc408-hya,data-node-13,9.9.2.155,elasticsearch_os_load5,5.15
2023/4/13 16:49,1681375787,cc-cc408-hya,data-node-13,9.9.2.155,elasticsearch_os_load5,5
2023/4/13 16:50,1681375847,cc-cc408-hya,data-node-13,9.9.2.155,elasticsearch_os_load5,5.13
2023/4/13 16:51,1681375907,cc-cc408-hya,data-node-13,9.9.2.155,elasticsearch_os_load5,4.89
2023/4/13 16:52,1681375967,cc-cc408-hya,data-node-13,9.9.2.155,elasticsearch_os_load5,4.94
2023/4/13 16:53,1681376027,cc-cc408-hya,data-node-13,9.9.2.155,elasticsearch_os_load5,4.89
2023/4/13 16:54,1681376087,cc-cc408-hya,data-node-13,9.9.2.155,elasticsearch_os_load5,4.81
2023/4/13 16:55,1681376147,cc-cc408-hya,data-node-13,9.9.2.155,elasticsearch_os_load5,5.39
2023/4/13 16:56,1681376207,cc-cc408-hya,data-node-13,9.9.2.155,elasticsearch_os_load5,5.04
2023/4/13 16:57,1681376267,cc-cc408-hya,data-node-13,9.9.2.155,elasticsearch_os_load5,4.98
2023/4/13 16:58,1681376327,cc-cc408-hya,data-node-13,9.9.2.155,elasticsearch_os_load5,5.1
2023/4/13 16:59,1681376387,cc-cc408-hya,data-node-13,9.9.2.155,elasticsearch_os_load5,5
2023/4/13 17:00,1681376447,cc-cc408-hya,data-node-13,9.9.2.155,elasticsearch_os_load5,4.99
2023/4/13 17:01,1681376507,cc-cc408-hya,data-node-13,9.9.2.155,elasticsearch_os_load5,5.32
2023/4/13 17:02,1681376567,cc-cc408-hya,data-node-13,9.9.2.155,elasticsearch_os_load5,5.74
2023/4/13 17:03,1681376627,cc-cc408-hya,data-node-13,9.9.2.155,elasticsearch_os_load5,6.35
2023/4/13 17:04,1681376687,cc-cc408-hya,data-node-13,9.9.2.155,elasticsearch_os_load5,6.22
2023/4/13 17:05,1681376747,cc-cc408-hya,data-node-13,9.9.2.155,elasticsearch_os_load5,6.17
2023/4/13 17:06,1681376807,cc-cc408-hya,data-node-13,9.9.2.155,elasticsearch_os_load5,6.37
2023/4/13 17:07,1681376867,cc-cc408-hya,data-node-13,9.9.2.155,elasticsearch_os_load5,6.1
2023/4/13 17:08,1681376927,cc-cc408-hya,data-node-13,9.9.2.155,elasticsearch_os_load5,6.18
2023/4/13 17:09,1681376987,cc-cc408-hya,data-node-13,9.9.2.155,elasticsearch_os_load5,5.96
2023/4/13 17:10,1681377047,cc-cc408-hya,data-node-13,9.9.2.155,elasticsearch_os_load5,5.9
2023/4/13 17:11,1681377107,cc-cc408-hya,data-node-13,9.9.2.155,elasticsearch_os_load5,5.83
2023/4/13 17:12,1681377167,cc-cc408-hya,data-node-13,9.9.2.155,elasticsearch_os_load5,5.95
2023/4/13 17:13,1681377227,cc-cc408-hya,data-node-13,9.9.2.155,elasticsearch_os_load5,5.84
2023/4/13 17:14,1681377287,cc-cc408-hya,data-node-13,9.9.2.155,elasticsearch_os_load5,5.72
2023/4/13 17:15,1681377347,cc-cc408-hya,data-node-13,9.9.2.155,elasticsearch_os_load5,5.49
2023/4/13 17:16,1681377407,cc-cc408-hya,data-node-13,9.9.2.155,elasticsearch_os_load5,5.34
2023/4/13 17:17,1681377467,cc-cc408-hya,data-node-13,9.9.2.155,elasticsearch_os_load5,5.21
2023/4/13 17:18,1681377527,cc-cc408-hya,data-node-13,9.9.2.155,elasticsearch_os_load5,5.17
2023/4/13 17:19,1681377587,cc-cc408-hya,data-node-13,9.9.2.155,elasticsearch_os_load5,4.87
2023/4/13 17:20,1681377647,cc-cc408-hya,data-node-13,9.9.2.155,elasticsearch_os_load5,4.72
2023/4/13 17:21,1681377707,cc-cc408-hya,data-node-13,9.9.2.155,elasticsearch_os_load5,4.91
2023/4/13 17:22,1681377767,cc-cc408-hya,data-node-13,9.9.2.155,elasticsearch_os_load5,5.18
2023/4/13 17:23,1681377827,cc-cc408-hya,data-node-13,9.9.2.155,elasticsearch_os_load5,4.89
2023/4/13 17:24,1681377887,cc-cc408-hya,data-node-13,9.9.2.155,elasticsearch_os_load5,5.05
2023/4/13 17:25,1681377947,cc-cc408-hya,data-node-13,9.9.2.155,elasticsearch_os_load5,4.73
2023/4/13 17:26,1681378007,cc-cc408-hya,data-node-13,9.9.2.155,elasticsearch_os_load5,4.9
2023/4/13 17:27,1681378067,cc-cc408-hya,data-node-13,9.9.2.155,elasticsearch_os_load5,4.91
2023/4/13 17:28,1681378127,cc-cc408-hya,data-node-13,9.9.2.155,elasticsearch_os_load5,5.19
2023/4/13 17:29,1681378187,cc-cc408-hya,data-node-13,9.9.2.155,elasticsearch_os_load5,5.24
2023/4/13 17:30,1681378247,cc-cc408-hya,data-node-13,9.9.2.155,elasticsearch_os_load5,5.49
2023/4/12 17:30,1681291847,cc-cc408-hya,data-node-18,9.9.2.155,elasticsearch_os_load5,5.8
2023/4/12 17:31,1681291907,cc-cc408-hya,data-node-18,9.9.2.155,elasticsearch_os_load5,5.58
2023/4/12 17:32,1681291967,cc-cc408-hya,data-node-18,9.9.2.155,elasticsearch_os_load5,5.31
2023/4/12 17:33,1681292027,cc-cc408-hya,data-node-18,9.9.2.155,elasticsearch_os_load5,5.48
2023/4/12 17:34,1681292087,cc-cc408-hya,data-node-18,9.9.2.155,elasticsearch_os_load5,5.39
2023/4/12 17:35,1681292147,cc-cc408-hya,data-node-18,9.9.2.155,elasticsearch_os_load5,6.04
2023/4/12 17:36,1681292207,cc-cc408-hya,data-node-18,9.9.2.155,elasticsearch_os_load5,5.78
2023/4/12 17:37,1681292267,cc-cc408-hya,data-node-18,9.9.2.155,elasticsearch_os_load5,5.33
2023/4/12 17:38,1681292327,cc-cc408-hya,data-node-18,9.9.2.155,elasticsearch_os_load5,5.15
2023/4/12 17:39,1681292387,cc-cc408-hya,data-node-18,9.9.2.155,elasticsearch_os_load5,5.13
2023/4/12 17:40,1681292447,cc-cc408-hya,data-node-18,9.9.2.155,elasticsearch_os_load5,5.08
2023/4/12 17:41,1681292507,cc-cc408-hya,data-node-18,9.9.2.155,elasticsearch_os_load5,4.97
2023/4/12 17:42,1681292567,cc-cc408-hya,data-node-18,9.9.2.155,elasticsearch_os_load5,5.13
2023/4/12 17:43,1681292627,cc-cc408-hya,data-node-18,9.9.2.155,elasticsearch_os_load5,5
2023/4/12 17:44,1681292687,cc-cc408-hya,data-node-18,9.9.2.155,elasticsearch_os_load5,5.55
2023/4/12 17:45,1681292747,cc-cc408-hya,data-node-18,9.9.2.155,elasticsearch_os_load5,6.04
2023/4/12 17:46,1681292807,cc-cc408-hya,data-node-18,9.9.2.155,elasticsearch_os_load5,5.88
2023/4/12 17:47,1681292867,cc-cc408-hya,data-node-18,9.9.2.155,elasticsearch_os_load5,5.83
2023/4/12 17:48,1681292927,cc-cc408-hya,data-node-18,9.9.2.155,elasticsearch_os_load5,5.6
2023/4/12 17:49,1681292987,cc-cc408-hya,data-node-18,9.9.2.155,elasticsearch_os_load5,5.36
2023/4/12 17:50,1681293047,cc-cc408-hya,data-node-18,9.9.2.155,elasticsearch_os_load5,5.86
2023/4/12 17:51,1681293107,cc-cc408-hya,data-node-18,9.9.2.155,elasticsearch_os_load5,5.66
2023/4/12 17:52,1681293167,cc-cc408-hya,data-node-18,9.9.2.155,elasticsearch_os_load5,5.33
2023/4/12 17:53,1681293227,cc-cc408-hya,data-node-18,9.9.2.155,elasticsearch_os_load5,5.46
2023/4/12 17:54,1681293287,cc-cc408-hya,data-node-18,9.9.2.155,elasticsearch_os_load5,5.25
2023/4/12 17:55,1681293347,cc-cc408-hya,data-node-18,9.9.2.155,elasticsearch_os_load5,5.18
2023/4/12 17:56,1681293407,cc-cc408-hya,data-node-18,9.9.2.155,elasticsearch_os_load5,5.4
2023/4/12 17:57,1681293467,cc-cc408-hya,data-node-18,9.9.2.155,elasticsearch_os_load5,5.77
2023/4/12 17:58,1681293527,cc-cc408-hya,data-node-18,9.9.2.155,elasticsearch_os_load5,6.12
2023/4/12 17:59,1681293587,cc-cc408-hya,data-node-18,9.9.2.155,elasticsearch_os_load5,5.94
2023/4/12 18:00,1681293647,cc-cc408-hya,data-node-18,9.9.2.155,elasticsearch_os_load5,6.06
2023/4/12 18:01,1681293707,cc-cc408-hya,data-node-18,9.9.2.155,elasticsearch_os_load5,5.52
2023/4/12 18:02,1681293767,cc-cc408-hya,data-node-18,9.9.2.155,elasticsearch_os_load5,5.28
2023/4/12 18:03,1681293827,cc-cc408-hya,data-node-18,9.9.2.155,elasticsearch_os_load5,5.16
2023/4/12 18:04,1681293887,cc-cc408-hya,data-node-18,9.9.2.155,elasticsearch_os_load5,4.91
2023/4/12 18:05,1681293947,cc-cc408-hya,data-node-18,9.9.2.155,elasticsearch_os_load5,4.93
2023/4/12 18:06,1681294007,cc-cc408-hya,data-node-18,9.9.2.155,elasticsearch_os_load5,5.13
2023/4/12 18:07,1681294067,cc-cc408-hya,data-node-18,9.9.2.155,elasticsearch_os_load5,5.14
2023/4/12 18:08,1681294127,cc-cc408-hya,data-node-18,9.9.2.155,elasticsearch_os_load5,5
2023/4/12 18:09,1681294187,cc-cc408-hya,data-node-18,9.9.2.155,elasticsearch_os_load5,4.94
2023/4/12 18:10,1681294247,cc-cc408-hya,data-node-18,9.9.2.155,elasticsearch_os_load5,4.95
2023/4/12 18:11,1681294307,cc-cc408-hya,data-node-18,9.9.2.155,elasticsearch_os_load5,4.65
2023/4/12 18:12,1681294367,cc-cc408-hya,data-node-18,9.9.2.155,elasticsearch_os_load5,4.46
2023/4/12 18:13,1681294427,cc-cc408-hya,data-node-18,9.9.2.155,elasticsearch_os_load5,4.61
2023/4/12 18:14,1681294487,cc-cc408-hya,data-node-18,9.9.2.155,elasticsearch_os_load5,4.61
2023/4/12 18:15,1681294547,cc-cc408-hya,data-node-18,9.9.2.155,elasticsearch_os_load5,4.61
2023/4/12 18:16,1681294607,cc-cc408-hya,data-node-18,9.9.2.155,elasticsearch_os_load5,4.81
2023/4/12 18:17,1681294667,cc-cc408-hya,data-node-18,9.9.2.155,elasticsearch_os_load5,4.84
2023/4/12 18:18,1681294727,cc-cc408-hya,data-node-18,9.9.2.155,elasticsearch_os_load5,4.83
2023/4/12 18:19,1681294787,cc-cc408-hya,data-node-18,9.9.2.155,elasticsearch_os_load5,4.97
2023/4/12 18:20,1681294847,cc-cc408-hya,data-node-18,9.9.2.155,elasticsearch_os_load5,4.88
2023/4/12 18:21,1681294907,cc-cc408-hya,data-node-18,9.9.2.155,elasticsearch_os_load5,5.12
2023/4/12 18:22,1681294967,cc-cc408-hya,data-node-18,9.9.2.155,elasticsearch_os_load5,5.46
2023/4/12 18:23,1681295027,cc-cc408-hya,data-node-18,9.9.2.155,elasticsearch_os_load5,5.59
2023/4/12 18:24,1681295087,cc-cc408-hya,data-node-18,9.9.2.155,elasticsearch_os_load5,5.11
2023/4/12 18:25,1681295147,cc-cc408-hya,data-node-18,9.9.2.155,elasticsearch_os_load5,4.79
2023/4/12 18:26,1681295207,cc-cc408-hya,data-node-18,9.9.2.155,elasticsearch_os_load5,4.99
2023/4/12 18:27,1681295267,cc-cc408-hya,data-node-18,9.9.2.155,elasticsearch_os_load5,5.06
2023/4/12 18:28,1681295327,cc-cc408-hya,data-node-18,9.9.2.155,elasticsearch_os_load5,5.55
2023/4/12 18:29,1681295387,cc-cc408-hya,data-node-18,9.9.2.155,elasticsearch_os_load5,5.14
2023/4/12 18:30,1681295447,cc-cc408-hya,data-node-18,9.9.2.155,elasticsearch_os_load5,5.33
2023/4/12 18:31,1681295507,cc-cc408-hya,data-node-18,9.9.2.155,elasticsearch_os_load5,5.26
2023/4/12 18:32,1681295567,cc-cc408-hya,data-node-18,9.9.2.155,elasticsearch_os_load5,5.14
2023/4/12 18:33,1681295627,cc-cc408-hya,data-node-18,9.9.2.155,elasticsearch_os_load5,4.93
2023/4/12 18:34,1681295687,cc-cc408-hya,data-node-18,9.9.2.155,elasticsearch_os_load5,4.66
2023/4/12 18:35,1681295747,cc-cc408-hya,data-node-18,9.9.2.155,elasticsearch_os_load5,4.55
2023/4/12 18:36,1681295807,cc-cc408-hya,data-node-18,9.9.2.155,elasticsearch_os_load5,4.72
2023/4/12 18:37,1681295867,cc-cc408-hya,data-node-18,9.9.2.155,elasticsearch_os_load5,4.67
2023/4/12 18:38,1681295927,cc-cc408-hya,data-node-18,9.9.2.155,elasticsearch_os_load5,4.69
2023/4/12 18:39,1681295987,cc-cc408-hya,data-node-18,9.9.2.155,elasticsearch_os_load5,4.6
2023/4/12 18:40,1681296047,cc-cc408-hya,data-node-18,9.9.2.155,elasticsearch_os_load5,4.81
2023/4/12 18:41,1681296107,cc-cc408-hya,data-node-18,9.9.2.155,elasticsearch_os_load5,4.87
2023/4/12 18:42,1681296167,cc-cc408-hya,data-node-18,9.9.2.155,elasticsearch_os_load5,4.92
2023/4/12 18:43,1681296227,cc-cc408-hya,data-node-18,9.9.2.155,elasticsearch_os_load5,4.95
2023/4/12 18:44,1681296287,cc-cc408-hya,data-node-18,9.9.2.155,elasticsearch_os_load5,4.62
2023/4/12 18:45,1681296347,cc-cc408-hya,data-node-18,9.9.2.155,elasticsearch_os_load5,4.37
2023/4/12 18:46,1681296407,cc-cc408-hya,data-node-18,9.9.2.155,elasticsearch_os_load5,4.22
2023/4/12 18:47,1681296467,cc-cc408-hya,data-node-18,9.9.2.155,elasticsearch_os_load5,4.19
2023/4/12 18:48,1681296527,cc-cc408-hya,data-node-18,9.9.2.155,elasticsearch_os_load5,4.06
2023/4/12 18:49,1681296587,cc-cc408-hya,data-node-18,9.9.2.155,elasticsearch_os_load5,3.96
2023/4/12 18:50,1681296647,cc-cc408-hya,data-node-18,9.9.2.155,elasticsearch_os_load5,3.94
2023/4/12 18:51,1681296707,cc-cc408-hya,data-node-18,9.9.2.155,elasticsearch_os_load5,3.9
2023/4/12 18:52,1681296767,cc-cc408-hya,data-node-18,9.9.2.155,elasticsearch_os_load5,4.1
2023/4/12 18:53,1681296827,cc-cc408-hya,data-node-18,9.9.2.155,elasticsearch_os_load5,4.67
2023/4/12 18:54,1681296887,cc-cc408-hya,data-node-18,9.9.2.155,elasticsearch_os_load5,4.52
2023/4/12 18:55,1681296947,cc-cc408-hya,data-node-18,9.9.2.155,elasticsearch_os_load5,4.67
2023/4/12 18:56,1681297007,cc-cc408-hya,data-node-18,9.9.2.155,elasticsearch_os_load5,4.74
2023/4/12 18:57,1681297067,cc-cc408-hya,data-node-18,9.9.2.155,elasticsearch_os_load5,4.84
2023/4/12 18:58,1681297127,cc-cc408-hya,data-node-18,9.9.2.155,elasticsearch_os_load5,4.6
2023/4/12 18:59,1681297187,cc-cc408-hya,data-node-18,9.9.2.155,elasticsearch_os_load5,4.47
2023/4/12 19:00,1681297247,cc-cc408-hya,data-node-18,9.9.2.155,elasticsearch_os_load5,4.4
2023/4/12 19:01,1681297307,cc-cc408-hya,data-node-18,9.9.2.155,elasticsearch_os_load5,4.42
2023/4/12 19:02,1681297367,cc-cc408-hya,data-node-18,9.9.2.155,elasticsearch_os_load5,4.24
2023/4/12 19:03,1681297427,cc-cc408-hya,data-node-18,9.9.2.155,elasticsearch_os_load5,4.24
2023/4/12 19:04,1681297487,cc-cc408-hya,data-node-18,9.9.2.155,elasticsearch_os_load5,4.14
2023/4/12 19:05,1681297547,cc-cc408-hya,data-node-18,9.9.2.155,elasticsearch_os_load5,4.9
2023/4/12 19:06,1681297607,cc-cc408-hya,data-node-18,9.9.2.155,elasticsearch_os_load5,4.81
2023/4/12 19:07,1681297667,cc-cc408-hya,data-node-18,9.9.2.155,elasticsearch_os_load5,4.7
2023/4/12 19:08,1681297727,cc-cc408-hya,data-node-18,9.9.2.155,elasticsearch_os_load5,4.71
2023/4/12 19:09,1681297787,cc-cc408-hya,data-node-18,9.9.2.155,elasticsearch_os_load5,4.53
2023/4/12 19:10,1681297847,cc-cc408-hya,data-node-18,9.9.2.155,elasticsearch_os_load5,4.72
2023/4/12 19:11,1681297907,cc-cc408-hya,data-node-18,9.9.2.155,elasticsearch_os_load5,4.63
2023/4/12 19:12,1681297967,cc-cc408-hya,data-node-18,9.9.2.155,elasticsearch_os_load5,4.41
2023/4/12 19:13,1681298027,cc-cc408-hya,data-node-18,9.9.2.155,elasticsearch_os_load5,4.42
2023/4/12 19:14,1681298087,cc-cc408-hya,data-node-18,9.9.2.155,elasticsearch_os_load5,4.39
2023/4/12 19:15,1681298147,cc-cc408-hya,data-node-18,9.9.2.155,elasticsearch_os_load5,4.37
2023/4/12 19:16,1681298207,cc-cc408-hya,data-node-18,9.9.2.155,elasticsearch_os_load5,4.18
2023/4/12 19:17,1681298267,cc-cc408-hya,data-node-18,9.9.2.155,elasticsearch_os_load5,4.06
2023/4/12 19:18,1681298327,cc-cc408-hya,data-node-18,9.9.2.155,elasticsearch_os_load5,4.31
2023/4/12 19:19,1681298387,cc-cc408-hya,data-node-18,9.9.2.155,elasticsearch_os_load5,4.25
2023/4/12 19:20,1681298447,cc-cc408-hya,data-node-18,9.9.2.155,elasticsearch_os_load5,4.15
2023/4/12 19:21,1681298507,cc-cc408-hya,data-node-18,9.9.2.155,elasticsearch_os_load5,4.17
2023/4/12 19:22,1681298567,cc-cc408-hya,data-node-18,9.9.2.155,elasticsearch_os_load5,4.25
2023/4/12 19:23,1681298627,cc-cc408-hya,data-node-18,9.9.2.155,elasticsearch_os_load5,4.17
2023/4/12 19:24,1681298687,cc-cc408-hya,data-node-18,9.9.2.155,elasticsearch_os_load5,4.25
2023/4/12 19:25,1681298747,cc-cc408-hya,data-node-18,9.9.2.155,elasticsearch_os_load5,4.12
2023/4/12 19:26,1681298807,cc-cc408-hya,data-node-18,9.9.2.155,elasticsearch_os_load5,3.87
2023/4/12 19:27,1681298867,cc-cc408-hya,data-node-18,9.9.2.155,elasticsearch_os_load5,3.96
2023/4/12 19:28,1681298927,cc-cc408-hya,data-node-18,9.9.2.155,elasticsearch_os_load5,3.77
2023/4/12 19:29,1681298987,cc-cc408-hya,data-node-18,9.9.2.155,elasticsearch_os_load5,3.8
2023/4/12 19:30,1681299047,cc-cc408-hya,data-node-18,9.9.2.155,elasticsearch_os_load5,4.08
2023/4/12 19:31,1681299107,cc-cc408-hya,data-node-18,9.9.2.155,elasticsearch_os_load5,4.79
2023/4/12 19:32,1681299167,cc-cc408-hya,data-node-18,9.9.2.155,elasticsearch_os_load5,4.6
2023/4/12 19:33,1681299227,cc-cc408-hya,data-node-18,9.9.2.155,elasticsearch_os_load5,4.41
2023/4/12 19:34,1681299287,cc-cc408-hya,data-node-18,9.9.2.155,elasticsearch_os_load5,4.34
2023/4/12 19:35,1681299347,cc-cc408-hya,data-node-18,9.9.2.155,elasticsearch_os_load5,4.52
2023/4/12 19:36,1681299407,cc-cc408-hya,data-node-18,9.9.2.155,elasticsearch_os_load5,4.3
2023/4/12 19:37,1681299467,cc-cc408-hya,data-node-18,9.9.2.155,elasticsearch_os_load5,4.04
2023/4/12 19:38,1681299527,cc-cc408-hya,data-node-18,9.9.2.155,elasticsearch_os_load5,3.69
2023/4/12 19:39,1681299587,cc-cc408-hya,data-node-18,9.9.2.155,elasticsearch_os_load5,3.56
2023/4/12 19:40,1681299647,cc-cc408-hya,data-node-18,9.9.2.155,elasticsearch_os_load5,3.43
2023/4/12 19:41,1681299707,cc-cc408-hya,data-node-18,9.9.2.155,elasticsearch_os_load5,3.29
2023/4/12 19:42,1681299767,cc-cc408-hya,data-node-18,9.9.2.155,elasticsearch_os_load5,3.18
2023/4/12 19:43,1681299827,cc-cc408-hya,data-node-18,9.9.2.155,elasticsearch_os_load5,3.17
2023/4/12 19:44,1681299887,cc-cc408-hya,data-node-18,9.9.2.155,elasticsearch_os_load5,3.09
2023/4/12 19:45,1681299947,cc-cc408-hya,data-node-18,9.9.2.155,elasticsearch_os_load5,3.05
2023/4/12 19:46,1681300007,cc-cc408-hya,data-node-18,9.9.2.155,elasticsearch_os_load5,3.17
2023/4/12 19:47,1681300067,cc-cc408-hya,data-node-18,9.9.2.155,elasticsearch_os_load5,3.19
2023/4/12 19:48,1681300127,cc-cc408-hya,data-node-18,9.9.2.155,elasticsearch_os_load5,2.99
2023/4/12 19:49,1681300187,cc-cc408-hya,data-node-18,9.9.2.155,elasticsearch_os_load5,3.01
2023/4/12 19:50,1681300247,cc-cc408-hya,data-node-18,9.9.2.155,elasticsearch_os_load5,2.9
2023/4/12 19:51,1681300307,cc-cc408-hya,data-node-18,9.9.2.155,elasticsearch_os_load5,3.1
2023/4/12 19:52,1681300367,cc-cc408-hya,data-node-18,9.9.2.155,elasticsearch_os_load5,3.2
2023/4/12 19:53,1681300427,cc-cc408-hya,data-node-18,9.9.2.155,elasticsearch_os_load5,3.25
2023/4/12 19:54,1681300487,cc-cc408-hya,data-node-18,9.9.2.155,elasticsearch_os_load5,3.08
2023/4/12 19:55,1681300547,cc-cc408-hya,data-node-18,9.9.2.155,elasticsearch_os_load5,2.95
2023/4/12 19:56,1681300607,cc-cc408-hya,data-node-18,9.9.2.155,elasticsearch_os_load5,3.01
2023/4/12 19:57,1681300667,cc-cc408-hya,data-node-18,9.9.2.155,elasticsearch_os_load5,2.86
2023/4/12 19:58,1681300727,cc-cc408-hya,data-node-18,9.9.2.155,elasticsearch_os_load5,2.77
2023/4/12 19:59,1681300787,cc-cc408-hya,data-node-18,9.9.2.155,elasticsearch_os_load5,2.55
2023/4/12 20:00,1681300847,cc-cc408-hya,data-node-18,9.9.2.155,elasticsearch_os_load5,2.36
2023/4/12 20:01,1681300907,cc-cc408-hya,data-node-18,9.9.2.155,elasticsearch_os_load5,2.23
2023/4/12 20:02,1681300967,cc-cc408-hya,data-node-18,9.9.2.155,elasticsearch_os_load5,2.15
2023/4/12 20:03,1681301027,cc-cc408-hya,data-node-18,9.9.2.155,elasticsearch_os_load5,2.39
2023/4/12 20:04,1681301087,cc-cc408-hya,data-node-18,9.9.2.155,elasticsearch_os_load5,2.52
2023/4/12 20:05,1681301147,cc-cc408-hya,data-node-18,9.9.2.155,elasticsearch_os_load5,2.62
2023/4/12 20:06,1681301207,cc-cc408-hya,data-node-18,9.9.2.155,elasticsearch_os_load5,2.6
2023/4/12 20:07,1681301267,cc-cc408-hya,data-node-18,9.9.2.155,elasticsearch_os_load5,2.56
2023/4/12 20:08,1681301327,cc-cc408-hya,data-node-18,9.9.2.155,elasticsearch_os_load5,2.53
2023/4/12 20:09,1681301387,cc-cc408-hya,data-node-18,9.9.2.155,elasticsearch_os_load5,2.32
2023/4/12 20:10,1681301447,cc-cc408-hya,data-node-18,9.9.2.155,elasticsearch_os_load5,2.16
2023/4/12 20:11,1681301507,cc-cc408-hya,data-node-18,9.9.2.155,elasticsearch_os_load5,2.15
2023/4/12 20:12,1681301567,cc-cc408-hya,data-node-18,9.9.2.155,elasticsearch_os_load5,2.45
2023/4/12 20:13,1681301627,cc-cc408-hya,data-node-18,9.9.2.155,elasticsearch_os_load5,2.56
2023/4/12 20:14,1681301687,cc-cc408-hya,data-node-18,9.9.2.155,elasticsearch_os_load5,2.51
2023/4/12 20:15,1681301747,cc-cc408-hya,data-node-18,9.9.2.155,elasticsearch_os_load5,2.43
2023/4/12 20:16,1681301807,cc-cc408-hya,data-node-18,9.9.2.155,elasticsearch_os_load5,2.36
2023/4/12 20:17,1681301867,cc-cc408-hya,data-node-18,9.9.2.155,elasticsearch_os_load5,2.22
2023/4/12 20:18,1681301927,cc-cc408-hya,data-node-18,9.9.2.155,elasticsearch_os_load5,2.16
2023/4/12 20:19,1681301987,cc-cc408-hya,data-node-18,9.9.2.155,elasticsearch_os_load5,2.1
2023/4/12 20:20,1681302047,cc-cc408-hya,data-node-18,9.9.2.155,elasticsearch_os_load5,1.97
2023/4/12 20:21,1681302107,cc-cc408-hya,data-node-18,9.9.2.155,elasticsearch_os_load5,2.1
2023/4/12 20:22,1681302167,cc-cc408-hya,data-node-18,9.9.2.155,elasticsearch_os_load5,1.93
2023/4/12 20:23,1681302227,cc-cc408-hya,data-node-18,9.9.2.155,elasticsearch_os_load5,1.86
2023/4/12 20:24,1681302287,cc-cc408-hya,data-node-18,9.9.2.155,elasticsearch_os_load5,1.71
2023/4/12 20:25,1681302347,cc-cc408-hya,data-node-18,9.9.2.155,elasticsearch_os_load5,1.73
2023/4/12 20:26,1681302407,cc-cc408-hya,data-node-18,9.9.2.155,elasticsearch_os_load5,1.65
2023/4/12 20:27,1681302467,cc-cc408-hya,data-node-18,9.9.2.155,elasticsearch_os_load5,1.54
2023/4/12 20:28,1681302527,cc-cc408-hya,data-node-18,9.9.2.155,elasticsearch_os_load5,1.58
2023/4/12 20:29,1681302587,cc-cc408-hya,data-node-18,9.9.2.155,elasticsearch_os_load5,1.45
2023/4/12 20:30,1681302647,cc-cc408-hya,data-node-18,9.9.2.155,elasticsearch_os_load5,1.42
2023/4/12 20:31,1681302707,cc-cc408-hya,data-node-18,9.9.2.155,elasticsearch_os_load5,1.47
2023/4/12 20:32,1681302767,cc-cc408-hya,data-node-18,9.9.2.155,elasticsearch_os_load5,1.57
2023/4/12 20:33,1681302827,cc-cc408-hya,data-node-18,9.9.2.155,elasticsearch_os_load5,1.67
2023/4/12 20:34,1681302887,cc-cc408-hya,data-node-18,9.9.2.155,elasticsearch_os_load5,1.66
2023/4/12 20:35,1681302947,cc-cc408-hya,data-node-18,9.9.2.155,elasticsearch_os_load5,1.68
2023/4/12 20:36,1681303007,cc-cc408-hya,data-node-18,9.9.2.155,elasticsearch_os_load5,1.66
2023/4/12 20:37,1681303067,cc-cc408-hya,data-node-18,9.9.2.155,elasticsearch_os_load5,1.52
2023/4/12 20:38,1681303127,cc-cc408-hya,data-node-18,9.9.2.155,elasticsearch_os_load5,1.51
2023/4/12 20:39,1681303187,cc-cc408-hya,data-node-18,9.9.2.155,elasticsearch_os_load5,1.42
2023/4/12 20:40,1681303247,cc-cc408-hya,data-node-18,9.9.2.155,elasticsearch_os_load5,1.34
2023/4/12 20:41,1681303307,cc-cc408-hya,data-node-18,9.9.2.155,elasticsearch_os_load5,1.39
2023/4/12 20:42,1681303367,cc-cc408-hya,data-node-18,9.9.2.155,elasticsearch_os_load5,1.28
2023/4/12 20:43,1681303427,cc-cc408-hya,data-node-18,9.9.2.155,elasticsearch_os_load5,1.38
2023/4/12 20:44,1681303487,cc-cc408-hya,data-node-18,9.9.2.155,elasticsearch_os_load5,1.32
2023/4/12 20:45,1681303547,cc-cc408-hya,data-node-18,9.9.2.155,elasticsearch_os_load5,1.25
2023/4/12 20:46,1681303607,cc-cc408-hya,data-node-18,9.9.2.155,elasticsearch_os_load5,1.37
2023/4/12 20:47,1681303667,cc-cc408-hya,data-node-18,9.9.2.155,elasticsearch_os_load5,1.5
2023/4/12 20:48,1681303727,cc-cc408-hya,data-node-18,9.9.2.155,elasticsearch_os_load5,1.41
2023/4/12 20:49,1681303787,cc-cc408-hya,data-node-18,9.9.2.155,elasticsearch_os_load5,1.42
2023/4/12 20:50,1681303847,cc-cc408-hya,data-node-18,9.9.2.155,elasticsearch_os_load5,1.33
2023/4/12 20:51,1681303907,cc-cc408-hya,data-node-18,9.9.2.155,elasticsearch_os_load5,1.16
2023/4/12 20:52,1681303967,cc-cc408-hya,data-node-18,9.9.2.155,elasticsearch_os_load5,1.1
2023/4/12 20:53,1681304027,cc-cc408-hya,data-node-18,9.9.2.155,elasticsearch_os_load5,1.07
2023/4/12 20:54,1681304087,cc-cc408-hya,data-node-18,9.9.2.155,elasticsearch_os_load5,1.05
2023/4/12 20:55,1681304147,cc-cc408-hya,data-node-18,9.9.2.155,elasticsearch_os_load5,1.14
2023/4/12 20:56,1681304207,cc-cc408-hya,data-node-18,9.9.2.155,elasticsearch_os_load5,1.1
2023/4/12 20:57,1681304267,cc-cc408-hya,data-node-18,9.9.2.155,elasticsearch_os_load5,1.03
2023/4/12 20:58,1681304327,cc-cc408-hya,data-node-18,9.9.2.155,elasticsearch_os_load5,1.08
2023/4/12 20:59,1681304387,cc-cc408-hya,data-node-18,9.9.2.155,elasticsearch_os_load5,1.04
2023/4/12 21:00,1681304447,cc-cc408-hya,data-node-18,9.9.2.155,elasticsearch_os_load5,1.09
2023/4/12 21:01,1681304507,cc-cc408-hya,data-node-18,9.9.2.155,elasticsearch_os_load5,1.01
2023/4/12 21:02,1681304567,cc-cc408-hya,data-node-18,9.9.2.155,elasticsearch_os_load5,1.02
2023/4/12 21:03,1681304627,cc-cc408-hya,data-node-18,9.9.2.155,elasticsearch_os_load5,1.09
2023/4/12 21:04,1681304687,cc-cc408-hya,data-node-18,9.9.2.155,elasticsearch_os_load5,1.02
2023/4/12 21:05,1681304747,cc-cc408-hya,data-node-18,9.9.2.155,elasticsearch_os_load5,1.04
2023/4/12 21:06,1681304807,cc-cc408-hya,data-node-18,9.9.2.155,elasticsearch_os_load5,0.97
2023/4/12 21:07,1681304867,cc-cc408-hya,data-node-18,9.9.2.155,elasticsearch_os_load5,0.93
2023/4/12 21:08,1681304927,cc-cc408-hya,data-node-18,9.9.2.155,elasticsearch_os_load5,0.84
2023/4/12 21:09,1681304987,cc-cc408-hya,data-node-18,9.9.2.155,elasticsearch_os_load5,0.91
2023/4/12 21:10,1681305047,cc-cc408-hya,data-node-18,9.9.2.155,elasticsearch_os_load5,0.89
2023/4/12 21:11,1681305107,cc-cc408-hya,data-node-18,9.9.2.155,elasticsearch_os_load5,1.11
2023/4/12 21:12,1681305167,cc-cc408-hya,data-node-18,9.9.2.155,elasticsearch_os_load5,1.06
2023/4/12 21:13,1681305227,cc-cc408-hya,data-node-18,9.9.2.155,elasticsearch_os_load5,1.04
2023/4/12 21:14,1681305287,cc-cc408-hya,data-node-18,9.9.2.155,elasticsearch_os_load5,0.93
2023/4/12 21:15,1681305347,cc-cc408-hya,data-node-18,9.9.2.155,elasticsearch_os_load5,1.05
2023/4/12 21:16,1681305407,cc-cc408-hya,data-node-18,9.9.2.155,elasticsearch_os_load5,1.28
2023/4/12 21:17,1681305467,cc-cc408-hya,data-node-18,9.9.2.155,elasticsearch_os_load5,1.4
2023/4/12 21:18,1681305527,cc-cc408-hya,data-node-18,9.9.2.155,elasticsearch_os_load5,1.36
2023/4/12 21:19,1681305587,cc-cc408-hya,data-node-18,9.9.2.155,elasticsearch_os_load5,1.41
2023/4/12 21:20,1681305647,cc-cc408-hya,data-node-18,9.9.2.155,elasticsearch_os_load5,1.43
2023/4/12 21:21,1681305707,cc-cc408-hya,data-node-18,9.9.2.155,elasticsearch_os_load5,1.36
2023/4/12 21:22,1681305767,cc-cc408-hya,data-node-18,9.9.2.155,elasticsearch_os_load5,1.18
2023/4/12 21:23,1681305827,cc-cc408-hya,data-node-18,9.9.2.155,elasticsearch_os_load5,1.08
2023/4/12 21:24,1681305887,cc-cc408-hya,data-node-18,9.9.2.155,elasticsearch_os_load5,1.04
2023/4/12 21:25,1681305947,cc-cc408-hya,data-node-18,9.9.2.155,elasticsearch_os_load5,1.03
2023/4/12 21:26,1681306007,cc-cc408-hya,data-node-18,9.9.2.155,elasticsearch_os_load5,1.15
2023/4/12 21:27,1681306067,cc-cc408-hya,data-node-18,9.9.2.155,elasticsearch_os_load5,1.18
2023/4/12 21:28,1681306127,cc-cc408-hya,data-node-18,9.9.2.155,elasticsearch_os_load5,1.21
2023/4/12 21:29,1681306187,cc-cc408-hya,data-node-18,9.9.2.155,elasticsearch_os_load5,1.3
2023/4/12 21:30,1681306247,cc-cc408-hya,data-node-18,9.9.2.155,elasticsearch_os_load5,1.26
2023/4/12 21:31,1681306307,cc-cc408-hya,data-node-18,9.9.2.155,elasticsearch_os_load5,1.2
2023/4/12 21:32,1681306367,cc-cc408-hya,data-node-18,9.9.2.155,elasticsearch_os_load5,1.17
2023/4/12 21:33,1681306427,cc-cc408-hya,data-node-18,9.9.2.155,elasticsearch_os_load5,1.2
2023/4/12 21:34,1681306487,cc-cc408-hya,data-node-18,9.9.2.155,elasticsearch_os_load5,1.1
2023/4/12 21:35,1681306547,cc-cc408-hya,data-node-18,9.9.2.155,elasticsearch_os_load5,1.08
2023/4/12 21:36,1681306607,cc-cc408-hya,data-node-18,9.9.2.155,elasticsearch_os_load5,1.13
2023/4/12 21:37,1681306667,cc-cc408-hya,data-node-18,9.9.2.155,elasticsearch_os_load5,1.18
2023/4/12 21:38,1681306727,cc-cc408-hya,data-node-18,9.9.2.155,elasticsearch_os_load5,1.19
2023/4/12 21:39,1681306787,cc-cc408-hya,data-node-18,9.9.2.155,elasticsearch_os_load5,1.25
2023/4/12 21:40,1681306847,cc-cc408-hya,data-node-18,9.9.2.155,elasticsearch_os_load5,1.26
2023/4/12 21:41,1681306907,cc-cc408-hya,data-node-18,9.9.2.155,elasticsearch_os_load5,1.27
2023/4/12 21:42,1681306967,cc-cc408-hya,data-node-18,9.9.2.155,elasticsearch_os_load5,1.2
2023/4/12 21:43,1681307027,cc-cc408-hya,data-node-18,9.9.2.155,elasticsearch_os_load5,1.14
2023/4/12 21:44,1681307087,cc-cc408-hya,data-node-18,9.9.2.155,elasticsearch_os_load5,1.02
2023/4/12 21:45,1681307147,cc-cc408-hya,data-node-18,9.9.2.155,elasticsearch_os_load5,1.12
2023/4/12 21:46,1681307207,cc-cc408-hya,data-node-18,9.9.2.155,elasticsearch_os_load5,1.14
2023/4/12 21:47,1681307267,cc-cc408-hya,data-node-18,9.9.2.155,elasticsearch_os_load5,1.1
2023/4/12 21:48,1681307327,cc-cc408-hya,data-node-18,9.9.2.155,elasticsearch_os_load5,1.07
2023/4/12 21:49,1681307387,cc-cc408-hya,data-node-18,9.9.2.155,elasticsearch_os_load5,1.01
2023/4/12 21:50,1681307447,cc-cc408-hya,data-node-18,9.9.2.155,elasticsearch_os_load5,0.9
2023/4/12 21:51,1681307507,cc-cc408-hya,data-node-18,9.9.2.155,elasticsearch_os_load5,0.9
2023/4/12 21:52,1681307567,cc-cc408-hya,data-node-18,9.9.2.155,elasticsearch_os_load5,0.89
2023/4/12 21:53,1681307627,cc-cc408-hya,data-node-18,9.9.2.155,elasticsearch_os_load5,0.88
2023/4/12 21:54,1681307687,cc-cc408-hya,data-node-18,9.9.2.155,elasticsearch_os_load5,0.98
2023/4/12 21:55,1681307747,cc-cc408-hya,data-node-18,9.9.2.155,elasticsearch_os_load5,1.01
2023/4/12 21:56,1681307807,cc-cc408-hya,data-node-18,9.9.2.155,elasticsearch_os_load5,1
2023/4/12 21:57,1681307867,cc-cc408-hya,data-node-18,9.9.2.155,elasticsearch_os_load5,1.02
2023/4/12 21:58,1681307927,cc-cc408-hya,data-node-18,9.9.2.155,elasticsearch_os_load5,1.25
2023/4/12 21:59,1681307987,cc-cc408-hya,data-node-18,9.9.2.155,elasticsearch_os_load5,1.31
2023/4/12 22:00,1681308047,cc-cc408-hya,data-node-18,9.9.2.155,elasticsearch_os_load5,1.48
2023/4/12 22:01,1681308107,cc-cc408-hya,data-node-18,9.9.2.155,elasticsearch_os_load5,1.38
2023/4/12 22:02,1681308167,cc-cc408-hya,data-node-18,9.9.2.155,elasticsearch_os_load5,1.31
2023/4/12 22:03,1681308227,cc-cc408-hya,data-node-18,9.9.2.155,elasticsearch_os_load5,1.22
2023/4/12 22:04,1681308287,cc-cc408-hya,data-node-18,9.9.2.155,elasticsearch_os_load5,1.13
2023/4/12 22:05,1681308347,cc-cc408-hya,data-node-18,9.9.2.155,elasticsearch_os_load5,1.18
2023/4/12 22:06,1681308407,cc-cc408-hya,data-node-18,9.9.2.155,elasticsearch_os_load5,1.07
2023/4/12 22:07,1681308467,cc-cc408-hya,data-node-18,9.9.2.155,elasticsearch_os_load5,1.01
2023/4/12 22:08,1681308527,cc-cc408-hya,data-node-18,9.9.2.155,elasticsearch_os_load5,0.94
2023/4/12 22:09,1681308587,cc-cc408-hya,data-node-18,9.9.2.155,elasticsearch_os_load5,0.99
2023/4/12 22:10,1681308647,cc-cc408-hya,data-node-18,9.9.2.155,elasticsearch_os_load5,1.16
2023/4/12 22:11,1681308707,cc-cc408-hya,data-node-18,9.9.2.155,elasticsearch_os_load5,1.27
2023/4/12 22:12,1681308767,cc-cc408-hya,data-node-18,9.9.2.155,elasticsearch_os_load5,1.4
2023/4/12 22:13,1681308827,cc-cc408-hya,data-node-18,9.9.2.155,elasticsearch_os_load5,1.35
2023/4/12 22:14,1681308887,cc-cc408-hya,data-node-18,9.9.2.155,elasticsearch_os_load5,1.36
2023/4/12 22:15,1681308947,cc-cc408-hya,data-node-18,9.9.2.155,elasticsearch_os_load5,1.27
2023/4/12 22:16,1681309007,cc-cc408-hya,data-node-18,9.9.2.155,elasticsearch_os_load5,1.23
2023/4/12 22:17,1681309067,cc-cc408-hya,data-node-18,9.9.2.155,elasticsearch_os_load5,1.39
2023/4/12 22:18,1681309127,cc-cc408-hya,data-node-18,9.9.2.155,elasticsearch_os_load5,1.3
2023/4/12 22:19,1681309187,cc-cc408-hya,data-node-18,9.9.2.155,elasticsearch_os_load5,1.39
2023/4/12 22:20,1681309247,cc-cc408-hya,data-node-18,9.9.2.155,elasticsearch_os_load5,1.24
2023/4/12 22:21,1681309307,cc-cc408-hya,data-node-18,9.9.2.155,elasticsearch_os_load5,1.2
2023/4/12 22:22,1681309367,cc-cc408-hya,data-node-18,9.9.2.155,elasticsearch_os_load5,1.26
2023/4/12 22:23,1681309427,cc-cc408-hya,data-node-18,9.9.2.155,elasticsearch_os_load5,1.31
2023/4/12 22:24,1681309487,cc-cc408-hya,data-node-18,9.9.2.155,elasticsearch_os_load5,1.25
2023/4/12 22:25,1681309547,cc-cc408-hya,data-node-18,9.9.2.155,elasticsearch_os_load5,1.18
2023/4/12 22:26,1681309607,cc-cc408-hya,data-node-18,9.9.2.155,elasticsearch_os_load5,1.2
2023/4/12 22:27,1681309667,cc-cc408-hya,data-node-18,9.9.2.155,elasticsearch_os_load5,1.22
2023/4/12 22:28,1681309727,cc-cc408-hya,data-node-18,9.9.2.155,elasticsearch_os_load5,1.2
2023/4/12 22:29,1681309787,cc-cc408-hya,data-node-18,9.9.2.155,elasticsearch_os_load5,1.85
2023/4/12 22:30,1681309847,cc-cc408-hya,data-node-18,9.9.2.155,elasticsearch_os_load5,1.68
2023/4/12 22:31,1681309907,cc-cc408-hya,data-node-18,9.9.2.155,elasticsearch_os_load5,1.6
2023/4/12 22:32,1681309967,cc-cc408-hya,data-node-18,9.9.2.155,elasticsearch_os_load5,1.46
2023/4/12 22:33,1681310027,cc-cc408-hya,data-node-18,9.9.2.155,elasticsearch_os_load5,1.38
2023/4/12 22:34,1681310087,cc-cc408-hya,data-node-18,9.9.2.155,elasticsearch_os_load5,1.4
2023/4/12 22:35,1681310147,cc-cc408-hya,data-node-18,9.9.2.155,elasticsearch_os_load5,1.37
2023/4/12 22:36,1681310207,cc-cc408-hya,data-node-18,9.9.2.155,elasticsearch_os_load5,1.27
2023/4/12 22:37,1681310267,cc-cc408-hya,data-node-18,9.9.2.155,elasticsearch_os_load5,1.18
2023/4/12 22:38,1681310327,cc-cc408-hya,data-node-18,9.9.2.155,elasticsearch_os_load5,1.1
2023/4/12 22:39,1681310387,cc-cc408-hya,data-node-18,9.9.2.155,elasticsearch_os_load5,1.09
2023/4/12 22:40,1681310447,cc-cc408-hya,data-node-18,9.9.2.155,elasticsearch_os_load5,1.29
2023/4/12 22:41,1681310507,cc-cc408-hya,data-node-18,9.9.2.155,elasticsearch_os_load5,1.34
2023/4/12 22:42,1681310567,cc-cc408-hya,data-node-18,9.9.2.155,elasticsearch_os_load5,1.43
2023/4/12 22:43,1681310627,cc-cc408-hya,data-node-18,9.9.2.155,elasticsearch_os_load5,1.39
2023/4/12 22:44,1681310687,cc-cc408-hya,data-node-18,9.9.2.155,elasticsearch_os_load5,1.31
2023/4/12 22:45,1681310747,cc-cc408-hya,data-node-18,9.9.2.155,elasticsearch_os_load5,1.15
2023/4/12 22:46,1681310807,cc-cc408-hya,data-node-18,9.9.2.155,elasticsearch_os_load5,1.05
2023/4/12 22:47,1681310867,cc-cc408-hya,data-node-18,9.9.2.155,elasticsearch_os_load5,1.07
2023/4/12 22:48,1681310927,cc-cc408-hya,data-node-18,9.9.2.155,elasticsearch_os_load5,1.04
2023/4/12 22:49,1681310987,cc-cc408-hya,data-node-18,9.9.2.155,elasticsearch_os_load5,0.97
2023/4/12 22:50,1681311047,cc-cc408-hya,data-node-18,9.9.2.155,elasticsearch_os_load5,0.9
2023/4/12 22:51,1681311107,cc-cc408-hya,data-node-18,9.9.2.155,elasticsearch_os_load5,0.97
2023/4/12 22:52,1681311167,cc-cc408-hya,data-node-18,9.9.2.155,elasticsearch_os_load5,1.19
2023/4/12 22:53,1681311227,cc-cc408-hya,data-node-18,9.9.2.155,elasticsearch_os_load5,1.2
2023/4/12 22:54,1681311287,cc-cc408-hya,data-node-18,9.9.2.155,elasticsearch_os_load5,1.37
2023/4/12 22:55,1681311347,cc-cc408-hya,data-node-18,9.9.2.155,elasticsearch_os_load5,1.52
2023/4/12 22:56,1681311407,cc-cc408-hya,data-node-18,9.9.2.155,elasticsearch_os_load5,1.35
2023/4/12 22:57,1681311467,cc-cc408-hya,data-node-18,9.9.2.155,elasticsearch_os_load5,1.25
2023/4/12 22:58,1681311527,cc-cc408-hya,data-node-18,9.9.2.155,elasticsearch_os_load5,1.23
2023/4/12 22:59,1681311587,cc-cc408-hya,data-node-18,9.9.2.155,elasticsearch_os_load5,1.2
2023/4/12 23:00,1681311647,cc-cc408-hya,data-node-18,9.9.2.155,elasticsearch_os_load5,1.16
2023/4/12 23:01,1681311707,cc-cc408-hya,data-node-18,9.9.2.155,elasticsearch_os_load5,1.26
2023/4/12 23:02,1681311767,cc-cc408-hya,data-node-18,9.9.2.155,elasticsearch_os_load5,1.36
2023/4/12 23:03,1681311827,cc-cc408-hya,data-node-18,9.9.2.155,elasticsearch_os_load5,1.23
2023/4/12 23:04,1681311887,cc-cc408-hya,data-node-18,9.9.2.155,elasticsearch_os_load5,1.21
2023/4/12 23:05,1681311947,cc-cc408-hya,data-node-18,9.9.2.155,elasticsearch_os_load5,1.16
2023/4/12 23:06,1681312007,cc-cc408-hya,data-node-18,9.9.2.155,elasticsearch_os_load5,1.08
2023/4/12 23:07,1681312067,cc-cc408-hya,data-node-18,9.9.2.155,elasticsearch_os_load5,1.1
2023/4/12 23:08,1681312127,cc-cc408-hya,data-node-18,9.9.2.155,elasticsearch_os_load5,1.21
2023/4/12 23:09,1681312187,cc-cc408-hya,data-node-18,9.9.2.155,elasticsearch_os_load5,1.14
2023/4/12 23:10,1681312247,cc-cc408-hya,data-node-18,9.9.2.155,elasticsearch_os_load5,1.25
2023/4/12 23:11,1681312307,cc-cc408-hya,data-node-18,9.9.2.155,elasticsearch_os_load5,1.13
2023/4/12 23:12,1681312367,cc-cc408-hya,data-node-18,9.9.2.155,elasticsearch_os_load5,1.04
2023/4/12 23:13,1681312427,cc-cc408-hya,data-node-18,9.9.2.155,elasticsearch_os_load5,1.12
2023/4/12 23:14,1681312487,cc-cc408-hya,data-node-18,9.9.2.155,elasticsearch_os_load5,1.07
2023/4/12 23:15,1681312547,cc-cc408-hya,data-node-18,9.9.2.155,elasticsearch_os_load5,1
2023/4/12 23:16,1681312607,cc-cc408-hya,data-node-18,9.9.2.155,elasticsearch_os_load5,1.08
2023/4/12 23:17,1681312667,cc-cc408-hya,data-node-18,9.9.2.155,elasticsearch_os_load5,0.98
2023/4/12 23:18,1681312727,cc-cc408-hya,data-node-18,9.9.2.155,elasticsearch_os_load5,0.97
2023/4/12 23:19,1681312787,cc-cc408-hya,data-node-18,9.9.2.155,elasticsearch_os_load5,0.96
2023/4/12 23:20,1681312847,cc-cc408-hya,data-node-18,9.9.2.155,elasticsearch_os_load5,0.84
2023/4/12 23:21,1681312907,cc-cc408-hya,data-node-18,9.9.2.155,elasticsearch_os_load5,0.83
2023/4/12 23:22,1681312967,cc-cc408-hya,data-node-18,9.9.2.155,elasticsearch_os_load5,0.9
2023/4/12 23:23,1681313027,cc-cc408-hya,data-node-18,9.9.2.155,elasticsearch_os_load5,1.1
2023/4/12 23:24,1681313087,cc-cc408-hya,data-node-18,9.9.2.155,elasticsearch_os_load5,1.03
2023/4/12 23:25,1681313147,cc-cc408-hya,data-node-18,9.9.2.155,elasticsearch_os_load5,1.26
2023/4/12 23:26,1681313207,cc-cc408-hya,data-node-18,9.9.2.155,elasticsearch_os_load5,1.18
2023/4/12 23:27,1681313267,cc-cc408-hya,data-node-18,9.9.2.155,elasticsearch_os_load5,1.33
2023/4/12 23:28,1681313327,cc-cc408-hya,data-node-18,9.9.2.155,elasticsearch_os_load5,1.22
2023/4/12 23:29,1681313387,cc-cc408-hya,data-node-18,9.9.2.155,elasticsearch_os_load5,1.2
2023/4/12 23:30,1681313447,cc-cc408-hya,data-node-18,9.9.2.155,elasticsearch_os_load5,1.14
2023/4/12 23:31,1681313507,cc-cc408-hya,data-node-18,9.9.2.155,elasticsearch_os_load5,0.98
2023/4/12 23:32,1681313567,cc-cc408-hya,data-node-18,9.9.2.155,elasticsearch_os_load5,0.95
2023/4/12 23:33,1681313627,cc-cc408-hya,data-node-18,9.9.2.155,elasticsearch_os_load5,0.84
2023/4/12 23:34,1681313687,cc-cc408-hya,data-node-18,9.9.2.155,elasticsearch_os_load5,0.93
2023/4/12 23:35,1681313747,cc-cc408-hya,data-node-18,9.9.2.155,elasticsearch_os_load5,0.93
2023/4/12 23:36,1681313807,cc-cc408-hya,data-node-18,9.9.2.155,elasticsearch_os_load5,0.96
2023/4/12 23:37,1681313867,cc-cc408-hya,data-node-18,9.9.2.155,elasticsearch_os_load5,0.95
2023/4/12 23:38,1681313927,cc-cc408-hya,data-node-18,9.9.2.155,elasticsearch_os_load5,0.92
2023/4/12 23:39,1681313987,cc-cc408-hya,data-node-18,9.9.2.155,elasticsearch_os_load5,0.89
2023/4/12 23:40,1681314047,cc-cc408-hya,data-node-18,9.9.2.155,elasticsearch_os_load5,0.9
2023/4/12 23:41,1681314107,cc-cc408-hya,data-node-18,9.9.2.155,elasticsearch_os_load5,0.97
2023/4/12 23:42,1681314167,cc-cc408-hya,data-node-18,9.9.2.155,elasticsearch_os_load5,0.99
2023/4/12 23:43,1681314227,cc-cc408-hya,data-node-18,9.9.2.155,elasticsearch_os_load5,1.01
2023/4/12 23:44,1681314287,cc-cc408-hya,data-node-18,9.9.2.155,elasticsearch_os_load5,0.91
2023/4/12 23:45,1681314347,cc-cc408-hya,data-node-18,9.9.2.155,elasticsearch_os_load5,0.78
2023/4/12 23:46,1681314407,cc-cc408-hya,data-node-18,9.9.2.155,elasticsearch_os_load5,0.79
2023/4/12 23:47,1681314467,cc-cc408-hya,data-node-18,9.9.2.155,elasticsearch_os_load5,0.82
2023/4/12 23:48,1681314527,cc-cc408-hya,data-node-18,9.9.2.155,elasticsearch_os_load5,0.7
2023/4/12 23:49,1681314587,cc-cc408-hya,data-node-18,9.9.2.155,elasticsearch_os_load5,0.63
2023/4/12 23:50,1681314647,cc-cc408-hya,data-node-18,9.9.2.155,elasticsearch_os_load5,0.7
2023/4/12 23:51,1681314707,cc-cc408-hya,data-node-18,9.9.2.155,elasticsearch_os_load5,0.68
2023/4/12 23:52,1681314767,cc-cc408-hya,data-node-18,9.9.2.155,elasticsearch_os_load5,0.68
2023/4/12 23:53,1681314827,cc-cc408-hya,data-node-18,9.9.2.155,elasticsearch_os_load5,0.65
2023/4/12 23:54,1681314887,cc-cc408-hya,data-node-18,9.9.2.155,elasticsearch_os_load5,0.65
2023/4/12 23:55,1681314947,cc-cc408-hya,data-node-18,9.9.2.155,elasticsearch_os_load5,0.64
2023/4/12 23:56,1681315007,cc-cc408-hya,data-node-18,9.9.2.155,elasticsearch_os_load5,0.63
2023/4/12 23:57,1681315067,cc-cc408-hya,data-node-18,9.9.2.155,elasticsearch_os_load5,0.59
2023/4/12 23:58,1681315127,cc-cc408-hya,data-node-18,9.9.2.155,elasticsearch_os_load5,0.59
2023/4/12 23:59,1681315187,cc-cc408-hya,data-node-18,9.9.2.155,elasticsearch_os_load5,0.54
2023/4/13 0:00,1681315247,cc-cc408-hya,data-node-18,9.9.2.155,elasticsearch_os_load5,0.49
2023/4/13 0:01,1681315307,cc-cc408-hya,data-node-18,9.9.2.155,elasticsearch_os_load5,0.43
2023/4/13 0:02,1681315367,cc-cc408-hya,data-node-18,9.9.2.155,elasticsearch_os_load5,0.47
2023/4/13 0:03,1681315427,cc-cc408-hya,data-node-18,9.9.2.155,elasticsearch_os_load5,0.47
2023/4/13 0:04,1681315487,cc-cc408-hya,data-node-18,9.9.2.155,elasticsearch_os_load5,0.45
2023/4/13 0:05,1681315547,cc-cc408-hya,data-node-18,9.9.2.155,elasticsearch_os_load5,0.64
2023/4/13 0:06,1681315607,cc-cc408-hya,data-node-18,9.9.2.155,elasticsearch_os_load5,0.78
2023/4/13 0:07,1681315667,cc-cc408-hya,data-node-18,9.9.2.155,elasticsearch_os_load5,0.85
2023/4/13 0:08,1681315727,cc-cc408-hya,data-node-18,9.9.2.155,elasticsearch_os_load5,0.75
2023/4/13 0:09,1681315787,cc-cc408-hya,data-node-18,9.9.2.155,elasticsearch_os_load5,0.73
2023/4/13 0:10,1681315847,cc-cc408-hya,data-node-18,9.9.2.155,elasticsearch_os_load5,0.7
2023/4/13 0:11,1681315907,cc-cc408-hya,data-node-18,9.9.2.155,elasticsearch_os_load5,0.69
2023/4/13 0:12,1681315967,cc-cc408-hya,data-node-18,9.9.2.155,elasticsearch_os_load5,0.71
2023/4/13 0:13,1681316027,cc-cc408-hya,data-node-18,9.9.2.155,elasticsearch_os_load5,0.61
2023/4/13 0:14,1681316087,cc-cc408-hya,data-node-18,9.9.2.155,elasticsearch_os_load5,0.55
2023/4/13 0:15,1681316147,cc-cc408-hya,data-node-18,9.9.2.155,elasticsearch_os_load5,0.52
2023/4/13 0:16,1681316207,cc-cc408-hya,data-node-18,9.9.2.155,elasticsearch_os_load5,0.61
2023/4/13 0:17,1681316267,cc-cc408-hya,data-node-18,9.9.2.155,elasticsearch_os_load5,0.6
2023/4/13 0:18,1681316327,cc-cc408-hya,data-node-18,9.9.2.155,elasticsearch_os_load5,0.78
2023/4/13 0:19,1681316387,cc-cc408-hya,data-node-18,9.9.2.155,elasticsearch_os_load5,0.79
2023/4/13 0:20,1681316447,cc-cc408-hya,data-node-18,9.9.2.155,elasticsearch_os_load5,0.83
2023/4/13 0:21,1681316507,cc-cc408-hya,data-node-18,9.9.2.155,elasticsearch_os_load5,0.86
2023/4/13 0:22,1681316567,cc-cc408-hya,data-node-18,9.9.2.155,elasticsearch_os_load5,0.89
2023/4/13 0:23,1681316627,cc-cc408-hya,data-node-18,9.9.2.155,elasticsearch_os_load5,0.96
2023/4/13 0:24,1681316687,cc-cc408-hya,data-node-18,9.9.2.155,elasticsearch_os_load5,1.1
2023/4/13 0:25,1681316747,cc-cc408-hya,data-node-18,9.9.2.155,elasticsearch_os_load5,1.26
2023/4/13 0:26,1681316807,cc-cc408-hya,data-node-18,9.9.2.155,elasticsearch_os_load5,1.2
2023/4/13 0:27,1681316867,cc-cc408-hya,data-node-18,9.9.2.155,elasticsearch_os_load5,1.2
2023/4/13 0:28,1681316927,cc-cc408-hya,data-node-18,9.9.2.155,elasticsearch_os_load5,1.22
2023/4/13 0:29,1681316987,cc-cc408-hya,data-node-18,9.9.2.155,elasticsearch_os_load5,1.14
2023/4/13 0:30,1681317047,cc-cc408-hya,data-node-18,9.9.2.155,elasticsearch_os_load5,1.14
2023/4/13 0:31,1681317107,cc-cc408-hya,data-node-18,9.9.2.155,elasticsearch_os_load5,1.08
2023/4/13 0:32,1681317167,cc-cc408-hya,data-node-18,9.9.2.155,elasticsearch_os_load5,1.13
2023/4/13 0:33,1681317227,cc-cc408-hya,data-node-18,9.9.2.155,elasticsearch_os_load5,1.16
2023/4/13 0:34,1681317287,cc-cc408-hya,data-node-18,9.9.2.155,elasticsearch_os_load5,1.16
2023/4/13 0:35,1681317347,cc-cc408-hya,data-node-18,9.9.2.155,elasticsearch_os_load5,1.14
2023/4/13 0:36,1681317407,cc-cc408-hya,data-node-18,9.9.2.155,elasticsearch_os_load5,1.12
2023/4/13 0:37,1681317467,cc-cc408-hya,data-node-18,9.9.2.155,elasticsearch_os_load5,1.13
2023/4/13 0:38,1681317527,cc-cc408-hya,data-node-18,9.9.2.155,elasticsearch_os_load5,1.07
2023/4/13 0:39,1681317587,cc-cc408-hya,data-node-18,9.9.2.155,elasticsearch_os_load5,1.15
2023/4/13 0:40,1681317647,cc-cc408-hya,data-node-18,9.9.2.155,elasticsearch_os_load5,1.14
2023/4/13 0:41,1681317707,cc-cc408-hya,data-node-18,9.9.2.155,elasticsearch_os_load5,1.02
2023/4/13 0:42,1681317767,cc-cc408-hya,data-node-18,9.9.2.155,elasticsearch_os_load5,1.03
2023/4/13 0:43,1681317827,cc-cc408-hya,data-node-18,9.9.2.155,elasticsearch_os_load5,1.02
2023/4/13 0:44,1681317887,cc-cc408-hya,data-node-18,9.9.2.155,elasticsearch_os_load5,1.72
2023/4/13 0:45,1681317947,cc-cc408-hya,data-node-18,9.9.2.155,elasticsearch_os_load5,1.57
2023/4/13 0:46,1681318007,cc-cc408-hya,data-node-18,9.9.2.155,elasticsearch_os_load5,1.48
2023/4/13 0:47,1681318067,cc-cc408-hya,data-node-18,9.9.2.155,elasticsearch_os_load5,1.37
2023/4/13 0:48,1681318127,cc-cc408-hya,data-node-18,9.9.2.155,elasticsearch_os_load5,1.49
2023/4/13 0:49,1681318187,cc-cc408-hya,data-node-18,9.9.2.155,elasticsearch_os_load5,1.63
2023/4/13 0:50,1681318247,cc-cc408-hya,data-node-18,9.9.2.155,elasticsearch_os_load5,1.6
2023/4/13 0:51,1681318307,cc-cc408-hya,data-node-18,9.9.2.155,elasticsearch_os_load5,1.43
2023/4/13 0:52,1681318367,cc-cc408-hya,data-node-18,9.9.2.155,elasticsearch_os_load5,1.33
2023/4/13 0:53,1681318427,cc-cc408-hya,data-node-18,9.9.2.155,elasticsearch_os_load5,1.33
2023/4/13 0:54,1681318487,cc-cc408-hya,data-node-18,9.9.2.155,elasticsearch_os_load5,1.36
2023/4/13 0:55,1681318547,cc-cc408-hya,data-node-18,9.9.2.155,elasticsearch_os_load5,1.24
2023/4/13 0:56,1681318607,cc-cc408-hya,data-node-18,9.9.2.155,elasticsearch_os_load5,1.18
2023/4/13 0:57,1681318667,cc-cc408-hya,data-node-18,9.9.2.155,elasticsearch_os_load5,1.12
2023/4/13 0:58,1681318727,cc-cc408-hya,data-node-18,9.9.2.155,elasticsearch_os_load5,1
2023/4/13 0:59,1681318787,cc-cc408-hya,data-node-18,9.9.2.155,elasticsearch_os_load5,1.06
2023/4/13 1:00,1681318847,cc-cc408-hya,data-node-18,9.9.2.155,elasticsearch_os_load5,1.23
2023/4/13 1:01,1681318907,cc-cc408-hya,data-node-18,9.9.2.155,elasticsearch_os_load5,1.28
2023/4/13 1:02,1681318967,cc-cc408-hya,data-node-18,9.9.2.155,elasticsearch_os_load5,1.36
2023/4/13 1:03,1681319027,cc-cc408-hya,data-node-18,9.9.2.155,elasticsearch_os_load5,1.27
2023/4/13 1:04,1681319087,cc-cc408-hya,data-node-18,9.9.2.155,elasticsearch_os_load5,1.51
2023/4/13 1:05,1681319147,cc-cc408-hya,data-node-18,9.9.2.155,elasticsearch_os_load5,1.47
2023/4/13 1:06,1681319207,cc-cc408-hya,data-node-18,9.9.2.155,elasticsearch_os_load5,1.48
2023/4/13 1:07,1681319267,cc-cc408-hya,data-node-18,9.9.2.155,elasticsearch_os_load5,1.36
2023/4/13 1:08,1681319327,cc-cc408-hya,data-node-18,9.9.2.155,elasticsearch_os_load5,1.32
2023/4/13 1:09,1681319387,cc-cc408-hya,data-node-18,9.9.2.155,elasticsearch_os_load5,1.4
2023/4/13 1:10,1681319447,cc-cc408-hya,data-node-18,9.9.2.155,elasticsearch_os_load5,1.36
2023/4/13 1:11,1681319507,cc-cc408-hya,data-node-18,9.9.2.155,elasticsearch_os_load5,1.32
2023/4/13 1:12,1681319567,cc-cc408-hya,data-node-18,9.9.2.155,elasticsearch_os_load5,1.25
2023/4/13 1:13,1681319627,cc-cc408-hya,data-node-18,9.9.2.155,elasticsearch_os_load5,1.2
2023/4/13 1:14,1681319687,cc-cc408-hya,data-node-18,9.9.2.155,elasticsearch_os_load5,1.14
2023/4/13 1:15,1681319747,cc-cc408-hya,data-node-18,9.9.2.155,elasticsearch_os_load5,1.1
2023/4/13 1:16,1681319807,cc-cc408-hya,data-node-18,9.9.2.155,elasticsearch_os_load5,1.03
2023/4/13 1:17,1681319867,cc-cc408-hya,data-node-18,9.9.2.155,elasticsearch_os_load5,0.99
2023/4/13 1:18,1681319927,cc-cc408-hya,data-node-18,9.9.2.155,elasticsearch_os_load5,0.96
2023/4/13 1:19,1681319987,cc-cc408-hya,data-node-18,9.9.2.155,elasticsearch_os_load5,0.94
2023/4/13 1:20,1681320047,cc-cc408-hya,data-node-18,9.9.2.155,elasticsearch_os_load5,0.91
2023/4/13 1:21,1681320107,cc-cc408-hya,data-node-18,9.9.2.155,elasticsearch_os_load5,0.85
2023/4/13 1:22,1681320167,cc-cc408-hya,data-node-18,9.9.2.155,elasticsearch_os_load5,0.72
2023/4/13 1:23,1681320227,cc-cc408-hya,data-node-18,9.9.2.155,elasticsearch_os_load5,0.62
2023/4/13 1:24,1681320287,cc-cc408-hya,data-node-18,9.9.2.155,elasticsearch_os_load5,0.6
2023/4/13 1:25,1681320347,cc-cc408-hya,data-node-18,9.9.2.155,elasticsearch_os_load5,0.52
2023/4/13 1:26,1681320407,cc-cc408-hya,data-node-18,9.9.2.155,elasticsearch_os_load5,0.47
2023/4/13 1:27,1681320467,cc-cc408-hya,data-node-18,9.9.2.155,elasticsearch_os_load5,0.43
2023/4/13 1:28,1681320527,cc-cc408-hya,data-node-18,9.9.2.155,elasticsearch_os_load5,0.47
2023/4/13 1:29,1681320587,cc-cc408-hya,data-node-18,9.9.2.155,elasticsearch_os_load5,0.38
2023/4/13 1:30,1681320647,cc-cc408-hya,data-node-18,9.9.2.155,elasticsearch_os_load5,0.51
2023/4/13 1:31,1681320707,cc-cc408-hya,data-node-18,9.9.2.155,elasticsearch_os_load5,0.83
2023/4/13 1:32,1681320767,cc-cc408-hya,data-node-18,9.9.2.155,elasticsearch_os_load5,1.02
2023/4/13 1:33,1681320827,cc-cc408-hya,data-node-18,9.9.2.155,elasticsearch_os_load5,0.89
2023/4/13 1:34,1681320887,cc-cc408-hya,data-node-18,9.9.2.155,elasticsearch_os_load5,0.76
2023/4/13 1:35,1681320947,cc-cc408-hya,data-node-18,9.9.2.155,elasticsearch_os_load5,0.75
2023/4/13 1:36,1681321007,cc-cc408-hya,data-node-18,9.9.2.155,elasticsearch_os_load5,0.68
2023/4/13 1:37,1681321067,cc-cc408-hya,data-node-18,9.9.2.155,elasticsearch_os_load5,0.61
2023/4/13 1:38,1681321127,cc-cc408-hya,data-node-18,9.9.2.155,elasticsearch_os_load5,0.58
2023/4/13 1:39,1681321187,cc-cc408-hya,data-node-18,9.9.2.155,elasticsearch_os_load5,0.58
2023/4/13 1:40,1681321247,cc-cc408-hya,data-node-18,9.9.2.155,elasticsearch_os_load5,0.59
2023/4/13 1:41,1681321307,cc-cc408-hya,data-node-18,9.9.2.155,elasticsearch_os_load5,0.6
2023/4/13 1:42,1681321367,cc-cc408-hya,data-node-18,9.9.2.155,elasticsearch_os_load5,0.54
2023/4/13 1:43,1681321427,cc-cc408-hya,data-node-18,9.9.2.155,elasticsearch_os_load5,0.67
2023/4/13 1:44,1681321487,cc-cc408-hya,data-node-18,9.9.2.155,elasticsearch_os_load5,0.68
2023/4/13 1:45,1681321547,cc-cc408-hya,data-node-18,9.9.2.155,elasticsearch_os_load5,0.66
2023/4/13 1:46,1681321607,cc-cc408-hya,data-node-18,9.9.2.155,elasticsearch_os_load5,0.65
2023/4/13 1:47,1681321667,cc-cc408-hya,data-node-18,9.9.2.155,elasticsearch_os_load5,0.66
2023/4/13 1:48,1681321727,cc-cc408-hya,data-node-18,9.9.2.155,elasticsearch_os_load5,0.63
2023/4/13 1:49,1681321787,cc-cc408-hya,data-node-18,9.9.2.155,elasticsearch_os_load5,0.56
2023/4/13 1:50,1681321847,cc-cc408-hya,data-node-18,9.9.2.155,elasticsearch_os_load5,0.53
2023/4/13 1:51,1681321907,cc-cc408-hya,data-node-18,9.9.2.155,elasticsearch_os_load5,0.53
2023/4/13 1:52,1681321967,cc-cc408-hya,data-node-18,9.9.2.155,elasticsearch_os_load5,0.54
2023/4/13 1:53,1681322027,cc-cc408-hya,data-node-18,9.9.2.155,elasticsearch_os_load5,0.51
2023/4/13 1:54,1681322087,cc-cc408-hya,data-node-18,9.9.2.155,elasticsearch_os_load5,0.49
2023/4/13 1:55,1681322147,cc-cc408-hya,data-node-18,9.9.2.155,elasticsearch_os_load5,0.54
2023/4/13 1:56,1681322207,cc-cc408-hya,data-node-18,9.9.2.155,elasticsearch_os_load5,0.46
2023/4/13 1:57,1681322267,cc-cc408-hya,data-node-18,9.9.2.155,elasticsearch_os_load5,0.4
2023/4/13 1:58,1681322327,cc-cc408-hya,data-node-18,9.9.2.155,elasticsearch_os_load5,0.37
2023/4/13 1:59,1681322387,cc-cc408-hya,data-node-18,9.9.2.155,elasticsearch_os_load5,0.35
2023/4/13 2:00,1681322447,cc-cc408-hya,data-node-18,9.9.2.155,elasticsearch_os_load5,0.31
2023/4/13 2:01,1681322507,cc-cc408-hya,data-node-18,9.9.2.155,elasticsearch_os_load5,0.31
2023/4/13 2:02,1681322567,cc-cc408-hya,data-node-18,9.9.2.155,elasticsearch_os_load5,0.27
2023/4/13 2:03,1681322627,cc-cc408-hya,data-node-18,9.9.2.155,elasticsearch_os_load5,0.27
2023/4/13 2:04,1681322687,cc-cc408-hya,data-node-18,9.9.2.155,elasticsearch_os_load5,0.27
2023/4/13 2:05,1681322747,cc-cc408-hya,data-node-18,9.9.2.155,elasticsearch_os_load5,0.24
2023/4/13 2:06,1681322807,cc-cc408-hya,data-node-18,9.9.2.155,elasticsearch_os_load5,0.29
2023/4/13 2:07,1681322867,cc-cc408-hya,data-node-18,9.9.2.155,elasticsearch_os_load5,0.29
2023/4/13 2:08,1681322927,cc-cc408-hya,data-node-18,9.9.2.155,elasticsearch_os_load5,0.28
2023/4/13 2:09,1681322987,cc-cc408-hya,data-node-18,9.9.2.155,elasticsearch_os_load5,0.28
2023/4/13 2:10,1681323047,cc-cc408-hya,data-node-18,9.9.2.155,elasticsearch_os_load5,0.26
2023/4/13 2:11,1681323107,cc-cc408-hya,data-node-18,9.9.2.155,elasticsearch_os_load5,0.22
2023/4/13 2:12,1681323167,cc-cc408-hya,data-node-18,9.9.2.155,elasticsearch_os_load5,0.39
2023/4/13 2:13,1681323227,cc-cc408-hya,data-node-18,9.9.2.155,elasticsearch_os_load5,0.52
2023/4/13 2:14,1681323287,cc-cc408-hya,data-node-18,9.9.2.155,elasticsearch_os_load5,0.67
2023/4/13 2:15,1681323347,cc-cc408-hya,data-node-18,9.9.2.155,elasticsearch_os_load5,0.58
2023/4/13 2:16,1681323407,cc-cc408-hya,data-node-18,9.9.2.155,elasticsearch_os_load5,0.52
2023/4/13 2:17,1681323467,cc-cc408-hya,data-node-18,9.9.2.155,elasticsearch_os_load5,0.51
2023/4/13 2:18,1681323527,cc-cc408-hya,data-node-18,9.9.2.155,elasticsearch_os_load5,0.47
2023/4/13 2:19,1681323587,cc-cc408-hya,data-node-18,9.9.2.155,elasticsearch_os_load5,0.42
2023/4/13 2:20,1681323647,cc-cc408-hya,data-node-18,9.9.2.155,elasticsearch_os_load5,0.4
2023/4/13 2:21,1681323707,cc-cc408-hya,data-node-18,9.9.2.155,elasticsearch_os_load5,0.4
2023/4/13 2:22,1681323767,cc-cc408-hya,data-node-18,9.9.2.155,elasticsearch_os_load5,0.39
2023/4/13 2:23,1681323827,cc-cc408-hya,data-node-18,9.9.2.155,elasticsearch_os_load5,0.39
2023/4/13 2:24,1681323887,cc-cc408-hya,data-node-18,9.9.2.155,elasticsearch_os_load5,0.43
2023/4/13 2:25,1681323947,cc-cc408-hya,data-node-18,9.9.2.155,elasticsearch_os_load5,0.5
2023/4/13 2:26,1681324007,cc-cc408-hya,data-node-18,9.9.2.155,elasticsearch_os_load5,0.58
2023/4/13 2:27,1681324067,cc-cc408-hya,data-node-18,9.9.2.155,elasticsearch_os_load5,0.55
2023/4/13 2:28,1681324127,cc-cc408-hya,data-node-18,9.9.2.155,elasticsearch_os_load5,0.75
2023/4/13 2:29,1681324187,cc-cc408-hya,data-node-18,9.9.2.155,elasticsearch_os_load5,0.79
2023/4/13 2:30,1681324247,cc-cc408-hya,data-node-18,9.9.2.155,elasticsearch_os_load5,0.76
2023/4/13 2:31,1681324307,cc-cc408-hya,data-node-18,9.9.2.155,elasticsearch_os_load5,0.7
2023/4/13 2:32,1681324367,cc-cc408-hya,data-node-18,9.9.2.155,elasticsearch_os_load5,0.74
2023/4/13 2:33,1681324427,cc-cc408-hya,data-node-18,9.9.2.155,elasticsearch_os_load5,0.71
2023/4/13 2:34,1681324487,cc-cc408-hya,data-node-18,9.9.2.155,elasticsearch_os_load5,0.66
2023/4/13 2:35,1681324547,cc-cc408-hya,data-node-18,9.9.2.155,elasticsearch_os_load5,0.58
2023/4/13 2:36,1681324607,cc-cc408-hya,data-node-18,9.9.2.155,elasticsearch_os_load5,0.54
2023/4/13 2:37,1681324667,cc-cc408-hya,data-node-18,9.9.2.155,elasticsearch_os_load5,0.53
2023/4/13 2:38,1681324727,cc-cc408-hya,data-node-18,9.9.2.155,elasticsearch_os_load5,0.56
2023/4/13 2:39,1681324787,cc-cc408-hya,data-node-18,9.9.2.155,elasticsearch_os_load5,0.53
2023/4/13 2:40,1681324847,cc-cc408-hya,data-node-18,9.9.2.155,elasticsearch_os_load5,0.46
2023/4/13 2:41,1681324907,cc-cc408-hya,data-node-18,9.9.2.155,elasticsearch_os_load5,0.42
2023/4/13 2:42,1681324967,cc-cc408-hya,data-node-18,9.9.2.155,elasticsearch_os_load5,0.36
2023/4/13 2:43,1681325027,cc-cc408-hya,data-node-18,9.9.2.155,elasticsearch_os_load5,0.34
2023/4/13 2:44,1681325087,cc-cc408-hya,data-node-18,9.9.2.155,elasticsearch_os_load5,0.35
2023/4/13 2:45,1681325147,cc-cc408-hya,data-node-18,9.9.2.155,elasticsearch_os_load5,0.38
2023/4/13 2:46,1681325207,cc-cc408-hya,data-node-18,9.9.2.155,elasticsearch_os_load5,0.36
2023/4/13 2:47,1681325267,cc-cc408-hya,data-node-18,9.9.2.155,elasticsearch_os_load5,0.32
2023/4/13 2:48,1681325327,cc-cc408-hya,data-node-18,9.9.2.155,elasticsearch_os_load5,0.29
2023/4/13 2:49,1681325387,cc-cc408-hya,data-node-18,9.9.2.155,elasticsearch_os_load5,0.25
2023/4/13 2:50,1681325447,cc-cc408-hya,data-node-18,9.9.2.155,elasticsearch_os_load5,0.22
2023/4/13 2:51,1681325507,cc-cc408-hya,data-node-18,9.9.2.155,elasticsearch_os_load5,0.19
2023/4/13 2:52,1681325567,cc-cc408-hya,data-node-18,9.9.2.155,elasticsearch_os_load5,0.2
2023/4/13 2:53,1681325627,cc-cc408-hya,data-node-18,9.9.2.155,elasticsearch_os_load5,0.23
2023/4/13 2:54,1681325687,cc-cc408-hya,data-node-18,9.9.2.155,elasticsearch_os_load5,0.2
2023/4/13 2:55,1681325747,cc-cc408-hya,data-node-18,9.9.2.155,elasticsearch_os_load5,0.44
2023/4/13 2:56,1681325807,cc-cc408-hya,data-node-18,9.9.2.155,elasticsearch_os_load5,0.59
2023/4/13 2:57,1681325867,cc-cc408-hya,data-node-18,9.9.2.155,elasticsearch_os_load5,0.69
2023/4/13 2:58,1681325927,cc-cc408-hya,data-node-18,9.9.2.155,elasticsearch_os_load5,0.65
2023/4/13 2:59,1681325987,cc-cc408-hya,data-node-18,9.9.2.155,elasticsearch_os_load5,0.57
2023/4/13 3:00,1681326047,cc-cc408-hya,data-node-18,9.9.2.155,elasticsearch_os_load5,0.47
2023/4/13 3:01,1681326107,cc-cc408-hya,data-node-18,9.9.2.155,elasticsearch_os_load5,0.39
2023/4/13 3:02,1681326167,cc-cc408-hya,data-node-18,9.9.2.155,elasticsearch_os_load5,0.35
2023/4/13 3:03,1681326227,cc-cc408-hya,data-node-18,9.9.2.155,elasticsearch_os_load5,0.39
2023/4/13 3:04,1681326287,cc-cc408-hya,data-node-18,9.9.2.155,elasticsearch_os_load5,0.35
2023/4/13 3:05,1681326347,cc-cc408-hya,data-node-18,9.9.2.155,elasticsearch_os_load5,0.37
2023/4/13 3:06,1681326407,cc-cc408-hya,data-node-18,9.9.2.155,elasticsearch_os_load5,0.44
2023/4/13 3:07,1681326467,cc-cc408-hya,data-node-18,9.9.2.155,elasticsearch_os_load5,0.47
2023/4/13 3:08,1681326527,cc-cc408-hya,data-node-18,9.9.2.155,elasticsearch_os_load5,0.49
2023/4/13 3:09,1681326587,cc-cc408-hya,data-node-18,9.9.2.155,elasticsearch_os_load5,0.52
2023/4/13 3:10,1681326647,cc-cc408-hya,data-node-18,9.9.2.155,elasticsearch_os_load5,0.64
2023/4/13 3:11,1681326707,cc-cc408-hya,data-node-18,9.9.2.155,elasticsearch_os_load5,0.64
2023/4/13 3:12,1681326767,cc-cc408-hya,data-node-18,9.9.2.155,elasticsearch_os_load5,0.57
2023/4/13 3:13,1681326827,cc-cc408-hya,data-node-18,9.9.2.155,elasticsearch_os_load5,0.53
2023/4/13 3:14,1681326887,cc-cc408-hya,data-node-18,9.9.2.155,elasticsearch_os_load5,0.53
2023/4/13 3:15,1681326947,cc-cc408-hya,data-node-18,9.9.2.155,elasticsearch_os_load5,0.75
2023/4/13 3:16,1681327007,cc-cc408-hya,data-node-18,9.9.2.155,elasticsearch_os_load5,0.69
2023/4/13 3:17,1681327067,cc-cc408-hya,data-node-18,9.9.2.155,elasticsearch_os_load5,0.66
2023/4/13 3:18,1681327127,cc-cc408-hya,data-node-18,9.9.2.155,elasticsearch_os_load5,0.57
2023/4/13 3:19,1681327187,cc-cc408-hya,data-node-18,9.9.2.155,elasticsearch_os_load5,0.49
2023/4/13 3:20,1681327247,cc-cc408-hya,data-node-18,9.9.2.155,elasticsearch_os_load5,0.43
2023/4/13 3:21,1681327307,cc-cc408-hya,data-node-18,9.9.2.155,elasticsearch_os_load5,0.37
2023/4/13 3:22,1681327367,cc-cc408-hya,data-node-18,9.9.2.155,elasticsearch_os_load5,0.35
2023/4/13 3:23,1681327427,cc-cc408-hya,data-node-18,9.9.2.155,elasticsearch_os_load5,0.41
2023/4/13 3:24,1681327487,cc-cc408-hya,data-node-18,9.9.2.155,elasticsearch_os_load5,0.33
2023/4/13 3:25,1681327547,cc-cc408-hya,data-node-18,9.9.2.155,elasticsearch_os_load5,0.27
2023/4/13 3:26,1681327607,cc-cc408-hya,data-node-18,9.9.2.155,elasticsearch_os_load5,0.25
2023/4/13 3:27,1681327667,cc-cc408-hya,data-node-18,9.9.2.155,elasticsearch_os_load5,0.28
2023/4/13 3:28,1681327727,cc-cc408-hya,data-node-18,9.9.2.155,elasticsearch_os_load5,0.26
2023/4/13 3:29,1681327787,cc-cc408-hya,data-node-18,9.9.2.155,elasticsearch_os_load5,0.22
2023/4/13 3:30,1681327847,cc-cc408-hya,data-node-18,9.9.2.155,elasticsearch_os_load5,0.24
2023/4/13 3:31,1681327907,cc-cc408-hya,data-node-18,9.9.2.155,elasticsearch_os_load5,0.24
2023/4/13 3:32,1681327967,cc-cc408-hya,data-node-18,9.9.2.155,elasticsearch_os_load5,0.26
2023/4/13 3:33,1681328027,cc-cc408-hya,data-node-18,9.9.2.155,elasticsearch_os_load5,0.24
2023/4/13 3:34,1681328087,cc-cc408-hya,data-node-18,9.9.2.155,elasticsearch_os_load5,0.21
2023/4/13 3:35,1681328147,cc-cc408-hya,data-node-18,9.9.2.155,elasticsearch_os_load5,0.25
2023/4/13 3:36,1681328207,cc-cc408-hya,data-node-18,9.9.2.155,elasticsearch_os_load5,0.26
2023/4/13 3:37,1681328267,cc-cc408-hya,data-node-18,9.9.2.155,elasticsearch_os_load5,0.39
2023/4/13 3:38,1681328327,cc-cc408-hya,data-node-18,9.9.2.155,elasticsearch_os_load5,0.53
2023/4/13 3:39,1681328387,cc-cc408-hya,data-node-18,9.9.2.155,elasticsearch_os_load5,0.58
2023/4/13 3:40,1681328447,cc-cc408-hya,data-node-18,9.9.2.155,elasticsearch_os_load5,0.56
2023/4/13 3:41,1681328507,cc-cc408-hya,data-node-18,9.9.2.155,elasticsearch_os_load5,0.5
2023/4/13 3:42,1681328567,cc-cc408-hya,data-node-18,9.9.2.155,elasticsearch_os_load5,0.44
2023/4/13 3:43,1681328627,cc-cc408-hya,data-node-18,9.9.2.155,elasticsearch_os_load5,0.37
2023/4/13 3:44,1681328687,cc-cc408-hya,data-node-18,9.9.2.155,elasticsearch_os_load5,0.35
2023/4/13 3:45,1681328747,cc-cc408-hya,data-node-18,9.9.2.155,elasticsearch_os_load5,0.35
2023/4/13 3:46,1681328807,cc-cc408-hya,data-node-18,9.9.2.155,elasticsearch_os_load5,0.33
2023/4/13 3:47,1681328867,cc-cc408-hya,data-node-18,9.9.2.155,elasticsearch_os_load5,0.34
2023/4/13 3:48,1681328927,cc-cc408-hya,data-node-18,9.9.2.155,elasticsearch_os_load5,0.39
2023/4/13 3:49,1681328987,cc-cc408-hya,data-node-18,9.9.2.155,elasticsearch_os_load5,0.41
2023/4/13 3:50,1681329047,cc-cc408-hya,data-node-18,9.9.2.155,elasticsearch_os_load5,0.45
2023/4/13 3:51,1681329107,cc-cc408-hya,data-node-18,9.9.2.155,elasticsearch_os_load5,0.63
2023/4/13 3:52,1681329167,cc-cc408-hya,data-node-18,9.9.2.155,elasticsearch_os_load5,0.69
2023/4/13 3:53,1681329227,cc-cc408-hya,data-node-18,9.9.2.155,elasticsearch_os_load5,0.71
2023/4/13 3:54,1681329287,cc-cc408-hya,data-node-18,9.9.2.155,elasticsearch_os_load5,0.65
2023/4/13 3:55,1681329347,cc-cc408-hya,data-node-18,9.9.2.155,elasticsearch_os_load5,0.56
2023/4/13 3:56,1681329407,cc-cc408-hya,data-node-18,9.9.2.155,elasticsearch_os_load5,0.48
2023/4/13 3:57,1681329467,cc-cc408-hya,data-node-18,9.9.2.155,elasticsearch_os_load5,0.42
2023/4/13 3:58,1681329527,cc-cc408-hya,data-node-18,9.9.2.155,elasticsearch_os_load5,0.45
2023/4/13 3:59,1681329587,cc-cc408-hya,data-node-18,9.9.2.155,elasticsearch_os_load5,0.47
2023/4/13 4:00,1681329647,cc-cc408-hya,data-node-18,9.9.2.155,elasticsearch_os_load5,0.46
2023/4/13 4:01,1681329707,cc-cc408-hya,data-node-18,9.9.2.155,elasticsearch_os_load5,0.42
2023/4/13 4:02,1681329767,cc-cc408-hya,data-node-18,9.9.2.155,elasticsearch_os_load5,0.34
2023/4/13 4:03,1681329827,cc-cc408-hya,data-node-18,9.9.2.155,elasticsearch_os_load5,0.32
2023/4/13 4:04,1681329887,cc-cc408-hya,data-node-18,9.9.2.155,elasticsearch_os_load5,0.26
2023/4/13 4:05,1681329947,cc-cc408-hya,data-node-18,9.9.2.155,elasticsearch_os_load5,0.31
2023/4/13 4:06,1681330007,cc-cc408-hya,data-node-18,9.9.2.155,elasticsearch_os_load5,0.32
2023/4/13 4:07,1681330067,cc-cc408-hya,data-node-18,9.9.2.155,elasticsearch_os_load5,0.38
2023/4/13 4:08,1681330127,cc-cc408-hya,data-node-18,9.9.2.155,elasticsearch_os_load5,0.39
2023/4/13 4:09,1681330187,cc-cc408-hya,data-node-18,9.9.2.155,elasticsearch_os_load5,0.41
2023/4/13 4:10,1681330247,cc-cc408-hya,data-node-18,9.9.2.155,elasticsearch_os_load5,0.33
2023/4/13 4:11,1681330307,cc-cc408-hya,data-node-18,9.9.2.155,elasticsearch_os_load5,0.28
2023/4/13 4:12,1681330367,cc-cc408-hya,data-node-18,9.9.2.155,elasticsearch_os_load5,0.24
2023/4/13 4:13,1681330427,cc-cc408-hya,data-node-18,9.9.2.155,elasticsearch_os_load5,0.23
2023/4/13 4:14,1681330487,cc-cc408-hya,data-node-18,9.9.2.155,elasticsearch_os_load5,0.2
2023/4/13 4:15,1681330547,cc-cc408-hya,data-node-18,9.9.2.155,elasticsearch_os_load5,0.2
2023/4/13 4:16,1681330607,cc-cc408-hya,data-node-18,9.9.2.155,elasticsearch_os_load5,0.22
2023/4/13 4:17,1681330667,cc-cc408-hya,data-node-18,9.9.2.155,elasticsearch_os_load5,0.22
2023/4/13 4:18,1681330727,cc-cc408-hya,data-node-18,9.9.2.155,elasticsearch_os_load5,0.21
2023/4/13 4:19,1681330787,cc-cc408-hya,data-node-18,9.9.2.155,elasticsearch_os_load5,0.38
2023/4/13 4:20,1681330847,cc-cc408-hya,data-node-18,9.9.2.155,elasticsearch_os_load5,0.45
2023/4/13 4:21,1681330907,cc-cc408-hya,data-node-18,9.9.2.155,elasticsearch_os_load5,0.53
2023/4/13 4:22,1681330967,cc-cc408-hya,data-node-18,9.9.2.155,elasticsearch_os_load5,0.49
2023/4/13 4:23,1681331027,cc-cc408-hya,data-node-18,9.9.2.155,elasticsearch_os_load5,0.4
2023/4/13 4:24,1681331087,cc-cc408-hya,data-node-18,9.9.2.155,elasticsearch_os_load5,0.37
2023/4/13 4:25,1681331147,cc-cc408-hya,data-node-18,9.9.2.155,elasticsearch_os_load5,0.35
2023/4/13 4:26,1681331207,cc-cc408-hya,data-node-18,9.9.2.155,elasticsearch_os_load5,0.39
2023/4/13 4:27,1681331267,cc-cc408-hya,data-node-18,9.9.2.155,elasticsearch_os_load5,0.38
2023/4/13 4:28,1681331327,cc-cc408-hya,data-node-18,9.9.2.155,elasticsearch_os_load5,0.32
2023/4/13 4:29,1681331387,cc-cc408-hya,data-node-18,9.9.2.155,elasticsearch_os_load5,0.26
2023/4/13 4:30,1681331447,cc-cc408-hya,data-node-18,9.9.2.155,elasticsearch_os_load5,0.37
2023/4/13 4:31,1681331507,cc-cc408-hya,data-node-18,9.9.2.155,elasticsearch_os_load5,0.41
2023/4/13 4:32,1681331567,cc-cc408-hya,data-node-18,9.9.2.155,elasticsearch_os_load5,0.48
2023/4/13 4:33,1681331627,cc-cc408-hya,data-node-18,9.9.2.155,elasticsearch_os_load5,0.63
2023/4/13 4:34,1681331687,cc-cc408-hya,data-node-18,9.9.2.155,elasticsearch_os_load5,1.34
2023/4/13 4:35,1681331747,cc-cc408-hya,data-node-18,9.9.2.155,elasticsearch_os_load5,1.22
2023/4/13 4:36,1681331807,cc-cc408-hya,data-node-18,9.9.2.155,elasticsearch_os_load5,1.47
2023/4/13 4:37,1681331867,cc-cc408-hya,data-node-18,9.9.2.155,elasticsearch_os_load5,1.29
2023/4/13 4:38,1681331927,cc-cc408-hya,data-node-18,9.9.2.155,elasticsearch_os_load5,1.11
2023/4/13 4:39,1681331987,cc-cc408-hya,data-node-18,9.9.2.155,elasticsearch_os_load5,0.96
2023/4/13 4:40,1681332047,cc-cc408-hya,data-node-18,9.9.2.155,elasticsearch_os_load5,0.86
2023/4/13 4:41,1681332107,cc-cc408-hya,data-node-18,9.9.2.155,elasticsearch_os_load5,0.78
2023/4/13 4:42,1681332167,cc-cc408-hya,data-node-18,9.9.2.155,elasticsearch_os_load5,0.75
2023/4/13 4:43,1681332227,cc-cc408-hya,data-node-18,9.9.2.155,elasticsearch_os_load5,0.7
2023/4/13 4:44,1681332287,cc-cc408-hya,data-node-18,9.9.2.155,elasticsearch_os_load5,0.59
2023/4/13 4:45,1681332347,cc-cc408-hya,data-node-18,9.9.2.155,elasticsearch_os_load5,0.59
2023/4/13 4:46,1681332407,cc-cc408-hya,data-node-18,9.9.2.155,elasticsearch_os_load5,0.51
2023/4/13 4:47,1681332467,cc-cc408-hya,data-node-18,9.9.2.155,elasticsearch_os_load5,0.46
2023/4/13 4:48,1681332527,cc-cc408-hya,data-node-18,9.9.2.155,elasticsearch_os_load5,0.42
2023/4/13 4:49,1681332587,cc-cc408-hya,data-node-18,9.9.2.155,elasticsearch_os_load5,0.34
2023/4/13 4:50,1681332647,cc-cc408-hya,data-node-18,9.9.2.155,elasticsearch_os_load5,0.29
2023/4/13 4:51,1681332707,cc-cc408-hya,data-node-18,9.9.2.155,elasticsearch_os_load5,0.52
2023/4/13 4:52,1681332767,cc-cc408-hya,data-node-18,9.9.2.155,elasticsearch_os_load5,0.54
2023/4/13 4:53,1681332827,cc-cc408-hya,data-node-18,9.9.2.155,elasticsearch_os_load5,0.5
2023/4/13 4:54,1681332887,cc-cc408-hya,data-node-18,9.9.2.155,elasticsearch_os_load5,0.45
2023/4/13 4:55,1681332947,cc-cc408-hya,data-node-18,9.9.2.155,elasticsearch_os_load5,0.41
2023/4/13 4:56,1681333007,cc-cc408-hya,data-node-18,9.9.2.155,elasticsearch_os_load5,0.37
2023/4/13 4:57,1681333067,cc-cc408-hya,data-node-18,9.9.2.155,elasticsearch_os_load5,0.3
2023/4/13 4:58,1681333127,cc-cc408-hya,data-node-18,9.9.2.155,elasticsearch_os_load5,0.27
2023/4/13 4:59,1681333187,cc-cc408-hya,data-node-18,9.9.2.155,elasticsearch_os_load5,0.29
2023/4/13 5:00,1681333247,cc-cc408-hya,data-node-18,9.9.2.155,elasticsearch_os_load5,0.45
2023/4/13 5:01,1681333307,cc-cc408-hya,data-node-18,9.9.2.155,elasticsearch_os_load5,0.79
2023/4/13 5:02,1681333367,cc-cc408-hya,data-node-18,9.9.2.155,elasticsearch_os_load5,0.9
2023/4/13 5:03,1681333427,cc-cc408-hya,data-node-18,9.9.2.155,elasticsearch_os_load5,0.97
2023/4/13 5:04,1681333487,cc-cc408-hya,data-node-18,9.9.2.155,elasticsearch_os_load5,0.9
2023/4/13 5:05,1681333547,cc-cc408-hya,data-node-18,9.9.2.155,elasticsearch_os_load5,0.84
2023/4/13 5:06,1681333607,cc-cc408-hya,data-node-18,9.9.2.155,elasticsearch_os_load5,0.7
2023/4/13 5:07,1681333667,cc-cc408-hya,data-node-18,9.9.2.155,elasticsearch_os_load5,0.61
2023/4/13 5:08,1681333727,cc-cc408-hya,data-node-18,9.9.2.155,elasticsearch_os_load5,0.53
2023/4/13 5:09,1681333787,cc-cc408-hya,data-node-18,9.9.2.155,elasticsearch_os_load5,0.46
2023/4/13 5:10,1681333847,cc-cc408-hya,data-node-18,9.9.2.155,elasticsearch_os_load5,0.39
2023/4/13 5:11,1681333907,cc-cc408-hya,data-node-18,9.9.2.155,elasticsearch_os_load5,0.36
2023/4/13 5:12,1681333967,cc-cc408-hya,data-node-18,9.9.2.155,elasticsearch_os_load5,0.43
2023/4/13 5:13,1681334027,cc-cc408-hya,data-node-18,9.9.2.155,elasticsearch_os_load5,0.47
2023/4/13 5:14,1681334087,cc-cc408-hya,data-node-18,9.9.2.155,elasticsearch_os_load5,0.48
2023/4/13 5:15,1681334147,cc-cc408-hya,data-node-18,9.9.2.155,elasticsearch_os_load5,0.75
2023/4/13 5:16,1681334207,cc-cc408-hya,data-node-18,9.9.2.155,elasticsearch_os_load5,0.78
2023/4/13 5:17,1681334267,cc-cc408-hya,data-node-18,9.9.2.155,elasticsearch_os_load5,0.78
2023/4/13 5:18,1681334327,cc-cc408-hya,data-node-18,9.9.2.155,elasticsearch_os_load5,0.7
2023/4/13 5:19,1681334387,cc-cc408-hya,data-node-18,9.9.2.155,elasticsearch_os_load5,0.58
2023/4/13 5:20,1681334447,cc-cc408-hya,data-node-18,9.9.2.155,elasticsearch_os_load5,0.54
2023/4/13 5:21,1681334507,cc-cc408-hya,data-node-18,9.9.2.155,elasticsearch_os_load5,0.53
2023/4/13 5:22,1681334567,cc-cc408-hya,data-node-18,9.9.2.155,elasticsearch_os_load5,0.49
2023/4/13 5:23,1681334627,cc-cc408-hya,data-node-18,9.9.2.155,elasticsearch_os_load5,0.4
2023/4/13 5:24,1681334687,cc-cc408-hya,data-node-18,9.9.2.155,elasticsearch_os_load5,0.4
2023/4/13 5:25,1681334747,cc-cc408-hya,data-node-18,9.9.2.155,elasticsearch_os_load5,0.37
2023/4/13 5:26,1681334807,cc-cc408-hya,data-node-18,9.9.2.155,elasticsearch_os_load5,0.3
2023/4/13 5:27,1681334867,cc-cc408-hya,data-node-18,9.9.2.155,elasticsearch_os_load5,0.3
2023/4/13 5:28,1681334927,cc-cc408-hya,data-node-18,9.9.2.155,elasticsearch_os_load5,0.29
2023/4/13 5:29,1681334987,cc-cc408-hya,data-node-18,9.9.2.155,elasticsearch_os_load5,0.32
2023/4/13 5:30,1681335047,cc-cc408-hya,data-node-18,9.9.2.155,elasticsearch_os_load5,0.3
2023/4/13 5:31,1681335107,cc-cc408-hya,data-node-18,9.9.2.155,elasticsearch_os_load5,0.28
2023/4/13 5:32,1681335167,cc-cc408-hya,data-node-18,9.9.2.155,elasticsearch_os_load5,0.3
2023/4/13 5:33,1681335227,cc-cc408-hya,data-node-18,9.9.2.155,elasticsearch_os_load5,0.3
2023/4/13 5:34,1681335287,cc-cc408-hya,data-node-18,9.9.2.155,elasticsearch_os_load5,0.26
2023/4/13 5:35,1681335347,cc-cc408-hya,data-node-18,9.9.2.155,elasticsearch_os_load5,0.27
2023/4/13 5:36,1681335407,cc-cc408-hya,data-node-18,9.9.2.155,elasticsearch_os_load5,0.28
2023/4/13 5:37,1681335467,cc-cc408-hya,data-node-18,9.9.2.155,elasticsearch_os_load5,0.38
2023/4/13 5:38,1681335527,cc-cc408-hya,data-node-18,9.9.2.155,elasticsearch_os_load5,0.34
2023/4/13 5:39,1681335587,cc-cc408-hya,data-node-18,9.9.2.155,elasticsearch_os_load5,0.29
2023/4/13 5:40,1681335647,cc-cc408-hya,data-node-18,9.9.2.155,elasticsearch_os_load5,0.27
2023/4/13 5:41,1681335707,cc-cc408-hya,data-node-18,9.9.2.155,elasticsearch_os_load5,0.26
2023/4/13 5:42,1681335767,cc-cc408-hya,data-node-18,9.9.2.155,elasticsearch_os_load5,0.32
2023/4/13 5:43,1681335827,cc-cc408-hya,data-node-18,9.9.2.155,elasticsearch_os_load5,0.32
2023/4/13 5:44,1681335887,cc-cc408-hya,data-node-18,9.9.2.155,elasticsearch_os_load5,0.49
2023/4/13 5:45,1681335947,cc-cc408-hya,data-node-18,9.9.2.155,elasticsearch_os_load5,0.58
2023/4/13 5:46,1681336007,cc-cc408-hya,data-node-18,9.9.2.155,elasticsearch_os_load5,0.67
2023/4/13 5:47,1681336067,cc-cc408-hya,data-node-18,9.9.2.155,elasticsearch_os_load5,0.6
2023/4/13 5:48,1681336127,cc-cc408-hya,data-node-18,9.9.2.155,elasticsearch_os_load5,0.51
2023/4/13 5:49,1681336187,cc-cc408-hya,data-node-18,9.9.2.155,elasticsearch_os_load5,0.46
2023/4/13 5:50,1681336247,cc-cc408-hya,data-node-18,9.9.2.155,elasticsearch_os_load5,0.46
2023/4/13 5:51,1681336307,cc-cc408-hya,data-node-18,9.9.2.155,elasticsearch_os_load5,0.44
2023/4/13 5:52,1681336367,cc-cc408-hya,data-node-18,9.9.2.155,elasticsearch_os_load5,0.39
2023/4/13 5:53,1681336427,cc-cc408-hya,data-node-18,9.9.2.155,elasticsearch_os_load5,0.36
2023/4/13 5:54,1681336487,cc-cc408-hya,data-node-18,9.9.2.155,elasticsearch_os_load5,0.37
2023/4/13 5:55,1681336547,cc-cc408-hya,data-node-18,9.9.2.155,elasticsearch_os_load5,0.44
2023/4/13 5:56,1681336607,cc-cc408-hya,data-node-18,9.9.2.155,elasticsearch_os_load5,0.48
2023/4/13 5:57,1681336667,cc-cc408-hya,data-node-18,9.9.2.155,elasticsearch_os_load5,0.79
2023/4/13 5:58,1681336727,cc-cc408-hya,data-node-18,9.9.2.155,elasticsearch_os_load5,0.99
2023/4/13 5:59,1681336787,cc-cc408-hya,data-node-18,9.9.2.155,elasticsearch_os_load5,1.06
2023/4/13 6:00,1681336847,cc-cc408-hya,data-node-18,9.9.2.155,elasticsearch_os_load5,1.01
2023/4/13 6:01,1681336907,cc-cc408-hya,data-node-18,9.9.2.155,elasticsearch_os_load5,0.94
2023/4/13 6:02,1681336967,cc-cc408-hya,data-node-18,9.9.2.155,elasticsearch_os_load5,0.92
2023/4/13 6:03,1681337027,cc-cc408-hya,data-node-18,9.9.2.155,elasticsearch_os_load5,0.86
2023/4/13 6:04,1681337087,cc-cc408-hya,data-node-18,9.9.2.155,elasticsearch_os_load5,0.84
2023/4/13 6:05,1681337147,cc-cc408-hya,data-node-18,9.9.2.155,elasticsearch_os_load5,0.79
2023/4/13 6:06,1681337207,cc-cc408-hya,data-node-18,9.9.2.155,elasticsearch_os_load5,0.7
2023/4/13 6:07,1681337267,cc-cc408-hya,data-node-18,9.9.2.155,elasticsearch_os_load5,0.62
2023/4/13 6:08,1681337327,cc-cc408-hya,data-node-18,9.9.2.155,elasticsearch_os_load5,0.56
2023/4/13 6:09,1681337387,cc-cc408-hya,data-node-18,9.9.2.155,elasticsearch_os_load5,0.49
2023/4/13 6:10,1681337447,cc-cc408-hya,data-node-18,9.9.2.155,elasticsearch_os_load5,0.46
2023/4/13 6:11,1681337507,cc-cc408-hya,data-node-18,9.9.2.155,elasticsearch_os_load5,0.43
2023/4/13 6:12,1681337567,cc-cc408-hya,data-node-18,9.9.2.155,elasticsearch_os_load5,0.36
2023/4/13 6:13,1681337627,cc-cc408-hya,data-node-18,9.9.2.155,elasticsearch_os_load5,0.33
2023/4/13 6:14,1681337687,cc-cc408-hya,data-node-18,9.9.2.155,elasticsearch_os_load5,0.34
2023/4/13 6:15,1681337747,cc-cc408-hya,data-node-18,9.9.2.155,elasticsearch_os_load5,0.37
2023/4/13 6:16,1681337807,cc-cc408-hya,data-node-18,9.9.2.155,elasticsearch_os_load5,0.35
2023/4/13 6:17,1681337867,cc-cc408-hya,data-node-18,9.9.2.155,elasticsearch_os_load5,0.28
2023/4/13 6:18,1681337927,cc-cc408-hya,data-node-18,9.9.2.155,elasticsearch_os_load5,0.26
2023/4/13 6:19,1681337987,cc-cc408-hya,data-node-18,9.9.2.155,elasticsearch_os_load5,0.23
2023/4/13 6:20,1681338047,cc-cc408-hya,data-node-18,9.9.2.155,elasticsearch_os_load5,0.35
2023/4/13 6:21,1681338107,cc-cc408-hya,data-node-18,9.9.2.155,elasticsearch_os_load5,0.43
2023/4/13 6:22,1681338167,cc-cc408-hya,data-node-18,9.9.2.155,elasticsearch_os_load5,0.4
2023/4/13 6:23,1681338227,cc-cc408-hya,data-node-18,9.9.2.155,elasticsearch_os_load5,0.34
2023/4/13 6:24,1681338287,cc-cc408-hya,data-node-18,9.9.2.155,elasticsearch_os_load5,0.35
2023/4/13 6:25,1681338347,cc-cc408-hya,data-node-18,9.9.2.155,elasticsearch_os_load5,0.36
2023/4/13 6:26,1681338407,cc-cc408-hya,data-node-18,9.9.2.155,elasticsearch_os_load5,0.43
2023/4/13 6:27,1681338467,cc-cc408-hya,data-node-18,9.9.2.155,elasticsearch_os_load5,0.48
2023/4/13 6:28,1681338527,cc-cc408-hya,data-node-18,9.9.2.155,elasticsearch_os_load5,0.47
2023/4/13 6:29,1681338587,cc-cc408-hya,data-node-18,9.9.2.155,elasticsearch_os_load5,0.39
2023/4/13 6:30,1681338647,cc-cc408-hya,data-node-18,9.9.2.155,elasticsearch_os_load5,0.34
2023/4/13 6:31,1681338707,cc-cc408-hya,data-node-18,9.9.2.155,elasticsearch_os_load5,0.4
2023/4/13 6:32,1681338767,cc-cc408-hya,data-node-18,9.9.2.155,elasticsearch_os_load5,0.37
2023/4/13 6:33,1681338827,cc-cc408-hya,data-node-18,9.9.2.155,elasticsearch_os_load5,0.33
2023/4/13 6:34,1681338887,cc-cc408-hya,data-node-18,9.9.2.155,elasticsearch_os_load5,0.27
2023/4/13 6:35,1681338947,cc-cc408-hya,data-node-18,9.9.2.155,elasticsearch_os_load5,0.32
2023/4/13 6:36,1681339007,cc-cc408-hya,data-node-18,9.9.2.155,elasticsearch_os_load5,0.28
2023/4/13 6:37,1681339067,cc-cc408-hya,data-node-18,9.9.2.155,elasticsearch_os_load5,0.3
2023/4/13 6:38,1681339127,cc-cc408-hya,data-node-18,9.9.2.155,elasticsearch_os_load5,0.6
2023/4/13 6:39,1681339187,cc-cc408-hya,data-node-18,9.9.2.155,elasticsearch_os_load5,0.66
2023/4/13 6:40,1681339247,cc-cc408-hya,data-node-18,9.9.2.155,elasticsearch_os_load5,0.73
2023/4/13 6:41,1681339307,cc-cc408-hya,data-node-18,9.9.2.155,elasticsearch_os_load5,0.85
2023/4/13 6:42,1681339367,cc-cc408-hya,data-node-18,9.9.2.155,elasticsearch_os_load5,0.75
2023/4/13 6:43,1681339427,cc-cc408-hya,data-node-18,9.9.2.155,elasticsearch_os_load5,0.67
2023/4/13 6:44,1681339487,cc-cc408-hya,data-node-18,9.9.2.155,elasticsearch_os_load5,0.61
2023/4/13 6:45,1681339547,cc-cc408-hya,data-node-18,9.9.2.155,elasticsearch_os_load5,0.61
2023/4/13 6:46,1681339607,cc-cc408-hya,data-node-18,9.9.2.155,elasticsearch_os_load5,0.59
2023/4/13 6:47,1681339667,cc-cc408-hya,data-node-18,9.9.2.155,elasticsearch_os_load5,0.59
2023/4/13 6:48,1681339727,cc-cc408-hya,data-node-18,9.9.2.155,elasticsearch_os_load5,0.53
2023/4/13 6:49,1681339787,cc-cc408-hya,data-node-18,9.9.2.155,elasticsearch_os_load5,0.51
2023/4/13 6:50,1681339847,cc-cc408-hya,data-node-18,9.9.2.155,elasticsearch_os_load5,0.61
2023/4/13 6:51,1681339907,cc-cc408-hya,data-node-18,9.9.2.155,elasticsearch_os_load5,0.77
2023/4/13 6:52,1681339967,cc-cc408-hya,data-node-18,9.9.2.155,elasticsearch_os_load5,0.86
2023/4/13 6:53,1681340027,cc-cc408-hya,data-node-18,9.9.2.155,elasticsearch_os_load5,0.81
2023/4/13 6:54,1681340087,cc-cc408-hya,data-node-18,9.9.2.155,elasticsearch_os_load5,1.06
2023/4/13 6:55,1681340147,cc-cc408-hya,data-node-18,9.9.2.155,elasticsearch_os_load5,0.94
2023/4/13 6:56,1681340207,cc-cc408-hya,data-node-18,9.9.2.155,elasticsearch_os_load5,0.85
2023/4/13 6:57,1681340267,cc-cc408-hya,data-node-18,9.9.2.155,elasticsearch_os_load5,0.76
2023/4/13 6:58,1681340327,cc-cc408-hya,data-node-18,9.9.2.155,elasticsearch_os_load5,0.67
2023/4/13 6:59,1681340387,cc-cc408-hya,data-node-18,9.9.2.155,elasticsearch_os_load5,0.64
2023/4/13 7:00,1681340447,cc-cc408-hya,data-node-18,9.9.2.155,elasticsearch_os_load5,0.64
2023/4/13 7:01,1681340507,cc-cc408-hya,data-node-18,9.9.2.155,elasticsearch_os_load5,0.6
2023/4/13 7:02,1681340567,cc-cc408-hya,data-node-18,9.9.2.155,elasticsearch_os_load5,0.5
2023/4/13 7:03,1681340627,cc-cc408-hya,data-node-18,9.9.2.155,elasticsearch_os_load5,0.42
2023/4/13 7:04,1681340687,cc-cc408-hya,data-node-18,9.9.2.155,elasticsearch_os_load5,0.49
2023/4/13 7:05,1681340747,cc-cc408-hya,data-node-18,9.9.2.155,elasticsearch_os_load5,0.44
2023/4/13 7:06,1681340807,cc-cc408-hya,data-node-18,9.9.2.155,elasticsearch_os_load5,0.44
2023/4/13 7:07,1681340867,cc-cc408-hya,data-node-18,9.9.2.155,elasticsearch_os_load5,0.4
2023/4/13 7:08,1681340927,cc-cc408-hya,data-node-18,9.9.2.155,elasticsearch_os_load5,0.5
2023/4/13 7:09,1681340987,cc-cc408-hya,data-node-18,9.9.2.155,elasticsearch_os_load5,0.58
2023/4/13 7:10,1681341047,cc-cc408-hya,data-node-18,9.9.2.155,elasticsearch_os_load5,0.6
2023/4/13 7:11,1681341107,cc-cc408-hya,data-node-18,9.9.2.155,elasticsearch_os_load5,0.66
2023/4/13 7:12,1681341167,cc-cc408-hya,data-node-18,9.9.2.155,elasticsearch_os_load5,0.65
2023/4/13 7:13,1681341227,cc-cc408-hya,data-node-18,9.9.2.155,elasticsearch_os_load5,0.71
2023/4/13 7:14,1681341287,cc-cc408-hya,data-node-18,9.9.2.155,elasticsearch_os_load5,0.64
2023/4/13 7:15,1681341347,cc-cc408-hya,data-node-18,9.9.2.155,elasticsearch_os_load5,0.62
2023/4/13 7:16,1681341407,cc-cc408-hya,data-node-18,9.9.2.155,elasticsearch_os_load5,0.6
2023/4/13 7:17,1681341467,cc-cc408-hya,data-node-18,9.9.2.155,elasticsearch_os_load5,0.52
2023/4/13 7:18,1681341527,cc-cc408-hya,data-node-18,9.9.2.155,elasticsearch_os_load5,0.52
2023/4/13 7:19,1681341587,cc-cc408-hya,data-node-18,9.9.2.155,elasticsearch_os_load5,0.66
2023/4/13 7:20,1681341647,cc-cc408-hya,data-node-18,9.9.2.155,elasticsearch_os_load5,0.82
2023/4/13 7:21,1681341707,cc-cc408-hya,data-node-18,9.9.2.155,elasticsearch_os_load5,0.9
2023/4/13 7:22,1681341767,cc-cc408-hya,data-node-18,9.9.2.155,elasticsearch_os_load5,1.01
2023/4/13 7:23,1681341827,cc-cc408-hya,data-node-18,9.9.2.155,elasticsearch_os_load5,0.97
2023/4/13 7:24,1681341887,cc-cc408-hya,data-node-18,9.9.2.155,elasticsearch_os_load5,1.02
2023/4/13 7:25,1681341947,cc-cc408-hya,data-node-18,9.9.2.155,elasticsearch_os_load5,0.94
2023/4/13 7:26,1681342007,cc-cc408-hya,data-node-18,9.9.2.155,elasticsearch_os_load5,0.9
2023/4/13 7:27,1681342067,cc-cc408-hya,data-node-18,9.9.2.155,elasticsearch_os_load5,0.93
2023/4/13 7:28,1681342127,cc-cc408-hya,data-node-18,9.9.2.155,elasticsearch_os_load5,0.79
2023/4/13 7:29,1681342187,cc-cc408-hya,data-node-18,9.9.2.155,elasticsearch_os_load5,0.79
2023/4/13 7:30,1681342247,cc-cc408-hya,data-node-18,9.9.2.155,elasticsearch_os_load5,0.75
2023/4/13 7:31,1681342307,cc-cc408-hya,data-node-18,9.9.2.155,elasticsearch_os_load5,0.66
2023/4/13 7:32,1681342367,cc-cc408-hya,data-node-18,9.9.2.155,elasticsearch_os_load5,0.6
2023/4/13 7:33,1681342427,cc-cc408-hya,data-node-18,9.9.2.155,elasticsearch_os_load5,0.52
2023/4/13 7:34,1681342487,cc-cc408-hya,data-node-18,9.9.2.155,elasticsearch_os_load5,0.61
2023/4/13 7:35,1681342547,cc-cc408-hya,data-node-18,9.9.2.155,elasticsearch_os_load5,0.66
2023/4/13 7:36,1681342607,cc-cc408-hya,data-node-18,9.9.2.155,elasticsearch_os_load5,0.57
2023/4/13 7:37,1681342667,cc-cc408-hya,data-node-18,9.9.2.155,elasticsearch_os_load5,0.61
2023/4/13 7:38,1681342727,cc-cc408-hya,data-node-18,9.9.2.155,elasticsearch_os_load5,0.59
2023/4/13 7:39,1681342787,cc-cc408-hya,data-node-18,9.9.2.155,elasticsearch_os_load5,0.59
2023/4/13 7:40,1681342847,cc-cc408-hya,data-node-18,9.9.2.155,elasticsearch_os_load5,0.7
2023/4/13 7:41,1681342907,cc-cc408-hya,data-node-18,9.9.2.155,elasticsearch_os_load5,0.6
2023/4/13 7:42,1681342967,cc-cc408-hya,data-node-18,9.9.2.155,elasticsearch_os_load5,0.57
2023/4/13 7:43,1681343027,cc-cc408-hya,data-node-18,9.9.2.155,elasticsearch_os_load5,0.57
2023/4/13 7:44,1681343087,cc-cc408-hya,data-node-18,9.9.2.155,elasticsearch_os_load5,0.53
2023/4/13 7:45,1681343147,cc-cc408-hya,data-node-18,9.9.2.155,elasticsearch_os_load5,0.5
2023/4/13 7:46,1681343207,cc-cc408-hya,data-node-18,9.9.2.155,elasticsearch_os_load5,0.58
2023/4/13 7:47,1681343267,cc-cc408-hya,data-node-18,9.9.2.155,elasticsearch_os_load5,0.59
2023/4/13 7:48,1681343327,cc-cc408-hya,data-node-18,9.9.2.155,elasticsearch_os_load5,0.6
2023/4/13 7:49,1681343387,cc-cc408-hya,data-node-18,9.9.2.155,elasticsearch_os_load5,0.72
2023/4/13 7:50,1681343447,cc-cc408-hya,data-node-18,9.9.2.155,elasticsearch_os_load5,0.85
2023/4/13 7:51,1681343507,cc-cc408-hya,data-node-18,9.9.2.155,elasticsearch_os_load5,1.11
2023/4/13 7:52,1681343567,cc-cc408-hya,data-node-18,9.9.2.155,elasticsearch_os_load5,1.15
2023/4/13 7:53,1681343627,cc-cc408-hya,data-node-18,9.9.2.155,elasticsearch_os_load5,1.14
2023/4/13 7:54,1681343687,cc-cc408-hya,data-node-18,9.9.2.155,elasticsearch_os_load5,1.12
2023/4/13 7:55,1681343747,cc-cc408-hya,data-node-18,9.9.2.155,elasticsearch_os_load5,1.14
2023/4/13 7:56,1681343807,cc-cc408-hya,data-node-18,9.9.2.155,elasticsearch_os_load5,0.99
2023/4/13 7:57,1681343867,cc-cc408-hya,data-node-18,9.9.2.155,elasticsearch_os_load5,0.9
2023/4/13 7:58,1681343927,cc-cc408-hya,data-node-18,9.9.2.155,elasticsearch_os_load5,0.78
2023/4/13 7:59,1681343987,cc-cc408-hya,data-node-18,9.9.2.155,elasticsearch_os_load5,0.75
2023/4/13 8:00,1681344047,cc-cc408-hya,data-node-18,9.9.2.155,elasticsearch_os_load5,0.87
2023/4/13 8:01,1681344107,cc-cc408-hya,data-node-18,9.9.2.155,elasticsearch_os_load5,1.21
2023/4/13 8:02,1681344167,cc-cc408-hya,data-node-18,9.9.2.155,elasticsearch_os_load5,1.61
2023/4/13 8:03,1681344227,cc-cc408-hya,data-node-18,9.9.2.155,elasticsearch_os_load5,1.96
2023/4/13 8:04,1681344287,cc-cc408-hya,data-node-18,9.9.2.155,elasticsearch_os_load5,2.12
2023/4/13 8:05,1681344347,cc-cc408-hya,data-node-18,9.9.2.155,elasticsearch_os_load5,2.14
2023/4/13 8:06,1681344407,cc-cc408-hya,data-node-18,9.9.2.155,elasticsearch_os_load5,2.26
2023/4/13 8:07,1681344467,cc-cc408-hya,data-node-18,9.9.2.155,elasticsearch_os_load5,2.07
2023/4/13 8:08,1681344527,cc-cc408-hya,data-node-18,9.9.2.155,elasticsearch_os_load5,2.26
2023/4/13 8:09,1681344587,cc-cc408-hya,data-node-18,9.9.2.155,elasticsearch_os_load5,2.82
2023/4/13 8:10,1681344647,cc-cc408-hya,data-node-18,9.9.2.155,elasticsearch_os_load5,2.71
2023/4/13 8:11,1681344707,cc-cc408-hya,data-node-18,9.9.2.155,elasticsearch_os_load5,2.33
2023/4/13 8:12,1681344767,cc-cc408-hya,data-node-18,9.9.2.155,elasticsearch_os_load5,2.12
2023/4/13 8:13,1681344827,cc-cc408-hya,data-node-18,9.9.2.155,elasticsearch_os_load5,1.83
2023/4/13 8:14,1681344887,cc-cc408-hya,data-node-18,9.9.2.155,elasticsearch_os_load5,1.65
2023/4/13 8:15,1681344947,cc-cc408-hya,data-node-18,9.9.2.155,elasticsearch_os_load5,1.51
2023/4/13 8:16,1681345007,cc-cc408-hya,data-node-18,9.9.2.155,elasticsearch_os_load5,1.51
2023/4/13 8:17,1681345067,cc-cc408-hya,data-node-18,9.9.2.155,elasticsearch_os_load5,1.36
2023/4/13 8:18,1681345127,cc-cc408-hya,data-node-18,9.9.2.155,elasticsearch_os_load5,1.37
2023/4/13 8:19,1681345187,cc-cc408-hya,data-node-18,9.9.2.155,elasticsearch_os_load5,1.35
2023/4/13 8:20,1681345247,cc-cc408-hya,data-node-18,9.9.2.155,elasticsearch_os_load5,1.23
2023/4/13 8:21,1681345307,cc-cc408-hya,data-node-18,9.9.2.155,elasticsearch_os_load5,1.31
2023/4/13 8:22,1681345367,cc-cc408-hya,data-node-18,9.9.2.155,elasticsearch_os_load5,1.84
2023/4/13 8:23,1681345427,cc-cc408-hya,data-node-18,9.9.2.155,elasticsearch_os_load5,1.68
2023/4/13 8:24,1681345487,cc-cc408-hya,data-node-18,9.9.2.155,elasticsearch_os_load5,1.54
2023/4/13 8:25,1681345547,cc-cc408-hya,data-node-18,9.9.2.155,elasticsearch_os_load5,1.38
2023/4/13 8:26,1681345607,cc-cc408-hya,data-node-18,9.9.2.155,elasticsearch_os_load5,1.37
2023/4/13 8:27,1681345667,cc-cc408-hya,data-node-18,9.9.2.155,elasticsearch_os_load5,1.43
2023/4/13 8:28,1681345727,cc-cc408-hya,data-node-18,9.9.2.155,elasticsearch_os_load5,1.31
2023/4/13 8:29,1681345787,cc-cc408-hya,data-node-18,9.9.2.155,elasticsearch_os_load5,1.29
2023/4/13 8:30,1681345847,cc-cc408-hya,data-node-18,9.9.2.155,elasticsearch_os_load5,1.36
2023/4/13 8:31,1681345907,cc-cc408-hya,data-node-18,9.9.2.155,elasticsearch_os_load5,1.36
2023/4/13 8:32,1681345967,cc-cc408-hya,data-node-18,9.9.2.155,elasticsearch_os_load5,1.32
2023/4/13 8:33,1681346027,cc-cc408-hya,data-node-18,9.9.2.155,elasticsearch_os_load5,1.37
2023/4/13 8:34,1681346087,cc-cc408-hya,data-node-18,9.9.2.155,elasticsearch_os_load5,1.46
2023/4/13 8:35,1681346147,cc-cc408-hya,data-node-18,9.9.2.155,elasticsearch_os_load5,1.42
2023/4/13 8:36,1681346207,cc-cc408-hya,data-node-18,9.9.2.155,elasticsearch_os_load5,1.42
2023/4/13 8:37,1681346267,cc-cc408-hya,data-node-18,9.9.2.155,elasticsearch_os_load5,1.46
2023/4/13 8:38,1681346327,cc-cc408-hya,data-node-18,9.9.2.155,elasticsearch_os_load5,1.33
2023/4/13 8:39,1681346387,cc-cc408-hya,data-node-18,9.9.2.155,elasticsearch_os_load5,1.34
2023/4/13 8:40,1681346447,cc-cc408-hya,data-node-18,9.9.2.155,elasticsearch_os_load5,1.34
2023/4/13 8:41,1681346507,cc-cc408-hya,data-node-18,9.9.2.155,elasticsearch_os_load5,1.32
2023/4/13 8:42,1681346567,cc-cc408-hya,data-node-18,9.9.2.155,elasticsearch_os_load5,1.36
2023/4/13 8:43,1681346627,cc-cc408-hya,data-node-18,9.9.2.155,elasticsearch_os_load5,1.34
2023/4/13 8:44,1681346687,cc-cc408-hya,data-node-18,9.9.2.155,elasticsearch_os_load5,1.52
2023/4/13 8:45,1681346747,cc-cc408-hya,data-node-18,9.9.2.155,elasticsearch_os_load5,1.54
2023/4/13 8:46,1681346807,cc-cc408-hya,data-node-18,9.9.2.155,elasticsearch_os_load5,1.63
2023/4/13 8:47,1681346867,cc-cc408-hya,data-node-18,9.9.2.155,elasticsearch_os_load5,1.58
2023/4/13 8:48,1681346927,cc-cc408-hya,data-node-18,9.9.2.155,elasticsearch_os_load5,1.65
2023/4/13 8:49,1681346987,cc-cc408-hya,data-node-18,9.9.2.155,elasticsearch_os_load5,1.48
2023/4/13 8:50,1681347047,cc-cc408-hya,data-node-18,9.9.2.155,elasticsearch_os_load5,1.5
2023/4/13 8:51,1681347107,cc-cc408-hya,data-node-18,9.9.2.155,elasticsearch_os_load5,1.74
2023/4/13 8:52,1681347167,cc-cc408-hya,data-node-18,9.9.2.155,elasticsearch_os_load5,1.75
2023/4/13 8:53,1681347227,cc-cc408-hya,data-node-18,9.9.2.155,elasticsearch_os_load5,1.7
2023/4/13 8:54,1681347287,cc-cc408-hya,data-node-18,9.9.2.155,elasticsearch_os_load5,1.85
2023/4/13 8:55,1681347347,cc-cc408-hya,data-node-18,9.9.2.155,elasticsearch_os_load5,2.05
2023/4/13 8:56,1681347407,cc-cc408-hya,data-node-18,9.9.2.155,elasticsearch_os_load5,2.08
2023/4/13 8:57,1681347467,cc-cc408-hya,data-node-18,9.9.2.155,elasticsearch_os_load5,2.07
2023/4/13 8:58,1681347527,cc-cc408-hya,data-node-18,9.9.2.155,elasticsearch_os_load5,2.04
2023/4/13 8:59,1681347587,cc-cc408-hya,data-node-18,9.9.2.155,elasticsearch_os_load5,2
2023/4/13 9:00,1681347647,cc-cc408-hya,data-node-18,9.9.2.155,elasticsearch_os_load5,2.2
2023/4/13 9:01,1681347707,cc-cc408-hya,data-node-18,9.9.2.155,elasticsearch_os_load5,2.27
2023/4/13 9:02,1681347767,cc-cc408-hya,data-node-18,9.9.2.155,elasticsearch_os_load5,2.26
2023/4/13 9:03,1681347827,cc-cc408-hya,data-node-18,9.9.2.155,elasticsearch_os_load5,2.28
2023/4/13 9:04,1681347887,cc-cc408-hya,data-node-18,9.9.2.155,elasticsearch_os_load5,2.35
2023/4/13 9:05,1681347947,cc-cc408-hya,data-node-18,9.9.2.155,elasticsearch_os_load5,2.32
2023/4/13 9:06,1681348007,cc-cc408-hya,data-node-18,9.9.2.155,elasticsearch_os_load5,2.46
2023/4/13 9:07,1681348067,cc-cc408-hya,data-node-18,9.9.2.155,elasticsearch_os_load5,2.54
2023/4/13 9:08,1681348127,cc-cc408-hya,data-node-18,9.9.2.155,elasticsearch_os_load5,2.46
2023/4/13 9:09,1681348187,cc-cc408-hya,data-node-18,9.9.2.155,elasticsearch_os_load5,2.58
2023/4/13 9:10,1681348247,cc-cc408-hya,data-node-18,9.9.2.155,elasticsearch_os_load5,2.95
2023/4/13 9:11,1681348307,cc-cc408-hya,data-node-18,9.9.2.155,elasticsearch_os_load5,3.1
2023/4/13 9:12,1681348367,cc-cc408-hya,data-node-18,9.9.2.155,elasticsearch_os_load5,3.43
2023/4/13 9:13,1681348427,cc-cc408-hya,data-node-18,9.9.2.155,elasticsearch_os_load5,3.72
2023/4/13 9:14,1681348487,cc-cc408-hya,data-node-18,9.9.2.155,elasticsearch_os_load5,3.95
2023/4/13 9:15,1681348547,cc-cc408-hya,data-node-18,9.9.2.155,elasticsearch_os_load5,4.3
2023/4/13 9:16,1681348607,cc-cc408-hya,data-node-18,9.9.2.155,elasticsearch_os_load5,4.24
2023/4/13 9:17,1681348667,cc-cc408-hya,data-node-18,9.9.2.155,elasticsearch_os_load5,4.31
2023/4/13 9:18,1681348727,cc-cc408-hya,data-node-18,9.9.2.155,elasticsearch_os_load5,3.99
2023/4/13 9:19,1681348787,cc-cc408-hya,data-node-18,9.9.2.155,elasticsearch_os_load5,3.79
2023/4/13 9:20,1681348847,cc-cc408-hya,data-node-18,9.9.2.155,elasticsearch_os_load5,3.67
2023/4/13 9:21,1681348907,cc-cc408-hya,data-node-18,9.9.2.155,elasticsearch_os_load5,3.55
2023/4/13 9:22,1681348967,cc-cc408-hya,data-node-18,9.9.2.155,elasticsearch_os_load5,3.67
2023/4/13 9:23,1681349027,cc-cc408-hya,data-node-18,9.9.2.155,elasticsearch_os_load5,3.59
2023/4/13 9:24,1681349087,cc-cc408-hya,data-node-18,9.9.2.155,elasticsearch_os_load5,3.55
2023/4/13 9:25,1681349147,cc-cc408-hya,data-node-18,9.9.2.155,elasticsearch_os_load5,3.62
2023/4/13 9:26,1681349207,cc-cc408-hya,data-node-18,9.9.2.155,elasticsearch_os_load5,3.8
2023/4/13 9:27,1681349267,cc-cc408-hya,data-node-18,9.9.2.155,elasticsearch_os_load5,3.77
2023/4/13 9:28,1681349327,cc-cc408-hya,data-node-18,9.9.2.155,elasticsearch_os_load5,3.68
2023/4/13 9:29,1681349387,cc-cc408-hya,data-node-18,9.9.2.155,elasticsearch_os_load5,3.45
2023/4/13 9:30,1681349447,cc-cc408-hya,data-node-18,9.9.2.155,elasticsearch_os_load5,3.41
2023/4/13 9:31,1681349507,cc-cc408-hya,data-node-18,9.9.2.155,elasticsearch_os_load5,3.54
2023/4/13 9:32,1681349567,cc-cc408-hya,data-node-18,9.9.2.155,elasticsearch_os_load5,3.76
2023/4/13 9:33,1681349627,cc-cc408-hya,data-node-18,9.9.2.155,elasticsearch_os_load5,3.52
2023/4/13 9:34,1681349687,cc-cc408-hya,data-node-18,9.9.2.155,elasticsearch_os_load5,3.62
2023/4/13 9:35,1681349747,cc-cc408-hya,data-node-18,9.9.2.155,elasticsearch_os_load5,3.57
2023/4/13 9:36,1681349807,cc-cc408-hya,data-node-18,9.9.2.155,elasticsearch_os_load5,3.62
2023/4/13 9:37,1681349867,cc-cc408-hya,data-node-18,9.9.2.155,elasticsearch_os_load5,3.37
2023/4/13 9:38,1681349927,cc-cc408-hya,data-node-18,9.9.2.155,elasticsearch_os_load5,3.37
2023/4/13 9:39,1681349987,cc-cc408-hya,data-node-18,9.9.2.155,elasticsearch_os_load5,3.54
2023/4/13 9:40,1681350047,cc-cc408-hya,data-node-18,9.9.2.155,elasticsearch_os_load5,3.38
2023/4/13 9:41,1681350107,cc-cc408-hya,data-node-18,9.9.2.155,elasticsearch_os_load5,3.1
2023/4/13 9:42,1681350167,cc-cc408-hya,data-node-18,9.9.2.155,elasticsearch_os_load5,3.17
2023/4/13 9:43,1681350227,cc-cc408-hya,data-node-18,9.9.2.155,elasticsearch_os_load5,3.25
2023/4/13 9:44,1681350287,cc-cc408-hya,data-node-18,9.9.2.155,elasticsearch_os_load5,3.39
2023/4/13 9:45,1681350347,cc-cc408-hya,data-node-18,9.9.2.155,elasticsearch_os_load5,3.71
2023/4/13 9:46,1681350407,cc-cc408-hya,data-node-18,9.9.2.155,elasticsearch_os_load5,3.76
2023/4/13 9:47,1681350467,cc-cc408-hya,data-node-18,9.9.2.155,elasticsearch_os_load5,3.68
2023/4/13 9:48,1681350527,cc-cc408-hya,data-node-18,9.9.2.155,elasticsearch_os_load5,3.79
2023/4/13 9:49,1681350587,cc-cc408-hya,data-node-18,9.9.2.155,elasticsearch_os_load5,3.83
2023/4/13 9:50,1681350647,cc-cc408-hya,data-node-18,9.9.2.155,elasticsearch_os_load5,3.75
2023/4/13 9:51,1681350707,cc-cc408-hya,data-node-18,9.9.2.155,elasticsearch_os_load5,4.3
2023/4/13 9:52,1681350767,cc-cc408-hya,data-node-18,9.9.2.155,elasticsearch_os_load5,4.21
2023/4/13 9:53,1681350827,cc-cc408-hya,data-node-18,9.9.2.155,elasticsearch_os_load5,3.95
2023/4/13 9:54,1681350887,cc-cc408-hya,data-node-18,9.9.2.155,elasticsearch_os_load5,3.96
2023/4/13 9:55,1681350947,cc-cc408-hya,data-node-18,9.9.2.155,elasticsearch_os_load5,3.74
2023/4/13 9:56,1681351007,cc-cc408-hya,data-node-18,9.9.2.155,elasticsearch_os_load5,3.68
2023/4/13 9:57,1681351067,cc-cc408-hya,data-node-18,9.9.2.155,elasticsearch_os_load5,3.58
2023/4/13 9:58,1681351127,cc-cc408-hya,data-node-18,9.9.2.155,elasticsearch_os_load5,3.91
2023/4/13 9:59,1681351187,cc-cc408-hya,data-node-18,9.9.2.155,elasticsearch_os_load5,3.91
2023/4/13 10:00,1681351247,cc-cc408-hya,data-node-18,9.9.2.155,elasticsearch_os_load5,4.58
2023/4/13 10:01,1681351307,cc-cc408-hya,data-node-18,9.9.2.155,elasticsearch_os_load5,4.51
2023/4/13 10:02,1681351367,cc-cc408-hya,data-node-18,9.9.2.155,elasticsearch_os_load5,4.81
2023/4/13 10:03,1681351427,cc-cc408-hya,data-node-18,9.9.2.155,elasticsearch_os_load5,4.64
2023/4/13 10:04,1681351487,cc-cc408-hya,data-node-18,9.9.2.155,elasticsearch_os_load5,4.55
2023/4/13 10:05,1681351547,cc-cc408-hya,data-node-18,9.9.2.155,elasticsearch_os_load5,4.43
2023/4/13 10:06,1681351607,cc-cc408-hya,data-node-18,9.9.2.155,elasticsearch_os_load5,4.43
2023/4/13 10:07,1681351667,cc-cc408-hya,data-node-18,9.9.2.155,elasticsearch_os_load5,4.45
2023/4/13 10:08,1681351727,cc-cc408-hya,data-node-18,9.9.2.155,elasticsearch_os_load5,4.33
2023/4/13 10:09,1681351787,cc-cc408-hya,data-node-18,9.9.2.155,elasticsearch_os_load5,4.23
2023/4/13 10:10,1681351847,cc-cc408-hya,data-node-18,9.9.2.155,elasticsearch_os_load5,4.25
2023/4/13 10:11,1681351907,cc-cc408-hya,data-node-18,9.9.2.155,elasticsearch_os_load5,4.1
2023/4/13 10:12,1681351967,cc-cc408-hya,data-node-18,9.9.2.155,elasticsearch_os_load5,3.9
2023/4/13 10:13,1681352027,cc-cc408-hya,data-node-18,9.9.2.155,elasticsearch_os_load5,3.86
2023/4/13 10:14,1681352087,cc-cc408-hya,data-node-18,9.9.2.155,elasticsearch_os_load5,3.76
2023/4/13 10:15,1681352147,cc-cc408-hya,data-node-18,9.9.2.155,elasticsearch_os_load5,3.77
2023/4/13 10:16,1681352207,cc-cc408-hya,data-node-18,9.9.2.155,elasticsearch_os_load5,3.84
2023/4/13 10:17,1681352267,cc-cc408-hya,data-node-18,9.9.2.155,elasticsearch_os_load5,3.79
2023/4/13 10:18,1681352327,cc-cc408-hya,data-node-18,9.9.2.155,elasticsearch_os_load5,3.77
2023/4/13 10:19,1681352387,cc-cc408-hya,data-node-18,9.9.2.155,elasticsearch_os_load5,3.78
2023/4/13 10:20,1681352447,cc-cc408-hya,data-node-18,9.9.2.155,elasticsearch_os_load5,3.65
2023/4/13 10:21,1681352507,cc-cc408-hya,data-node-18,9.9.2.155,elasticsearch_os_load5,3.86
2023/4/13 10:22,1681352567,cc-cc408-hya,data-node-18,9.9.2.155,elasticsearch_os_load5,3.73
2023/4/13 10:23,1681352627,cc-cc408-hya,data-node-18,9.9.2.155,elasticsearch_os_load5,3.89
2023/4/13 10:24,1681352687,cc-cc408-hya,data-node-18,9.9.2.155,elasticsearch_os_load5,4.01
2023/4/13 10:25,1681352747,cc-cc408-hya,data-node-18,9.9.2.155,elasticsearch_os_load5,3.97
2023/4/13 10:26,1681352807,cc-cc408-hya,data-node-18,9.9.2.155,elasticsearch_os_load5,3.97
2023/4/13 10:27,1681352867,cc-cc408-hya,data-node-18,9.9.2.155,elasticsearch_os_load5,3.9
2023/4/13 10:28,1681352927,cc-cc408-hya,data-node-18,9.9.2.155,elasticsearch_os_load5,4.11
2023/4/13 10:29,1681352987,cc-cc408-hya,data-node-18,9.9.2.155,elasticsearch_os_load5,4.24
2023/4/13 10:30,1681353047,cc-cc408-hya,data-node-18,9.9.2.155,elasticsearch_os_load5,3.99
2023/4/13 10:31,1681353107,cc-cc408-hya,data-node-18,9.9.2.155,elasticsearch_os_load5,4.12
2023/4/13 10:32,1681353167,cc-cc408-hya,data-node-18,9.9.2.155,elasticsearch_os_load5,3.98
2023/4/13 10:33,1681353227,cc-cc408-hya,data-node-18,9.9.2.155,elasticsearch_os_load5,4.29
2023/4/13 10:34,1681353287,cc-cc408-hya,data-node-18,9.9.2.155,elasticsearch_os_load5,4.3
2023/4/13 10:35,1681353347,cc-cc408-hya,data-node-18,9.9.2.155,elasticsearch_os_load5,5.42
2023/4/13 10:36,1681353407,cc-cc408-hya,data-node-18,9.9.2.155,elasticsearch_os_load5,5.29
2023/4/13 10:37,1681353467,cc-cc408-hya,data-node-18,9.9.2.155,elasticsearch_os_load5,5.16
2023/4/13 10:38,1681353527,cc-cc408-hya,data-node-18,9.9.2.155,elasticsearch_os_load5,4.94
2023/4/13 10:39,1681353587,cc-cc408-hya,data-node-18,9.9.2.155,elasticsearch_os_load5,4.95
2023/4/13 10:40,1681353647,cc-cc408-hya,data-node-18,9.9.2.155,elasticsearch_os_load5,5.43
2023/4/13 10:41,1681353707,cc-cc408-hya,data-node-18,9.9.2.155,elasticsearch_os_load5,5.46
2023/4/13 10:42,1681353767,cc-cc408-hya,data-node-18,9.9.2.155,elasticsearch_os_load5,6.04
2023/4/13 10:43,1681353827,cc-cc408-hya,data-node-18,9.9.2.155,elasticsearch_os_load5,5.76
2023/4/13 10:44,1681353887,cc-cc408-hya,data-node-18,9.9.2.155,elasticsearch_os_load5,5.42
2023/4/13 10:45,1681353947,cc-cc408-hya,data-node-18,9.9.2.155,elasticsearch_os_load5,5.46
2023/4/13 10:46,1681354007,cc-cc408-hya,data-node-18,9.9.2.155,elasticsearch_os_load5,5.2
2023/4/13 10:47,1681354067,cc-cc408-hya,data-node-18,9.9.2.155,elasticsearch_os_load5,5.02
2023/4/13 10:48,1681354127,cc-cc408-hya,data-node-18,9.9.2.155,elasticsearch_os_load5,4.87
2023/4/13 10:49,1681354187,cc-cc408-hya,data-node-18,9.9.2.155,elasticsearch_os_load5,4.96
2023/4/13 10:50,1681354247,cc-cc408-hya,data-node-18,9.9.2.155,elasticsearch_os_load5,4.93
2023/4/13 10:51,1681354307,cc-cc408-hya,data-node-18,9.9.2.155,elasticsearch_os_load5,4.97
2023/4/13 10:52,1681354367,cc-cc408-hya,data-node-18,9.9.2.155,elasticsearch_os_load5,4.8
2023/4/13 10:53,1681354427,cc-cc408-hya,data-node-18,9.9.2.155,elasticsearch_os_load5,5.13
2023/4/13 10:54,1681354487,cc-cc408-hya,data-node-18,9.9.2.155,elasticsearch_os_load5,5.02
2023/4/13 10:55,1681354547,cc-cc408-hya,data-node-18,9.9.2.155,elasticsearch_os_load5,4.92
2023/4/13 10:56,1681354607,cc-cc408-hya,data-node-18,9.9.2.155,elasticsearch_os_load5,4.79
2023/4/13 10:57,1681354667,cc-cc408-hya,data-node-18,9.9.2.155,elasticsearch_os_load5,4.68
2023/4/13 10:58,1681354727,cc-cc408-hya,data-node-18,9.9.2.155,elasticsearch_os_load5,4.55
2023/4/13 10:59,1681354787,cc-cc408-hya,data-node-18,9.9.2.155,elasticsearch_os_load5,4.56
2023/4/13 11:00,1681354847,cc-cc408-hya,data-node-18,9.9.2.155,elasticsearch_os_load5,4.66
2023/4/13 11:01,1681354907,cc-cc408-hya,data-node-18,9.9.2.155,elasticsearch_os_load5,4.54
2023/4/13 11:02,1681354967,cc-cc408-hya,data-node-18,9.9.2.155,elasticsearch_os_load5,4.55
2023/4/13 11:03,1681355027,cc-cc408-hya,data-node-18,9.9.2.155,elasticsearch_os_load5,4.61
2023/4/13 11:04,1681355087,cc-cc408-hya,data-node-18,9.9.2.155,elasticsearch_os_load5,4.47
2023/4/13 11:05,1681355147,cc-cc408-hya,data-node-18,9.9.2.155,elasticsearch_os_load5,4.52
2023/4/13 11:06,1681355207,cc-cc408-hya,data-node-18,9.9.2.155,elasticsearch_os_load5,4.75
2023/4/13 11:07,1681355267,cc-cc408-hya,data-node-18,9.9.2.155,elasticsearch_os_load5,4.71
2023/4/13 11:08,1681355327,cc-cc408-hya,data-node-18,9.9.2.155,elasticsearch_os_load5,5.02
2023/4/13 11:09,1681355387,cc-cc408-hya,data-node-18,9.9.2.155,elasticsearch_os_load5,4.86
2023/4/13 11:10,1681355447,cc-cc408-hya,data-node-18,9.9.2.155,elasticsearch_os_load5,4.46
2023/4/13 11:11,1681355507,cc-cc408-hya,data-node-18,9.9.2.155,elasticsearch_os_load5,4.28
2023/4/13 11:12,1681355567,cc-cc408-hya,data-node-18,9.9.2.155,elasticsearch_os_load5,4.44
2023/4/13 11:13,1681355627,cc-cc408-hya,data-node-18,9.9.2.155,elasticsearch_os_load5,4.31
2023/4/13 11:14,1681355687,cc-cc408-hya,data-node-18,9.9.2.155,elasticsearch_os_load5,4.28
2023/4/13 11:15,1681355747,cc-cc408-hya,data-node-18,9.9.2.155,elasticsearch_os_load5,4.66
2023/4/13 11:16,1681355807,cc-cc408-hya,data-node-18,9.9.2.155,elasticsearch_os_load5,4.63
2023/4/13 11:17,1681355867,cc-cc408-hya,data-node-18,9.9.2.155,elasticsearch_os_load5,4.36
2023/4/13 11:18,1681355927,cc-cc408-hya,data-node-18,9.9.2.155,elasticsearch_os_load5,4.43
2023/4/13 11:19,1681355987,cc-cc408-hya,data-node-18,9.9.2.155,elasticsearch_os_load5,4.29
2023/4/13 11:20,1681356047,cc-cc408-hya,data-node-18,9.9.2.155,elasticsearch_os_load5,4.29
2023/4/13 11:21,1681356107,cc-cc408-hya,data-node-18,9.9.2.155,elasticsearch_os_load5,4.19
2023/4/13 11:22,1681356167,cc-cc408-hya,data-node-18,9.9.2.155,elasticsearch_os_load5,4.31
2023/4/13 11:23,1681356227,cc-cc408-hya,data-node-18,9.9.2.155,elasticsearch_os_load5,4.47
2023/4/13 11:24,1681356287,cc-cc408-hya,data-node-18,9.9.2.155,elasticsearch_os_load5,4.66
2023/4/13 11:25,1681356347,cc-cc408-hya,data-node-18,9.9.2.155,elasticsearch_os_load5,4.38
2023/4/13 11:26,1681356407,cc-cc408-hya,data-node-18,9.9.2.155,elasticsearch_os_load5,4.15
2023/4/13 11:27,1681356467,cc-cc408-hya,data-node-18,9.9.2.155,elasticsearch_os_load5,4.11
2023/4/13 11:28,1681356527,cc-cc408-hya,data-node-18,9.9.2.155,elasticsearch_os_load5,4.2
2023/4/13 11:29,1681356587,cc-cc408-hya,data-node-18,9.9.2.155,elasticsearch_os_load5,4.18
2023/4/13 11:30,1681356647,cc-cc408-hya,data-node-18,9.9.2.155,elasticsearch_os_load5,4.08
2023/4/13 11:31,1681356707,cc-cc408-hya,data-node-18,9.9.2.155,elasticsearch_os_load5,4.46
2023/4/13 11:32,1681356767,cc-cc408-hya,data-node-18,9.9.2.155,elasticsearch_os_load5,4.52
2023/4/13 11:33,1681356827,cc-cc408-hya,data-node-18,9.9.2.155,elasticsearch_os_load5,4.56
2023/4/13 11:34,1681356887,cc-cc408-hya,data-node-18,9.9.2.155,elasticsearch_os_load5,4.61
2023/4/13 11:35,1681356947,cc-cc408-hya,data-node-18,9.9.2.155,elasticsearch_os_load5,4.52
2023/4/13 11:36,1681357007,cc-cc408-hya,data-node-18,9.9.2.155,elasticsearch_os_load5,4.71
2023/4/13 11:37,1681357067,cc-cc408-hya,data-node-18,9.9.2.155,elasticsearch_os_load5,4.72
2023/4/13 11:38,1681357127,cc-cc408-hya,data-node-18,9.9.2.155,elasticsearch_os_load5,4.84
2023/4/13 11:39,1681357187,cc-cc408-hya,data-node-18,9.9.2.155,elasticsearch_os_load5,4.92
2023/4/13 11:40,1681357247,cc-cc408-hya,data-node-18,9.9.2.155,elasticsearch_os_load5,4.8
2023/4/13 11:41,1681357307,cc-cc408-hya,data-node-18,9.9.2.155,elasticsearch_os_load5,4.83
2023/4/13 11:42,1681357367,cc-cc408-hya,data-node-18,9.9.2.155,elasticsearch_os_load5,4.43
2023/4/13 11:43,1681357427,cc-cc408-hya,data-node-18,9.9.2.155,elasticsearch_os_load5,4.06
2023/4/13 11:44,1681357487,cc-cc408-hya,data-node-18,9.9.2.155,elasticsearch_os_load5,4.27
2023/4/13 11:45,1681357547,cc-cc408-hya,data-node-18,9.9.2.155,elasticsearch_os_load5,4.52
2023/4/13 11:46,1681357607,cc-cc408-hya,data-node-18,9.9.2.155,elasticsearch_os_load5,4.41
2023/4/13 11:47,1681357667,cc-cc408-hya,data-node-18,9.9.2.155,elasticsearch_os_load5,4.53
2023/4/13 11:48,1681357727,cc-cc408-hya,data-node-18,9.9.2.155,elasticsearch_os_load5,4.79
2023/4/13 11:49,1681357787,cc-cc408-hya,data-node-18,9.9.2.155,elasticsearch_os_load5,5
2023/4/13 11:50,1681357847,cc-cc408-hya,data-node-18,9.9.2.155,elasticsearch_os_load5,4.95
2023/4/13 11:51,1681357907,cc-cc408-hya,data-node-18,9.9.2.155,elasticsearch_os_load5,5.16
2023/4/13 11:52,1681357967,cc-cc408-hya,data-node-18,9.9.2.155,elasticsearch_os_load5,5.29
2023/4/13 11:53,1681358027,cc-cc408-hya,data-node-18,9.9.2.155,elasticsearch_os_load5,5.27
2023/4/13 11:54,1681358087,cc-cc408-hya,data-node-18,9.9.2.155,elasticsearch_os_load5,5.13
2023/4/13 11:55,1681358147,cc-cc408-hya,data-node-18,9.9.2.155,elasticsearch_os_load5,4.82
2023/4/13 11:56,1681358207,cc-cc408-hya,data-node-18,9.9.2.155,elasticsearch_os_load5,4.71
2023/4/13 11:57,1681358267,cc-cc408-hya,data-node-18,9.9.2.155,elasticsearch_os_load5,4.52
2023/4/13 11:58,1681358327,cc-cc408-hya,data-node-18,9.9.2.155,elasticsearch_os_load5,4.59
2023/4/13 11:59,1681358387,cc-cc408-hya,data-node-18,9.9.2.155,elasticsearch_os_load5,4.38
2023/4/13 12:00,1681358447,cc-cc408-hya,data-node-18,9.9.2.155,elasticsearch_os_load5,4.19
2023/4/13 12:01,1681358507,cc-cc408-hya,data-node-18,9.9.2.155,elasticsearch_os_load5,4.08
2023/4/13 12:02,1681358567,cc-cc408-hya,data-node-18,9.9.2.155,elasticsearch_os_load5,4.2
2023/4/13 12:03,1681358627,cc-cc408-hya,data-node-18,9.9.2.155,elasticsearch_os_load5,4.21
2023/4/13 12:04,1681358687,cc-cc408-hya,data-node-18,9.9.2.155,elasticsearch_os_load5,4.08
2023/4/13 12:05,1681358747,cc-cc408-hya,data-node-18,9.9.2.155,elasticsearch_os_load5,4.11
2023/4/13 12:06,1681358807,cc-cc408-hya,data-node-18,9.9.2.155,elasticsearch_os_load5,4.12
2023/4/13 12:07,1681358867,cc-cc408-hya,data-node-18,9.9.2.155,elasticsearch_os_load5,4.17
2023/4/13 12:08,1681358927,cc-cc408-hya,data-node-18,9.9.2.155,elasticsearch_os_load5,4.07
2023/4/13 12:09,1681358987,cc-cc408-hya,data-node-18,9.9.2.155,elasticsearch_os_load5,3.76
2023/4/13 12:10,1681359047,cc-cc408-hya,data-node-18,9.9.2.155,elasticsearch_os_load5,3.64
2023/4/13 12:11,1681359107,cc-cc408-hya,data-node-18,9.9.2.155,elasticsearch_os_load5,3.5
2023/4/13 12:12,1681359167,cc-cc408-hya,data-node-18,9.9.2.155,elasticsearch_os_load5,3.79
2023/4/13 12:13,1681359227,cc-cc408-hya,data-node-18,9.9.2.155,elasticsearch_os_load5,3.84
2023/4/13 12:14,1681359287,cc-cc408-hya,data-node-18,9.9.2.155,elasticsearch_os_load5,3.59
2023/4/13 12:15,1681359347,cc-cc408-hya,data-node-18,9.9.2.155,elasticsearch_os_load5,3.51
2023/4/13 12:16,1681359407,cc-cc408-hya,data-node-18,9.9.2.155,elasticsearch_os_load5,3.58
2023/4/13 12:17,1681359467,cc-cc408-hya,data-node-18,9.9.2.155,elasticsearch_os_load5,3.3
2023/4/13 12:18,1681359527,cc-cc408-hya,data-node-18,9.9.2.155,elasticsearch_os_load5,3.28
2023/4/13 12:19,1681359587,cc-cc408-hya,data-node-18,9.9.2.155,elasticsearch_os_load5,2.98
2023/4/13 12:20,1681359647,cc-cc408-hya,data-node-18,9.9.2.155,elasticsearch_os_load5,3.04
2023/4/13 12:21,1681359707,cc-cc408-hya,data-node-18,9.9.2.155,elasticsearch_os_load5,2.94
2023/4/13 12:22,1681359767,cc-cc408-hya,data-node-18,9.9.2.155,elasticsearch_os_load5,2.81
2023/4/13 12:23,1681359827,cc-cc408-hya,data-node-18,9.9.2.155,elasticsearch_os_load5,2.73
2023/4/13 12:24,1681359887,cc-cc408-hya,data-node-18,9.9.2.155,elasticsearch_os_load5,2.73
2023/4/13 12:25,1681359947,cc-cc408-hya,data-node-18,9.9.2.155,elasticsearch_os_load5,2.64
2023/4/13 12:26,1681360007,cc-cc408-hya,data-node-18,9.9.2.155,elasticsearch_os_load5,2.7
2023/4/13 12:27,1681360067,cc-cc408-hya,data-node-18,9.9.2.155,elasticsearch_os_load5,2.59
2023/4/13 12:28,1681360127,cc-cc408-hya,data-node-18,9.9.2.155,elasticsearch_os_load5,2.68
2023/4/13 12:29,1681360187,cc-cc408-hya,data-node-18,9.9.2.155,elasticsearch_os_load5,2.77
2023/4/13 12:30,1681360247,cc-cc408-hya,data-node-18,9.9.2.155,elasticsearch_os_load5,2.74
2023/4/13 12:31,1681360307,cc-cc408-hya,data-node-18,9.9.2.155,elasticsearch_os_load5,2.8
2023/4/13 12:32,1681360367,cc-cc408-hya,data-node-18,9.9.2.155,elasticsearch_os_load5,2.96
2023/4/13 12:33,1681360427,cc-cc408-hya,data-node-18,9.9.2.155,elasticsearch_os_load5,2.77
2023/4/13 12:34,1681360487,cc-cc408-hya,data-node-18,9.9.2.155,elasticsearch_os_load5,2.7
2023/4/13 12:35,1681360547,cc-cc408-hya,data-node-18,9.9.2.155,elasticsearch_os_load5,2.68
2023/4/13 12:36,1681360607,cc-cc408-hya,data-node-18,9.9.2.155,elasticsearch_os_load5,2.53
2023/4/13 12:37,1681360667,cc-cc408-hya,data-node-18,9.9.2.155,elasticsearch_os_load5,2.41
2023/4/13 12:38,1681360727,cc-cc408-hya,data-node-18,9.9.2.155,elasticsearch_os_load5,2.35
2023/4/13 12:39,1681360787,cc-cc408-hya,data-node-18,9.9.2.155,elasticsearch_os_load5,2.21
2023/4/13 12:40,1681360847,cc-cc408-hya,data-node-18,9.9.2.155,elasticsearch_os_load5,2.11
2023/4/13 12:41,1681360907,cc-cc408-hya,data-node-18,9.9.2.155,elasticsearch_os_load5,2.09
2023/4/13 12:42,1681360967,cc-cc408-hya,data-node-18,9.9.2.155,elasticsearch_os_load5,2.19
2023/4/13 12:43,1681361027,cc-cc408-hya,data-node-18,9.9.2.155,elasticsearch_os_load5,2.12
2023/4/13 12:44,1681361087,cc-cc408-hya,data-node-18,9.9.2.155,elasticsearch_os_load5,2.07
2023/4/13 12:45,1681361147,cc-cc408-hya,data-node-18,9.9.2.155,elasticsearch_os_load5,2.14
2023/4/13 12:46,1681361207,cc-cc408-hya,data-node-18,9.9.2.155,elasticsearch_os_load5,2.25
2023/4/13 12:47,1681361267,cc-cc408-hya,data-node-18,9.9.2.155,elasticsearch_os_load5,2.56
2023/4/13 12:48,1681361327,cc-cc408-hya,data-node-18,9.9.2.155,elasticsearch_os_load5,2.68
2023/4/13 12:49,1681361387,cc-cc408-hya,data-node-18,9.9.2.155,elasticsearch_os_load5,2.72
2023/4/13 12:50,1681361447,cc-cc408-hya,data-node-18,9.9.2.155,elasticsearch_os_load5,2.79
2023/4/13 12:51,1681361507,cc-cc408-hya,data-node-18,9.9.2.155,elasticsearch_os_load5,2.95
2023/4/13 12:52,1681361567,cc-cc408-hya,data-node-18,9.9.2.155,elasticsearch_os_load5,2.65
2023/4/13 12:53,1681361627,cc-cc408-hya,data-node-18,9.9.2.155,elasticsearch_os_load5,2.7
2023/4/13 12:54,1681361687,cc-cc408-hya,data-node-18,9.9.2.155,elasticsearch_os_load5,2.74
2023/4/13 12:55,1681361747,cc-cc408-hya,data-node-18,9.9.2.155,elasticsearch_os_load5,3.1
2023/4/13 12:56,1681361807,cc-cc408-hya,data-node-18,9.9.2.155,elasticsearch_os_load5,3.27
2023/4/13 12:57,1681361867,cc-cc408-hya,data-node-18,9.9.2.155,elasticsearch_os_load5,3.38
2023/4/13 12:58,1681361927,cc-cc408-hya,data-node-18,9.9.2.155,elasticsearch_os_load5,3.31
2023/4/13 12:59,1681361987,cc-cc408-hya,data-node-18,9.9.2.155,elasticsearch_os_load5,3.77
2023/4/13 13:00,1681362047,cc-cc408-hya,data-node-18,9.9.2.155,elasticsearch_os_load5,3.65
2023/4/13 13:01,1681362107,cc-cc408-hya,data-node-18,9.9.2.155,elasticsearch_os_load5,3.44
2023/4/13 13:02,1681362167,cc-cc408-hya,data-node-18,9.9.2.155,elasticsearch_os_load5,3.15
2023/4/13 13:03,1681362227,cc-cc408-hya,data-node-18,9.9.2.155,elasticsearch_os_load5,3.03
2023/4/13 13:04,1681362287,cc-cc408-hya,data-node-18,9.9.2.155,elasticsearch_os_load5,2.99
2023/4/13 13:05,1681362347,cc-cc408-hya,data-node-18,9.9.2.155,elasticsearch_os_load5,3.07
2023/4/13 13:06,1681362407,cc-cc408-hya,data-node-18,9.9.2.155,elasticsearch_os_load5,3.03
2023/4/13 13:07,1681362467,cc-cc408-hya,data-node-18,9.9.2.155,elasticsearch_os_load5,2.91
2023/4/13 13:08,1681362527,cc-cc408-hya,data-node-18,9.9.2.155,elasticsearch_os_load5,2.85
2023/4/13 13:09,1681362587,cc-cc408-hya,data-node-18,9.9.2.155,elasticsearch_os_load5,2.85
2023/4/13 13:10,1681362647,cc-cc408-hya,data-node-18,9.9.2.155,elasticsearch_os_load5,2.84
2023/4/13 13:11,1681362707,cc-cc408-hya,data-node-18,9.9.2.155,elasticsearch_os_load5,2.77
2023/4/13 13:12,1681362767,cc-cc408-hya,data-node-18,9.9.2.155,elasticsearch_os_load5,2.65
2023/4/13 13:13,1681362827,cc-cc408-hya,data-node-18,9.9.2.155,elasticsearch_os_load5,2.54
2023/4/13 13:14,1681362887,cc-cc408-hya,data-node-18,9.9.2.155,elasticsearch_os_load5,2.44
2023/4/13 13:15,1681362947,cc-cc408-hya,data-node-18,9.9.2.155,elasticsearch_os_load5,2.47
2023/4/13 13:16,1681363007,cc-cc408-hya,data-node-18,9.9.2.155,elasticsearch_os_load5,2.37
2023/4/13 13:17,1681363067,cc-cc408-hya,data-node-18,9.9.2.155,elasticsearch_os_load5,2.32
2023/4/13 13:18,1681363127,cc-cc408-hya,data-node-18,9.9.2.155,elasticsearch_os_load5,2.28
2023/4/13 13:19,1681363187,cc-cc408-hya,data-node-18,9.9.2.155,elasticsearch_os_load5,2.27
2023/4/13 13:20,1681363247,cc-cc408-hya,data-node-18,9.9.2.155,elasticsearch_os_load5,2.23
2023/4/13 13:21,1681363307,cc-cc408-hya,data-node-18,9.9.2.155,elasticsearch_os_load5,2.34
2023/4/13 13:22,1681363367,cc-cc408-hya,data-node-18,9.9.2.155,elasticsearch_os_load5,2.45
2023/4/13 13:23,1681363427,cc-cc408-hya,data-node-18,9.9.2.155,elasticsearch_os_load5,2.32
2023/4/13 13:24,1681363487,cc-cc408-hya,data-node-18,9.9.2.155,elasticsearch_os_load5,2.39
2023/4/13 13:25,1681363547,cc-cc408-hya,data-node-18,9.9.2.155,elasticsearch_os_load5,2.37
2023/4/13 13:26,1681363607,cc-cc408-hya,data-node-18,9.9.2.155,elasticsearch_os_load5,2.31
2023/4/13 13:27,1681363667,cc-cc408-hya,data-node-18,9.9.2.155,elasticsearch_os_load5,2.06
2023/4/13 13:28,1681363727,cc-cc408-hya,data-node-18,9.9.2.155,elasticsearch_os_load5,2.35
2023/4/13 13:29,1681363787,cc-cc408-hya,data-node-18,9.9.2.155,elasticsearch_os_load5,2.49
2023/4/13 13:30,1681363847,cc-cc408-hya,data-node-18,9.9.2.155,elasticsearch_os_load5,2.76
2023/4/13 13:31,1681363907,cc-cc408-hya,data-node-18,9.9.2.155,elasticsearch_os_load5,2.63
2023/4/13 13:32,1681363967,cc-cc408-hya,data-node-18,9.9.2.155,elasticsearch_os_load5,2.87
2023/4/13 13:33,1681364027,cc-cc408-hya,data-node-18,9.9.2.155,elasticsearch_os_load5,2.74
2023/4/13 13:34,1681364087,cc-cc408-hya,data-node-18,9.9.2.155,elasticsearch_os_load5,2.7
2023/4/13 13:35,1681364147,cc-cc408-hya,data-node-18,9.9.2.155,elasticsearch_os_load5,2.58
2023/4/13 13:36,1681364207,cc-cc408-hya,data-node-18,9.9.2.155,elasticsearch_os_load5,2.66
2023/4/13 13:37,1681364267,cc-cc408-hya,data-node-18,9.9.2.155,elasticsearch_os_load5,2.77
2023/4/13 13:38,1681364327,cc-cc408-hya,data-node-18,9.9.2.155,elasticsearch_os_load5,2.83
2023/4/13 13:39,1681364387,cc-cc408-hya,data-node-18,9.9.2.155,elasticsearch_os_load5,2.84
2023/4/13 13:40,1681364447,cc-cc408-hya,data-node-18,9.9.2.155,elasticsearch_os_load5,3.5
2023/4/13 13:41,1681364507,cc-cc408-hya,data-node-18,9.9.2.155,elasticsearch_os_load5,3.4
2023/4/13 13:42,1681364567,cc-cc408-hya,data-node-18,9.9.2.155,elasticsearch_os_load5,3.37
2023/4/13 13:43,1681364627,cc-cc408-hya,data-node-18,9.9.2.155,elasticsearch_os_load5,3.47
2023/4/13 13:44,1681364687,cc-cc408-hya,data-node-18,9.9.2.155,elasticsearch_os_load5,3.43
2023/4/13 13:45,1681364747,cc-cc408-hya,data-node-18,9.9.2.155,elasticsearch_os_load5,3.52
2023/4/13 13:46,1681364807,cc-cc408-hya,data-node-18,9.9.2.155,elasticsearch_os_load5,3.39
2023/4/13 13:47,1681364867,cc-cc408-hya,data-node-18,9.9.2.155,elasticsearch_os_load5,3.42
2023/4/13 13:48,1681364927,cc-cc408-hya,data-node-18,9.9.2.155,elasticsearch_os_load5,3.46
2023/4/13 13:49,1681364987,cc-cc408-hya,data-node-18,9.9.2.155,elasticsearch_os_load5,3.47
2023/4/13 13:50,1681365047,cc-cc408-hya,data-node-18,9.9.2.155,elasticsearch_os_load5,3.37
2023/4/13 13:51,1681365107,cc-cc408-hya,data-node-18,9.9.2.155,elasticsearch_os_load5,3.42
2023/4/13 13:52,1681365167,cc-cc408-hya,data-node-18,9.9.2.155,elasticsearch_os_load5,3.22
2023/4/13 13:53,1681365227,cc-cc408-hya,data-node-18,9.9.2.155,elasticsearch_os_load5,3.07
2023/4/13 13:54,1681365287,cc-cc408-hya,data-node-18,9.9.2.155,elasticsearch_os_load5,3.25
2023/4/13 13:55,1681365347,cc-cc408-hya,data-node-18,9.9.2.155,elasticsearch_os_load5,3.18
2023/4/13 13:56,1681365407,cc-cc408-hya,data-node-18,9.9.2.155,elasticsearch_os_load5,3.63
2023/4/13 13:57,1681365467,cc-cc408-hya,data-node-18,9.9.2.155,elasticsearch_os_load5,3.46
2023/4/13 13:58,1681365527,cc-cc408-hya,data-node-18,9.9.2.155,elasticsearch_os_load5,3.38
2023/4/13 13:59,1681365587,cc-cc408-hya,data-node-18,9.9.2.155,elasticsearch_os_load5,3.39
2023/4/13 14:00,1681365647,cc-cc408-hya,data-node-18,9.9.2.155,elasticsearch_os_load5,3.46
2023/4/13 14:01,1681365707,cc-cc408-hya,data-node-18,9.9.2.155,elasticsearch_os_load5,3.21
2023/4/13 14:02,1681365767,cc-cc408-hya,data-node-18,9.9.2.155,elasticsearch_os_load5,3.34
2023/4/13 14:03,1681365827,cc-cc408-hya,data-node-18,9.9.2.155,elasticsearch_os_load5,3.14
2023/4/13 14:04,1681365887,cc-cc408-hya,data-node-18,9.9.2.155,elasticsearch_os_load5,3.32
2023/4/13 14:05,1681365947,cc-cc408-hya,data-node-18,9.9.2.155,elasticsearch_os_load5,3.31
2023/4/13 14:06,1681366007,cc-cc408-hya,data-node-18,9.9.2.155,elasticsearch_os_load5,3.34
2023/4/13 14:07,1681366067,cc-cc408-hya,data-node-18,9.9.2.155,elasticsearch_os_load5,3.34
2023/4/13 14:08,1681366127,cc-cc408-hya,data-node-18,9.9.2.155,elasticsearch_os_load5,3.65
2023/4/13 14:09,1681366187,cc-cc408-hya,data-node-18,9.9.2.155,elasticsearch_os_load5,3.57
2023/4/13 14:10,1681366247,cc-cc408-hya,data-node-18,9.9.2.155,elasticsearch_os_load5,3.31
2023/4/13 14:11,1681366307,cc-cc408-hya,data-node-18,9.9.2.155,elasticsearch_os_load5,3.84
2023/4/13 14:12,1681366367,cc-cc408-hya,data-node-18,9.9.2.155,elasticsearch_os_load5,3.86
2023/4/13 14:13,1681366427,cc-cc408-hya,data-node-18,9.9.2.155,elasticsearch_os_load5,4.31
2023/4/13 14:14,1681366487,cc-cc408-hya,data-node-18,9.9.2.155,elasticsearch_os_load5,4.19
2023/4/13 14:15,1681366547,cc-cc408-hya,data-node-18,9.9.2.155,elasticsearch_os_load5,3.93
2023/4/13 14:16,1681366607,cc-cc408-hya,data-node-18,9.9.2.155,elasticsearch_os_load5,3.85
2023/4/13 14:17,1681366667,cc-cc408-hya,data-node-18,9.9.2.155,elasticsearch_os_load5,4.15
2023/4/13 14:18,1681366727,cc-cc408-hya,data-node-18,9.9.2.155,elasticsearch_os_load5,4.3
2023/4/13 14:19,1681366787,cc-cc408-hya,data-node-18,9.9.2.155,elasticsearch_os_load5,4.24
2023/4/13 14:20,1681366847,cc-cc408-hya,data-node-18,9.9.2.155,elasticsearch_os_load5,4.21
2023/4/13 14:21,1681366907,cc-cc408-hya,data-node-18,9.9.2.155,elasticsearch_os_load5,4.06
2023/4/13 14:22,1681366967,cc-cc408-hya,data-node-18,9.9.2.155,elasticsearch_os_load5,4.02
2023/4/13 14:23,1681367027,cc-cc408-hya,data-node-18,9.9.2.155,elasticsearch_os_load5,4
2023/4/13 14:24,1681367087,cc-cc408-hya,data-node-18,9.9.2.155,elasticsearch_os_load5,4.13
2023/4/13 14:25,1681367147,cc-cc408-hya,data-node-18,9.9.2.155,elasticsearch_os_load5,4.23
2023/4/13 14:26,1681367207,cc-cc408-hya,data-node-18,9.9.2.155,elasticsearch_os_load5,3.96
2023/4/13 14:27,1681367267,cc-cc408-hya,data-node-18,9.9.2.155,elasticsearch_os_load5,3.95
2023/4/13 14:28,1681367327,cc-cc408-hya,data-node-18,9.9.2.155,elasticsearch_os_load5,4.14
2023/4/13 14:29,1681367387,cc-cc408-hya,data-node-18,9.9.2.155,elasticsearch_os_load5,4.24
2023/4/13 14:30,1681367447,cc-cc408-hya,data-node-18,9.9.2.155,elasticsearch_os_load5,4.39
2023/4/13 14:31,1681367507,cc-cc408-hya,data-node-18,9.9.2.155,elasticsearch_os_load5,4.14
2023/4/13 14:32,1681367567,cc-cc408-hya,data-node-18,9.9.2.155,elasticsearch_os_load5,4.19
2023/4/13 14:33,1681367627,cc-cc408-hya,data-node-18,9.9.2.155,elasticsearch_os_load5,4.27
2023/4/13 14:34,1681367687,cc-cc408-hya,data-node-18,9.9.2.155,elasticsearch_os_load5,4.39
2023/4/13 14:35,1681367747,cc-cc408-hya,data-node-18,9.9.2.155,elasticsearch_os_load5,4.31
2023/4/13 14:36,1681367807,cc-cc408-hya,data-node-18,9.9.2.155,elasticsearch_os_load5,4.55
2023/4/13 14:37,1681367867,cc-cc408-hya,data-node-18,9.9.2.155,elasticsearch_os_load5,4.91
2023/4/13 14:38,1681367927,cc-cc408-hya,data-node-18,9.9.2.155,elasticsearch_os_load5,4.75
2023/4/13 14:39,1681367987,cc-cc408-hya,data-node-18,9.9.2.155,elasticsearch_os_load5,4.54
2023/4/13 14:40,1681368047,cc-cc408-hya,data-node-18,9.9.2.155,elasticsearch_os_load5,4.41
2023/4/13 14:41,1681368107,cc-cc408-hya,data-node-18,9.9.2.155,elasticsearch_os_load5,4.2
2023/4/13 14:42,1681368167,cc-cc408-hya,data-node-18,9.9.2.155,elasticsearch_os_load5,4.06
2023/4/13 14:43,1681368227,cc-cc408-hya,data-node-18,9.9.2.155,elasticsearch_os_load5,4.09
2023/4/13 14:44,1681368287,cc-cc408-hya,data-node-18,9.9.2.155,elasticsearch_os_load5,4.95
2023/4/13 14:45,1681368347,cc-cc408-hya,data-node-18,9.9.2.155,elasticsearch_os_load5,4.65
2023/4/13 14:46,1681368407,cc-cc408-hya,data-node-18,9.9.2.155,elasticsearch_os_load5,4.58
2023/4/13 14:47,1681368467,cc-cc408-hya,data-node-18,9.9.2.155,elasticsearch_os_load5,5.09
2023/4/13 14:48,1681368527,cc-cc408-hya,data-node-18,9.9.2.155,elasticsearch_os_load5,5.66
2023/4/13 14:49,1681368587,cc-cc408-hya,data-node-18,9.9.2.155,elasticsearch_os_load5,5.39
2023/4/13 14:50,1681368647,cc-cc408-hya,data-node-18,9.9.2.155,elasticsearch_os_load5,5.41
2023/4/13 14:51,1681368707,cc-cc408-hya,data-node-18,9.9.2.155,elasticsearch_os_load5,4.99
2023/4/13 14:52,1681368767,cc-cc408-hya,data-node-18,9.9.2.155,elasticsearch_os_load5,5.03
2023/4/13 14:53,1681368827,cc-cc408-hya,data-node-18,9.9.2.155,elasticsearch_os_load5,4.99
2023/4/13 14:54,1681368887,cc-cc408-hya,data-node-18,9.9.2.155,elasticsearch_os_load5,4.78
2023/4/13 14:55,1681368947,cc-cc408-hya,data-node-18,9.9.2.155,elasticsearch_os_load5,4.96
2023/4/13 14:56,1681369007,cc-cc408-hya,data-node-18,9.9.2.155,elasticsearch_os_load5,4.82
2023/4/13 14:57,1681369067,cc-cc408-hya,data-node-18,9.9.2.155,elasticsearch_os_load5,4.74
2023/4/13 14:58,1681369127,cc-cc408-hya,data-node-18,9.9.2.155,elasticsearch_os_load5,4.49
2023/4/13 14:59,1681369187,cc-cc408-hya,data-node-18,9.9.2.155,elasticsearch_os_load5,4.53
2023/4/13 15:00,1681369247,cc-cc408-hya,data-node-18,9.9.2.155,elasticsearch_os_load5,4.55
2023/4/13 15:01,1681369307,cc-cc408-hya,data-node-18,9.9.2.155,elasticsearch_os_load5,4.45
2023/4/13 15:02,1681369367,cc-cc408-hya,data-node-18,9.9.2.155,elasticsearch_os_load5,4.22
2023/4/13 15:03,1681369427,cc-cc408-hya,data-node-18,9.9.2.155,elasticsearch_os_load5,4.04
2023/4/13 15:04,1681369487,cc-cc408-hya,data-node-18,9.9.2.155,elasticsearch_os_load5,4.24
2023/4/13 15:05,1681369547,cc-cc408-hya,data-node-18,9.9.2.155,elasticsearch_os_load5,4.52
2023/4/13 15:06,1681369607,cc-cc408-hya,data-node-18,9.9.2.155,elasticsearch_os_load5,4.58
2023/4/13 15:07,1681369667,cc-cc408-hya,data-node-18,9.9.2.155,elasticsearch_os_load5,4.32
2023/4/13 15:08,1681369727,cc-cc408-hya,data-node-18,9.9.2.155,elasticsearch_os_load5,4.18
2023/4/13 15:09,1681369787,cc-cc408-hya,data-node-18,9.9.2.155,elasticsearch_os_load5,4.28
2023/4/13 15:10,1681369847,cc-cc408-hya,data-node-18,9.9.2.155,elasticsearch_os_load5,4.53
2023/4/13 15:11,1681369907,cc-cc408-hya,data-node-18,9.9.2.155,elasticsearch_os_load5,4.54
2023/4/13 15:12,1681369967,cc-cc408-hya,data-node-18,9.9.2.155,elasticsearch_os_load5,4.24
2023/4/13 15:13,1681370027,cc-cc408-hya,data-node-18,9.9.2.155,elasticsearch_os_load5,4.45
2023/4/13 15:14,1681370087,cc-cc408-hya,data-node-18,9.9.2.155,elasticsearch_os_load5,4.16
2023/4/13 15:15,1681370147,cc-cc408-hya,data-node-18,9.9.2.155,elasticsearch_os_load5,4.3
2023/4/13 15:16,1681370207,cc-cc408-hya,data-node-18,9.9.2.155,elasticsearch_os_load5,4.26
2023/4/13 15:17,1681370267,cc-cc408-hya,data-node-18,9.9.2.155,elasticsearch_os_load5,4.46
2023/4/13 15:18,1681370327,cc-cc408-hya,data-node-18,9.9.2.155,elasticsearch_os_load5,4.29
2023/4/13 15:19,1681370387,cc-cc408-hya,data-node-18,9.9.2.155,elasticsearch_os_load5,4.43
2023/4/13 15:20,1681370447,cc-cc408-hya,data-node-18,9.9.2.155,elasticsearch_os_load5,4.64
2023/4/13 15:21,1681370507,cc-cc408-hya,data-node-18,9.9.2.155,elasticsearch_os_load5,4.93
2023/4/13 15:22,1681370567,cc-cc408-hya,data-node-18,9.9.2.155,elasticsearch_os_load5,4.61
2023/4/13 15:23,1681370627,cc-cc408-hya,data-node-18,9.9.2.155,elasticsearch_os_load5,4.57
2023/4/13 15:24,1681370687,cc-cc408-hya,data-node-18,9.9.2.155,elasticsearch_os_load5,4.28
2023/4/13 15:25,1681370747,cc-cc408-hya,data-node-18,9.9.2.155,elasticsearch_os_load5,4.31
2023/4/13 15:26,1681370807,cc-cc408-hya,data-node-18,9.9.2.155,elasticsearch_os_load5,4.38
2023/4/13 15:27,1681370867,cc-cc408-hya,data-node-18,9.9.2.155,elasticsearch_os_load5,4.38
2023/4/13 15:28,1681370927,cc-cc408-hya,data-node-18,9.9.2.155,elasticsearch_os_load5,4.51
2023/4/13 15:29,1681370987,cc-cc408-hya,data-node-18,9.9.2.155,elasticsearch_os_load5,4.68
2023/4/13 15:30,1681371047,cc-cc408-hya,data-node-18,9.9.2.155,elasticsearch_os_load5,4.97
2023/4/13 15:31,1681371107,cc-cc408-hya,data-node-18,9.9.2.155,elasticsearch_os_load5,4.92
2023/4/13 15:32,1681371167,cc-cc408-hya,data-node-18,9.9.2.155,elasticsearch_os_load5,4.98
2023/4/13 15:33,1681371227,cc-cc408-hya,data-node-18,9.9.2.155,elasticsearch_os_load5,5.02
2023/4/13 15:34,1681371287,cc-cc408-hya,data-node-18,9.9.2.155,elasticsearch_os_load5,5.17
2023/4/13 15:35,1681371347,cc-cc408-hya,data-node-18,9.9.2.155,elasticsearch_os_load5,4.88
2023/4/13 15:36,1681371407,cc-cc408-hya,data-node-18,9.9.2.155,elasticsearch_os_load5,5.97
2023/4/13 15:37,1681371467,cc-cc408-hya,data-node-18,9.9.2.155,elasticsearch_os_load5,5.85
2023/4/13 15:38,1681371527,cc-cc408-hya,data-node-18,9.9.2.155,elasticsearch_os_load5,6.13
2023/4/13 15:39,1681371587,cc-cc408-hya,data-node-18,9.9.2.155,elasticsearch_os_load5,5.99
2023/4/13 15:40,1681371647,cc-cc408-hya,data-node-18,9.9.2.155,elasticsearch_os_load5,5.99
2023/4/13 15:41,1681371707,cc-cc408-hya,data-node-18,9.9.2.155,elasticsearch_os_load5,5.89
2023/4/13 15:42,1681371767,cc-cc408-hya,data-node-18,9.9.2.155,elasticsearch_os_load5,5.99
2023/4/13 15:43,1681371827,cc-cc408-hya,data-node-18,9.9.2.155,elasticsearch_os_load5,6.17
2023/4/13 15:44,1681371887,cc-cc408-hya,data-node-18,9.9.2.155,elasticsearch_os_load5,5.71
2023/4/13 15:45,1681371947,cc-cc408-hya,data-node-18,9.9.2.155,elasticsearch_os_load5,5.72
2023/4/13 15:46,1681372007,cc-cc408-hya,data-node-18,9.9.2.155,elasticsearch_os_load5,5.49
2023/4/13 15:47,1681372067,cc-cc408-hya,data-node-18,9.9.2.155,elasticsearch_os_load5,5.57
2023/4/13 15:48,1681372127,cc-cc408-hya,data-node-18,9.9.2.155,elasticsearch_os_load5,6.45
2023/4/13 15:49,1681372187,cc-cc408-hya,data-node-18,9.9.2.155,elasticsearch_os_load5,6.49
2023/4/13 15:50,1681372247,cc-cc408-hya,data-node-18,9.9.2.155,elasticsearch_os_load5,5.78
2023/4/13 15:51,1681372307,cc-cc408-hya,data-node-18,9.9.2.155,elasticsearch_os_load5,5.36
2023/4/13 15:52,1681372367,cc-cc408-hya,data-node-18,9.9.2.155,elasticsearch_os_load5,4.74
2023/4/13 15:53,1681372427,cc-cc408-hya,data-node-18,9.9.2.155,elasticsearch_os_load5,4.69
2023/4/13 15:54,1681372487,cc-cc408-hya,data-node-18,9.9.2.155,elasticsearch_os_load5,4.91
2023/4/13 15:55,1681372547,cc-cc408-hya,data-node-18,9.9.2.155,elasticsearch_os_load5,4.92
2023/4/13 15:56,1681372607,cc-cc408-hya,data-node-18,9.9.2.155,elasticsearch_os_load5,5.18
2023/4/13 15:57,1681372667,cc-cc408-hya,data-node-18,9.9.2.155,elasticsearch_os_load5,5.09
2023/4/13 15:58,1681372727,cc-cc408-hya,data-node-18,9.9.2.155,elasticsearch_os_load5,5.4
2023/4/13 15:59,1681372787,cc-cc408-hya,data-node-18,9.9.2.155,elasticsearch_os_load5,5.31
2023/4/13 16:00,1681372847,cc-cc408-hya,data-node-18,9.9.2.155,elasticsearch_os_load5,5.03
2023/4/13 16:01,1681372907,cc-cc408-hya,data-node-18,9.9.2.155,elasticsearch_os_load5,4.78
2023/4/13 16:02,1681372967,cc-cc408-hya,data-node-18,9.9.2.155,elasticsearch_os_load5,4.99
2023/4/13 16:03,1681373027,cc-cc408-hya,data-node-18,9.9.2.155,elasticsearch_os_load5,5.06
2023/4/13 16:04,1681373087,cc-cc408-hya,data-node-18,9.9.2.155,elasticsearch_os_load5,5.04
2023/4/13 16:05,1681373147,cc-cc408-hya,data-node-18,9.9.2.155,elasticsearch_os_load5,4.92
2023/4/13 16:06,1681373207,cc-cc408-hya,data-node-18,9.9.2.155,elasticsearch_os_load5,4.91
2023/4/13 16:07,1681373267,cc-cc408-hya,data-node-18,9.9.2.155,elasticsearch_os_load5,4.97
2023/4/13 16:08,1681373327,cc-cc408-hya,data-node-18,9.9.2.155,elasticsearch_os_load5,5.36
2023/4/13 16:09,1681373387,cc-cc408-hya,data-node-18,9.9.2.155,elasticsearch_os_load5,5.35
2023/4/13 16:10,1681373447,cc-cc408-hya,data-node-18,9.9.2.155,elasticsearch_os_load5,5.21
2023/4/13 16:11,1681373507,cc-cc408-hya,data-node-18,9.9.2.155,elasticsearch_os_load5,5.21
2023/4/13 16:12,1681373567,cc-cc408-hya,data-node-18,9.9.2.155,elasticsearch_os_load5,5.38
2023/4/13 16:13,1681373627,cc-cc408-hya,data-node-18,9.9.2.155,elasticsearch_os_load5,5.53
2023/4/13 16:14,1681373687,cc-cc408-hya,data-node-18,9.9.2.155,elasticsearch_os_load5,5.76
2023/4/13 16:15,1681373747,cc-cc408-hya,data-node-18,9.9.2.155,elasticsearch_os_load5,5.76
2023/4/13 16:16,1681373807,cc-cc408-hya,data-node-18,9.9.2.155,elasticsearch_os_load5,5.69
2023/4/13 16:17,1681373867,cc-cc408-hya,data-node-18,9.9.2.155,elasticsearch_os_load5,5.6
2023/4/13 16:18,1681373927,cc-cc408-hya,data-node-18,9.9.2.155,elasticsearch_os_load5,5.54
2023/4/13 16:19,1681373987,cc-cc408-hya,data-node-18,9.9.2.155,elasticsearch_os_load5,5.39
2023/4/13 16:20,1681374047,cc-cc408-hya,data-node-18,9.9.2.155,elasticsearch_os_load5,5.7
2023/4/13 16:21,1681374107,cc-cc408-hya,data-node-18,9.9.2.155,elasticsearch_os_load5,5.93
2023/4/13 16:22,1681374167,cc-cc408-hya,data-node-18,9.9.2.155,elasticsearch_os_load5,6.12
2023/4/13 16:23,1681374227,cc-cc408-hya,data-node-18,9.9.2.155,elasticsearch_os_load5,6.09
2023/4/13 16:24,1681374287,cc-cc408-hya,data-node-18,9.9.2.155,elasticsearch_os_load5,5.81
2023/4/13 16:25,1681374347,cc-cc408-hya,data-node-18,9.9.2.155,elasticsearch_os_load5,5.9
2023/4/13 16:26,1681374407,cc-cc408-hya,data-node-18,9.9.2.155,elasticsearch_os_load5,5.77
2023/4/13 16:27,1681374467,cc-cc408-hya,data-node-18,9.9.2.155,elasticsearch_os_load5,5.77
2023/4/13 16:28,1681374527,cc-cc408-hya,data-node-18,9.9.2.155,elasticsearch_os_load5,5.64
2023/4/13 16:29,1681374587,cc-cc408-hya,data-node-18,9.9.2.155,elasticsearch_os_load5,5.67
2023/4/13 16:30,1681374647,cc-cc408-hya,data-node-18,9.9.2.155,elasticsearch_os_load5,5.56
2023/4/13 16:31,1681374707,cc-cc408-hya,data-node-18,9.9.2.155,elasticsearch_os_load5,5.41
2023/4/13 16:32,1681374767,cc-cc408-hya,data-node-18,9.9.2.155,elasticsearch_os_load5,5.57
2023/4/13 16:33,1681374827,cc-cc408-hya,data-node-18,9.9.2.155,elasticsearch_os_load5,5.81
2023/4/13 16:34,1681374887,cc-cc408-hya,data-node-18,9.9.2.155,elasticsearch_os_load5,5.71
2023/4/13 16:35,1681374947,cc-cc408-hya,data-node-18,9.9.2.155,elasticsearch_os_load5,5.67
2023/4/13 16:36,1681375007,cc-cc408-hya,data-node-18,9.9.2.155,elasticsearch_os_load5,5.64
2023/4/13 16:37,1681375067,cc-cc408-hya,data-node-18,9.9.2.155,elasticsearch_os_load5,5.71
2023/4/13 16:38,1681375127,cc-cc408-hya,data-node-18,9.9.2.155,elasticsearch_os_load5,5.54
2023/4/13 16:39,1681375187,cc-cc408-hya,data-node-18,9.9.2.155,elasticsearch_os_load5,5.44
2023/4/13 16:40,1681375247,cc-cc408-hya,data-node-18,9.9.2.155,elasticsearch_os_load5,5.42
2023/4/13 16:41,1681375307,cc-cc408-hya,data-node-18,9.9.2.155,elasticsearch_os_load5,5.49
2023/4/13 16:42,1681375367,cc-cc408-hya,data-node-18,9.9.2.155,elasticsearch_os_load5,5.41
2023/4/13 16:43,1681375427,cc-cc408-hya,data-node-18,9.9.2.155,elasticsearch_os_load5,5.29
2023/4/13 16:44,1681375487,cc-cc408-hya,data-node-18,9.9.2.155,elasticsearch_os_load5,5.15
2023/4/13 16:45,1681375547,cc-cc408-hya,data-node-18,9.9.2.155,elasticsearch_os_load5,5.31
2023/4/13 16:46,1681375607,cc-cc408-hya,data-node-18,9.9.2.155,elasticsearch_os_load5,5.13
2023/4/13 16:47,1681375667,cc-cc408-hya,data-node-18,9.9.2.155,elasticsearch_os_load5,5.21
2023/4/13 16:48,1681375727,cc-cc408-hya,data-node-18,9.9.2.155,elasticsearch_os_load5,5.15
2023/4/13 16:49,1681375787,cc-cc408-hya,data-node-18,9.9.2.155,elasticsearch_os_load5,5
2023/4/13 16:50,1681375847,cc-cc408-hya,data-node-18,9.9.2.155,elasticsearch_os_load5,5.13
2023/4/13 16:51,1681375907,cc-cc408-hya,data-node-18,9.9.2.155,elasticsearch_os_load5,4.89
2023/4/13 16:52,1681375967,cc-cc408-hya,data-node-18,9.9.2.155,elasticsearch_os_load5,4.94
2023/4/13 16:53,1681376027,cc-cc408-hya,data-node-18,9.9.2.155,elasticsearch_os_load5,4.89
2023/4/13 16:54,1681376087,cc-cc408-hya,data-node-18,9.9.2.155,elasticsearch_os_load5,4.81
2023/4/13 16:55,1681376147,cc-cc408-hya,data-node-18,9.9.2.155,elasticsearch_os_load5,5.39
2023/4/13 16:56,1681376207,cc-cc408-hya,data-node-18,9.9.2.155,elasticsearch_os_load5,5.04
2023/4/13 16:57,1681376267,cc-cc408-hya,data-node-18,9.9.2.155,elasticsearch_os_load5,4.98
2023/4/13 16:58,1681376327,cc-cc408-hya,data-node-18,9.9.2.155,elasticsearch_os_load5,5.1
2023/4/13 16:59,1681376387,cc-cc408-hya,data-node-18,9.9.2.155,elasticsearch_os_load5,5
2023/4/13 17:00,1681376447,cc-cc408-hya,data-node-18,9.9.2.155,elasticsearch_os_load5,4.99
2023/4/13 17:01,1681376507,cc-cc408-hya,data-node-18,9.9.2.155,elasticsearch_os_load5,5.32
2023/4/13 17:02,1681376567,cc-cc408-hya,data-node-18,9.9.2.155,elasticsearch_os_load5,5.74
2023/4/13 17:03,1681376627,cc-cc408-hya,data-node-18,9.9.2.155,elasticsearch_os_load5,6.35
2023/4/13 17:04,1681376687,cc-cc408-hya,data-node-18,9.9.2.155,elasticsearch_os_load5,6.22
2023/4/13 17:05,1681376747,cc-cc408-hya,data-node-18,9.9.2.155,elasticsearch_os_load5,6.17
2023/4/13 17:06,1681376807,cc-cc408-hya,data-node-18,9.9.2.155,elasticsearch_os_load5,6.45
2023/4/13 17:07,1681376867,cc-cc408-hya,data-node-18,9.9.2.155,elasticsearch_os_load5,6.1
2023/4/13 17:08,1681376927,cc-cc408-hya,data-node-18,9.9.2.155,elasticsearch_os_load5,6.18
2023/4/13 17:09,1681376987,cc-cc408-hya,data-node-18,9.9.2.155,elasticsearch_os_load5,5.96
2023/4/13 17:10,1681377047,cc-cc408-hya,data-node-18,9.9.2.155,elasticsearch_os_load5,5.9
2023/4/13 17:11,1681377107,cc-cc408-hya,data-node-18,9.9.2.155,elasticsearch_os_load5,5.83
2023/4/13 17:12,1681377167,cc-cc408-hya,data-node-18,9.9.2.155,elasticsearch_os_load5,5.95
2023/4/13 17:13,1681377227,cc-cc408-hya,data-node-18,9.9.2.155,elasticsearch_os_load5,5.84
2023/4/13 17:14,1681377287,cc-cc408-hya,data-node-18,9.9.2.155,elasticsearch_os_load5,5.72
2023/4/13 17:15,1681377347,cc-cc408-hya,data-node-18,9.9.2.155,elasticsearch_os_load5,5.49
2023/4/13 17:16,1681377407,cc-cc408-hya,data-node-18,9.9.2.155,elasticsearch_os_load5,5.34
2023/4/13 17:17,1681377467,cc-cc408-hya,data-node-18,9.9.2.155,elasticsearch_os_load5,5.21
2023/4/13 17:18,1681377527,cc-cc408-hya,data-node-18,9.9.2.155,elasticsearch_os_load5,5.17
2023/4/13 17:19,1681377587,cc-cc408-hya,data-node-18,9.9.2.155,elasticsearch_os_load5,4.87
2023/4/13 17:20,1681377647,cc-cc408-hya,data-node-18,9.9.2.155,elasticsearch_os_load5,4.72
2023/4/13 17:21,1681377707,cc-cc408-hya,data-node-18,9.9.2.155,elasticsearch_os_load5,4.91
2023/4/13 17:22,1681377767,cc-cc408-hya,data-node-18,9.9.2.155,elasticsearch_os_load5,5.18
2023/4/13 17:23,1681377827,cc-cc408-hya,data-node-18,9.9.2.155,elasticsearch_os_load5,4.89
2023/4/13 17:24,1681377887,cc-cc408-hya,data-node-18,9.9.2.155,elasticsearch_os_load5,5.05
2023/4/13 17:25,1681377947,cc-cc408-hya,data-node-18,9.9.2.155,elasticsearch_os_load5,4.73
2023/4/13 17:26,1681378007,cc-cc408-hya,data-node-18,9.9.2.155,elasticsearch_os_load5,4.9
2023/4/13 17:27,1681378067,cc-cc408-hya,data-node-18,9.9.2.155,elasticsearch_os_load5,4.91
2023/4/13 17:28,1681378127,cc-cc408-hya,data-node-18,9.9.2.155,elasticsearch_os_load5,5.19
2023/4/13 17:29,1681378187,cc-cc408-hya,data-node-18,9.9.2.155,elasticsearch_os_load5,5.24
2023/4/13 17:30,1681378247,cc-cc408-hya,data-node-18,9.9.2.155,elasticsearch_os_load5,5.49
2023/4/12 17:30,1681291847,cc-cc408-hya,data-node-01,9.9.2.153,elasticsearch_os_load5,4.98
2023/4/12 17:31,1681291907,cc-cc408-hya,data-node-01,9.9.2.153,elasticsearch_os_load5,4.8
2023/4/12 17:32,1681291967,cc-cc408-hya,data-node-01,9.9.2.153,elasticsearch_os_load5,5
2023/4/12 17:33,1681292027,cc-cc408-hya,data-node-01,9.9.2.153,elasticsearch_os_load5,4.95
2023/4/12 17:34,1681292087,cc-cc408-hya,data-node-01,9.9.2.153,elasticsearch_os_load5,5.26
2023/4/12 17:35,1681292147,cc-cc408-hya,data-node-01,9.9.2.153,elasticsearch_os_load5,5.58
2023/4/12 17:36,1681292207,cc-cc408-hya,data-node-01,9.9.2.153,elasticsearch_os_load5,5.57
2023/4/12 17:37,1681292267,cc-cc408-hya,data-node-01,9.9.2.153,elasticsearch_os_load5,5.62
2023/4/12 17:38,1681292327,cc-cc408-hya,data-node-01,9.9.2.153,elasticsearch_os_load5,5.52
2023/4/12 17:39,1681292387,cc-cc408-hya,data-node-01,9.9.2.153,elasticsearch_os_load5,5.66
2023/4/12 17:40,1681292447,cc-cc408-hya,data-node-01,9.9.2.153,elasticsearch_os_load5,5.32
2023/4/12 17:41,1681292507,cc-cc408-hya,data-node-01,9.9.2.153,elasticsearch_os_load5,5.7
2023/4/12 17:42,1681292567,cc-cc408-hya,data-node-01,9.9.2.153,elasticsearch_os_load5,5.6
2023/4/12 17:43,1681292627,cc-cc408-hya,data-node-01,9.9.2.153,elasticsearch_os_load5,5.38
2023/4/12 17:44,1681292687,cc-cc408-hya,data-node-01,9.9.2.153,elasticsearch_os_load5,5.45
2023/4/12 17:45,1681292747,cc-cc408-hya,data-node-01,9.9.2.153,elasticsearch_os_load5,5.16
2023/4/12 17:46,1681292807,cc-cc408-hya,data-node-01,9.9.2.153,elasticsearch_os_load5,5.38
2023/4/12 17:47,1681292867,cc-cc408-hya,data-node-01,9.9.2.153,elasticsearch_os_load5,5.06
2023/4/12 17:48,1681292927,cc-cc408-hya,data-node-01,9.9.2.153,elasticsearch_os_load5,4.79
2023/4/12 17:49,1681292987,cc-cc408-hya,data-node-01,9.9.2.153,elasticsearch_os_load5,5.05
2023/4/12 17:50,1681293047,cc-cc408-hya,data-node-01,9.9.2.153,elasticsearch_os_load5,4.93
2023/4/12 17:51,1681293107,cc-cc408-hya,data-node-01,9.9.2.153,elasticsearch_os_load5,4.86
2023/4/12 17:52,1681293167,cc-cc408-hya,data-node-01,9.9.2.153,elasticsearch_os_load5,4.72
2023/4/12 17:53,1681293227,cc-cc408-hya,data-node-01,9.9.2.153,elasticsearch_os_load5,4.65
2023/4/12 17:54,1681293287,cc-cc408-hya,data-node-01,9.9.2.153,elasticsearch_os_load5,4.87
2023/4/12 17:55,1681293347,cc-cc408-hya,data-node-01,9.9.2.153,elasticsearch_os_load5,4.65
2023/4/12 17:56,1681293407,cc-cc408-hya,data-node-01,9.9.2.153,elasticsearch_os_load5,4.76
2023/4/12 17:57,1681293467,cc-cc408-hya,data-node-01,9.9.2.153,elasticsearch_os_load5,4.81
2023/4/12 17:58,1681293527,cc-cc408-hya,data-node-01,9.9.2.153,elasticsearch_os_load5,4.88
2023/4/12 17:59,1681293587,cc-cc408-hya,data-node-01,9.9.2.153,elasticsearch_os_load5,5.08
2023/4/12 18:00,1681293647,cc-cc408-hya,data-node-01,9.9.2.153,elasticsearch_os_load5,4.97
2023/4/12 18:01,1681293707,cc-cc408-hya,data-node-01,9.9.2.153,elasticsearch_os_load5,5.04
2023/4/12 18:02,1681293767,cc-cc408-hya,data-node-01,9.9.2.153,elasticsearch_os_load5,4.76
2023/4/12 18:03,1681293827,cc-cc408-hya,data-node-01,9.9.2.153,elasticsearch_os_load5,4.75
2023/4/12 18:04,1681293887,cc-cc408-hya,data-node-01,9.9.2.153,elasticsearch_os_load5,4.79
2023/4/12 18:05,1681293947,cc-cc408-hya,data-node-01,9.9.2.153,elasticsearch_os_load5,4.72
2023/4/12 18:06,1681294007,cc-cc408-hya,data-node-01,9.9.2.153,elasticsearch_os_load5,4.72
2023/4/12 18:07,1681294067,cc-cc408-hya,data-node-01,9.9.2.153,elasticsearch_os_load5,4.55
2023/4/12 18:08,1681294127,cc-cc408-hya,data-node-01,9.9.2.153,elasticsearch_os_load5,4.58
2023/4/12 18:09,1681294187,cc-cc408-hya,data-node-01,9.9.2.153,elasticsearch_os_load5,4.55
2023/4/12 18:10,1681294247,cc-cc408-hya,data-node-01,9.9.2.153,elasticsearch_os_load5,4.7
2023/4/12 18:11,1681294307,cc-cc408-hya,data-node-01,9.9.2.153,elasticsearch_os_load5,4.34
2023/4/12 18:12,1681294367,cc-cc408-hya,data-node-01,9.9.2.153,elasticsearch_os_load5,4.2
2023/4/12 18:13,1681294427,cc-cc408-hya,data-node-01,9.9.2.153,elasticsearch_os_load5,3.93
2023/4/12 18:14,1681294487,cc-cc408-hya,data-node-01,9.9.2.153,elasticsearch_os_load5,4.14
2023/4/12 18:15,1681294547,cc-cc408-hya,data-node-01,9.9.2.153,elasticsearch_os_load5,4.17
2023/4/12 18:16,1681294607,cc-cc408-hya,data-node-01,9.9.2.153,elasticsearch_os_load5,4.76
2023/4/12 18:17,1681294667,cc-cc408-hya,data-node-01,9.9.2.153,elasticsearch_os_load5,5.01
2023/4/12 18:18,1681294727,cc-cc408-hya,data-node-01,9.9.2.153,elasticsearch_os_load5,5.04
2023/4/12 18:19,1681294787,cc-cc408-hya,data-node-01,9.9.2.153,elasticsearch_os_load5,5.44
2023/4/12 18:20,1681294847,cc-cc408-hya,data-node-01,9.9.2.153,elasticsearch_os_load5,5.63
2023/4/12 18:21,1681294907,cc-cc408-hya,data-node-01,9.9.2.153,elasticsearch_os_load5,5.44
2023/4/12 18:22,1681294967,cc-cc408-hya,data-node-01,9.9.2.153,elasticsearch_os_load5,5.29
2023/4/12 18:23,1681295027,cc-cc408-hya,data-node-01,9.9.2.153,elasticsearch_os_load5,4.89
2023/4/12 18:24,1681295087,cc-cc408-hya,data-node-01,9.9.2.153,elasticsearch_os_load5,4.49
2023/4/12 18:25,1681295147,cc-cc408-hya,data-node-01,9.9.2.153,elasticsearch_os_load5,4.67
2023/4/12 18:26,1681295207,cc-cc408-hya,data-node-01,9.9.2.153,elasticsearch_os_load5,4.8
2023/4/12 18:27,1681295267,cc-cc408-hya,data-node-01,9.9.2.153,elasticsearch_os_load5,4.71
2023/4/12 18:28,1681295327,cc-cc408-hya,data-node-01,9.9.2.153,elasticsearch_os_load5,4.95
2023/4/12 18:29,1681295387,cc-cc408-hya,data-node-01,9.9.2.153,elasticsearch_os_load5,4.88
2023/4/12 18:30,1681295447,cc-cc408-hya,data-node-01,9.9.2.153,elasticsearch_os_load5,4.88
2023/4/12 18:31,1681295507,cc-cc408-hya,data-node-01,9.9.2.153,elasticsearch_os_load5,4.87
2023/4/12 18:32,1681295567,cc-cc408-hya,data-node-01,9.9.2.153,elasticsearch_os_load5,4.8
2023/4/12 18:33,1681295627,cc-cc408-hya,data-node-01,9.9.2.153,elasticsearch_os_load5,4.49
2023/4/12 18:34,1681295687,cc-cc408-hya,data-node-01,9.9.2.153,elasticsearch_os_load5,4.88
2023/4/12 18:35,1681295747,cc-cc408-hya,data-node-01,9.9.2.153,elasticsearch_os_load5,4.66
2023/4/12 18:36,1681295807,cc-cc408-hya,data-node-01,9.9.2.153,elasticsearch_os_load5,4.93
2023/4/12 18:37,1681295867,cc-cc408-hya,data-node-01,9.9.2.153,elasticsearch_os_load5,5.19
2023/4/12 18:38,1681295927,cc-cc408-hya,data-node-01,9.9.2.153,elasticsearch_os_load5,5.12
2023/4/12 18:39,1681295987,cc-cc408-hya,data-node-01,9.9.2.153,elasticsearch_os_load5,5.16
2023/4/12 18:40,1681296047,cc-cc408-hya,data-node-01,9.9.2.153,elasticsearch_os_load5,5.12
2023/4/12 18:41,1681296107,cc-cc408-hya,data-node-01,9.9.2.153,elasticsearch_os_load5,5.01
2023/4/12 18:42,1681296167,cc-cc408-hya,data-node-01,9.9.2.153,elasticsearch_os_load5,4.77
2023/4/12 18:43,1681296227,cc-cc408-hya,data-node-01,9.9.2.153,elasticsearch_os_load5,4.67
2023/4/12 18:44,1681296287,cc-cc408-hya,data-node-01,9.9.2.153,elasticsearch_os_load5,4.32
2023/4/12 18:45,1681296347,cc-cc408-hya,data-node-01,9.9.2.153,elasticsearch_os_load5,4.21
2023/4/12 18:46,1681296407,cc-cc408-hya,data-node-01,9.9.2.153,elasticsearch_os_load5,4.1
2023/4/12 18:47,1681296467,cc-cc408-hya,data-node-01,9.9.2.153,elasticsearch_os_load5,3.88
2023/4/12 18:48,1681296527,cc-cc408-hya,data-node-01,9.9.2.153,elasticsearch_os_load5,4.08
2023/4/12 18:49,1681296587,cc-cc408-hya,data-node-01,9.9.2.153,elasticsearch_os_load5,3.92
2023/4/12 18:50,1681296647,cc-cc408-hya,data-node-01,9.9.2.153,elasticsearch_os_load5,3.58
2023/4/12 18:51,1681296707,cc-cc408-hya,data-node-01,9.9.2.153,elasticsearch_os_load5,3.76
2023/4/12 18:52,1681296767,cc-cc408-hya,data-node-01,9.9.2.153,elasticsearch_os_load5,3.53
2023/4/12 18:53,1681296827,cc-cc408-hya,data-node-01,9.9.2.153,elasticsearch_os_load5,3.49
2023/4/12 18:54,1681296887,cc-cc408-hya,data-node-01,9.9.2.153,elasticsearch_os_load5,3.54
2023/4/12 18:55,1681296947,cc-cc408-hya,data-node-01,9.9.2.153,elasticsearch_os_load5,3.57
2023/4/12 18:56,1681297007,cc-cc408-hya,data-node-01,9.9.2.153,elasticsearch_os_load5,4.14
2023/4/12 18:57,1681297067,cc-cc408-hya,data-node-01,9.9.2.153,elasticsearch_os_load5,4.33
2023/4/12 18:58,1681297127,cc-cc408-hya,data-node-01,9.9.2.153,elasticsearch_os_load5,4.26
2023/4/12 18:59,1681297187,cc-cc408-hya,data-node-01,9.9.2.153,elasticsearch_os_load5,4.27
2023/4/12 19:00,1681297247,cc-cc408-hya,data-node-01,9.9.2.153,elasticsearch_os_load5,4.49
2023/4/12 19:01,1681297307,cc-cc408-hya,data-node-01,9.9.2.153,elasticsearch_os_load5,4.23
2023/4/12 19:02,1681297367,cc-cc408-hya,data-node-01,9.9.2.153,elasticsearch_os_load5,4.06
2023/4/12 19:03,1681297427,cc-cc408-hya,data-node-01,9.9.2.153,elasticsearch_os_load5,4.17
2023/4/12 19:04,1681297487,cc-cc408-hya,data-node-01,9.9.2.153,elasticsearch_os_load5,4.18
2023/4/12 19:05,1681297547,cc-cc408-hya,data-node-01,9.9.2.153,elasticsearch_os_load5,4.28
2023/4/12 19:06,1681297607,cc-cc408-hya,data-node-01,9.9.2.153,elasticsearch_os_load5,4.51
2023/4/12 19:07,1681297667,cc-cc408-hya,data-node-01,9.9.2.153,elasticsearch_os_load5,4.59
2023/4/12 19:08,1681297727,cc-cc408-hya,data-node-01,9.9.2.153,elasticsearch_os_load5,4.43
2023/4/12 19:09,1681297787,cc-cc408-hya,data-node-01,9.9.2.153,elasticsearch_os_load5,4.25
2023/4/12 19:10,1681297847,cc-cc408-hya,data-node-01,9.9.2.153,elasticsearch_os_load5,4.22
2023/4/12 19:11,1681297907,cc-cc408-hya,data-node-01,9.9.2.153,elasticsearch_os_load5,4.06
2023/4/12 19:12,1681297967,cc-cc408-hya,data-node-01,9.9.2.153,elasticsearch_os_load5,4.03
2023/4/12 19:13,1681298027,cc-cc408-hya,data-node-01,9.9.2.153,elasticsearch_os_load5,3.87
2023/4/12 19:14,1681298087,cc-cc408-hya,data-node-01,9.9.2.153,elasticsearch_os_load5,3.97
2023/4/12 19:15,1681298147,cc-cc408-hya,data-node-01,9.9.2.153,elasticsearch_os_load5,3.84
2023/4/12 19:16,1681298207,cc-cc408-hya,data-node-01,9.9.2.153,elasticsearch_os_load5,3.75
2023/4/12 19:17,1681298267,cc-cc408-hya,data-node-01,9.9.2.153,elasticsearch_os_load5,3.78
2023/4/12 19:18,1681298327,cc-cc408-hya,data-node-01,9.9.2.153,elasticsearch_os_load5,3.9
2023/4/12 19:19,1681298387,cc-cc408-hya,data-node-01,9.9.2.153,elasticsearch_os_load5,3.86
2023/4/12 19:20,1681298447,cc-cc408-hya,data-node-01,9.9.2.153,elasticsearch_os_load5,4.17
2023/4/12 19:21,1681298507,cc-cc408-hya,data-node-01,9.9.2.153,elasticsearch_os_load5,4.17
2023/4/12 19:22,1681298567,cc-cc408-hya,data-node-01,9.9.2.153,elasticsearch_os_load5,4.01
2023/4/12 19:23,1681298627,cc-cc408-hya,data-node-01,9.9.2.153,elasticsearch_os_load5,3.92
2023/4/12 19:24,1681298687,cc-cc408-hya,data-node-01,9.9.2.153,elasticsearch_os_load5,4.32
2023/4/12 19:25,1681298747,cc-cc408-hya,data-node-01,9.9.2.153,elasticsearch_os_load5,4.1
2023/4/12 19:26,1681298807,cc-cc408-hya,data-node-01,9.9.2.153,elasticsearch_os_load5,3.83
2023/4/12 19:27,1681298867,cc-cc408-hya,data-node-01,9.9.2.153,elasticsearch_os_load5,3.74
2023/4/12 19:28,1681298927,cc-cc408-hya,data-node-01,9.9.2.153,elasticsearch_os_load5,3.58
2023/4/12 19:29,1681298987,cc-cc408-hya,data-node-01,9.9.2.153,elasticsearch_os_load5,4.15
2023/4/12 19:30,1681299047,cc-cc408-hya,data-node-01,9.9.2.153,elasticsearch_os_load5,4.1
2023/4/12 19:31,1681299107,cc-cc408-hya,data-node-01,9.9.2.153,elasticsearch_os_load5,3.83
2023/4/12 19:32,1681299167,cc-cc408-hya,data-node-01,9.9.2.153,elasticsearch_os_load5,3.63
2023/4/12 19:33,1681299227,cc-cc408-hya,data-node-01,9.9.2.153,elasticsearch_os_load5,3.43
2023/4/12 19:34,1681299287,cc-cc408-hya,data-node-01,9.9.2.153,elasticsearch_os_load5,3.29
2023/4/12 19:35,1681299347,cc-cc408-hya,data-node-01,9.9.2.153,elasticsearch_os_load5,3.24
2023/4/12 19:36,1681299407,cc-cc408-hya,data-node-01,9.9.2.153,elasticsearch_os_load5,3.22
2023/4/12 19:37,1681299467,cc-cc408-hya,data-node-01,9.9.2.153,elasticsearch_os_load5,3.16
2023/4/12 19:38,1681299527,cc-cc408-hya,data-node-01,9.9.2.153,elasticsearch_os_load5,3.09
2023/4/12 19:39,1681299587,cc-cc408-hya,data-node-01,9.9.2.153,elasticsearch_os_load5,3.02
2023/4/12 19:40,1681299647,cc-cc408-hya,data-node-01,9.9.2.153,elasticsearch_os_load5,3.18
2023/4/12 19:41,1681299707,cc-cc408-hya,data-node-01,9.9.2.153,elasticsearch_os_load5,3.3
2023/4/12 19:42,1681299767,cc-cc408-hya,data-node-01,9.9.2.153,elasticsearch_os_load5,3.36
2023/4/12 19:43,1681299827,cc-cc408-hya,data-node-01,9.9.2.153,elasticsearch_os_load5,3.31
2023/4/12 19:44,1681299887,cc-cc408-hya,data-node-01,9.9.2.153,elasticsearch_os_load5,3.26
2023/4/12 19:45,1681299947,cc-cc408-hya,data-node-01,9.9.2.153,elasticsearch_os_load5,3.19
2023/4/12 19:46,1681300007,cc-cc408-hya,data-node-01,9.9.2.153,elasticsearch_os_load5,3.09
2023/4/12 19:47,1681300067,cc-cc408-hya,data-node-01,9.9.2.153,elasticsearch_os_load5,2.86
2023/4/12 19:48,1681300127,cc-cc408-hya,data-node-01,9.9.2.153,elasticsearch_os_load5,3.46
2023/4/12 19:49,1681300187,cc-cc408-hya,data-node-01,9.9.2.153,elasticsearch_os_load5,3.43
2023/4/12 19:50,1681300247,cc-cc408-hya,data-node-01,9.9.2.153,elasticsearch_os_load5,3.36
2023/4/12 19:51,1681300307,cc-cc408-hya,data-node-01,9.9.2.153,elasticsearch_os_load5,3.22
2023/4/12 19:52,1681300367,cc-cc408-hya,data-node-01,9.9.2.153,elasticsearch_os_load5,2.82
2023/4/12 19:53,1681300427,cc-cc408-hya,data-node-01,9.9.2.153,elasticsearch_os_load5,2.73
2023/4/12 19:54,1681300487,cc-cc408-hya,data-node-01,9.9.2.153,elasticsearch_os_load5,2.69
2023/4/12 19:55,1681300547,cc-cc408-hya,data-node-01,9.9.2.153,elasticsearch_os_load5,3.12
2023/4/12 19:56,1681300607,cc-cc408-hya,data-node-01,9.9.2.153,elasticsearch_os_load5,2.86
2023/4/12 19:57,1681300667,cc-cc408-hya,data-node-01,9.9.2.153,elasticsearch_os_load5,2.73
2023/4/12 19:58,1681300727,cc-cc408-hya,data-node-01,9.9.2.153,elasticsearch_os_load5,2.51
2023/4/12 19:59,1681300787,cc-cc408-hya,data-node-01,9.9.2.153,elasticsearch_os_load5,2.2
2023/4/12 20:00,1681300847,cc-cc408-hya,data-node-01,9.9.2.153,elasticsearch_os_load5,1.93
2023/4/12 20:01,1681300907,cc-cc408-hya,data-node-01,9.9.2.153,elasticsearch_os_load5,2.36
2023/4/12 20:02,1681300967,cc-cc408-hya,data-node-01,9.9.2.153,elasticsearch_os_load5,2.68
2023/4/12 20:03,1681301027,cc-cc408-hya,data-node-01,9.9.2.153,elasticsearch_os_load5,2.95
2023/4/12 20:04,1681301087,cc-cc408-hya,data-node-01,9.9.2.153,elasticsearch_os_load5,2.84
2023/4/12 20:05,1681301147,cc-cc408-hya,data-node-01,9.9.2.153,elasticsearch_os_load5,2.63
2023/4/12 20:06,1681301207,cc-cc408-hya,data-node-01,9.9.2.153,elasticsearch_os_load5,2.49
2023/4/12 20:07,1681301267,cc-cc408-hya,data-node-01,9.9.2.153,elasticsearch_os_load5,2.39
2023/4/12 20:08,1681301327,cc-cc408-hya,data-node-01,9.9.2.153,elasticsearch_os_load5,2.19
2023/4/12 20:09,1681301387,cc-cc408-hya,data-node-01,9.9.2.153,elasticsearch_os_load5,2.24
2023/4/12 20:10,1681301447,cc-cc408-hya,data-node-01,9.9.2.153,elasticsearch_os_load5,2.27
2023/4/12 20:11,1681301507,cc-cc408-hya,data-node-01,9.9.2.153,elasticsearch_os_load5,2.24
2023/4/12 20:12,1681301567,cc-cc408-hya,data-node-01,9.9.2.153,elasticsearch_os_load5,2.46
2023/4/12 20:13,1681301627,cc-cc408-hya,data-node-01,9.9.2.153,elasticsearch_os_load5,2.24
2023/4/12 20:14,1681301687,cc-cc408-hya,data-node-01,9.9.2.153,elasticsearch_os_load5,2.01
2023/4/12 20:15,1681301747,cc-cc408-hya,data-node-01,9.9.2.153,elasticsearch_os_load5,1.91
2023/4/12 20:16,1681301807,cc-cc408-hya,data-node-01,9.9.2.153,elasticsearch_os_load5,2.06
2023/4/12 20:17,1681301867,cc-cc408-hya,data-node-01,9.9.2.153,elasticsearch_os_load5,2.08
2023/4/12 20:18,1681301927,cc-cc408-hya,data-node-01,9.9.2.153,elasticsearch_os_load5,2.07
2023/4/12 20:19,1681301987,cc-cc408-hya,data-node-01,9.9.2.153,elasticsearch_os_load5,2.09
2023/4/12 20:20,1681302047,cc-cc408-hya,data-node-01,9.9.2.153,elasticsearch_os_load5,1.92
2023/4/12 20:21,1681302107,cc-cc408-hya,data-node-01,9.9.2.153,elasticsearch_os_load5,1.77
2023/4/12 20:22,1681302167,cc-cc408-hya,data-node-01,9.9.2.153,elasticsearch_os_load5,1.78
2023/4/12 20:23,1681302227,cc-cc408-hya,data-node-01,9.9.2.153,elasticsearch_os_load5,1.81
2023/4/12 20:24,1681302287,cc-cc408-hya,data-node-01,9.9.2.153,elasticsearch_os_load5,1.7
2023/4/12 20:25,1681302347,cc-cc408-hya,data-node-01,9.9.2.153,elasticsearch_os_load5,2.06
2023/4/12 20:26,1681302407,cc-cc408-hya,data-node-01,9.9.2.153,elasticsearch_os_load5,1.95
2023/4/12 20:27,1681302467,cc-cc408-hya,data-node-01,9.9.2.153,elasticsearch_os_load5,1.95
2023/4/12 20:28,1681302527,cc-cc408-hya,data-node-01,9.9.2.153,elasticsearch_os_load5,1.84
2023/4/12 20:29,1681302587,cc-cc408-hya,data-node-01,9.9.2.153,elasticsearch_os_load5,1.81
2023/4/12 20:30,1681302647,cc-cc408-hya,data-node-01,9.9.2.153,elasticsearch_os_load5,1.83
2023/4/12 20:31,1681302707,cc-cc408-hya,data-node-01,9.9.2.153,elasticsearch_os_load5,1.82
2023/4/12 20:32,1681302767,cc-cc408-hya,data-node-01,9.9.2.153,elasticsearch_os_load5,1.63
2023/4/12 20:33,1681302827,cc-cc408-hya,data-node-01,9.9.2.153,elasticsearch_os_load5,1.61
2023/4/12 20:34,1681302887,cc-cc408-hya,data-node-01,9.9.2.153,elasticsearch_os_load5,1.55
2023/4/12 20:35,1681302947,cc-cc408-hya,data-node-01,9.9.2.153,elasticsearch_os_load5,1.52
2023/4/12 20:36,1681303007,cc-cc408-hya,data-node-01,9.9.2.153,elasticsearch_os_load5,1.41
2023/4/12 20:37,1681303067,cc-cc408-hya,data-node-01,9.9.2.153,elasticsearch_os_load5,1.48
2023/4/12 20:38,1681303127,cc-cc408-hya,data-node-01,9.9.2.153,elasticsearch_os_load5,1.39
2023/4/12 20:39,1681303187,cc-cc408-hya,data-node-01,9.9.2.153,elasticsearch_os_load5,1.29
2023/4/12 20:40,1681303247,cc-cc408-hya,data-node-01,9.9.2.153,elasticsearch_os_load5,1.25
2023/4/12 20:41,1681303307,cc-cc408-hya,data-node-01,9.9.2.153,elasticsearch_os_load5,1.18
2023/4/12 20:42,1681303367,cc-cc408-hya,data-node-01,9.9.2.153,elasticsearch_os_load5,1.14
2023/4/12 20:43,1681303427,cc-cc408-hya,data-node-01,9.9.2.153,elasticsearch_os_load5,1.19
2023/4/12 20:44,1681303487,cc-cc408-hya,data-node-01,9.9.2.153,elasticsearch_os_load5,1.39
2023/4/12 20:45,1681303547,cc-cc408-hya,data-node-01,9.9.2.153,elasticsearch_os_load5,1.42
2023/4/12 20:46,1681303607,cc-cc408-hya,data-node-01,9.9.2.153,elasticsearch_os_load5,1.51
2023/4/12 20:47,1681303667,cc-cc408-hya,data-node-01,9.9.2.153,elasticsearch_os_load5,1.39
2023/4/12 20:48,1681303727,cc-cc408-hya,data-node-01,9.9.2.153,elasticsearch_os_load5,1.28
2023/4/12 20:49,1681303787,cc-cc408-hya,data-node-01,9.9.2.153,elasticsearch_os_load5,1.2
2023/4/12 20:50,1681303847,cc-cc408-hya,data-node-01,9.9.2.153,elasticsearch_os_load5,1.19
2023/4/12 20:51,1681303907,cc-cc408-hya,data-node-01,9.9.2.153,elasticsearch_os_load5,1.06
2023/4/12 20:52,1681303967,cc-cc408-hya,data-node-01,9.9.2.153,elasticsearch_os_load5,1.09
2023/4/12 20:53,1681304027,cc-cc408-hya,data-node-01,9.9.2.153,elasticsearch_os_load5,1.04
2023/4/12 20:54,1681304087,cc-cc408-hya,data-node-01,9.9.2.153,elasticsearch_os_load5,1.01
2023/4/12 20:55,1681304147,cc-cc408-hya,data-node-01,9.9.2.153,elasticsearch_os_load5,1.04
2023/4/12 20:56,1681304207,cc-cc408-hya,data-node-01,9.9.2.153,elasticsearch_os_load5,1.02
2023/4/12 20:57,1681304267,cc-cc408-hya,data-node-01,9.9.2.153,elasticsearch_os_load5,1.16
2023/4/12 20:58,1681304327,cc-cc408-hya,data-node-01,9.9.2.153,elasticsearch_os_load5,1.05
2023/4/12 20:59,1681304387,cc-cc408-hya,data-node-01,9.9.2.153,elasticsearch_os_load5,0.97
2023/4/12 21:00,1681304447,cc-cc408-hya,data-node-01,9.9.2.153,elasticsearch_os_load5,0.95
2023/4/12 21:01,1681304507,cc-cc408-hya,data-node-01,9.9.2.153,elasticsearch_os_load5,0.99
2023/4/12 21:02,1681304567,cc-cc408-hya,data-node-01,9.9.2.153,elasticsearch_os_load5,0.95
2023/4/12 21:03,1681304627,cc-cc408-hya,data-node-01,9.9.2.153,elasticsearch_os_load5,1.11
2023/4/12 21:04,1681304687,cc-cc408-hya,data-node-01,9.9.2.153,elasticsearch_os_load5,1.28
2023/4/12 21:05,1681304747,cc-cc408-hya,data-node-01,9.9.2.153,elasticsearch_os_load5,1.28
2023/4/12 21:06,1681304807,cc-cc408-hya,data-node-01,9.9.2.153,elasticsearch_os_load5,1.36
2023/4/12 21:07,1681304867,cc-cc408-hya,data-node-01,9.9.2.153,elasticsearch_os_load5,1.23
2023/4/12 21:08,1681304927,cc-cc408-hya,data-node-01,9.9.2.153,elasticsearch_os_load5,1.27
2023/4/12 21:09,1681304987,cc-cc408-hya,data-node-01,9.9.2.153,elasticsearch_os_load5,1.23
2023/4/12 21:10,1681305047,cc-cc408-hya,data-node-01,9.9.2.153,elasticsearch_os_load5,1.21
2023/4/12 21:11,1681305107,cc-cc408-hya,data-node-01,9.9.2.153,elasticsearch_os_load5,1.19
2023/4/12 21:12,1681305167,cc-cc408-hya,data-node-01,9.9.2.153,elasticsearch_os_load5,1.14
2023/4/12 21:13,1681305227,cc-cc408-hya,data-node-01,9.9.2.153,elasticsearch_os_load5,1.09
2023/4/12 21:14,1681305287,cc-cc408-hya,data-node-01,9.9.2.153,elasticsearch_os_load5,1.12
2023/4/12 21:15,1681305347,cc-cc408-hya,data-node-01,9.9.2.153,elasticsearch_os_load5,1.13
2023/4/12 21:16,1681305407,cc-cc408-hya,data-node-01,9.9.2.153,elasticsearch_os_load5,1.16
2023/4/12 21:17,1681305467,cc-cc408-hya,data-node-01,9.9.2.153,elasticsearch_os_load5,1.02
2023/4/12 21:18,1681305527,cc-cc408-hya,data-node-01,9.9.2.153,elasticsearch_os_load5,0.93
2023/4/12 21:19,1681305587,cc-cc408-hya,data-node-01,9.9.2.153,elasticsearch_os_load5,0.88
2023/4/12 21:20,1681305647,cc-cc408-hya,data-node-01,9.9.2.153,elasticsearch_os_load5,0.9
2023/4/12 21:21,1681305707,cc-cc408-hya,data-node-01,9.9.2.153,elasticsearch_os_load5,1.02
2023/4/12 21:22,1681305767,cc-cc408-hya,data-node-01,9.9.2.153,elasticsearch_os_load5,0.9
2023/4/12 21:23,1681305827,cc-cc408-hya,data-node-01,9.9.2.153,elasticsearch_os_load5,1.02
2023/4/12 21:24,1681305887,cc-cc408-hya,data-node-01,9.9.2.153,elasticsearch_os_load5,0.93
2023/4/12 21:25,1681305947,cc-cc408-hya,data-node-01,9.9.2.153,elasticsearch_os_load5,0.96
2023/4/12 21:26,1681306007,cc-cc408-hya,data-node-01,9.9.2.153,elasticsearch_os_load5,1.08
2023/4/12 21:27,1681306067,cc-cc408-hya,data-node-01,9.9.2.153,elasticsearch_os_load5,1.36
2023/4/12 21:28,1681306127,cc-cc408-hya,data-node-01,9.9.2.153,elasticsearch_os_load5,1.31
2023/4/12 21:29,1681306187,cc-cc408-hya,data-node-01,9.9.2.153,elasticsearch_os_load5,1.27
2023/4/12 21:30,1681306247,cc-cc408-hya,data-node-01,9.9.2.153,elasticsearch_os_load5,1.17
2023/4/12 21:31,1681306307,cc-cc408-hya,data-node-01,9.9.2.153,elasticsearch_os_load5,1.14
2023/4/12 21:32,1681306367,cc-cc408-hya,data-node-01,9.9.2.153,elasticsearch_os_load5,1.11
2023/4/12 21:33,1681306427,cc-cc408-hya,data-node-01,9.9.2.153,elasticsearch_os_load5,0.99
2023/4/12 21:34,1681306487,cc-cc408-hya,data-node-01,9.9.2.153,elasticsearch_os_load5,0.93
2023/4/12 21:35,1681306547,cc-cc408-hya,data-node-01,9.9.2.153,elasticsearch_os_load5,0.82
2023/4/12 21:36,1681306607,cc-cc408-hya,data-node-01,9.9.2.153,elasticsearch_os_load5,0.8
2023/4/12 21:37,1681306667,cc-cc408-hya,data-node-01,9.9.2.153,elasticsearch_os_load5,0.74
2023/4/12 21:38,1681306727,cc-cc408-hya,data-node-01,9.9.2.153,elasticsearch_os_load5,0.71
2023/4/12 21:39,1681306787,cc-cc408-hya,data-node-01,9.9.2.153,elasticsearch_os_load5,0.77
2023/4/12 21:40,1681306847,cc-cc408-hya,data-node-01,9.9.2.153,elasticsearch_os_load5,0.75
2023/4/12 21:41,1681306907,cc-cc408-hya,data-node-01,9.9.2.153,elasticsearch_os_load5,0.72
2023/4/12 21:42,1681306967,cc-cc408-hya,data-node-01,9.9.2.153,elasticsearch_os_load5,0.72
2023/4/12 21:43,1681307027,cc-cc408-hya,data-node-01,9.9.2.153,elasticsearch_os_load5,0.66
2023/4/12 21:44,1681307087,cc-cc408-hya,data-node-01,9.9.2.153,elasticsearch_os_load5,0.68
2023/4/12 21:45,1681307147,cc-cc408-hya,data-node-01,9.9.2.153,elasticsearch_os_load5,0.86
2023/4/12 21:46,1681307207,cc-cc408-hya,data-node-01,9.9.2.153,elasticsearch_os_load5,0.95
2023/4/12 21:47,1681307267,cc-cc408-hya,data-node-01,9.9.2.153,elasticsearch_os_load5,0.98
2023/4/12 21:48,1681307327,cc-cc408-hya,data-node-01,9.9.2.153,elasticsearch_os_load5,1.06
2023/4/12 21:49,1681307387,cc-cc408-hya,data-node-01,9.9.2.153,elasticsearch_os_load5,0.99
2023/4/12 21:50,1681307447,cc-cc408-hya,data-node-01,9.9.2.153,elasticsearch_os_load5,1.01
2023/4/12 21:51,1681307507,cc-cc408-hya,data-node-01,9.9.2.153,elasticsearch_os_load5,1.03
2023/4/12 21:52,1681307567,cc-cc408-hya,data-node-01,9.9.2.153,elasticsearch_os_load5,1.07
2023/4/12 21:53,1681307627,cc-cc408-hya,data-node-01,9.9.2.153,elasticsearch_os_load5,1.04
2023/4/12 21:54,1681307687,cc-cc408-hya,data-node-01,9.9.2.153,elasticsearch_os_load5,1.01
2023/4/12 21:55,1681307747,cc-cc408-hya,data-node-01,9.9.2.153,elasticsearch_os_load5,1.11
2023/4/12 21:56,1681307807,cc-cc408-hya,data-node-01,9.9.2.153,elasticsearch_os_load5,1.02
2023/4/12 21:57,1681307867,cc-cc408-hya,data-node-01,9.9.2.153,elasticsearch_os_load5,1.09
2023/4/12 21:58,1681307927,cc-cc408-hya,data-node-01,9.9.2.153,elasticsearch_os_load5,0.93
2023/4/12 21:59,1681307987,cc-cc408-hya,data-node-01,9.9.2.153,elasticsearch_os_load5,0.92
2023/4/12 22:00,1681308047,cc-cc408-hya,data-node-01,9.9.2.153,elasticsearch_os_load5,0.83
2023/4/12 22:01,1681308107,cc-cc408-hya,data-node-01,9.9.2.153,elasticsearch_os_load5,0.85
2023/4/12 22:02,1681308167,cc-cc408-hya,data-node-01,9.9.2.153,elasticsearch_os_load5,0.82
2023/4/12 22:03,1681308227,cc-cc408-hya,data-node-01,9.9.2.153,elasticsearch_os_load5,0.79
2023/4/12 22:04,1681308287,cc-cc408-hya,data-node-01,9.9.2.153,elasticsearch_os_load5,0.75
2023/4/12 22:05,1681308347,cc-cc408-hya,data-node-01,9.9.2.153,elasticsearch_os_load5,0.73
2023/4/12 22:06,1681308407,cc-cc408-hya,data-node-01,9.9.2.153,elasticsearch_os_load5,0.69
2023/4/12 22:07,1681308467,cc-cc408-hya,data-node-01,9.9.2.153,elasticsearch_os_load5,0.8
2023/4/12 22:08,1681308527,cc-cc408-hya,data-node-01,9.9.2.153,elasticsearch_os_load5,0.95
2023/4/12 22:09,1681308587,cc-cc408-hya,data-node-01,9.9.2.153,elasticsearch_os_load5,1.07
2023/4/12 22:10,1681308647,cc-cc408-hya,data-node-01,9.9.2.153,elasticsearch_os_load5,1.11
2023/4/12 22:11,1681308707,cc-cc408-hya,data-node-01,9.9.2.153,elasticsearch_os_load5,1.12
2023/4/12 22:12,1681308767,cc-cc408-hya,data-node-01,9.9.2.153,elasticsearch_os_load5,0.99
2023/4/12 22:13,1681308827,cc-cc408-hya,data-node-01,9.9.2.153,elasticsearch_os_load5,0.93
2023/4/12 22:14,1681308887,cc-cc408-hya,data-node-01,9.9.2.153,elasticsearch_os_load5,0.87
2023/4/12 22:15,1681308947,cc-cc408-hya,data-node-01,9.9.2.153,elasticsearch_os_load5,0.82
2023/4/12 22:16,1681309007,cc-cc408-hya,data-node-01,9.9.2.153,elasticsearch_os_load5,0.83
2023/4/12 22:17,1681309067,cc-cc408-hya,data-node-01,9.9.2.153,elasticsearch_os_load5,0.82
2023/4/12 22:18,1681309127,cc-cc408-hya,data-node-01,9.9.2.153,elasticsearch_os_load5,0.7
2023/4/12 22:19,1681309187,cc-cc408-hya,data-node-01,9.9.2.153,elasticsearch_os_load5,0.69
2023/4/12 22:20,1681309247,cc-cc408-hya,data-node-01,9.9.2.153,elasticsearch_os_load5,0.71
2023/4/12 22:21,1681309307,cc-cc408-hya,data-node-01,9.9.2.153,elasticsearch_os_load5,0.66
2023/4/12 22:22,1681309367,cc-cc408-hya,data-node-01,9.9.2.153,elasticsearch_os_load5,0.64
2023/4/12 22:23,1681309427,cc-cc408-hya,data-node-01,9.9.2.153,elasticsearch_os_load5,0.66
2023/4/12 22:24,1681309487,cc-cc408-hya,data-node-01,9.9.2.153,elasticsearch_os_load5,0.68
2023/4/12 22:25,1681309547,cc-cc408-hya,data-node-01,9.9.2.153,elasticsearch_os_load5,0.62
2023/4/12 22:26,1681309607,cc-cc408-hya,data-node-01,9.9.2.153,elasticsearch_os_load5,0.64
2023/4/12 22:27,1681309667,cc-cc408-hya,data-node-01,9.9.2.153,elasticsearch_os_load5,0.8
2023/4/12 22:28,1681309727,cc-cc408-hya,data-node-01,9.9.2.153,elasticsearch_os_load5,0.85
2023/4/12 22:29,1681309787,cc-cc408-hya,data-node-01,9.9.2.153,elasticsearch_os_load5,0.92
2023/4/12 22:30,1681309847,cc-cc408-hya,data-node-01,9.9.2.153,elasticsearch_os_load5,1.06
2023/4/12 22:31,1681309907,cc-cc408-hya,data-node-01,9.9.2.153,elasticsearch_os_load5,1.11
2023/4/12 22:32,1681309967,cc-cc408-hya,data-node-01,9.9.2.153,elasticsearch_os_load5,1.11
2023/4/12 22:33,1681310027,cc-cc408-hya,data-node-01,9.9.2.153,elasticsearch_os_load5,1.01
2023/4/12 22:34,1681310087,cc-cc408-hya,data-node-01,9.9.2.153,elasticsearch_os_load5,0.91
2023/4/12 22:35,1681310147,cc-cc408-hya,data-node-01,9.9.2.153,elasticsearch_os_load5,0.9
2023/4/12 22:36,1681310207,cc-cc408-hya,data-node-01,9.9.2.153,elasticsearch_os_load5,0.88
2023/4/12 22:37,1681310267,cc-cc408-hya,data-node-01,9.9.2.153,elasticsearch_os_load5,1.02
2023/4/12 22:38,1681310327,cc-cc408-hya,data-node-01,9.9.2.153,elasticsearch_os_load5,0.98
2023/4/12 22:39,1681310387,cc-cc408-hya,data-node-01,9.9.2.153,elasticsearch_os_load5,0.98
2023/4/12 22:40,1681310447,cc-cc408-hya,data-node-01,9.9.2.153,elasticsearch_os_load5,1.03
2023/4/12 22:41,1681310507,cc-cc408-hya,data-node-01,9.9.2.153,elasticsearch_os_load5,1.1
2023/4/12 22:42,1681310567,cc-cc408-hya,data-node-01,9.9.2.153,elasticsearch_os_load5,1.12
2023/4/12 22:43,1681310627,cc-cc408-hya,data-node-01,9.9.2.153,elasticsearch_os_load5,1.25
2023/4/12 22:44,1681310687,cc-cc408-hya,data-node-01,9.9.2.153,elasticsearch_os_load5,1.22
2023/4/12 22:45,1681310747,cc-cc408-hya,data-node-01,9.9.2.153,elasticsearch_os_load5,1.07
2023/4/12 22:46,1681310807,cc-cc408-hya,data-node-01,9.9.2.153,elasticsearch_os_load5,1.07
2023/4/12 22:47,1681310867,cc-cc408-hya,data-node-01,9.9.2.153,elasticsearch_os_load5,1.08
2023/4/12 22:48,1681310927,cc-cc408-hya,data-node-01,9.9.2.153,elasticsearch_os_load5,0.98
2023/4/12 22:49,1681310987,cc-cc408-hya,data-node-01,9.9.2.153,elasticsearch_os_load5,0.95
2023/4/12 22:50,1681311047,cc-cc408-hya,data-node-01,9.9.2.153,elasticsearch_os_load5,1.1
2023/4/12 22:51,1681311107,cc-cc408-hya,data-node-01,9.9.2.153,elasticsearch_os_load5,1.21
2023/4/12 22:52,1681311167,cc-cc408-hya,data-node-01,9.9.2.153,elasticsearch_os_load5,1.25
2023/4/12 22:53,1681311227,cc-cc408-hya,data-node-01,9.9.2.153,elasticsearch_os_load5,1.37
2023/4/12 22:54,1681311287,cc-cc408-hya,data-node-01,9.9.2.153,elasticsearch_os_load5,1.37
2023/4/12 22:55,1681311347,cc-cc408-hya,data-node-01,9.9.2.153,elasticsearch_os_load5,1.4
2023/4/12 22:56,1681311407,cc-cc408-hya,data-node-01,9.9.2.153,elasticsearch_os_load5,1.21
2023/4/12 22:57,1681311467,cc-cc408-hya,data-node-01,9.9.2.153,elasticsearch_os_load5,1.04
2023/4/12 22:58,1681311527,cc-cc408-hya,data-node-01,9.9.2.153,elasticsearch_os_load5,0.96
2023/4/12 22:59,1681311587,cc-cc408-hya,data-node-01,9.9.2.153,elasticsearch_os_load5,0.83
2023/4/12 23:00,1681311647,cc-cc408-hya,data-node-01,9.9.2.153,elasticsearch_os_load5,0.77
2023/4/12 23:01,1681311707,cc-cc408-hya,data-node-01,9.9.2.153,elasticsearch_os_load5,0.94
2023/4/12 23:02,1681311767,cc-cc408-hya,data-node-01,9.9.2.153,elasticsearch_os_load5,0.95
2023/4/12 23:03,1681311827,cc-cc408-hya,data-node-01,9.9.2.153,elasticsearch_os_load5,1.05
2023/4/12 23:04,1681311887,cc-cc408-hya,data-node-01,9.9.2.153,elasticsearch_os_load5,1.02
2023/4/12 23:05,1681311947,cc-cc408-hya,data-node-01,9.9.2.153,elasticsearch_os_load5,0.99
2023/4/12 23:06,1681312007,cc-cc408-hya,data-node-01,9.9.2.153,elasticsearch_os_load5,0.88
2023/4/12 23:07,1681312067,cc-cc408-hya,data-node-01,9.9.2.153,elasticsearch_os_load5,0.85
2023/4/12 23:08,1681312127,cc-cc408-hya,data-node-01,9.9.2.153,elasticsearch_os_load5,0.91
2023/4/12 23:09,1681312187,cc-cc408-hya,data-node-01,9.9.2.153,elasticsearch_os_load5,0.94
2023/4/12 23:10,1681312247,cc-cc408-hya,data-node-01,9.9.2.153,elasticsearch_os_load5,0.9
2023/4/12 23:11,1681312307,cc-cc408-hya,data-node-01,9.9.2.153,elasticsearch_os_load5,0.9
2023/4/12 23:12,1681312367,cc-cc408-hya,data-node-01,9.9.2.153,elasticsearch_os_load5,0.95
2023/4/12 23:13,1681312427,cc-cc408-hya,data-node-01,9.9.2.153,elasticsearch_os_load5,0.83
2023/4/12 23:14,1681312487,cc-cc408-hya,data-node-01,9.9.2.153,elasticsearch_os_load5,1
2023/4/12 23:15,1681312547,cc-cc408-hya,data-node-01,9.9.2.153,elasticsearch_os_load5,0.95
2023/4/12 23:16,1681312607,cc-cc408-hya,data-node-01,9.9.2.153,elasticsearch_os_load5,0.9
2023/4/12 23:17,1681312667,cc-cc408-hya,data-node-01,9.9.2.153,elasticsearch_os_load5,0.92
2023/4/12 23:18,1681312727,cc-cc408-hya,data-node-01,9.9.2.153,elasticsearch_os_load5,1.05
2023/4/12 23:19,1681312787,cc-cc408-hya,data-node-01,9.9.2.153,elasticsearch_os_load5,1.19
2023/4/12 23:20,1681312847,cc-cc408-hya,data-node-01,9.9.2.153,elasticsearch_os_load5,1.28
2023/4/12 23:21,1681312907,cc-cc408-hya,data-node-01,9.9.2.153,elasticsearch_os_load5,1.41
2023/4/12 23:22,1681312967,cc-cc408-hya,data-node-01,9.9.2.153,elasticsearch_os_load5,1.37
2023/4/12 23:23,1681313027,cc-cc408-hya,data-node-01,9.9.2.153,elasticsearch_os_load5,1.27
2023/4/12 23:24,1681313087,cc-cc408-hya,data-node-01,9.9.2.153,elasticsearch_os_load5,1.28
2023/4/12 23:25,1681313147,cc-cc408-hya,data-node-01,9.9.2.153,elasticsearch_os_load5,1.32
2023/4/12 23:26,1681313207,cc-cc408-hya,data-node-01,9.9.2.153,elasticsearch_os_load5,1.26
2023/4/12 23:27,1681313267,cc-cc408-hya,data-node-01,9.9.2.153,elasticsearch_os_load5,1.14
2023/4/12 23:28,1681313327,cc-cc408-hya,data-node-01,9.9.2.153,elasticsearch_os_load5,1.04
2023/4/12 23:29,1681313387,cc-cc408-hya,data-node-01,9.9.2.153,elasticsearch_os_load5,0.94
2023/4/12 23:30,1681313447,cc-cc408-hya,data-node-01,9.9.2.153,elasticsearch_os_load5,0.87
2023/4/12 23:31,1681313507,cc-cc408-hya,data-node-01,9.9.2.153,elasticsearch_os_load5,0.85
2023/4/12 23:32,1681313567,cc-cc408-hya,data-node-01,9.9.2.153,elasticsearch_os_load5,0.85
2023/4/12 23:33,1681313627,cc-cc408-hya,data-node-01,9.9.2.153,elasticsearch_os_load5,0.92
2023/4/12 23:34,1681313687,cc-cc408-hya,data-node-01,9.9.2.153,elasticsearch_os_load5,1.13
2023/4/12 23:35,1681313747,cc-cc408-hya,data-node-01,9.9.2.153,elasticsearch_os_load5,1.17
2023/4/12 23:36,1681313807,cc-cc408-hya,data-node-01,9.9.2.153,elasticsearch_os_load5,1.2
2023/4/12 23:37,1681313867,cc-cc408-hya,data-node-01,9.9.2.153,elasticsearch_os_load5,1.13
2023/4/12 23:38,1681313927,cc-cc408-hya,data-node-01,9.9.2.153,elasticsearch_os_load5,0.95
2023/4/12 23:39,1681313987,cc-cc408-hya,data-node-01,9.9.2.153,elasticsearch_os_load5,0.9
2023/4/12 23:40,1681314047,cc-cc408-hya,data-node-01,9.9.2.153,elasticsearch_os_load5,0.96
2023/4/12 23:41,1681314107,cc-cc408-hya,data-node-01,9.9.2.153,elasticsearch_os_load5,0.94
2023/4/12 23:42,1681314167,cc-cc408-hya,data-node-01,9.9.2.153,elasticsearch_os_load5,0.91
2023/4/12 23:43,1681314227,cc-cc408-hya,data-node-01,9.9.2.153,elasticsearch_os_load5,0.83
2023/4/12 23:44,1681314287,cc-cc408-hya,data-node-01,9.9.2.153,elasticsearch_os_load5,0.84
2023/4/12 23:45,1681314347,cc-cc408-hya,data-node-01,9.9.2.153,elasticsearch_os_load5,0.78
2023/4/12 23:46,1681314407,cc-cc408-hya,data-node-01,9.9.2.153,elasticsearch_os_load5,0.75
2023/4/12 23:47,1681314467,cc-cc408-hya,data-node-01,9.9.2.153,elasticsearch_os_load5,0.72
2023/4/12 23:48,1681314527,cc-cc408-hya,data-node-01,9.9.2.153,elasticsearch_os_load5,0.73
2023/4/12 23:49,1681314587,cc-cc408-hya,data-node-01,9.9.2.153,elasticsearch_os_load5,0.65
2023/4/12 23:50,1681314647,cc-cc408-hya,data-node-01,9.9.2.153,elasticsearch_os_load5,0.88
2023/4/12 23:51,1681314707,cc-cc408-hya,data-node-01,9.9.2.153,elasticsearch_os_load5,0.83
2023/4/12 23:52,1681314767,cc-cc408-hya,data-node-01,9.9.2.153,elasticsearch_os_load5,0.83
2023/4/12 23:53,1681314827,cc-cc408-hya,data-node-01,9.9.2.153,elasticsearch_os_load5,0.78
2023/4/12 23:54,1681314887,cc-cc408-hya,data-node-01,9.9.2.153,elasticsearch_os_load5,0.71
2023/4/12 23:55,1681314947,cc-cc408-hya,data-node-01,9.9.2.153,elasticsearch_os_load5,0.67
2023/4/12 23:56,1681315007,cc-cc408-hya,data-node-01,9.9.2.153,elasticsearch_os_load5,0.71
2023/4/12 23:57,1681315067,cc-cc408-hya,data-node-01,9.9.2.153,elasticsearch_os_load5,0.66
2023/4/12 23:58,1681315127,cc-cc408-hya,data-node-01,9.9.2.153,elasticsearch_os_load5,0.56
2023/4/12 23:59,1681315187,cc-cc408-hya,data-node-01,9.9.2.153,elasticsearch_os_load5,0.57
2023/4/13 0:00,1681315247,cc-cc408-hya,data-node-01,9.9.2.153,elasticsearch_os_load5,0.51
2023/4/13 0:01,1681315307,cc-cc408-hya,data-node-01,9.9.2.153,elasticsearch_os_load5,0.56
2023/4/13 0:02,1681315367,cc-cc408-hya,data-node-01,9.9.2.153,elasticsearch_os_load5,0.59
2023/4/13 0:03,1681315427,cc-cc408-hya,data-node-01,9.9.2.153,elasticsearch_os_load5,0.58
2023/4/13 0:04,1681315487,cc-cc408-hya,data-node-01,9.9.2.153,elasticsearch_os_load5,0.64
2023/4/13 0:05,1681315547,cc-cc408-hya,data-node-01,9.9.2.153,elasticsearch_os_load5,0.55
2023/4/13 0:06,1681315607,cc-cc408-hya,data-node-01,9.9.2.153,elasticsearch_os_load5,0.49
2023/4/13 0:07,1681315667,cc-cc408-hya,data-node-01,9.9.2.153,elasticsearch_os_load5,0.45
2023/4/13 0:08,1681315727,cc-cc408-hya,data-node-01,9.9.2.153,elasticsearch_os_load5,0.4
2023/4/13 0:09,1681315787,cc-cc408-hya,data-node-01,9.9.2.153,elasticsearch_os_load5,0.4
2023/4/13 0:10,1681315847,cc-cc408-hya,data-node-01,9.9.2.153,elasticsearch_os_load5,0.42
2023/4/13 0:11,1681315907,cc-cc408-hya,data-node-01,9.9.2.153,elasticsearch_os_load5,0.39
2023/4/13 0:12,1681315967,cc-cc408-hya,data-node-01,9.9.2.153,elasticsearch_os_load5,0.36
2023/4/13 0:13,1681316027,cc-cc408-hya,data-node-01,9.9.2.153,elasticsearch_os_load5,0.32
2023/4/13 0:14,1681316087,cc-cc408-hya,data-node-01,9.9.2.153,elasticsearch_os_load5,0.28
2023/4/13 0:15,1681316147,cc-cc408-hya,data-node-01,9.9.2.153,elasticsearch_os_load5,0.4
2023/4/13 0:16,1681316207,cc-cc408-hya,data-node-01,9.9.2.153,elasticsearch_os_load5,0.6
2023/4/13 0:17,1681316267,cc-cc408-hya,data-node-01,9.9.2.153,elasticsearch_os_load5,0.7
2023/4/13 0:18,1681316327,cc-cc408-hya,data-node-01,9.9.2.153,elasticsearch_os_load5,0.64
2023/4/13 0:19,1681316387,cc-cc408-hya,data-node-01,9.9.2.153,elasticsearch_os_load5,0.68
2023/4/13 0:20,1681316447,cc-cc408-hya,data-node-01,9.9.2.153,elasticsearch_os_load5,0.68
2023/4/13 0:21,1681316507,cc-cc408-hya,data-node-01,9.9.2.153,elasticsearch_os_load5,0.78
2023/4/13 0:22,1681316567,cc-cc408-hya,data-node-01,9.9.2.153,elasticsearch_os_load5,0.73
2023/4/13 0:23,1681316627,cc-cc408-hya,data-node-01,9.9.2.153,elasticsearch_os_load5,0.68
2023/4/13 0:24,1681316687,cc-cc408-hya,data-node-01,9.9.2.153,elasticsearch_os_load5,0.71
2023/4/13 0:25,1681316747,cc-cc408-hya,data-node-01,9.9.2.153,elasticsearch_os_load5,0.81
2023/4/13 0:26,1681316807,cc-cc408-hya,data-node-01,9.9.2.153,elasticsearch_os_load5,0.89
2023/4/13 0:27,1681316867,cc-cc408-hya,data-node-01,9.9.2.153,elasticsearch_os_load5,0.87
2023/4/13 0:28,1681316927,cc-cc408-hya,data-node-01,9.9.2.153,elasticsearch_os_load5,0.88
2023/4/13 0:29,1681316987,cc-cc408-hya,data-node-01,9.9.2.153,elasticsearch_os_load5,0.87
2023/4/13 0:30,1681317047,cc-cc408-hya,data-node-01,9.9.2.153,elasticsearch_os_load5,0.89
2023/4/13 0:31,1681317107,cc-cc408-hya,data-node-01,9.9.2.153,elasticsearch_os_load5,0.85
2023/4/13 0:32,1681317167,cc-cc408-hya,data-node-01,9.9.2.153,elasticsearch_os_load5,0.95
2023/4/13 0:33,1681317227,cc-cc408-hya,data-node-01,9.9.2.153,elasticsearch_os_load5,0.9
2023/4/13 0:34,1681317287,cc-cc408-hya,data-node-01,9.9.2.153,elasticsearch_os_load5,0.97
2023/4/13 0:35,1681317347,cc-cc408-hya,data-node-01,9.9.2.153,elasticsearch_os_load5,0.99
2023/4/13 0:36,1681317407,cc-cc408-hya,data-node-01,9.9.2.153,elasticsearch_os_load5,1
2023/4/13 0:37,1681317467,cc-cc408-hya,data-node-01,9.9.2.153,elasticsearch_os_load5,1.04
2023/4/13 0:38,1681317527,cc-cc408-hya,data-node-01,9.9.2.153,elasticsearch_os_load5,1.11
2023/4/13 0:39,1681317587,cc-cc408-hya,data-node-01,9.9.2.153,elasticsearch_os_load5,1.06
2023/4/13 0:40,1681317647,cc-cc408-hya,data-node-01,9.9.2.153,elasticsearch_os_load5,1.05
2023/4/13 0:41,1681317707,cc-cc408-hya,data-node-01,9.9.2.153,elasticsearch_os_load5,1.04
2023/4/13 0:42,1681317767,cc-cc408-hya,data-node-01,9.9.2.153,elasticsearch_os_load5,1.06
2023/4/13 0:43,1681317827,cc-cc408-hya,data-node-01,9.9.2.153,elasticsearch_os_load5,1.06
2023/4/13 0:44,1681317887,cc-cc408-hya,data-node-01,9.9.2.153,elasticsearch_os_load5,1.01
2023/4/13 0:45,1681317947,cc-cc408-hya,data-node-01,9.9.2.153,elasticsearch_os_load5,1.02
2023/4/13 0:46,1681318007,cc-cc408-hya,data-node-01,9.9.2.153,elasticsearch_os_load5,0.9
2023/4/13 0:47,1681318067,cc-cc408-hya,data-node-01,9.9.2.153,elasticsearch_os_load5,0.87
2023/4/13 0:48,1681318127,cc-cc408-hya,data-node-01,9.9.2.153,elasticsearch_os_load5,0.85
2023/4/13 0:49,1681318187,cc-cc408-hya,data-node-01,9.9.2.153,elasticsearch_os_load5,0.75
2023/4/13 0:50,1681318247,cc-cc408-hya,data-node-01,9.9.2.153,elasticsearch_os_load5,0.78
2023/4/13 0:51,1681318307,cc-cc408-hya,data-node-01,9.9.2.153,elasticsearch_os_load5,0.73
2023/4/13 0:52,1681318367,cc-cc408-hya,data-node-01,9.9.2.153,elasticsearch_os_load5,0.81
2023/4/13 0:53,1681318427,cc-cc408-hya,data-node-01,9.9.2.153,elasticsearch_os_load5,0.82
2023/4/13 0:54,1681318487,cc-cc408-hya,data-node-01,9.9.2.153,elasticsearch_os_load5,0.87
2023/4/13 0:55,1681318547,cc-cc408-hya,data-node-01,9.9.2.153,elasticsearch_os_load5,0.94
2023/4/13 0:56,1681318607,cc-cc408-hya,data-node-01,9.9.2.153,elasticsearch_os_load5,0.88
2023/4/13 0:57,1681318667,cc-cc408-hya,data-node-01,9.9.2.153,elasticsearch_os_load5,1.02
2023/4/13 0:58,1681318727,cc-cc408-hya,data-node-01,9.9.2.153,elasticsearch_os_load5,1.16
2023/4/13 0:59,1681318787,cc-cc408-hya,data-node-01,9.9.2.153,elasticsearch_os_load5,1.37
2023/4/13 1:00,1681318847,cc-cc408-hya,data-node-01,9.9.2.153,elasticsearch_os_load5,1.29
2023/4/13 1:01,1681318907,cc-cc408-hya,data-node-01,9.9.2.153,elasticsearch_os_load5,1.22
2023/4/13 1:02,1681318967,cc-cc408-hya,data-node-01,9.9.2.153,elasticsearch_os_load5,1.25
2023/4/13 1:03,1681319027,cc-cc408-hya,data-node-01,9.9.2.153,elasticsearch_os_load5,1.2
2023/4/13 1:04,1681319087,cc-cc408-hya,data-node-01,9.9.2.153,elasticsearch_os_load5,1.17
2023/4/13 1:05,1681319147,cc-cc408-hya,data-node-01,9.9.2.153,elasticsearch_os_load5,1.09
2023/4/13 1:06,1681319207,cc-cc408-hya,data-node-01,9.9.2.153,elasticsearch_os_load5,1.04
2023/4/13 1:07,1681319267,cc-cc408-hya,data-node-01,9.9.2.153,elasticsearch_os_load5,1.04
2023/4/13 1:08,1681319327,cc-cc408-hya,data-node-01,9.9.2.153,elasticsearch_os_load5,1.03
2023/4/13 1:09,1681319387,cc-cc408-hya,data-node-01,9.9.2.153,elasticsearch_os_load5,0.95
2023/4/13 1:10,1681319447,cc-cc408-hya,data-node-01,9.9.2.153,elasticsearch_os_load5,0.9
2023/4/13 1:11,1681319507,cc-cc408-hya,data-node-01,9.9.2.153,elasticsearch_os_load5,0.9
2023/4/13 1:12,1681319567,cc-cc408-hya,data-node-01,9.9.2.153,elasticsearch_os_load5,0.88
2023/4/13 1:13,1681319627,cc-cc408-hya,data-node-01,9.9.2.153,elasticsearch_os_load5,0.91
2023/4/13 1:14,1681319687,cc-cc408-hya,data-node-01,9.9.2.153,elasticsearch_os_load5,1.02
2023/4/13 1:15,1681319747,cc-cc408-hya,data-node-01,9.9.2.153,elasticsearch_os_load5,1.02
2023/4/13 1:16,1681319807,cc-cc408-hya,data-node-01,9.9.2.153,elasticsearch_os_load5,1.02
2023/4/13 1:17,1681319867,cc-cc408-hya,data-node-01,9.9.2.153,elasticsearch_os_load5,1.02
2023/4/13 1:18,1681319927,cc-cc408-hya,data-node-01,9.9.2.153,elasticsearch_os_load5,1.04
2023/4/13 1:19,1681319987,cc-cc408-hya,data-node-01,9.9.2.153,elasticsearch_os_load5,1.06
2023/4/13 1:20,1681320047,cc-cc408-hya,data-node-01,9.9.2.153,elasticsearch_os_load5,1
2023/4/13 1:21,1681320107,cc-cc408-hya,data-node-01,9.9.2.153,elasticsearch_os_load5,0.83
2023/4/13 1:22,1681320167,cc-cc408-hya,data-node-01,9.9.2.153,elasticsearch_os_load5,0.69
2023/4/13 1:23,1681320227,cc-cc408-hya,data-node-01,9.9.2.153,elasticsearch_os_load5,0.7
2023/4/13 1:24,1681320287,cc-cc408-hya,data-node-01,9.9.2.153,elasticsearch_os_load5,1.32
2023/4/13 1:25,1681320347,cc-cc408-hya,data-node-01,9.9.2.153,elasticsearch_os_load5,1.11
2023/4/13 1:26,1681320407,cc-cc408-hya,data-node-01,9.9.2.153,elasticsearch_os_load5,0.94
2023/4/13 1:27,1681320467,cc-cc408-hya,data-node-01,9.9.2.153,elasticsearch_os_load5,0.82
2023/4/13 1:28,1681320527,cc-cc408-hya,data-node-01,9.9.2.153,elasticsearch_os_load5,0.67
2023/4/13 1:29,1681320587,cc-cc408-hya,data-node-01,9.9.2.153,elasticsearch_os_load5,0.62
2023/4/13 1:30,1681320647,cc-cc408-hya,data-node-01,9.9.2.153,elasticsearch_os_load5,0.6
2023/4/13 1:31,1681320707,cc-cc408-hya,data-node-01,9.9.2.153,elasticsearch_os_load5,0.53
2023/4/13 1:32,1681320767,cc-cc408-hya,data-node-01,9.9.2.153,elasticsearch_os_load5,0.45
2023/4/13 1:33,1681320827,cc-cc408-hya,data-node-01,9.9.2.153,elasticsearch_os_load5,0.43
2023/4/13 1:34,1681320887,cc-cc408-hya,data-node-01,9.9.2.153,elasticsearch_os_load5,0.36
2023/4/13 1:35,1681320947,cc-cc408-hya,data-node-01,9.9.2.153,elasticsearch_os_load5,0.29
2023/4/13 1:36,1681321007,cc-cc408-hya,data-node-01,9.9.2.153,elasticsearch_os_load5,0.29
2023/4/13 1:37,1681321067,cc-cc408-hya,data-node-01,9.9.2.153,elasticsearch_os_load5,0.23
2023/4/13 1:38,1681321127,cc-cc408-hya,data-node-01,9.9.2.153,elasticsearch_os_load5,0.3
2023/4/13 1:39,1681321187,cc-cc408-hya,data-node-01,9.9.2.153,elasticsearch_os_load5,0.26
2023/4/13 1:40,1681321247,cc-cc408-hya,data-node-01,9.9.2.153,elasticsearch_os_load5,0.48
2023/4/13 1:41,1681321307,cc-cc408-hya,data-node-01,9.9.2.153,elasticsearch_os_load5,0.55
2023/4/13 1:42,1681321367,cc-cc408-hya,data-node-01,9.9.2.153,elasticsearch_os_load5,0.63
2023/4/13 1:43,1681321427,cc-cc408-hya,data-node-01,9.9.2.153,elasticsearch_os_load5,0.64
2023/4/13 1:44,1681321487,cc-cc408-hya,data-node-01,9.9.2.153,elasticsearch_os_load5,0.57
2023/4/13 1:45,1681321547,cc-cc408-hya,data-node-01,9.9.2.153,elasticsearch_os_load5,0.53
2023/4/13 1:46,1681321607,cc-cc408-hya,data-node-01,9.9.2.153,elasticsearch_os_load5,0.47
2023/4/13 1:47,1681321667,cc-cc408-hya,data-node-01,9.9.2.153,elasticsearch_os_load5,0.45
2023/4/13 1:48,1681321727,cc-cc408-hya,data-node-01,9.9.2.153,elasticsearch_os_load5,0.39
2023/4/13 1:49,1681321787,cc-cc408-hya,data-node-01,9.9.2.153,elasticsearch_os_load5,0.39
2023/4/13 1:50,1681321847,cc-cc408-hya,data-node-01,9.9.2.153,elasticsearch_os_load5,0.4
2023/4/13 1:51,1681321907,cc-cc408-hya,data-node-01,9.9.2.153,elasticsearch_os_load5,0.39
2023/4/13 1:52,1681321967,cc-cc408-hya,data-node-01,9.9.2.153,elasticsearch_os_load5,0.36
2023/4/13 1:53,1681322027,cc-cc408-hya,data-node-01,9.9.2.153,elasticsearch_os_load5,0.29
2023/4/13 1:54,1681322087,cc-cc408-hya,data-node-01,9.9.2.153,elasticsearch_os_load5,0.25
2023/4/13 1:55,1681322147,cc-cc408-hya,data-node-01,9.9.2.153,elasticsearch_os_load5,0.27
2023/4/13 1:56,1681322207,cc-cc408-hya,data-node-01,9.9.2.153,elasticsearch_os_load5,0.25
2023/4/13 1:57,1681322267,cc-cc408-hya,data-node-01,9.9.2.153,elasticsearch_os_load5,0.29
2023/4/13 1:58,1681322327,cc-cc408-hya,data-node-01,9.9.2.153,elasticsearch_os_load5,0.28
2023/4/13 1:59,1681322387,cc-cc408-hya,data-node-01,9.9.2.153,elasticsearch_os_load5,0.24
2023/4/13 2:00,1681322447,cc-cc408-hya,data-node-01,9.9.2.153,elasticsearch_os_load5,0.25
2023/4/13 2:01,1681322507,cc-cc408-hya,data-node-01,9.9.2.153,elasticsearch_os_load5,0.27
2023/4/13 2:02,1681322567,cc-cc408-hya,data-node-01,9.9.2.153,elasticsearch_os_load5,0.29
2023/4/13 2:03,1681322627,cc-cc408-hya,data-node-01,9.9.2.153,elasticsearch_os_load5,0.25
2023/4/13 2:04,1681322687,cc-cc408-hya,data-node-01,9.9.2.153,elasticsearch_os_load5,0.27
2023/4/13 2:05,1681322747,cc-cc408-hya,data-node-01,9.9.2.153,elasticsearch_os_load5,0.25
2023/4/13 2:06,1681322807,cc-cc408-hya,data-node-01,9.9.2.153,elasticsearch_os_load5,0.23
2023/4/13 2:07,1681322867,cc-cc408-hya,data-node-01,9.9.2.153,elasticsearch_os_load5,0.2
2023/4/13 2:08,1681322927,cc-cc408-hya,data-node-01,9.9.2.153,elasticsearch_os_load5,0.2
2023/4/13 2:09,1681322987,cc-cc408-hya,data-node-01,9.9.2.153,elasticsearch_os_load5,0.23
2023/4/13 2:10,1681323047,cc-cc408-hya,data-node-01,9.9.2.153,elasticsearch_os_load5,0.19
2023/4/13 2:11,1681323107,cc-cc408-hya,data-node-01,9.9.2.153,elasticsearch_os_load5,0.18
2023/4/13 2:12,1681323167,cc-cc408-hya,data-node-01,9.9.2.153,elasticsearch_os_load5,0.25
2023/4/13 2:13,1681323227,cc-cc408-hya,data-node-01,9.9.2.153,elasticsearch_os_load5,0.31
2023/4/13 2:14,1681323287,cc-cc408-hya,data-node-01,9.9.2.153,elasticsearch_os_load5,0.33
2023/4/13 2:15,1681323347,cc-cc408-hya,data-node-01,9.9.2.153,elasticsearch_os_load5,0.32
2023/4/13 2:16,1681323407,cc-cc408-hya,data-node-01,9.9.2.153,elasticsearch_os_load5,0.35
2023/4/13 2:17,1681323467,cc-cc408-hya,data-node-01,9.9.2.153,elasticsearch_os_load5,0.28
2023/4/13 2:18,1681323527,cc-cc408-hya,data-node-01,9.9.2.153,elasticsearch_os_load5,0.23
2023/4/13 2:19,1681323587,cc-cc408-hya,data-node-01,9.9.2.153,elasticsearch_os_load5,0.2
2023/4/13 2:20,1681323647,cc-cc408-hya,data-node-01,9.9.2.153,elasticsearch_os_load5,0.16
2023/4/13 2:21,1681323707,cc-cc408-hya,data-node-01,9.9.2.153,elasticsearch_os_load5,0.2
2023/4/13 2:22,1681323767,cc-cc408-hya,data-node-01,9.9.2.153,elasticsearch_os_load5,0.36
2023/4/13 2:23,1681323827,cc-cc408-hya,data-node-01,9.9.2.153,elasticsearch_os_load5,0.52
2023/4/13 2:24,1681323887,cc-cc408-hya,data-node-01,9.9.2.153,elasticsearch_os_load5,0.63
2023/4/13 2:25,1681323947,cc-cc408-hya,data-node-01,9.9.2.153,elasticsearch_os_load5,0.57
2023/4/13 2:26,1681324007,cc-cc408-hya,data-node-01,9.9.2.153,elasticsearch_os_load5,0.48
2023/4/13 2:27,1681324067,cc-cc408-hya,data-node-01,9.9.2.153,elasticsearch_os_load5,0.42
2023/4/13 2:28,1681324127,cc-cc408-hya,data-node-01,9.9.2.153,elasticsearch_os_load5,0.36
2023/4/13 2:29,1681324187,cc-cc408-hya,data-node-01,9.9.2.153,elasticsearch_os_load5,0.34
2023/4/13 2:30,1681324247,cc-cc408-hya,data-node-01,9.9.2.153,elasticsearch_os_load5,0.32
2023/4/13 2:31,1681324307,cc-cc408-hya,data-node-01,9.9.2.153,elasticsearch_os_load5,0.29
2023/4/13 2:32,1681324367,cc-cc408-hya,data-node-01,9.9.2.153,elasticsearch_os_load5,0.28
2023/4/13 2:33,1681324427,cc-cc408-hya,data-node-01,9.9.2.153,elasticsearch_os_load5,0.26
2023/4/13 2:34,1681324487,cc-cc408-hya,data-node-01,9.9.2.153,elasticsearch_os_load5,0.26
2023/4/13 2:35,1681324547,cc-cc408-hya,data-node-01,9.9.2.153,elasticsearch_os_load5,0.22
2023/4/13 2:36,1681324607,cc-cc408-hya,data-node-01,9.9.2.153,elasticsearch_os_load5,0.18
2023/4/13 2:37,1681324667,cc-cc408-hya,data-node-01,9.9.2.153,elasticsearch_os_load5,0.49
2023/4/13 2:38,1681324727,cc-cc408-hya,data-node-01,9.9.2.153,elasticsearch_os_load5,0.44
2023/4/13 2:39,1681324787,cc-cc408-hya,data-node-01,9.9.2.153,elasticsearch_os_load5,0.43
2023/4/13 2:40,1681324847,cc-cc408-hya,data-node-01,9.9.2.153,elasticsearch_os_load5,0.47
2023/4/13 2:41,1681324907,cc-cc408-hya,data-node-01,9.9.2.153,elasticsearch_os_load5,0.43
2023/4/13 2:42,1681324967,cc-cc408-hya,data-node-01,9.9.2.153,elasticsearch_os_load5,0.38
2023/4/13 2:43,1681325027,cc-cc408-hya,data-node-01,9.9.2.153,elasticsearch_os_load5,0.33
2023/4/13 2:44,1681325087,cc-cc408-hya,data-node-01,9.9.2.153,elasticsearch_os_load5,0.33
2023/4/13 2:45,1681325147,cc-cc408-hya,data-node-01,9.9.2.153,elasticsearch_os_load5,0.3
2023/4/13 2:46,1681325207,cc-cc408-hya,data-node-01,9.9.2.153,elasticsearch_os_load5,0.26
2023/4/13 2:47,1681325267,cc-cc408-hya,data-node-01,9.9.2.153,elasticsearch_os_load5,0.25
2023/4/13 2:48,1681325327,cc-cc408-hya,data-node-01,9.9.2.153,elasticsearch_os_load5,0.3
2023/4/13 2:49,1681325387,cc-cc408-hya,data-node-01,9.9.2.153,elasticsearch_os_load5,0.26
2023/4/13 2:50,1681325447,cc-cc408-hya,data-node-01,9.9.2.153,elasticsearch_os_load5,0.24
2023/4/13 2:51,1681325507,cc-cc408-hya,data-node-01,9.9.2.153,elasticsearch_os_load5,0.22
2023/4/13 2:52,1681325567,cc-cc408-hya,data-node-01,9.9.2.153,elasticsearch_os_load5,0.21
2023/4/13 2:53,1681325627,cc-cc408-hya,data-node-01,9.9.2.153,elasticsearch_os_load5,0.24
2023/4/13 2:54,1681325687,cc-cc408-hya,data-node-01,9.9.2.153,elasticsearch_os_load5,0.22
2023/4/13 2:55,1681325747,cc-cc408-hya,data-node-01,9.9.2.153,elasticsearch_os_load5,0.23
2023/4/13 2:56,1681325807,cc-cc408-hya,data-node-01,9.9.2.153,elasticsearch_os_load5,0.22
2023/4/13 2:57,1681325867,cc-cc408-hya,data-node-01,9.9.2.153,elasticsearch_os_load5,0.17
2023/4/13 2:58,1681325927,cc-cc408-hya,data-node-01,9.9.2.153,elasticsearch_os_load5,0.19
2023/4/13 2:59,1681325987,cc-cc408-hya,data-node-01,9.9.2.153,elasticsearch_os_load5,0.21
2023/4/13 3:00,1681326047,cc-cc408-hya,data-node-01,9.9.2.153,elasticsearch_os_load5,0.19
2023/4/13 3:01,1681326107,cc-cc408-hya,data-node-01,9.9.2.153,elasticsearch_os_load5,0.15
2023/4/13 3:02,1681326167,cc-cc408-hya,data-node-01,9.9.2.153,elasticsearch_os_load5,0.17
2023/4/13 3:03,1681326227,cc-cc408-hya,data-node-01,9.9.2.153,elasticsearch_os_load5,0.2
2023/4/13 3:04,1681326287,cc-cc408-hya,data-node-01,9.9.2.153,elasticsearch_os_load5,0.27
2023/4/13 3:05,1681326347,cc-cc408-hya,data-node-01,9.9.2.153,elasticsearch_os_load5,0.47
2023/4/13 3:06,1681326407,cc-cc408-hya,data-node-01,9.9.2.153,elasticsearch_os_load5,0.59
2023/4/13 3:07,1681326467,cc-cc408-hya,data-node-01,9.9.2.153,elasticsearch_os_load5,0.51
2023/4/13 3:08,1681326527,cc-cc408-hya,data-node-01,9.9.2.153,elasticsearch_os_load5,0.47
2023/4/13 3:09,1681326587,cc-cc408-hya,data-node-01,9.9.2.153,elasticsearch_os_load5,0.42
2023/4/13 3:10,1681326647,cc-cc408-hya,data-node-01,9.9.2.153,elasticsearch_os_load5,0.45
2023/4/13 3:11,1681326707,cc-cc408-hya,data-node-01,9.9.2.153,elasticsearch_os_load5,0.38
2023/4/13 3:12,1681326767,cc-cc408-hya,data-node-01,9.9.2.153,elasticsearch_os_load5,0.33
2023/4/13 3:13,1681326827,cc-cc408-hya,data-node-01,9.9.2.153,elasticsearch_os_load5,0.29
2023/4/13 3:14,1681326887,cc-cc408-hya,data-node-01,9.9.2.153,elasticsearch_os_load5,0.29
2023/4/13 3:15,1681326947,cc-cc408-hya,data-node-01,9.9.2.153,elasticsearch_os_load5,0.28
2023/4/13 3:16,1681327007,cc-cc408-hya,data-node-01,9.9.2.153,elasticsearch_os_load5,0.24
2023/4/13 3:17,1681327067,cc-cc408-hya,data-node-01,9.9.2.153,elasticsearch_os_load5,0.21
2023/4/13 3:18,1681327127,cc-cc408-hya,data-node-01,9.9.2.153,elasticsearch_os_load5,0.17
2023/4/13 3:19,1681327187,cc-cc408-hya,data-node-01,9.9.2.153,elasticsearch_os_load5,0.43
2023/4/13 3:20,1681327247,cc-cc408-hya,data-node-01,9.9.2.153,elasticsearch_os_load5,0.43
2023/4/13 3:21,1681327307,cc-cc408-hya,data-node-01,9.9.2.153,elasticsearch_os_load5,0.45
2023/4/13 3:22,1681327367,cc-cc408-hya,data-node-01,9.9.2.153,elasticsearch_os_load5,0.5
2023/4/13 3:23,1681327427,cc-cc408-hya,data-node-01,9.9.2.153,elasticsearch_os_load5,0.43
2023/4/13 3:24,1681327487,cc-cc408-hya,data-node-01,9.9.2.153,elasticsearch_os_load5,0.46
2023/4/13 3:25,1681327547,cc-cc408-hya,data-node-01,9.9.2.153,elasticsearch_os_load5,1
2023/4/13 3:26,1681327607,cc-cc408-hya,data-node-01,9.9.2.153,elasticsearch_os_load5,0.89
2023/4/13 3:27,1681327667,cc-cc408-hya,data-node-01,9.9.2.153,elasticsearch_os_load5,0.76
2023/4/13 3:28,1681327727,cc-cc408-hya,data-node-01,9.9.2.153,elasticsearch_os_load5,0.68
2023/4/13 3:29,1681327787,cc-cc408-hya,data-node-01,9.9.2.153,elasticsearch_os_load5,0.57
2023/4/13 3:30,1681327847,cc-cc408-hya,data-node-01,9.9.2.153,elasticsearch_os_load5,0.49
2023/4/13 3:31,1681327907,cc-cc408-hya,data-node-01,9.9.2.153,elasticsearch_os_load5,0.4
2023/4/13 3:32,1681327967,cc-cc408-hya,data-node-01,9.9.2.153,elasticsearch_os_load5,0.34
2023/4/13 3:33,1681328027,cc-cc408-hya,data-node-01,9.9.2.153,elasticsearch_os_load5,0.32
2023/4/13 3:34,1681328087,cc-cc408-hya,data-node-01,9.9.2.153,elasticsearch_os_load5,0.28
2023/4/13 3:35,1681328147,cc-cc408-hya,data-node-01,9.9.2.153,elasticsearch_os_load5,0.24
2023/4/13 3:36,1681328207,cc-cc408-hya,data-node-01,9.9.2.153,elasticsearch_os_load5,0.24
2023/4/13 3:37,1681328267,cc-cc408-hya,data-node-01,9.9.2.153,elasticsearch_os_load5,0.24
2023/4/13 3:38,1681328327,cc-cc408-hya,data-node-01,9.9.2.153,elasticsearch_os_load5,0.22
2023/4/13 3:39,1681328387,cc-cc408-hya,data-node-01,9.9.2.153,elasticsearch_os_load5,0.2
2023/4/13 3:40,1681328447,cc-cc408-hya,data-node-01,9.9.2.153,elasticsearch_os_load5,0.16
2023/4/13 3:41,1681328507,cc-cc408-hya,data-node-01,9.9.2.153,elasticsearch_os_load5,0.14
2023/4/13 3:42,1681328567,cc-cc408-hya,data-node-01,9.9.2.153,elasticsearch_os_load5,0.14
2023/4/13 3:43,1681328627,cc-cc408-hya,data-node-01,9.9.2.153,elasticsearch_os_load5,0.11
2023/4/13 3:44,1681328687,cc-cc408-hya,data-node-01,9.9.2.153,elasticsearch_os_load5,0.12
2023/4/13 3:45,1681328747,cc-cc408-hya,data-node-01,9.9.2.153,elasticsearch_os_load5,0.13
2023/4/13 3:46,1681328807,cc-cc408-hya,data-node-01,9.9.2.153,elasticsearch_os_load5,0.53
2023/4/13 3:47,1681328867,cc-cc408-hya,data-node-01,9.9.2.153,elasticsearch_os_load5,0.57
2023/4/13 3:48,1681328927,cc-cc408-hya,data-node-01,9.9.2.153,elasticsearch_os_load5,0.62
2023/4/13 3:49,1681328987,cc-cc408-hya,data-node-01,9.9.2.153,elasticsearch_os_load5,0.61
2023/4/13 3:50,1681329047,cc-cc408-hya,data-node-01,9.9.2.153,elasticsearch_os_load5,0.62
2023/4/13 3:51,1681329107,cc-cc408-hya,data-node-01,9.9.2.153,elasticsearch_os_load5,0.57
2023/4/13 3:52,1681329167,cc-cc408-hya,data-node-01,9.9.2.153,elasticsearch_os_load5,0.51
2023/4/13 3:53,1681329227,cc-cc408-hya,data-node-01,9.9.2.153,elasticsearch_os_load5,0.43
2023/4/13 3:54,1681329287,cc-cc408-hya,data-node-01,9.9.2.153,elasticsearch_os_load5,0.4
2023/4/13 3:55,1681329347,cc-cc408-hya,data-node-01,9.9.2.153,elasticsearch_os_load5,0.34
2023/4/13 3:56,1681329407,cc-cc408-hya,data-node-01,9.9.2.153,elasticsearch_os_load5,0.32
2023/4/13 3:57,1681329467,cc-cc408-hya,data-node-01,9.9.2.153,elasticsearch_os_load5,0.34
2023/4/13 3:58,1681329527,cc-cc408-hya,data-node-01,9.9.2.153,elasticsearch_os_load5,0.29
2023/4/13 3:59,1681329587,cc-cc408-hya,data-node-01,9.9.2.153,elasticsearch_os_load5,0.25
2023/4/13 4:00,1681329647,cc-cc408-hya,data-node-01,9.9.2.153,elasticsearch_os_load5,0.23
2023/4/13 4:01,1681329707,cc-cc408-hya,data-node-01,9.9.2.153,elasticsearch_os_load5,0.28
2023/4/13 4:02,1681329767,cc-cc408-hya,data-node-01,9.9.2.153,elasticsearch_os_load5,0.39
2023/4/13 4:03,1681329827,cc-cc408-hya,data-node-01,9.9.2.153,elasticsearch_os_load5,0.38
2023/4/13 4:04,1681329887,cc-cc408-hya,data-node-01,9.9.2.153,elasticsearch_os_load5,0.39
2023/4/13 4:05,1681329947,cc-cc408-hya,data-node-01,9.9.2.153,elasticsearch_os_load5,0.4
2023/4/13 4:06,1681330007,cc-cc408-hya,data-node-01,9.9.2.153,elasticsearch_os_load5,0.36
2023/4/13 4:07,1681330067,cc-cc408-hya,data-node-01,9.9.2.153,elasticsearch_os_load5,0.34
2023/4/13 4:08,1681330127,cc-cc408-hya,data-node-01,9.9.2.153,elasticsearch_os_load5,0.34
2023/4/13 4:09,1681330187,cc-cc408-hya,data-node-01,9.9.2.153,elasticsearch_os_load5,0.27
2023/4/13 4:10,1681330247,cc-cc408-hya,data-node-01,9.9.2.153,elasticsearch_os_load5,0.34
2023/4/13 4:11,1681330307,cc-cc408-hya,data-node-01,9.9.2.153,elasticsearch_os_load5,0.33
2023/4/13 4:12,1681330367,cc-cc408-hya,data-node-01,9.9.2.153,elasticsearch_os_load5,0.3
2023/4/13 4:13,1681330427,cc-cc408-hya,data-node-01,9.9.2.153,elasticsearch_os_load5,0.25
2023/4/13 4:14,1681330487,cc-cc408-hya,data-node-01,9.9.2.153,elasticsearch_os_load5,0.25
2023/4/13 4:15,1681330547,cc-cc408-hya,data-node-01,9.9.2.153,elasticsearch_os_load5,0.29
2023/4/13 4:16,1681330607,cc-cc408-hya,data-node-01,9.9.2.153,elasticsearch_os_load5,0.28
2023/4/13 4:17,1681330667,cc-cc408-hya,data-node-01,9.9.2.153,elasticsearch_os_load5,0.26
2023/4/13 4:18,1681330727,cc-cc408-hya,data-node-01,9.9.2.153,elasticsearch_os_load5,0.26
2023/4/13 4:19,1681330787,cc-cc408-hya,data-node-01,9.9.2.153,elasticsearch_os_load5,0.24
2023/4/13 4:20,1681330847,cc-cc408-hya,data-node-01,9.9.2.153,elasticsearch_os_load5,0.21
2023/4/13 4:21,1681330907,cc-cc408-hya,data-node-01,9.9.2.153,elasticsearch_os_load5,0.18
2023/4/13 4:22,1681330967,cc-cc408-hya,data-node-01,9.9.2.153,elasticsearch_os_load5,0.17
2023/4/13 4:23,1681331027,cc-cc408-hya,data-node-01,9.9.2.153,elasticsearch_os_load5,0.15
2023/4/13 4:24,1681331087,cc-cc408-hya,data-node-01,9.9.2.153,elasticsearch_os_load5,0.33
2023/4/13 4:25,1681331147,cc-cc408-hya,data-node-01,9.9.2.153,elasticsearch_os_load5,0.28
2023/4/13 4:26,1681331207,cc-cc408-hya,data-node-01,9.9.2.153,elasticsearch_os_load5,0.28
2023/4/13 4:27,1681331267,cc-cc408-hya,data-node-01,9.9.2.153,elasticsearch_os_load5,0.24
2023/4/13 4:28,1681331327,cc-cc408-hya,data-node-01,9.9.2.153,elasticsearch_os_load5,0.19
2023/4/13 4:29,1681331387,cc-cc408-hya,data-node-01,9.9.2.153,elasticsearch_os_load5,0.26
2023/4/13 4:30,1681331447,cc-cc408-hya,data-node-01,9.9.2.153,elasticsearch_os_load5,0.33
2023/4/13 4:31,1681331507,cc-cc408-hya,data-node-01,9.9.2.153,elasticsearch_os_load5,0.48
2023/4/13 4:32,1681331567,cc-cc408-hya,data-node-01,9.9.2.153,elasticsearch_os_load5,0.43
2023/4/13 4:33,1681331627,cc-cc408-hya,data-node-01,9.9.2.153,elasticsearch_os_load5,0.4
2023/4/13 4:34,1681331687,cc-cc408-hya,data-node-01,9.9.2.153,elasticsearch_os_load5,0.32
2023/4/13 4:35,1681331747,cc-cc408-hya,data-node-01,9.9.2.153,elasticsearch_os_load5,0.29
2023/4/13 4:36,1681331807,cc-cc408-hya,data-node-01,9.9.2.153,elasticsearch_os_load5,0.31
2023/4/13 4:37,1681331867,cc-cc408-hya,data-node-01,9.9.2.153,elasticsearch_os_load5,0.25
2023/4/13 4:38,1681331927,cc-cc408-hya,data-node-01,9.9.2.153,elasticsearch_os_load5,0.22
2023/4/13 4:39,1681331987,cc-cc408-hya,data-node-01,9.9.2.153,elasticsearch_os_load5,0.19
2023/4/13 4:40,1681332047,cc-cc408-hya,data-node-01,9.9.2.153,elasticsearch_os_load5,0.16
2023/4/13 4:41,1681332107,cc-cc408-hya,data-node-01,9.9.2.153,elasticsearch_os_load5,0.14
2023/4/13 4:42,1681332167,cc-cc408-hya,data-node-01,9.9.2.153,elasticsearch_os_load5,0.11
2023/4/13 4:43,1681332227,cc-cc408-hya,data-node-01,9.9.2.153,elasticsearch_os_load5,0.11
2023/4/13 4:44,1681332287,cc-cc408-hya,data-node-01,9.9.2.153,elasticsearch_os_load5,0.25
2023/4/13 4:45,1681332347,cc-cc408-hya,data-node-01,9.9.2.153,elasticsearch_os_load5,0.23
2023/4/13 4:46,1681332407,cc-cc408-hya,data-node-01,9.9.2.153,elasticsearch_os_load5,0.28
2023/4/13 4:47,1681332467,cc-cc408-hya,data-node-01,9.9.2.153,elasticsearch_os_load5,0.26
2023/4/13 4:48,1681332527,cc-cc408-hya,data-node-01,9.9.2.153,elasticsearch_os_load5,0.26
2023/4/13 4:49,1681332587,cc-cc408-hya,data-node-01,9.9.2.153,elasticsearch_os_load5,0.33
2023/4/13 4:50,1681332647,cc-cc408-hya,data-node-01,9.9.2.153,elasticsearch_os_load5,0.51
2023/4/13 4:51,1681332707,cc-cc408-hya,data-node-01,9.9.2.153,elasticsearch_os_load5,0.5
2023/4/13 4:52,1681332767,cc-cc408-hya,data-node-01,9.9.2.153,elasticsearch_os_load5,0.56
2023/4/13 4:53,1681332827,cc-cc408-hya,data-node-01,9.9.2.153,elasticsearch_os_load5,0.49
2023/4/13 4:54,1681332887,cc-cc408-hya,data-node-01,9.9.2.153,elasticsearch_os_load5,0.46
2023/4/13 4:55,1681332947,cc-cc408-hya,data-node-01,9.9.2.153,elasticsearch_os_load5,0.4
2023/4/13 4:56,1681333007,cc-cc408-hya,data-node-01,9.9.2.153,elasticsearch_os_load5,0.36
2023/4/13 4:57,1681333067,cc-cc408-hya,data-node-01,9.9.2.153,elasticsearch_os_load5,0.32
2023/4/13 4:58,1681333127,cc-cc408-hya,data-node-01,9.9.2.153,elasticsearch_os_load5,0.26
2023/4/13 4:59,1681333187,cc-cc408-hya,data-node-01,9.9.2.153,elasticsearch_os_load5,0.24
2023/4/13 5:00,1681333247,cc-cc408-hya,data-node-01,9.9.2.153,elasticsearch_os_load5,0.45
2023/4/13 5:01,1681333307,cc-cc408-hya,data-node-01,9.9.2.153,elasticsearch_os_load5,0.58
2023/4/13 5:02,1681333367,cc-cc408-hya,data-node-01,9.9.2.153,elasticsearch_os_load5,0.5
2023/4/13 5:03,1681333427,cc-cc408-hya,data-node-01,9.9.2.153,elasticsearch_os_load5,0.41
2023/4/13 5:04,1681333487,cc-cc408-hya,data-node-01,9.9.2.153,elasticsearch_os_load5,0.38
2023/4/13 5:05,1681333547,cc-cc408-hya,data-node-01,9.9.2.153,elasticsearch_os_load5,0.32
2023/4/13 5:06,1681333607,cc-cc408-hya,data-node-01,9.9.2.153,elasticsearch_os_load5,0.34
2023/4/13 5:07,1681333667,cc-cc408-hya,data-node-01,9.9.2.153,elasticsearch_os_load5,0.3
2023/4/13 5:08,1681333727,cc-cc408-hya,data-node-01,9.9.2.153,elasticsearch_os_load5,0.33
2023/4/13 5:09,1681333787,cc-cc408-hya,data-node-01,9.9.2.153,elasticsearch_os_load5,0.27
2023/4/13 5:10,1681333847,cc-cc408-hya,data-node-01,9.9.2.153,elasticsearch_os_load5,0.25
2023/4/13 5:11,1681333907,cc-cc408-hya,data-node-01,9.9.2.153,elasticsearch_os_load5,0.34
2023/4/13 5:12,1681333967,cc-cc408-hya,data-node-01,9.9.2.153,elasticsearch_os_load5,0.4
2023/4/13 5:13,1681334027,cc-cc408-hya,data-node-01,9.9.2.153,elasticsearch_os_load5,0.49
2023/4/13 5:14,1681334087,cc-cc408-hya,data-node-01,9.9.2.153,elasticsearch_os_load5,0.46
2023/4/13 5:15,1681334147,cc-cc408-hya,data-node-01,9.9.2.153,elasticsearch_os_load5,0.44
2023/4/13 5:16,1681334207,cc-cc408-hya,data-node-01,9.9.2.153,elasticsearch_os_load5,0.36
2023/4/13 5:17,1681334267,cc-cc408-hya,data-node-01,9.9.2.153,elasticsearch_os_load5,0.32
2023/4/13 5:18,1681334327,cc-cc408-hya,data-node-01,9.9.2.153,elasticsearch_os_load5,0.34
2023/4/13 5:19,1681334387,cc-cc408-hya,data-node-01,9.9.2.153,elasticsearch_os_load5,0.29
2023/4/13 5:20,1681334447,cc-cc408-hya,data-node-01,9.9.2.153,elasticsearch_os_load5,0.25
2023/4/13 5:21,1681334507,cc-cc408-hya,data-node-01,9.9.2.153,elasticsearch_os_load5,0.21
2023/4/13 5:22,1681334567,cc-cc408-hya,data-node-01,9.9.2.153,elasticsearch_os_load5,0.31
2023/4/13 5:23,1681334627,cc-cc408-hya,data-node-01,9.9.2.153,elasticsearch_os_load5,0.28
2023/4/13 5:24,1681334687,cc-cc408-hya,data-node-01,9.9.2.153,elasticsearch_os_load5,0.46
2023/4/13 5:25,1681334747,cc-cc408-hya,data-node-01,9.9.2.153,elasticsearch_os_load5,0.43
2023/4/13 5:26,1681334807,cc-cc408-hya,data-node-01,9.9.2.153,elasticsearch_os_load5,0.43
2023/4/13 5:27,1681334867,cc-cc408-hya,data-node-01,9.9.2.153,elasticsearch_os_load5,0.43
2023/4/13 5:28,1681334927,cc-cc408-hya,data-node-01,9.9.2.153,elasticsearch_os_load5,0.39
2023/4/13 5:29,1681334987,cc-cc408-hya,data-node-01,9.9.2.153,elasticsearch_os_load5,0.38
2023/4/13 5:30,1681335047,cc-cc408-hya,data-node-01,9.9.2.153,elasticsearch_os_load5,0.36
2023/4/13 5:31,1681335107,cc-cc408-hya,data-node-01,9.9.2.153,elasticsearch_os_load5,0.35
2023/4/13 5:32,1681335167,cc-cc408-hya,data-node-01,9.9.2.153,elasticsearch_os_load5,0.35
2023/4/13 5:33,1681335227,cc-cc408-hya,data-node-01,9.9.2.153,elasticsearch_os_load5,0.44
2023/4/13 5:34,1681335287,cc-cc408-hya,data-node-01,9.9.2.153,elasticsearch_os_load5,0.4
2023/4/13 5:35,1681335347,cc-cc408-hya,data-node-01,9.9.2.153,elasticsearch_os_load5,0.39
2023/4/13 5:36,1681335407,cc-cc408-hya,data-node-01,9.9.2.153,elasticsearch_os_load5,0.41
2023/4/13 5:37,1681335467,cc-cc408-hya,data-node-01,9.9.2.153,elasticsearch_os_load5,0.38
2023/4/13 5:38,1681335527,cc-cc408-hya,data-node-01,9.9.2.153,elasticsearch_os_load5,0.42
2023/4/13 5:39,1681335587,cc-cc408-hya,data-node-01,9.9.2.153,elasticsearch_os_load5,0.37
2023/4/13 5:40,1681335647,cc-cc408-hya,data-node-01,9.9.2.153,elasticsearch_os_load5,0.33
2023/4/13 5:41,1681335707,cc-cc408-hya,data-node-01,9.9.2.153,elasticsearch_os_load5,0.38
2023/4/13 5:42,1681335767,cc-cc408-hya,data-node-01,9.9.2.153,elasticsearch_os_load5,0.42
2023/4/13 5:43,1681335827,cc-cc408-hya,data-node-01,9.9.2.153,elasticsearch_os_load5,0.34
2023/4/13 5:44,1681335887,cc-cc408-hya,data-node-01,9.9.2.153,elasticsearch_os_load5,0.42
2023/4/13 5:45,1681335947,cc-cc408-hya,data-node-01,9.9.2.153,elasticsearch_os_load5,0.46
2023/4/13 5:46,1681336007,cc-cc408-hya,data-node-01,9.9.2.153,elasticsearch_os_load5,0.37
2023/4/13 5:47,1681336067,cc-cc408-hya,data-node-01,9.9.2.153,elasticsearch_os_load5,0.33
2023/4/13 5:48,1681336127,cc-cc408-hya,data-node-01,9.9.2.153,elasticsearch_os_load5,0.27
2023/4/13 5:49,1681336187,cc-cc408-hya,data-node-01,9.9.2.153,elasticsearch_os_load5,0.28
2023/4/13 5:50,1681336247,cc-cc408-hya,data-node-01,9.9.2.153,elasticsearch_os_load5,0.28
2023/4/13 5:51,1681336307,cc-cc408-hya,data-node-01,9.9.2.153,elasticsearch_os_load5,0.22
2023/4/13 5:52,1681336367,cc-cc408-hya,data-node-01,9.9.2.153,elasticsearch_os_load5,0.18
2023/4/13 5:53,1681336427,cc-cc408-hya,data-node-01,9.9.2.153,elasticsearch_os_load5,0.21
2023/4/13 5:54,1681336487,cc-cc408-hya,data-node-01,9.9.2.153,elasticsearch_os_load5,0.41
2023/4/13 5:55,1681336547,cc-cc408-hya,data-node-01,9.9.2.153,elasticsearch_os_load5,0.55
2023/4/13 5:56,1681336607,cc-cc408-hya,data-node-01,9.9.2.153,elasticsearch_os_load5,0.46
2023/4/13 5:57,1681336667,cc-cc408-hya,data-node-01,9.9.2.153,elasticsearch_os_load5,0.59
2023/4/13 5:58,1681336727,cc-cc408-hya,data-node-01,9.9.2.153,elasticsearch_os_load5,0.54
2023/4/13 5:59,1681336787,cc-cc408-hya,data-node-01,9.9.2.153,elasticsearch_os_load5,0.58
2023/4/13 6:00,1681336847,cc-cc408-hya,data-node-01,9.9.2.153,elasticsearch_os_load5,0.49
2023/4/13 6:01,1681336907,cc-cc408-hya,data-node-01,9.9.2.153,elasticsearch_os_load5,0.43
2023/4/13 6:02,1681336967,cc-cc408-hya,data-node-01,9.9.2.153,elasticsearch_os_load5,0.39
2023/4/13 6:03,1681337027,cc-cc408-hya,data-node-01,9.9.2.153,elasticsearch_os_load5,0.35
2023/4/13 6:04,1681337087,cc-cc408-hya,data-node-01,9.9.2.153,elasticsearch_os_load5,0.31
2023/4/13 6:05,1681337147,cc-cc408-hya,data-node-01,9.9.2.153,elasticsearch_os_load5,0.31
2023/4/13 6:06,1681337207,cc-cc408-hya,data-node-01,9.9.2.153,elasticsearch_os_load5,0.47
2023/4/13 6:07,1681337267,cc-cc408-hya,data-node-01,9.9.2.153,elasticsearch_os_load5,0.44
2023/4/13 6:08,1681337327,cc-cc408-hya,data-node-01,9.9.2.153,elasticsearch_os_load5,0.46
2023/4/13 6:09,1681337387,cc-cc408-hya,data-node-01,9.9.2.153,elasticsearch_os_load5,0.49
2023/4/13 6:10,1681337447,cc-cc408-hya,data-node-01,9.9.2.153,elasticsearch_os_load5,0.44
2023/4/13 6:11,1681337507,cc-cc408-hya,data-node-01,9.9.2.153,elasticsearch_os_load5,0.45
2023/4/13 6:12,1681337567,cc-cc408-hya,data-node-01,9.9.2.153,elasticsearch_os_load5,0.44
2023/4/13 6:13,1681337627,cc-cc408-hya,data-node-01,9.9.2.153,elasticsearch_os_load5,0.47
2023/4/13 6:14,1681337687,cc-cc408-hya,data-node-01,9.9.2.153,elasticsearch_os_load5,0.43
2023/4/13 6:15,1681337747,cc-cc408-hya,data-node-01,9.9.2.153,elasticsearch_os_load5,0.45
2023/4/13 6:16,1681337807,cc-cc408-hya,data-node-01,9.9.2.153,elasticsearch_os_load5,0.45
2023/4/13 6:17,1681337867,cc-cc408-hya,data-node-01,9.9.2.153,elasticsearch_os_load5,0.38
2023/4/13 6:18,1681337927,cc-cc408-hya,data-node-01,9.9.2.153,elasticsearch_os_load5,0.36
2023/4/13 6:19,1681337987,cc-cc408-hya,data-node-01,9.9.2.153,elasticsearch_os_load5,0.35
2023/4/13 6:20,1681338047,cc-cc408-hya,data-node-01,9.9.2.153,elasticsearch_os_load5,0.32
2023/4/13 6:21,1681338107,cc-cc408-hya,data-node-01,9.9.2.153,elasticsearch_os_load5,0.32
2023/4/13 6:22,1681338167,cc-cc408-hya,data-node-01,9.9.2.153,elasticsearch_os_load5,0.34
2023/4/13 6:23,1681338227,cc-cc408-hya,data-node-01,9.9.2.153,elasticsearch_os_load5,0.34
2023/4/13 6:24,1681338287,cc-cc408-hya,data-node-01,9.9.2.153,elasticsearch_os_load5,0.36
2023/4/13 6:25,1681338347,cc-cc408-hya,data-node-01,9.9.2.153,elasticsearch_os_load5,0.37
2023/4/13 6:26,1681338407,cc-cc408-hya,data-node-01,9.9.2.153,elasticsearch_os_load5,0.33
2023/4/13 6:27,1681338467,cc-cc408-hya,data-node-01,9.9.2.153,elasticsearch_os_load5,0.33
2023/4/13 6:28,1681338527,cc-cc408-hya,data-node-01,9.9.2.153,elasticsearch_os_load5,0.3
2023/4/13 6:29,1681338587,cc-cc408-hya,data-node-01,9.9.2.153,elasticsearch_os_load5,0.26
2023/4/13 6:30,1681338647,cc-cc408-hya,data-node-01,9.9.2.153,elasticsearch_os_load5,0.27
2023/4/13 6:31,1681338707,cc-cc408-hya,data-node-01,9.9.2.153,elasticsearch_os_load5,0.23
2023/4/13 6:32,1681338767,cc-cc408-hya,data-node-01,9.9.2.153,elasticsearch_os_load5,0.25
2023/4/13 6:33,1681338827,cc-cc408-hya,data-node-01,9.9.2.153,elasticsearch_os_load5,0.25
2023/4/13 6:34,1681338887,cc-cc408-hya,data-node-01,9.9.2.153,elasticsearch_os_load5,0.23
2023/4/13 6:35,1681338947,cc-cc408-hya,data-node-01,9.9.2.153,elasticsearch_os_load5,0.22
2023/4/13 6:36,1681339007,cc-cc408-hya,data-node-01,9.9.2.153,elasticsearch_os_load5,0.31
2023/4/13 6:37,1681339067,cc-cc408-hya,data-node-01,9.9.2.153,elasticsearch_os_load5,0.56
2023/4/13 6:38,1681339127,cc-cc408-hya,data-node-01,9.9.2.153,elasticsearch_os_load5,0.55
2023/4/13 6:39,1681339187,cc-cc408-hya,data-node-01,9.9.2.153,elasticsearch_os_load5,0.65
2023/4/13 6:40,1681339247,cc-cc408-hya,data-node-01,9.9.2.153,elasticsearch_os_load5,0.58
2023/4/13 6:41,1681339307,cc-cc408-hya,data-node-01,9.9.2.153,elasticsearch_os_load5,0.49
2023/4/13 6:42,1681339367,cc-cc408-hya,data-node-01,9.9.2.153,elasticsearch_os_load5,0.43
2023/4/13 6:43,1681339427,cc-cc408-hya,data-node-01,9.9.2.153,elasticsearch_os_load5,0.41
2023/4/13 6:44,1681339487,cc-cc408-hya,data-node-01,9.9.2.153,elasticsearch_os_load5,0.36
2023/4/13 6:45,1681339547,cc-cc408-hya,data-node-01,9.9.2.153,elasticsearch_os_load5,0.33
2023/4/13 6:46,1681339607,cc-cc408-hya,data-node-01,9.9.2.153,elasticsearch_os_load5,0.31
2023/4/13 6:47,1681339667,cc-cc408-hya,data-node-01,9.9.2.153,elasticsearch_os_load5,0.3
2023/4/13 6:48,1681339727,cc-cc408-hya,data-node-01,9.9.2.153,elasticsearch_os_load5,0.39
2023/4/13 6:49,1681339787,cc-cc408-hya,data-node-01,9.9.2.153,elasticsearch_os_load5,0.38
2023/4/13 6:50,1681339847,cc-cc408-hya,data-node-01,9.9.2.153,elasticsearch_os_load5,0.45
2023/4/13 6:51,1681339907,cc-cc408-hya,data-node-01,9.9.2.153,elasticsearch_os_load5,0.67
2023/4/13 6:52,1681339967,cc-cc408-hya,data-node-01,9.9.2.153,elasticsearch_os_load5,0.7
2023/4/13 6:53,1681340027,cc-cc408-hya,data-node-01,9.9.2.153,elasticsearch_os_load5,0.8
2023/4/13 6:54,1681340087,cc-cc408-hya,data-node-01,9.9.2.153,elasticsearch_os_load5,0.68
2023/4/13 6:55,1681340147,cc-cc408-hya,data-node-01,9.9.2.153,elasticsearch_os_load5,0.64
2023/4/13 6:56,1681340207,cc-cc408-hya,data-node-01,9.9.2.153,elasticsearch_os_load5,0.58
2023/4/13 6:57,1681340267,cc-cc408-hya,data-node-01,9.9.2.153,elasticsearch_os_load5,0.58
2023/4/13 6:58,1681340327,cc-cc408-hya,data-node-01,9.9.2.153,elasticsearch_os_load5,0.49
2023/4/13 6:59,1681340387,cc-cc408-hya,data-node-01,9.9.2.153,elasticsearch_os_load5,0.44
2023/4/13 7:00,1681340447,cc-cc408-hya,data-node-01,9.9.2.153,elasticsearch_os_load5,0.41
2023/4/13 7:01,1681340507,cc-cc408-hya,data-node-01,9.9.2.153,elasticsearch_os_load5,0.38
2023/4/13 7:02,1681340567,cc-cc408-hya,data-node-01,9.9.2.153,elasticsearch_os_load5,0.42
2023/4/13 7:03,1681340627,cc-cc408-hya,data-node-01,9.9.2.153,elasticsearch_os_load5,0.37
2023/4/13 7:04,1681340687,cc-cc408-hya,data-node-01,9.9.2.153,elasticsearch_os_load5,0.36
2023/4/13 7:05,1681340747,cc-cc408-hya,data-node-01,9.9.2.153,elasticsearch_os_load5,0.36
2023/4/13 7:06,1681340807,cc-cc408-hya,data-node-01,9.9.2.153,elasticsearch_os_load5,0.35
2023/4/13 7:07,1681340867,cc-cc408-hya,data-node-01,9.9.2.153,elasticsearch_os_load5,0.33
2023/4/13 7:08,1681340927,cc-cc408-hya,data-node-01,9.9.2.153,elasticsearch_os_load5,0.33
2023/4/13 7:09,1681340987,cc-cc408-hya,data-node-01,9.9.2.153,elasticsearch_os_load5,0.42
2023/4/13 7:10,1681341047,cc-cc408-hya,data-node-01,9.9.2.153,elasticsearch_os_load5,0.41
2023/4/13 7:11,1681341107,cc-cc408-hya,data-node-01,9.9.2.153,elasticsearch_os_load5,0.38
2023/4/13 7:12,1681341167,cc-cc408-hya,data-node-01,9.9.2.153,elasticsearch_os_load5,0.37
2023/4/13 7:13,1681341227,cc-cc408-hya,data-node-01,9.9.2.153,elasticsearch_os_load5,0.41
2023/4/13 7:14,1681341287,cc-cc408-hya,data-node-01,9.9.2.153,elasticsearch_os_load5,0.46
2023/4/13 7:15,1681341347,cc-cc408-hya,data-node-01,9.9.2.153,elasticsearch_os_load5,0.47
2023/4/13 7:16,1681341407,cc-cc408-hya,data-node-01,9.9.2.153,elasticsearch_os_load5,0.43
2023/4/13 7:17,1681341467,cc-cc408-hya,data-node-01,9.9.2.153,elasticsearch_os_load5,0.47
2023/4/13 7:18,1681341527,cc-cc408-hya,data-node-01,9.9.2.153,elasticsearch_os_load5,0.61
2023/4/13 7:19,1681341587,cc-cc408-hya,data-node-01,9.9.2.153,elasticsearch_os_load5,0.66
2023/4/13 7:20,1681341647,cc-cc408-hya,data-node-01,9.9.2.153,elasticsearch_os_load5,0.65
2023/4/13 7:21,1681341707,cc-cc408-hya,data-node-01,9.9.2.153,elasticsearch_os_load5,0.69
2023/4/13 7:22,1681341767,cc-cc408-hya,data-node-01,9.9.2.153,elasticsearch_os_load5,0.67
2023/4/13 7:23,1681341827,cc-cc408-hya,data-node-01,9.9.2.153,elasticsearch_os_load5,0.65
2023/4/13 7:24,1681341887,cc-cc408-hya,data-node-01,9.9.2.153,elasticsearch_os_load5,0.56
2023/4/13 7:25,1681341947,cc-cc408-hya,data-node-01,9.9.2.153,elasticsearch_os_load5,0.47
2023/4/13 7:26,1681342007,cc-cc408-hya,data-node-01,9.9.2.153,elasticsearch_os_load5,0.45
2023/4/13 7:27,1681342067,cc-cc408-hya,data-node-01,9.9.2.153,elasticsearch_os_load5,0.51
2023/4/13 7:28,1681342127,cc-cc408-hya,data-node-01,9.9.2.153,elasticsearch_os_load5,0.53
2023/4/13 7:29,1681342187,cc-cc408-hya,data-node-01,9.9.2.153,elasticsearch_os_load5,0.55
2023/4/13 7:30,1681342247,cc-cc408-hya,data-node-01,9.9.2.153,elasticsearch_os_load5,0.68
2023/4/13 7:31,1681342307,cc-cc408-hya,data-node-01,9.9.2.153,elasticsearch_os_load5,0.64
2023/4/13 7:32,1681342367,cc-cc408-hya,data-node-01,9.9.2.153,elasticsearch_os_load5,0.65
2023/4/13 7:33,1681342427,cc-cc408-hya,data-node-01,9.9.2.153,elasticsearch_os_load5,0.6
2023/4/13 7:34,1681342487,cc-cc408-hya,data-node-01,9.9.2.153,elasticsearch_os_load5,0.73
2023/4/13 7:35,1681342547,cc-cc408-hya,data-node-01,9.9.2.153,elasticsearch_os_load5,0.7
2023/4/13 7:36,1681342607,cc-cc408-hya,data-node-01,9.9.2.153,elasticsearch_os_load5,0.6
2023/4/13 7:37,1681342667,cc-cc408-hya,data-node-01,9.9.2.153,elasticsearch_os_load5,0.59
2023/4/13 7:38,1681342727,cc-cc408-hya,data-node-01,9.9.2.153,elasticsearch_os_load5,0.56
2023/4/13 7:39,1681342787,cc-cc408-hya,data-node-01,9.9.2.153,elasticsearch_os_load5,0.5
2023/4/13 7:40,1681342847,cc-cc408-hya,data-node-01,9.9.2.153,elasticsearch_os_load5,0.53
2023/4/13 7:41,1681342907,cc-cc408-hya,data-node-01,9.9.2.153,elasticsearch_os_load5,0.6
2023/4/13 7:42,1681342967,cc-cc408-hya,data-node-01,9.9.2.153,elasticsearch_os_load5,0.6
2023/4/13 7:43,1681343027,cc-cc408-hya,data-node-01,9.9.2.153,elasticsearch_os_load5,0.59
2023/4/13 7:44,1681343087,cc-cc408-hya,data-node-01,9.9.2.153,elasticsearch_os_load5,0.56
2023/4/13 7:45,1681343147,cc-cc408-hya,data-node-01,9.9.2.153,elasticsearch_os_load5,0.51
2023/4/13 7:46,1681343207,cc-cc408-hya,data-node-01,9.9.2.153,elasticsearch_os_load5,0.57
2023/4/13 7:47,1681343267,cc-cc408-hya,data-node-01,9.9.2.153,elasticsearch_os_load5,0.55
2023/4/13 7:48,1681343327,cc-cc408-hya,data-node-01,9.9.2.153,elasticsearch_os_load5,0.5
2023/4/13 7:49,1681343387,cc-cc408-hya,data-node-01,9.9.2.153,elasticsearch_os_load5,1.06
2023/4/13 7:50,1681343447,cc-cc408-hya,data-node-01,9.9.2.153,elasticsearch_os_load5,0.94
2023/4/13 7:51,1681343507,cc-cc408-hya,data-node-01,9.9.2.153,elasticsearch_os_load5,0.83
2023/4/13 7:52,1681343567,cc-cc408-hya,data-node-01,9.9.2.153,elasticsearch_os_load5,0.73
2023/4/13 7:53,1681343627,cc-cc408-hya,data-node-01,9.9.2.153,elasticsearch_os_load5,0.69
2023/4/13 7:54,1681343687,cc-cc408-hya,data-node-01,9.9.2.153,elasticsearch_os_load5,0.67
2023/4/13 7:55,1681343747,cc-cc408-hya,data-node-01,9.9.2.153,elasticsearch_os_load5,0.64
2023/4/13 7:56,1681343807,cc-cc408-hya,data-node-01,9.9.2.153,elasticsearch_os_load5,0.59
2023/4/13 7:57,1681343867,cc-cc408-hya,data-node-01,9.9.2.153,elasticsearch_os_load5,0.59
2023/4/13 7:58,1681343927,cc-cc408-hya,data-node-01,9.9.2.153,elasticsearch_os_load5,0.51
2023/4/13 7:59,1681343987,cc-cc408-hya,data-node-01,9.9.2.153,elasticsearch_os_load5,0.49
2023/4/13 8:00,1681344047,cc-cc408-hya,data-node-01,9.9.2.153,elasticsearch_os_load5,0.64
2023/4/13 8:01,1681344107,cc-cc408-hya,data-node-01,9.9.2.153,elasticsearch_os_load5,0.79
2023/4/13 8:02,1681344167,cc-cc408-hya,data-node-01,9.9.2.153,elasticsearch_os_load5,1.06
2023/4/13 8:03,1681344227,cc-cc408-hya,data-node-01,9.9.2.153,elasticsearch_os_load5,1.3
2023/4/13 8:04,1681344287,cc-cc408-hya,data-node-01,9.9.2.153,elasticsearch_os_load5,1.33
2023/4/13 8:05,1681344347,cc-cc408-hya,data-node-01,9.9.2.153,elasticsearch_os_load5,1.46
2023/4/13 8:06,1681344407,cc-cc408-hya,data-node-01,9.9.2.153,elasticsearch_os_load5,1.5
2023/4/13 8:07,1681344467,cc-cc408-hya,data-node-01,9.9.2.153,elasticsearch_os_load5,1.56
2023/4/13 8:08,1681344527,cc-cc408-hya,data-node-01,9.9.2.153,elasticsearch_os_load5,1.8
2023/4/13 8:09,1681344587,cc-cc408-hya,data-node-01,9.9.2.153,elasticsearch_os_load5,2.15
2023/4/13 8:10,1681344647,cc-cc408-hya,data-node-01,9.9.2.153,elasticsearch_os_load5,2.13
2023/4/13 8:11,1681344707,cc-cc408-hya,data-node-01,9.9.2.153,elasticsearch_os_load5,2.19
2023/4/13 8:12,1681344767,cc-cc408-hya,data-node-01,9.9.2.153,elasticsearch_os_load5,1.97
2023/4/13 8:13,1681344827,cc-cc408-hya,data-node-01,9.9.2.153,elasticsearch_os_load5,1.96
2023/4/13 8:14,1681344887,cc-cc408-hya,data-node-01,9.9.2.153,elasticsearch_os_load5,1.87
2023/4/13 8:15,1681344947,cc-cc408-hya,data-node-01,9.9.2.153,elasticsearch_os_load5,1.83
2023/4/13 8:16,1681345007,cc-cc408-hya,data-node-01,9.9.2.153,elasticsearch_os_load5,1.73
2023/4/13 8:17,1681345067,cc-cc408-hya,data-node-01,9.9.2.153,elasticsearch_os_load5,1.63
2023/4/13 8:18,1681345127,cc-cc408-hya,data-node-01,9.9.2.153,elasticsearch_os_load5,1.47
2023/4/13 8:19,1681345187,cc-cc408-hya,data-node-01,9.9.2.153,elasticsearch_os_load5,1.46
2023/4/13 8:20,1681345247,cc-cc408-hya,data-node-01,9.9.2.153,elasticsearch_os_load5,1.44
2023/4/13 8:21,1681345307,cc-cc408-hya,data-node-01,9.9.2.153,elasticsearch_os_load5,1.26
2023/4/13 8:22,1681345367,cc-cc408-hya,data-node-01,9.9.2.153,elasticsearch_os_load5,1.18
2023/4/13 8:23,1681345427,cc-cc408-hya,data-node-01,9.9.2.153,elasticsearch_os_load5,1.13
2023/4/13 8:24,1681345487,cc-cc408-hya,data-node-01,9.9.2.153,elasticsearch_os_load5,1.07
2023/4/13 8:25,1681345547,cc-cc408-hya,data-node-01,9.9.2.153,elasticsearch_os_load5,1.07
2023/4/13 8:26,1681345607,cc-cc408-hya,data-node-01,9.9.2.153,elasticsearch_os_load5,1.05
2023/4/13 8:27,1681345667,cc-cc408-hya,data-node-01,9.9.2.153,elasticsearch_os_load5,1.26
2023/4/13 8:28,1681345727,cc-cc408-hya,data-node-01,9.9.2.153,elasticsearch_os_load5,1.17
2023/4/13 8:29,1681345787,cc-cc408-hya,data-node-01,9.9.2.153,elasticsearch_os_load5,1.22
2023/4/13 8:30,1681345847,cc-cc408-hya,data-node-01,9.9.2.153,elasticsearch_os_load5,1.27
2023/4/13 8:31,1681345907,cc-cc408-hya,data-node-01,9.9.2.153,elasticsearch_os_load5,1.42
2023/4/13 8:32,1681345967,cc-cc408-hya,data-node-01,9.9.2.153,elasticsearch_os_load5,1.24
2023/4/13 8:33,1681346027,cc-cc408-hya,data-node-01,9.9.2.153,elasticsearch_os_load5,1.2
2023/4/13 8:34,1681346087,cc-cc408-hya,data-node-01,9.9.2.153,elasticsearch_os_load5,1.07
2023/4/13 8:35,1681346147,cc-cc408-hya,data-node-01,9.9.2.153,elasticsearch_os_load5,1.18
2023/4/13 8:36,1681346207,cc-cc408-hya,data-node-01,9.9.2.153,elasticsearch_os_load5,1.08
2023/4/13 8:37,1681346267,cc-cc408-hya,data-node-01,9.9.2.153,elasticsearch_os_load5,1.06
2023/4/13 8:38,1681346327,cc-cc408-hya,data-node-01,9.9.2.153,elasticsearch_os_load5,1.26
2023/4/13 8:39,1681346387,cc-cc408-hya,data-node-01,9.9.2.153,elasticsearch_os_load5,1.24
2023/4/13 8:40,1681346447,cc-cc408-hya,data-node-01,9.9.2.153,elasticsearch_os_load5,1.21
2023/4/13 8:41,1681346507,cc-cc408-hya,data-node-01,9.9.2.153,elasticsearch_os_load5,1.19
2023/4/13 8:42,1681346567,cc-cc408-hya,data-node-01,9.9.2.153,elasticsearch_os_load5,1.33
2023/4/13 8:43,1681346627,cc-cc408-hya,data-node-01,9.9.2.153,elasticsearch_os_load5,1.42
2023/4/13 8:44,1681346687,cc-cc408-hya,data-node-01,9.9.2.153,elasticsearch_os_load5,1.74
2023/4/13 8:45,1681346747,cc-cc408-hya,data-node-01,9.9.2.153,elasticsearch_os_load5,1.78
2023/4/13 8:46,1681346807,cc-cc408-hya,data-node-01,9.9.2.153,elasticsearch_os_load5,1.86
2023/4/13 8:47,1681346867,cc-cc408-hya,data-node-01,9.9.2.153,elasticsearch_os_load5,1.82
2023/4/13 8:48,1681346927,cc-cc408-hya,data-node-01,9.9.2.153,elasticsearch_os_load5,1.76
2023/4/13 8:49,1681346987,cc-cc408-hya,data-node-01,9.9.2.153,elasticsearch_os_load5,1.67
2023/4/13 8:50,1681347047,cc-cc408-hya,data-node-01,9.9.2.153,elasticsearch_os_load5,1.74
2023/4/13 8:51,1681347107,cc-cc408-hya,data-node-01,9.9.2.153,elasticsearch_os_load5,1.67
2023/4/13 8:52,1681347167,cc-cc408-hya,data-node-01,9.9.2.153,elasticsearch_os_load5,1.72
2023/4/13 8:53,1681347227,cc-cc408-hya,data-node-01,9.9.2.153,elasticsearch_os_load5,1.77
2023/4/13 8:54,1681347287,cc-cc408-hya,data-node-01,9.9.2.153,elasticsearch_os_load5,1.97
2023/4/13 8:55,1681347347,cc-cc408-hya,data-node-01,9.9.2.153,elasticsearch_os_load5,1.96
2023/4/13 8:56,1681347407,cc-cc408-hya,data-node-01,9.9.2.153,elasticsearch_os_load5,2.12
2023/4/13 8:57,1681347467,cc-cc408-hya,data-node-01,9.9.2.153,elasticsearch_os_load5,2.22
2023/4/13 8:58,1681347527,cc-cc408-hya,data-node-01,9.9.2.153,elasticsearch_os_load5,2.61
2023/4/13 8:59,1681347587,cc-cc408-hya,data-node-01,9.9.2.153,elasticsearch_os_load5,2.53
2023/4/13 9:00,1681347647,cc-cc408-hya,data-node-01,9.9.2.153,elasticsearch_os_load5,2.46
2023/4/13 9:01,1681347707,cc-cc408-hya,data-node-01,9.9.2.153,elasticsearch_os_load5,2.43
2023/4/13 9:02,1681347767,cc-cc408-hya,data-node-01,9.9.2.153,elasticsearch_os_load5,2.42
2023/4/13 9:03,1681347827,cc-cc408-hya,data-node-01,9.9.2.153,elasticsearch_os_load5,2.62
2023/4/13 9:04,1681347887,cc-cc408-hya,data-node-01,9.9.2.153,elasticsearch_os_load5,2.82
2023/4/13 9:05,1681347947,cc-cc408-hya,data-node-01,9.9.2.153,elasticsearch_os_load5,2.78
2023/4/13 9:06,1681348007,cc-cc408-hya,data-node-01,9.9.2.153,elasticsearch_os_load5,2.92
2023/4/13 9:07,1681348067,cc-cc408-hya,data-node-01,9.9.2.153,elasticsearch_os_load5,2.93
2023/4/13 9:08,1681348127,cc-cc408-hya,data-node-01,9.9.2.153,elasticsearch_os_load5,2.89
2023/4/13 9:09,1681348187,cc-cc408-hya,data-node-01,9.9.2.153,elasticsearch_os_load5,2.88
2023/4/13 9:10,1681348247,cc-cc408-hya,data-node-01,9.9.2.153,elasticsearch_os_load5,2.73
2023/4/13 9:11,1681348307,cc-cc408-hya,data-node-01,9.9.2.153,elasticsearch_os_load5,2.94
2023/4/13 9:12,1681348367,cc-cc408-hya,data-node-01,9.9.2.153,elasticsearch_os_load5,3.14
2023/4/13 9:13,1681348427,cc-cc408-hya,data-node-01,9.9.2.153,elasticsearch_os_load5,3.21
2023/4/13 9:14,1681348487,cc-cc408-hya,data-node-01,9.9.2.153,elasticsearch_os_load5,3.37
2023/4/13 9:15,1681348547,cc-cc408-hya,data-node-01,9.9.2.153,elasticsearch_os_load5,3.17
2023/4/13 9:16,1681348607,cc-cc408-hya,data-node-01,9.9.2.153,elasticsearch_os_load5,3.38
2023/4/13 9:17,1681348667,cc-cc408-hya,data-node-01,9.9.2.153,elasticsearch_os_load5,3.22
2023/4/13 9:18,1681348727,cc-cc408-hya,data-node-01,9.9.2.153,elasticsearch_os_load5,3.13
2023/4/13 9:19,1681348787,cc-cc408-hya,data-node-01,9.9.2.153,elasticsearch_os_load5,3.88
2023/4/13 9:20,1681348847,cc-cc408-hya,data-node-01,9.9.2.153,elasticsearch_os_load5,3.83
2023/4/13 9:21,1681348907,cc-cc408-hya,data-node-01,9.9.2.153,elasticsearch_os_load5,3.96
2023/4/13 9:22,1681348967,cc-cc408-hya,data-node-01,9.9.2.153,elasticsearch_os_load5,3.83
2023/4/13 9:23,1681349027,cc-cc408-hya,data-node-01,9.9.2.153,elasticsearch_os_load5,3.76
2023/4/13 9:24,1681349087,cc-cc408-hya,data-node-01,9.9.2.153,elasticsearch_os_load5,3.69
2023/4/13 9:25,1681349147,cc-cc408-hya,data-node-01,9.9.2.153,elasticsearch_os_load5,3.79
2023/4/13 9:26,1681349207,cc-cc408-hya,data-node-01,9.9.2.153,elasticsearch_os_load5,3.91
2023/4/13 9:27,1681349267,cc-cc408-hya,data-node-01,9.9.2.153,elasticsearch_os_load5,3.82
2023/4/13 9:28,1681349327,cc-cc408-hya,data-node-01,9.9.2.153,elasticsearch_os_load5,4.46
2023/4/13 9:29,1681349387,cc-cc408-hya,data-node-01,9.9.2.153,elasticsearch_os_load5,4.39
2023/4/13 9:30,1681349447,cc-cc408-hya,data-node-01,9.9.2.153,elasticsearch_os_load5,4.44
2023/4/13 9:31,1681349507,cc-cc408-hya,data-node-01,9.9.2.153,elasticsearch_os_load5,4.16
2023/4/13 9:32,1681349567,cc-cc408-hya,data-node-01,9.9.2.153,elasticsearch_os_load5,3.88
2023/4/13 9:33,1681349627,cc-cc408-hya,data-node-01,9.9.2.153,elasticsearch_os_load5,3.77
2023/4/13 9:34,1681349687,cc-cc408-hya,data-node-01,9.9.2.153,elasticsearch_os_load5,3.67
2023/4/13 9:35,1681349747,cc-cc408-hya,data-node-01,9.9.2.153,elasticsearch_os_load5,4.25
2023/4/13 9:36,1681349807,cc-cc408-hya,data-node-01,9.9.2.153,elasticsearch_os_load5,4.93
2023/4/13 9:37,1681349867,cc-cc408-hya,data-node-01,9.9.2.153,elasticsearch_os_load5,4.9
2023/4/13 9:38,1681349927,cc-cc408-hya,data-node-01,9.9.2.153,elasticsearch_os_load5,4.77
2023/4/13 9:39,1681349987,cc-cc408-hya,data-node-01,9.9.2.153,elasticsearch_os_load5,4.88
2023/4/13 9:40,1681350047,cc-cc408-hya,data-node-01,9.9.2.153,elasticsearch_os_load5,4.9
2023/4/13 9:41,1681350107,cc-cc408-hya,data-node-01,9.9.2.153,elasticsearch_os_load5,4.57
2023/4/13 9:42,1681350167,cc-cc408-hya,data-node-01,9.9.2.153,elasticsearch_os_load5,4.4
2023/4/13 9:43,1681350227,cc-cc408-hya,data-node-01,9.9.2.153,elasticsearch_os_load5,4.42
2023/4/13 9:44,1681350287,cc-cc408-hya,data-node-01,9.9.2.153,elasticsearch_os_load5,4.16
2023/4/13 9:45,1681350347,cc-cc408-hya,data-node-01,9.9.2.153,elasticsearch_os_load5,4.02
2023/4/13 9:46,1681350407,cc-cc408-hya,data-node-01,9.9.2.153,elasticsearch_os_load5,3.8
2023/4/13 9:47,1681350467,cc-cc408-hya,data-node-01,9.9.2.153,elasticsearch_os_load5,3.99
2023/4/13 9:48,1681350527,cc-cc408-hya,data-node-01,9.9.2.153,elasticsearch_os_load5,4.09
2023/4/13 9:49,1681350587,cc-cc408-hya,data-node-01,9.9.2.153,elasticsearch_os_load5,4.28
2023/4/13 9:50,1681350647,cc-cc408-hya,data-node-01,9.9.2.153,elasticsearch_os_load5,4.64
2023/4/13 9:51,1681350707,cc-cc408-hya,data-node-01,9.9.2.153,elasticsearch_os_load5,5.14
2023/4/13 9:52,1681350767,cc-cc408-hya,data-node-01,9.9.2.153,elasticsearch_os_load5,5.06
2023/4/13 9:53,1681350827,cc-cc408-hya,data-node-01,9.9.2.153,elasticsearch_os_load5,4.94
2023/4/13 9:54,1681350887,cc-cc408-hya,data-node-01,9.9.2.153,elasticsearch_os_load5,4.84
2023/4/13 9:55,1681350947,cc-cc408-hya,data-node-01,9.9.2.153,elasticsearch_os_load5,5.4
2023/4/13 9:56,1681351007,cc-cc408-hya,data-node-01,9.9.2.153,elasticsearch_os_load5,5.28
2023/4/13 9:57,1681351067,cc-cc408-hya,data-node-01,9.9.2.153,elasticsearch_os_load5,4.93
2023/4/13 9:58,1681351127,cc-cc408-hya,data-node-01,9.9.2.153,elasticsearch_os_load5,4.79
2023/4/13 9:59,1681351187,cc-cc408-hya,data-node-01,9.9.2.153,elasticsearch_os_load5,4.87
2023/4/13 10:00,1681351247,cc-cc408-hya,data-node-01,9.9.2.153,elasticsearch_os_load5,4.94
2023/4/13 10:01,1681351307,cc-cc408-hya,data-node-01,9.9.2.153,elasticsearch_os_load5,4.65
2023/4/13 10:02,1681351367,cc-cc408-hya,data-node-01,9.9.2.153,elasticsearch_os_load5,4.65
2023/4/13 10:03,1681351427,cc-cc408-hya,data-node-01,9.9.2.153,elasticsearch_os_load5,4.5
2023/4/13 10:04,1681351487,cc-cc408-hya,data-node-01,9.9.2.153,elasticsearch_os_load5,4.43
2023/4/13 10:05,1681351547,cc-cc408-hya,data-node-01,9.9.2.153,elasticsearch_os_load5,4.54
2023/4/13 10:06,1681351607,cc-cc408-hya,data-node-01,9.9.2.153,elasticsearch_os_load5,4.17
2023/4/13 10:07,1681351667,cc-cc408-hya,data-node-01,9.9.2.153,elasticsearch_os_load5,4.23
2023/4/13 10:08,1681351727,cc-cc408-hya,data-node-01,9.9.2.153,elasticsearch_os_load5,4.17
2023/4/13 10:09,1681351787,cc-cc408-hya,data-node-01,9.9.2.153,elasticsearch_os_load5,5.06
2023/4/13 10:10,1681351847,cc-cc408-hya,data-node-01,9.9.2.153,elasticsearch_os_load5,5.41
2023/4/13 10:11,1681351907,cc-cc408-hya,data-node-01,9.9.2.153,elasticsearch_os_load5,5.02
2023/4/13 10:12,1681351967,cc-cc408-hya,data-node-01,9.9.2.153,elasticsearch_os_load5,4.62
2023/4/13 10:13,1681352027,cc-cc408-hya,data-node-01,9.9.2.153,elasticsearch_os_load5,4.55
2023/4/13 10:14,1681352087,cc-cc408-hya,data-node-01,9.9.2.153,elasticsearch_os_load5,4.85
2023/4/13 10:15,1681352147,cc-cc408-hya,data-node-01,9.9.2.153,elasticsearch_os_load5,4.58
2023/4/13 10:16,1681352207,cc-cc408-hya,data-node-01,9.9.2.153,elasticsearch_os_load5,4.78
2023/4/13 10:17,1681352267,cc-cc408-hya,data-node-01,9.9.2.153,elasticsearch_os_load5,4.54
2023/4/13 10:18,1681352327,cc-cc408-hya,data-node-01,9.9.2.153,elasticsearch_os_load5,4.28
2023/4/13 10:19,1681352387,cc-cc408-hya,data-node-01,9.9.2.153,elasticsearch_os_load5,4.07
2023/4/13 10:20,1681352447,cc-cc408-hya,data-node-01,9.9.2.153,elasticsearch_os_load5,4.01
2023/4/13 10:21,1681352507,cc-cc408-hya,data-node-01,9.9.2.153,elasticsearch_os_load5,4.02
2023/4/13 10:22,1681352567,cc-cc408-hya,data-node-01,9.9.2.153,elasticsearch_os_load5,3.99
2023/4/13 10:23,1681352627,cc-cc408-hya,data-node-01,9.9.2.153,elasticsearch_os_load5,4.31
2023/4/13 10:24,1681352687,cc-cc408-hya,data-node-01,9.9.2.153,elasticsearch_os_load5,4.49
2023/4/13 10:25,1681352747,cc-cc408-hya,data-node-01,9.9.2.153,elasticsearch_os_load5,4.18
2023/4/13 10:26,1681352807,cc-cc408-hya,data-node-01,9.9.2.153,elasticsearch_os_load5,3.94
2023/4/13 10:27,1681352867,cc-cc408-hya,data-node-01,9.9.2.153,elasticsearch_os_load5,3.94
2023/4/13 10:28,1681352927,cc-cc408-hya,data-node-01,9.9.2.153,elasticsearch_os_load5,3.78
2023/4/13 10:29,1681352987,cc-cc408-hya,data-node-01,9.9.2.153,elasticsearch_os_load5,3.92
2023/4/13 10:30,1681353047,cc-cc408-hya,data-node-01,9.9.2.153,elasticsearch_os_load5,4.14
2023/4/13 10:31,1681353107,cc-cc408-hya,data-node-01,9.9.2.153,elasticsearch_os_load5,4.39
2023/4/13 10:32,1681353167,cc-cc408-hya,data-node-01,9.9.2.153,elasticsearch_os_load5,4.79
2023/4/13 10:33,1681353227,cc-cc408-hya,data-node-01,9.9.2.153,elasticsearch_os_load5,5.19
2023/4/13 10:34,1681353287,cc-cc408-hya,data-node-01,9.9.2.153,elasticsearch_os_load5,5.05
2023/4/13 10:35,1681353347,cc-cc408-hya,data-node-01,9.9.2.153,elasticsearch_os_load5,4.93
2023/4/13 10:36,1681353407,cc-cc408-hya,data-node-01,9.9.2.153,elasticsearch_os_load5,5
2023/4/13 10:37,1681353467,cc-cc408-hya,data-node-01,9.9.2.153,elasticsearch_os_load5,4.83
2023/4/13 10:38,1681353527,cc-cc408-hya,data-node-01,9.9.2.153,elasticsearch_os_load5,4.65
2023/4/13 10:39,1681353587,cc-cc408-hya,data-node-01,9.9.2.153,elasticsearch_os_load5,4.5
2023/4/13 10:40,1681353647,cc-cc408-hya,data-node-01,9.9.2.153,elasticsearch_os_load5,4.29
2023/4/13 10:41,1681353707,cc-cc408-hya,data-node-01,9.9.2.153,elasticsearch_os_load5,4.29
2023/4/13 10:42,1681353767,cc-cc408-hya,data-node-01,9.9.2.153,elasticsearch_os_load5,4.4
2023/4/13 10:43,1681353827,cc-cc408-hya,data-node-01,9.9.2.153,elasticsearch_os_load5,4.93
2023/4/13 10:44,1681353887,cc-cc408-hya,data-node-01,9.9.2.153,elasticsearch_os_load5,4.64
2023/4/13 10:45,1681353947,cc-cc408-hya,data-node-01,9.9.2.153,elasticsearch_os_load5,4.43
2023/4/13 10:46,1681354007,cc-cc408-hya,data-node-01,9.9.2.153,elasticsearch_os_load5,4.42
2023/4/13 10:47,1681354067,cc-cc408-hya,data-node-01,9.9.2.153,elasticsearch_os_load5,4.95
2023/4/13 10:48,1681354127,cc-cc408-hya,data-node-01,9.9.2.153,elasticsearch_os_load5,5.23
2023/4/13 10:49,1681354187,cc-cc408-hya,data-node-01,9.9.2.153,elasticsearch_os_load5,4.97
2023/4/13 10:50,1681354247,cc-cc408-hya,data-node-01,9.9.2.153,elasticsearch_os_load5,5.13
2023/4/13 10:51,1681354307,cc-cc408-hya,data-node-01,9.9.2.153,elasticsearch_os_load5,5.12
2023/4/13 10:52,1681354367,cc-cc408-hya,data-node-01,9.9.2.153,elasticsearch_os_load5,5.13
2023/4/13 10:53,1681354427,cc-cc408-hya,data-node-01,9.9.2.153,elasticsearch_os_load5,5.14
2023/4/13 10:54,1681354487,cc-cc408-hya,data-node-01,9.9.2.153,elasticsearch_os_load5,5.13
2023/4/13 10:55,1681354547,cc-cc408-hya,data-node-01,9.9.2.153,elasticsearch_os_load5,4.98
2023/4/13 10:56,1681354607,cc-cc408-hya,data-node-01,9.9.2.153,elasticsearch_os_load5,5.09
2023/4/13 10:57,1681354667,cc-cc408-hya,data-node-01,9.9.2.153,elasticsearch_os_load5,4.97
2023/4/13 10:58,1681354727,cc-cc408-hya,data-node-01,9.9.2.153,elasticsearch_os_load5,5.08
2023/4/13 10:59,1681354787,cc-cc408-hya,data-node-01,9.9.2.153,elasticsearch_os_load5,4.92
2023/4/13 11:00,1681354847,cc-cc408-hya,data-node-01,9.9.2.153,elasticsearch_os_load5,4.79
2023/4/13 11:01,1681354907,cc-cc408-hya,data-node-01,9.9.2.153,elasticsearch_os_load5,4.89
2023/4/13 11:02,1681354967,cc-cc408-hya,data-node-01,9.9.2.153,elasticsearch_os_load5,5.2
2023/4/13 11:03,1681355027,cc-cc408-hya,data-node-01,9.9.2.153,elasticsearch_os_load5,5.16
2023/4/13 11:04,1681355087,cc-cc408-hya,data-node-01,9.9.2.153,elasticsearch_os_load5,4.96
2023/4/13 11:05,1681355147,cc-cc408-hya,data-node-01,9.9.2.153,elasticsearch_os_load5,5.02
2023/4/13 11:06,1681355207,cc-cc408-hya,data-node-01,9.9.2.153,elasticsearch_os_load5,5.25
2023/4/13 11:07,1681355267,cc-cc408-hya,data-node-01,9.9.2.153,elasticsearch_os_load5,5.09
2023/4/13 11:08,1681355327,cc-cc408-hya,data-node-01,9.9.2.153,elasticsearch_os_load5,5.07
2023/4/13 11:09,1681355387,cc-cc408-hya,data-node-01,9.9.2.153,elasticsearch_os_load5,5.02
2023/4/13 11:10,1681355447,cc-cc408-hya,data-node-01,9.9.2.153,elasticsearch_os_load5,4.97
2023/4/13 11:11,1681355507,cc-cc408-hya,data-node-01,9.9.2.153,elasticsearch_os_load5,4.82
2023/4/13 11:12,1681355567,cc-cc408-hya,data-node-01,9.9.2.153,elasticsearch_os_load5,4.88
2023/4/13 11:13,1681355627,cc-cc408-hya,data-node-01,9.9.2.153,elasticsearch_os_load5,4.91
2023/4/13 11:14,1681355687,cc-cc408-hya,data-node-01,9.9.2.153,elasticsearch_os_load5,5.2
2023/4/13 11:15,1681355747,cc-cc408-hya,data-node-01,9.9.2.153,elasticsearch_os_load5,4.7
2023/4/13 11:16,1681355807,cc-cc408-hya,data-node-01,9.9.2.153,elasticsearch_os_load5,4.56
2023/4/13 11:17,1681355867,cc-cc408-hya,data-node-01,9.9.2.153,elasticsearch_os_load5,4.55
2023/4/13 11:18,1681355927,cc-cc408-hya,data-node-01,9.9.2.153,elasticsearch_os_load5,4.34
2023/4/13 11:19,1681355987,cc-cc408-hya,data-node-01,9.9.2.153,elasticsearch_os_load5,4.27
2023/4/13 11:20,1681356047,cc-cc408-hya,data-node-01,9.9.2.153,elasticsearch_os_load5,4.77
2023/4/13 11:21,1681356107,cc-cc408-hya,data-node-01,9.9.2.153,elasticsearch_os_load5,4.73
2023/4/13 11:22,1681356167,cc-cc408-hya,data-node-01,9.9.2.153,elasticsearch_os_load5,4.92
2023/4/13 11:23,1681356227,cc-cc408-hya,data-node-01,9.9.2.153,elasticsearch_os_load5,4.76
2023/4/13 11:24,1681356287,cc-cc408-hya,data-node-01,9.9.2.153,elasticsearch_os_load5,4.61
2023/4/13 11:25,1681356347,cc-cc408-hya,data-node-01,9.9.2.153,elasticsearch_os_load5,4.44
2023/4/13 11:26,1681356407,cc-cc408-hya,data-node-01,9.9.2.153,elasticsearch_os_load5,4.12
2023/4/13 11:27,1681356467,cc-cc408-hya,data-node-01,9.9.2.153,elasticsearch_os_load5,3.98
2023/4/13 11:28,1681356527,cc-cc408-hya,data-node-01,9.9.2.153,elasticsearch_os_load5,4.39
2023/4/13 11:29,1681356587,cc-cc408-hya,data-node-01,9.9.2.153,elasticsearch_os_load5,4.18
2023/4/13 11:30,1681356647,cc-cc408-hya,data-node-01,9.9.2.153,elasticsearch_os_load5,4.42
2023/4/13 11:31,1681356707,cc-cc408-hya,data-node-01,9.9.2.153,elasticsearch_os_load5,4.16
2023/4/13 11:32,1681356767,cc-cc408-hya,data-node-01,9.9.2.153,elasticsearch_os_load5,4.49
2023/4/13 11:33,1681356827,cc-cc408-hya,data-node-01,9.9.2.153,elasticsearch_os_load5,4.65
2023/4/13 11:34,1681356887,cc-cc408-hya,data-node-01,9.9.2.153,elasticsearch_os_load5,4.77
2023/4/13 11:35,1681356947,cc-cc408-hya,data-node-01,9.9.2.153,elasticsearch_os_load5,5.01
2023/4/13 11:36,1681357007,cc-cc408-hya,data-node-01,9.9.2.153,elasticsearch_os_load5,4.77
2023/4/13 11:37,1681357067,cc-cc408-hya,data-node-01,9.9.2.153,elasticsearch_os_load5,4.72
2023/4/13 11:38,1681357127,cc-cc408-hya,data-node-01,9.9.2.153,elasticsearch_os_load5,4.42
2023/4/13 11:39,1681357187,cc-cc408-hya,data-node-01,9.9.2.153,elasticsearch_os_load5,4.22
2023/4/13 11:40,1681357247,cc-cc408-hya,data-node-01,9.9.2.153,elasticsearch_os_load5,3.87
2023/4/13 11:41,1681357307,cc-cc408-hya,data-node-01,9.9.2.153,elasticsearch_os_load5,4.01
2023/4/13 11:42,1681357367,cc-cc408-hya,data-node-01,9.9.2.153,elasticsearch_os_load5,4.22
2023/4/13 11:43,1681357427,cc-cc408-hya,data-node-01,9.9.2.153,elasticsearch_os_load5,4.33
2023/4/13 11:44,1681357487,cc-cc408-hya,data-node-01,9.9.2.153,elasticsearch_os_load5,4.32
2023/4/13 11:45,1681357547,cc-cc408-hya,data-node-01,9.9.2.153,elasticsearch_os_load5,4.54
2023/4/13 11:46,1681357607,cc-cc408-hya,data-node-01,9.9.2.153,elasticsearch_os_load5,4.56
2023/4/13 11:47,1681357667,cc-cc408-hya,data-node-01,9.9.2.153,elasticsearch_os_load5,4.87
2023/4/13 11:48,1681357727,cc-cc408-hya,data-node-01,9.9.2.153,elasticsearch_os_load5,4.97
2023/4/13 11:49,1681357787,cc-cc408-hya,data-node-01,9.9.2.153,elasticsearch_os_load5,5.09
2023/4/13 11:50,1681357847,cc-cc408-hya,data-node-01,9.9.2.153,elasticsearch_os_load5,4.78
2023/4/13 11:51,1681357907,cc-cc408-hya,data-node-01,9.9.2.153,elasticsearch_os_load5,4.69
2023/4/13 11:52,1681357967,cc-cc408-hya,data-node-01,9.9.2.153,elasticsearch_os_load5,4.77
2023/4/13 11:53,1681358027,cc-cc408-hya,data-node-01,9.9.2.153,elasticsearch_os_load5,4.93
2023/4/13 11:54,1681358087,cc-cc408-hya,data-node-01,9.9.2.153,elasticsearch_os_load5,4.91
2023/4/13 11:55,1681358147,cc-cc408-hya,data-node-01,9.9.2.153,elasticsearch_os_load5,4.66
2023/4/13 11:56,1681358207,cc-cc408-hya,data-node-01,9.9.2.153,elasticsearch_os_load5,4.91
2023/4/13 11:57,1681358267,cc-cc408-hya,data-node-01,9.9.2.153,elasticsearch_os_load5,4.5
2023/4/13 11:58,1681358327,cc-cc408-hya,data-node-01,9.9.2.153,elasticsearch_os_load5,4.79
2023/4/13 11:59,1681358387,cc-cc408-hya,data-node-01,9.9.2.153,elasticsearch_os_load5,4.59
2023/4/13 12:00,1681358447,cc-cc408-hya,data-node-01,9.9.2.153,elasticsearch_os_load5,4.51
2023/4/13 12:01,1681358507,cc-cc408-hya,data-node-01,9.9.2.153,elasticsearch_os_load5,4.34
2023/4/13 12:02,1681358567,cc-cc408-hya,data-node-01,9.9.2.153,elasticsearch_os_load5,4.31
2023/4/13 12:03,1681358627,cc-cc408-hya,data-node-01,9.9.2.153,elasticsearch_os_load5,4.54
2023/4/13 12:04,1681358687,cc-cc408-hya,data-node-01,9.9.2.153,elasticsearch_os_load5,4.34
2023/4/13 12:05,1681358747,cc-cc408-hya,data-node-01,9.9.2.153,elasticsearch_os_load5,4.51
2023/4/13 12:06,1681358807,cc-cc408-hya,data-node-01,9.9.2.153,elasticsearch_os_load5,4.17
2023/4/13 12:07,1681358867,cc-cc408-hya,data-node-01,9.9.2.153,elasticsearch_os_load5,3.93
2023/4/13 12:08,1681358927,cc-cc408-hya,data-node-01,9.9.2.153,elasticsearch_os_load5,3.94
2023/4/13 12:09,1681358987,cc-cc408-hya,data-node-01,9.9.2.153,elasticsearch_os_load5,3.79
2023/4/13 12:10,1681359047,cc-cc408-hya,data-node-01,9.9.2.153,elasticsearch_os_load5,3.67
2023/4/13 12:11,1681359107,cc-cc408-hya,data-node-01,9.9.2.153,elasticsearch_os_load5,3.64
2023/4/13 12:12,1681359167,cc-cc408-hya,data-node-01,9.9.2.153,elasticsearch_os_load5,3.61
2023/4/13 12:13,1681359227,cc-cc408-hya,data-node-01,9.9.2.153,elasticsearch_os_load5,3.74
2023/4/13 12:14,1681359287,cc-cc408-hya,data-node-01,9.9.2.153,elasticsearch_os_load5,3.59
2023/4/13 12:15,1681359347,cc-cc408-hya,data-node-01,9.9.2.153,elasticsearch_os_load5,3.99
2023/4/13 12:16,1681359407,cc-cc408-hya,data-node-01,9.9.2.153,elasticsearch_os_load5,4.55
2023/4/13 12:17,1681359467,cc-cc408-hya,data-node-01,9.9.2.153,elasticsearch_os_load5,4.25
2023/4/13 12:18,1681359527,cc-cc408-hya,data-node-01,9.9.2.153,elasticsearch_os_load5,4.02
2023/4/13 12:19,1681359587,cc-cc408-hya,data-node-01,9.9.2.153,elasticsearch_os_load5,3.66
2023/4/13 12:20,1681359647,cc-cc408-hya,data-node-01,9.9.2.153,elasticsearch_os_load5,3.47
2023/4/13 12:21,1681359707,cc-cc408-hya,data-node-01,9.9.2.153,elasticsearch_os_load5,3.41
2023/4/13 12:22,1681359767,cc-cc408-hya,data-node-01,9.9.2.153,elasticsearch_os_load5,3.41
2023/4/13 12:23,1681359827,cc-cc408-hya,data-node-01,9.9.2.153,elasticsearch_os_load5,3.4
2023/4/13 12:24,1681359887,cc-cc408-hya,data-node-01,9.9.2.153,elasticsearch_os_load5,3.37
2023/4/13 12:25,1681359947,cc-cc408-hya,data-node-01,9.9.2.153,elasticsearch_os_load5,3.42
2023/4/13 12:26,1681360007,cc-cc408-hya,data-node-01,9.9.2.153,elasticsearch_os_load5,3.32
2023/4/13 12:27,1681360067,cc-cc408-hya,data-node-01,9.9.2.153,elasticsearch_os_load5,3.32
2023/4/13 12:28,1681360127,cc-cc408-hya,data-node-01,9.9.2.153,elasticsearch_os_load5,3.05
2023/4/13 12:29,1681360187,cc-cc408-hya,data-node-01,9.9.2.153,elasticsearch_os_load5,3.1
2023/4/13 12:30,1681360247,cc-cc408-hya,data-node-01,9.9.2.153,elasticsearch_os_load5,3.06
2023/4/13 12:31,1681360307,cc-cc408-hya,data-node-01,9.9.2.153,elasticsearch_os_load5,3.24
2023/4/13 12:32,1681360367,cc-cc408-hya,data-node-01,9.9.2.153,elasticsearch_os_load5,3.28
2023/4/13 12:33,1681360427,cc-cc408-hya,data-node-01,9.9.2.153,elasticsearch_os_load5,3.09
2023/4/13 12:34,1681360487,cc-cc408-hya,data-node-01,9.9.2.153,elasticsearch_os_load5,3
2023/4/13 12:35,1681360547,cc-cc408-hya,data-node-01,9.9.2.153,elasticsearch_os_load5,3.02
2023/4/13 12:36,1681360607,cc-cc408-hya,data-node-01,9.9.2.153,elasticsearch_os_load5,3.29
2023/4/13 12:37,1681360667,cc-cc408-hya,data-node-01,9.9.2.153,elasticsearch_os_load5,3.32
2023/4/13 12:38,1681360727,cc-cc408-hya,data-node-01,9.9.2.153,elasticsearch_os_load5,3.65
2023/4/13 12:39,1681360787,cc-cc408-hya,data-node-01,9.9.2.153,elasticsearch_os_load5,3.45
2023/4/13 12:40,1681360847,cc-cc408-hya,data-node-01,9.9.2.153,elasticsearch_os_load5,3.3
2023/4/13 12:41,1681360907,cc-cc408-hya,data-node-01,9.9.2.153,elasticsearch_os_load5,3.3
2023/4/13 12:42,1681360967,cc-cc408-hya,data-node-01,9.9.2.153,elasticsearch_os_load5,2.97
2023/4/13 12:43,1681361027,cc-cc408-hya,data-node-01,9.9.2.153,elasticsearch_os_load5,2.76
2023/4/13 12:44,1681361087,cc-cc408-hya,data-node-01,9.9.2.153,elasticsearch_os_load5,2.68
2023/4/13 12:45,1681361147,cc-cc408-hya,data-node-01,9.9.2.153,elasticsearch_os_load5,2.67
2023/4/13 12:46,1681361207,cc-cc408-hya,data-node-01,9.9.2.153,elasticsearch_os_load5,2.68
2023/4/13 12:47,1681361267,cc-cc408-hya,data-node-01,9.9.2.153,elasticsearch_os_load5,2.88
2023/4/13 12:48,1681361327,cc-cc408-hya,data-node-01,9.9.2.153,elasticsearch_os_load5,2.82
2023/4/13 12:49,1681361387,cc-cc408-hya,data-node-01,9.9.2.153,elasticsearch_os_load5,2.85
2023/4/13 12:50,1681361447,cc-cc408-hya,data-node-01,9.9.2.153,elasticsearch_os_load5,2.81
2023/4/13 12:51,1681361507,cc-cc408-hya,data-node-01,9.9.2.153,elasticsearch_os_load5,2.86
2023/4/13 12:52,1681361567,cc-cc408-hya,data-node-01,9.9.2.153,elasticsearch_os_load5,3.12
2023/4/13 12:53,1681361627,cc-cc408-hya,data-node-01,9.9.2.153,elasticsearch_os_load5,3.77
2023/4/13 12:54,1681361687,cc-cc408-hya,data-node-01,9.9.2.153,elasticsearch_os_load5,3.59
2023/4/13 12:55,1681361747,cc-cc408-hya,data-node-01,9.9.2.153,elasticsearch_os_load5,3.54
2023/4/13 12:56,1681361807,cc-cc408-hya,data-node-01,9.9.2.153,elasticsearch_os_load5,3.74
2023/4/13 12:57,1681361867,cc-cc408-hya,data-node-01,9.9.2.153,elasticsearch_os_load5,3.97
2023/4/13 12:58,1681361927,cc-cc408-hya,data-node-01,9.9.2.153,elasticsearch_os_load5,4.07
2023/4/13 12:59,1681361987,cc-cc408-hya,data-node-01,9.9.2.153,elasticsearch_os_load5,3.92
2023/4/13 13:00,1681362047,cc-cc408-hya,data-node-01,9.9.2.153,elasticsearch_os_load5,3.95
2023/4/13 13:01,1681362107,cc-cc408-hya,data-node-01,9.9.2.153,elasticsearch_os_load5,3.67
2023/4/13 13:02,1681362167,cc-cc408-hya,data-node-01,9.9.2.153,elasticsearch_os_load5,3.39
2023/4/13 13:03,1681362227,cc-cc408-hya,data-node-01,9.9.2.153,elasticsearch_os_load5,3.78
2023/4/13 13:04,1681362287,cc-cc408-hya,data-node-01,9.9.2.153,elasticsearch_os_load5,3.6
2023/4/13 13:05,1681362347,cc-cc408-hya,data-node-01,9.9.2.153,elasticsearch_os_load5,3.46
2023/4/13 13:06,1681362407,cc-cc408-hya,data-node-01,9.9.2.153,elasticsearch_os_load5,3.5
2023/4/13 13:07,1681362467,cc-cc408-hya,data-node-01,9.9.2.153,elasticsearch_os_load5,3.31
2023/4/13 13:08,1681362527,cc-cc408-hya,data-node-01,9.9.2.153,elasticsearch_os_load5,3.07
2023/4/13 13:09,1681362587,cc-cc408-hya,data-node-01,9.9.2.153,elasticsearch_os_load5,3.27
2023/4/13 13:10,1681362647,cc-cc408-hya,data-node-01,9.9.2.153,elasticsearch_os_load5,3.27
2023/4/13 13:11,1681362707,cc-cc408-hya,data-node-01,9.9.2.153,elasticsearch_os_load5,3.17
2023/4/13 13:12,1681362767,cc-cc408-hya,data-node-01,9.9.2.153,elasticsearch_os_load5,3.07
2023/4/13 13:13,1681362827,cc-cc408-hya,data-node-01,9.9.2.153,elasticsearch_os_load5,3.02
2023/4/13 13:14,1681362887,cc-cc408-hya,data-node-01,9.9.2.153,elasticsearch_os_load5,2.92
2023/4/13 13:15,1681362947,cc-cc408-hya,data-node-01,9.9.2.153,elasticsearch_os_load5,2.97
2023/4/13 13:16,1681363007,cc-cc408-hya,data-node-01,9.9.2.153,elasticsearch_os_load5,2.91
2023/4/13 13:17,1681363067,cc-cc408-hya,data-node-01,9.9.2.153,elasticsearch_os_load5,2.76
2023/4/13 13:18,1681363127,cc-cc408-hya,data-node-01,9.9.2.153,elasticsearch_os_load5,2.7
2023/4/13 13:19,1681363187,cc-cc408-hya,data-node-01,9.9.2.153,elasticsearch_os_load5,2.75
2023/4/13 13:20,1681363247,cc-cc408-hya,data-node-01,9.9.2.153,elasticsearch_os_load5,2.71
2023/4/13 13:21,1681363307,cc-cc408-hya,data-node-01,9.9.2.153,elasticsearch_os_load5,2.65
2023/4/13 13:22,1681363367,cc-cc408-hya,data-node-01,9.9.2.153,elasticsearch_os_load5,2.61
2023/4/13 13:23,1681363427,cc-cc408-hya,data-node-01,9.9.2.153,elasticsearch_os_load5,2.57
2023/4/13 13:24,1681363487,cc-cc408-hya,data-node-01,9.9.2.153,elasticsearch_os_load5,2.5
2023/4/13 13:25,1681363547,cc-cc408-hya,data-node-01,9.9.2.153,elasticsearch_os_load5,2.78
2023/4/13 13:26,1681363607,cc-cc408-hya,data-node-01,9.9.2.153,elasticsearch_os_load5,2.67
2023/4/13 13:27,1681363667,cc-cc408-hya,data-node-01,9.9.2.153,elasticsearch_os_load5,2.55
2023/4/13 13:28,1681363727,cc-cc408-hya,data-node-01,9.9.2.153,elasticsearch_os_load5,2.57
2023/4/13 13:29,1681363787,cc-cc408-hya,data-node-01,9.9.2.153,elasticsearch_os_load5,2.57
2023/4/13 13:30,1681363847,cc-cc408-hya,data-node-01,9.9.2.153,elasticsearch_os_load5,2.28
2023/4/13 13:31,1681363907,cc-cc408-hya,data-node-01,9.9.2.153,elasticsearch_os_load5,2.45
2023/4/13 13:32,1681363967,cc-cc408-hya,data-node-01,9.9.2.153,elasticsearch_os_load5,2.54
2023/4/13 13:33,1681364027,cc-cc408-hya,data-node-01,9.9.2.153,elasticsearch_os_load5,2.33
2023/4/13 13:34,1681364087,cc-cc408-hya,data-node-01,9.9.2.153,elasticsearch_os_load5,2.43
2023/4/13 13:35,1681364147,cc-cc408-hya,data-node-01,9.9.2.153,elasticsearch_os_load5,2.5
2023/4/13 13:36,1681364207,cc-cc408-hya,data-node-01,9.9.2.153,elasticsearch_os_load5,2.47
2023/4/13 13:37,1681364267,cc-cc408-hya,data-node-01,9.9.2.153,elasticsearch_os_load5,2.43
2023/4/13 13:38,1681364327,cc-cc408-hya,data-node-01,9.9.2.153,elasticsearch_os_load5,2.34
2023/4/13 13:39,1681364387,cc-cc408-hya,data-node-01,9.9.2.153,elasticsearch_os_load5,2.59
2023/4/13 13:40,1681364447,cc-cc408-hya,data-node-01,9.9.2.153,elasticsearch_os_load5,2.81
2023/4/13 13:41,1681364507,cc-cc408-hya,data-node-01,9.9.2.153,elasticsearch_os_load5,2.91
2023/4/13 13:42,1681364567,cc-cc408-hya,data-node-01,9.9.2.153,elasticsearch_os_load5,2.97
2023/4/13 13:43,1681364627,cc-cc408-hya,data-node-01,9.9.2.153,elasticsearch_os_load5,3.07
2023/4/13 13:44,1681364687,cc-cc408-hya,data-node-01,9.9.2.153,elasticsearch_os_load5,3.47
2023/4/13 13:45,1681364747,cc-cc408-hya,data-node-01,9.9.2.153,elasticsearch_os_load5,3.17
2023/4/13 13:46,1681364807,cc-cc408-hya,data-node-01,9.9.2.153,elasticsearch_os_load5,3.4
2023/4/13 13:47,1681364867,cc-cc408-hya,data-node-01,9.9.2.153,elasticsearch_os_load5,3.58
2023/4/13 13:48,1681364927,cc-cc408-hya,data-node-01,9.9.2.153,elasticsearch_os_load5,3.55
2023/4/13 13:49,1681364987,cc-cc408-hya,data-node-01,9.9.2.153,elasticsearch_os_load5,3.67
2023/4/13 13:50,1681365047,cc-cc408-hya,data-node-01,9.9.2.153,elasticsearch_os_load5,3.65
2023/4/13 13:51,1681365107,cc-cc408-hya,data-node-01,9.9.2.153,elasticsearch_os_load5,4.12
2023/4/13 13:52,1681365167,cc-cc408-hya,data-node-01,9.9.2.153,elasticsearch_os_load5,3.91
2023/4/13 13:53,1681365227,cc-cc408-hya,data-node-01,9.9.2.153,elasticsearch_os_load5,3.85
2023/4/13 13:54,1681365287,cc-cc408-hya,data-node-01,9.9.2.153,elasticsearch_os_load5,3.96
2023/4/13 13:55,1681365347,cc-cc408-hya,data-node-01,9.9.2.153,elasticsearch_os_load5,4
2023/4/13 13:56,1681365407,cc-cc408-hya,data-node-01,9.9.2.153,elasticsearch_os_load5,4.36
2023/4/13 13:57,1681365467,cc-cc408-hya,data-node-01,9.9.2.153,elasticsearch_os_load5,4.38
2023/4/13 13:58,1681365527,cc-cc408-hya,data-node-01,9.9.2.153,elasticsearch_os_load5,4.33
2023/4/13 13:59,1681365587,cc-cc408-hya,data-node-01,9.9.2.153,elasticsearch_os_load5,4.12
2023/4/13 14:00,1681365647,cc-cc408-hya,data-node-01,9.9.2.153,elasticsearch_os_load5,4.24
2023/4/13 14:01,1681365707,cc-cc408-hya,data-node-01,9.9.2.153,elasticsearch_os_load5,4.26
2023/4/13 14:02,1681365767,cc-cc408-hya,data-node-01,9.9.2.153,elasticsearch_os_load5,3.9
2023/4/13 14:03,1681365827,cc-cc408-hya,data-node-01,9.9.2.153,elasticsearch_os_load5,3.85
2023/4/13 14:04,1681365887,cc-cc408-hya,data-node-01,9.9.2.153,elasticsearch_os_load5,3.89
2023/4/13 14:05,1681365947,cc-cc408-hya,data-node-01,9.9.2.153,elasticsearch_os_load5,3.88
2023/4/13 14:06,1681366007,cc-cc408-hya,data-node-01,9.9.2.153,elasticsearch_os_load5,3.79
2023/4/13 14:07,1681366067,cc-cc408-hya,data-node-01,9.9.2.153,elasticsearch_os_load5,3.74
2023/4/13 14:08,1681366127,cc-cc408-hya,data-node-01,9.9.2.153,elasticsearch_os_load5,3.65
2023/4/13 14:09,1681366187,cc-cc408-hya,data-node-01,9.9.2.153,elasticsearch_os_load5,3.74
2023/4/13 14:10,1681366247,cc-cc408-hya,data-node-01,9.9.2.153,elasticsearch_os_load5,3.81
2023/4/13 14:11,1681366307,cc-cc408-hya,data-node-01,9.9.2.153,elasticsearch_os_load5,3.83
2023/4/13 14:12,1681366367,cc-cc408-hya,data-node-01,9.9.2.153,elasticsearch_os_load5,3.77
2023/4/13 14:13,1681366427,cc-cc408-hya,data-node-01,9.9.2.153,elasticsearch_os_load5,3.93
2023/4/13 14:14,1681366487,cc-cc408-hya,data-node-01,9.9.2.153,elasticsearch_os_load5,4.01
2023/4/13 14:15,1681366547,cc-cc408-hya,data-node-01,9.9.2.153,elasticsearch_os_load5,4.16
2023/4/13 14:16,1681366607,cc-cc408-hya,data-node-01,9.9.2.153,elasticsearch_os_load5,4.1
2023/4/13 14:17,1681366667,cc-cc408-hya,data-node-01,9.9.2.153,elasticsearch_os_load5,4.01
2023/4/13 14:18,1681366727,cc-cc408-hya,data-node-01,9.9.2.153,elasticsearch_os_load5,4.11
2023/4/13 14:19,1681366787,cc-cc408-hya,data-node-01,9.9.2.153,elasticsearch_os_load5,3.94
2023/4/13 14:20,1681366847,cc-cc408-hya,data-node-01,9.9.2.153,elasticsearch_os_load5,4
2023/4/13 14:21,1681366907,cc-cc408-hya,data-node-01,9.9.2.153,elasticsearch_os_load5,4.27
2023/4/13 14:22,1681366967,cc-cc408-hya,data-node-01,9.9.2.153,elasticsearch_os_load5,4.41
2023/4/13 14:23,1681367027,cc-cc408-hya,data-node-01,9.9.2.153,elasticsearch_os_load5,4.76
2023/4/13 14:24,1681367087,cc-cc408-hya,data-node-01,9.9.2.153,elasticsearch_os_load5,4.83
2023/4/13 14:25,1681367147,cc-cc408-hya,data-node-01,9.9.2.153,elasticsearch_os_load5,4.7
2023/4/13 14:26,1681367207,cc-cc408-hya,data-node-01,9.9.2.153,elasticsearch_os_load5,4.63
2023/4/13 14:27,1681367267,cc-cc408-hya,data-node-01,9.9.2.153,elasticsearch_os_load5,4.53
2023/4/13 14:28,1681367327,cc-cc408-hya,data-node-01,9.9.2.153,elasticsearch_os_load5,4.61
2023/4/13 14:29,1681367387,cc-cc408-hya,data-node-01,9.9.2.153,elasticsearch_os_load5,4.66
2023/4/13 14:30,1681367447,cc-cc408-hya,data-node-01,9.9.2.153,elasticsearch_os_load5,5.06
2023/4/13 14:31,1681367507,cc-cc408-hya,data-node-01,9.9.2.153,elasticsearch_os_load5,5.18
2023/4/13 14:32,1681367567,cc-cc408-hya,data-node-01,9.9.2.153,elasticsearch_os_load5,6.24
2023/4/13 14:33,1681367627,cc-cc408-hya,data-node-01,9.9.2.153,elasticsearch_os_load5,5.76
2023/4/13 14:34,1681367687,cc-cc408-hya,data-node-01,9.9.2.153,elasticsearch_os_load5,5.84
2023/4/13 14:35,1681367747,cc-cc408-hya,data-node-01,9.9.2.153,elasticsearch_os_load5,5.93
2023/4/13 14:36,1681367807,cc-cc408-hya,data-node-01,9.9.2.153,elasticsearch_os_load5,5.65
2023/4/13 14:37,1681367867,cc-cc408-hya,data-node-01,9.9.2.153,elasticsearch_os_load5,5.63
2023/4/13 14:38,1681367927,cc-cc408-hya,data-node-01,9.9.2.153,elasticsearch_os_load5,5.24
2023/4/13 14:39,1681367987,cc-cc408-hya,data-node-01,9.9.2.153,elasticsearch_os_load5,5.26
2023/4/13 14:40,1681368047,cc-cc408-hya,data-node-01,9.9.2.153,elasticsearch_os_load5,5.1
2023/4/13 14:41,1681368107,cc-cc408-hya,data-node-01,9.9.2.153,elasticsearch_os_load5,4.7
2023/4/13 14:42,1681368167,cc-cc408-hya,data-node-01,9.9.2.153,elasticsearch_os_load5,5.14
2023/4/13 14:43,1681368227,cc-cc408-hya,data-node-01,9.9.2.153,elasticsearch_os_load5,5.21
2023/4/13 14:44,1681368287,cc-cc408-hya,data-node-01,9.9.2.153,elasticsearch_os_load5,4.88
2023/4/13 14:45,1681368347,cc-cc408-hya,data-node-01,9.9.2.153,elasticsearch_os_load5,4.83
2023/4/13 14:46,1681368407,cc-cc408-hya,data-node-01,9.9.2.153,elasticsearch_os_load5,4.89
2023/4/13 14:47,1681368467,cc-cc408-hya,data-node-01,9.9.2.153,elasticsearch_os_load5,5.52
2023/4/13 14:48,1681368527,cc-cc408-hya,data-node-01,9.9.2.153,elasticsearch_os_load5,5.52
2023/4/13 14:49,1681368587,cc-cc408-hya,data-node-01,9.9.2.153,elasticsearch_os_load5,5.4
2023/4/13 14:50,1681368647,cc-cc408-hya,data-node-01,9.9.2.153,elasticsearch_os_load5,5.31
2023/4/13 14:51,1681368707,cc-cc408-hya,data-node-01,9.9.2.153,elasticsearch_os_load5,5.26
2023/4/13 14:52,1681368767,cc-cc408-hya,data-node-01,9.9.2.153,elasticsearch_os_load5,5.3
2023/4/13 14:53,1681368827,cc-cc408-hya,data-node-01,9.9.2.153,elasticsearch_os_load5,5.17
2023/4/13 14:54,1681368887,cc-cc408-hya,data-node-01,9.9.2.153,elasticsearch_os_load5,4.81
2023/4/13 14:55,1681368947,cc-cc408-hya,data-node-01,9.9.2.153,elasticsearch_os_load5,4.63
2023/4/13 14:56,1681369007,cc-cc408-hya,data-node-01,9.9.2.153,elasticsearch_os_load5,4.78
2023/4/13 14:57,1681369067,cc-cc408-hya,data-node-01,9.9.2.153,elasticsearch_os_load5,4.7
2023/4/13 14:58,1681369127,cc-cc408-hya,data-node-01,9.9.2.153,elasticsearch_os_load5,4.65
2023/4/13 14:59,1681369187,cc-cc408-hya,data-node-01,9.9.2.153,elasticsearch_os_load5,4.56
2023/4/13 15:00,1681369247,cc-cc408-hya,data-node-01,9.9.2.153,elasticsearch_os_load5,4.53
2023/4/13 15:01,1681369307,cc-cc408-hya,data-node-01,9.9.2.153,elasticsearch_os_load5,4.49
2023/4/13 15:02,1681369367,cc-cc408-hya,data-node-01,9.9.2.153,elasticsearch_os_load5,4.33
2023/4/13 15:03,1681369427,cc-cc408-hya,data-node-01,9.9.2.153,elasticsearch_os_load5,4.26
2023/4/13 15:04,1681369487,cc-cc408-hya,data-node-01,9.9.2.153,elasticsearch_os_load5,4.31
2023/4/13 15:05,1681369547,cc-cc408-hya,data-node-01,9.9.2.153,elasticsearch_os_load5,4.46
2023/4/13 15:06,1681369607,cc-cc408-hya,data-node-01,9.9.2.153,elasticsearch_os_load5,4.6
2023/4/13 15:07,1681369667,cc-cc408-hya,data-node-01,9.9.2.153,elasticsearch_os_load5,4.59
2023/4/13 15:08,1681369727,cc-cc408-hya,data-node-01,9.9.2.153,elasticsearch_os_load5,4.6
2023/4/13 15:09,1681369787,cc-cc408-hya,data-node-01,9.9.2.153,elasticsearch_os_load5,4.31
2023/4/13 15:10,1681369847,cc-cc408-hya,data-node-01,9.9.2.153,elasticsearch_os_load5,4.46
2023/4/13 15:11,1681369907,cc-cc408-hya,data-node-01,9.9.2.153,elasticsearch_os_load5,4.77
2023/4/13 15:12,1681369967,cc-cc408-hya,data-node-01,9.9.2.153,elasticsearch_os_load5,4.49
2023/4/13 15:13,1681370027,cc-cc408-hya,data-node-01,9.9.2.153,elasticsearch_os_load5,4.64
2023/4/13 15:14,1681370087,cc-cc408-hya,data-node-01,9.9.2.153,elasticsearch_os_load5,4.8
2023/4/13 15:15,1681370147,cc-cc408-hya,data-node-01,9.9.2.153,elasticsearch_os_load5,5.32
2023/4/13 15:16,1681370207,cc-cc408-hya,data-node-01,9.9.2.153,elasticsearch_os_load5,5.12
2023/4/13 15:17,1681370267,cc-cc408-hya,data-node-01,9.9.2.153,elasticsearch_os_load5,5.08
2023/4/13 15:18,1681370327,cc-cc408-hya,data-node-01,9.9.2.153,elasticsearch_os_load5,5.13
2023/4/13 15:19,1681370387,cc-cc408-hya,data-node-01,9.9.2.153,elasticsearch_os_load5,4.97
2023/4/13 15:20,1681370447,cc-cc408-hya,data-node-01,9.9.2.153,elasticsearch_os_load5,4.95
2023/4/13 15:21,1681370507,cc-cc408-hya,data-node-01,9.9.2.153,elasticsearch_os_load5,4.61
2023/4/13 15:22,1681370567,cc-cc408-hya,data-node-01,9.9.2.153,elasticsearch_os_load5,4.57
2023/4/13 15:23,1681370627,cc-cc408-hya,data-node-01,9.9.2.153,elasticsearch_os_load5,4.51
2023/4/13 15:24,1681370687,cc-cc408-hya,data-node-01,9.9.2.153,elasticsearch_os_load5,4.38
2023/4/13 15:25,1681370747,cc-cc408-hya,data-node-01,9.9.2.153,elasticsearch_os_load5,4.29
2023/4/13 15:26,1681370807,cc-cc408-hya,data-node-01,9.9.2.153,elasticsearch_os_load5,4.55
2023/4/13 15:27,1681370867,cc-cc408-hya,data-node-01,9.9.2.153,elasticsearch_os_load5,4.55
2023/4/13 15:28,1681370927,cc-cc408-hya,data-node-01,9.9.2.153,elasticsearch_os_load5,4.82
2023/4/13 15:29,1681370987,cc-cc408-hya,data-node-01,9.9.2.153,elasticsearch_os_load5,4.5
2023/4/13 15:30,1681371047,cc-cc408-hya,data-node-01,9.9.2.153,elasticsearch_os_load5,4.46
2023/4/13 15:31,1681371107,cc-cc408-hya,data-node-01,9.9.2.153,elasticsearch_os_load5,4.37
2023/4/13 15:32,1681371167,cc-cc408-hya,data-node-01,9.9.2.153,elasticsearch_os_load5,4.14
2023/4/13 15:33,1681371227,cc-cc408-hya,data-node-01,9.9.2.153,elasticsearch_os_load5,4.09
2023/4/13 15:34,1681371287,cc-cc408-hya,data-node-01,9.9.2.153,elasticsearch_os_load5,4.01
2023/4/13 15:35,1681371347,cc-cc408-hya,data-node-01,9.9.2.153,elasticsearch_os_load5,3.88
2023/4/13 15:36,1681371407,cc-cc408-hya,data-node-01,9.9.2.153,elasticsearch_os_load5,4.12
2023/4/13 15:37,1681371467,cc-cc408-hya,data-node-01,9.9.2.153,elasticsearch_os_load5,3.98
2023/4/13 15:38,1681371527,cc-cc408-hya,data-node-01,9.9.2.153,elasticsearch_os_load5,4.18
2023/4/13 15:39,1681371587,cc-cc408-hya,data-node-01,9.9.2.153,elasticsearch_os_load5,3.94
2023/4/13 15:40,1681371647,cc-cc408-hya,data-node-01,9.9.2.153,elasticsearch_os_load5,4.22
2023/4/13 15:41,1681371707,cc-cc408-hya,data-node-01,9.9.2.153,elasticsearch_os_load5,4.42
2023/4/13 15:42,1681371767,cc-cc408-hya,data-node-01,9.9.2.153,elasticsearch_os_load5,4.32
2023/4/13 15:43,1681371827,cc-cc408-hya,data-node-01,9.9.2.153,elasticsearch_os_load5,4.59
2023/4/13 15:44,1681371887,cc-cc408-hya,data-node-01,9.9.2.153,elasticsearch_os_load5,4.62
2023/4/13 15:45,1681371947,cc-cc408-hya,data-node-01,9.9.2.153,elasticsearch_os_load5,4.87
2023/4/13 15:46,1681372007,cc-cc408-hya,data-node-01,9.9.2.153,elasticsearch_os_load5,4.8
2023/4/13 15:47,1681372067,cc-cc408-hya,data-node-01,9.9.2.153,elasticsearch_os_load5,4.56
2023/4/13 15:48,1681372127,cc-cc408-hya,data-node-01,9.9.2.153,elasticsearch_os_load5,4.64
2023/4/13 15:49,1681372187,cc-cc408-hya,data-node-01,9.9.2.153,elasticsearch_os_load5,4.72
2023/4/13 15:50,1681372247,cc-cc408-hya,data-node-01,9.9.2.153,elasticsearch_os_load5,5.12
2023/4/13 15:51,1681372307,cc-cc408-hya,data-node-01,9.9.2.153,elasticsearch_os_load5,5.09
2023/4/13 15:52,1681372367,cc-cc408-hya,data-node-01,9.9.2.153,elasticsearch_os_load5,4.96
2023/4/13 15:53,1681372427,cc-cc408-hya,data-node-01,9.9.2.153,elasticsearch_os_load5,5.06
2023/4/13 15:54,1681372487,cc-cc408-hya,data-node-01,9.9.2.153,elasticsearch_os_load5,5.1
2023/4/13 15:55,1681372547,cc-cc408-hya,data-node-01,9.9.2.153,elasticsearch_os_load5,5.21
2023/4/13 15:56,1681372607,cc-cc408-hya,data-node-01,9.9.2.153,elasticsearch_os_load5,4.96
2023/4/13 15:57,1681372667,cc-cc408-hya,data-node-01,9.9.2.153,elasticsearch_os_load5,4.83
2023/4/13 15:58,1681372727,cc-cc408-hya,data-node-01,9.9.2.153,elasticsearch_os_load5,5.18
2023/4/13 15:59,1681372787,cc-cc408-hya,data-node-01,9.9.2.153,elasticsearch_os_load5,5.21
2023/4/13 16:00,1681372847,cc-cc408-hya,data-node-01,9.9.2.153,elasticsearch_os_load5,5.31
2023/4/13 16:01,1681372907,cc-cc408-hya,data-node-01,9.9.2.153,elasticsearch_os_load5,6.15
2023/4/13 16:02,1681372967,cc-cc408-hya,data-node-01,9.9.2.153,elasticsearch_os_load5,6.31
2023/4/13 16:03,1681373027,cc-cc408-hya,data-node-01,9.9.2.153,elasticsearch_os_load5,6.25
2023/4/13 16:04,1681373087,cc-cc408-hya,data-node-01,9.9.2.153,elasticsearch_os_load5,6.05
2023/4/13 16:05,1681373147,cc-cc408-hya,data-node-01,9.9.2.153,elasticsearch_os_load5,5.78
2023/4/13 16:06,1681373207,cc-cc408-hya,data-node-01,9.9.2.153,elasticsearch_os_load5,5.71
2023/4/13 16:07,1681373267,cc-cc408-hya,data-node-01,9.9.2.153,elasticsearch_os_load5,5.79
2023/4/13 16:08,1681373327,cc-cc408-hya,data-node-01,9.9.2.153,elasticsearch_os_load5,6.38
2023/4/13 16:09,1681373387,cc-cc408-hya,data-node-01,9.9.2.153,elasticsearch_os_load5,6
2023/4/13 16:10,1681373447,cc-cc408-hya,data-node-01,9.9.2.153,elasticsearch_os_load5,6.14
2023/4/13 16:11,1681373507,cc-cc408-hya,data-node-01,9.9.2.153,elasticsearch_os_load5,6.05
2023/4/13 16:12,1681373567,cc-cc408-hya,data-node-01,9.9.2.153,elasticsearch_os_load5,5.94
2023/4/13 16:13,1681373627,cc-cc408-hya,data-node-01,9.9.2.153,elasticsearch_os_load5,5.5
2023/4/13 16:14,1681373687,cc-cc408-hya,data-node-01,9.9.2.153,elasticsearch_os_load5,5.83
2023/4/13 16:15,1681373747,cc-cc408-hya,data-node-01,9.9.2.153,elasticsearch_os_load5,5.48
2023/4/13 16:16,1681373807,cc-cc408-hya,data-node-01,9.9.2.153,elasticsearch_os_load5,5.61
2023/4/13 16:17,1681373867,cc-cc408-hya,data-node-01,9.9.2.153,elasticsearch_os_load5,5.44
2023/4/13 16:18,1681373927,cc-cc408-hya,data-node-01,9.9.2.153,elasticsearch_os_load5,5.3
2023/4/13 16:19,1681373987,cc-cc408-hya,data-node-01,9.9.2.153,elasticsearch_os_load5,5.38
2023/4/13 16:20,1681374047,cc-cc408-hya,data-node-01,9.9.2.153,elasticsearch_os_load5,5.54
2023/4/13 16:21,1681374107,cc-cc408-hya,data-node-01,9.9.2.153,elasticsearch_os_load5,5.62
2023/4/13 16:22,1681374167,cc-cc408-hya,data-node-01,9.9.2.153,elasticsearch_os_load5,5.36
2023/4/13 16:23,1681374227,cc-cc408-hya,data-node-01,9.9.2.153,elasticsearch_os_load5,5.11
2023/4/13 16:24,1681374287,cc-cc408-hya,data-node-01,9.9.2.153,elasticsearch_os_load5,5.22
2023/4/13 16:25,1681374347,cc-cc408-hya,data-node-01,9.9.2.153,elasticsearch_os_load5,5.5
2023/4/13 16:26,1681374407,cc-cc408-hya,data-node-01,9.9.2.153,elasticsearch_os_load5,5.97
2023/4/13 16:27,1681374467,cc-cc408-hya,data-node-01,9.9.2.153,elasticsearch_os_load5,5.95
2023/4/13 16:28,1681374527,cc-cc408-hya,data-node-01,9.9.2.153,elasticsearch_os_load5,5.94
2023/4/13 16:29,1681374587,cc-cc408-hya,data-node-01,9.9.2.153,elasticsearch_os_load5,5.8
2023/4/13 16:30,1681374647,cc-cc408-hya,data-node-01,9.9.2.153,elasticsearch_os_load5,5.76
2023/4/13 16:31,1681374707,cc-cc408-hya,data-node-01,9.9.2.153,elasticsearch_os_load5,5.88
2023/4/13 16:32,1681374767,cc-cc408-hya,data-node-01,9.9.2.153,elasticsearch_os_load5,5.95
2023/4/13 16:33,1681374827,cc-cc408-hya,data-node-01,9.9.2.153,elasticsearch_os_load5,6.12
2023/4/13 16:34,1681374887,cc-cc408-hya,data-node-01,9.9.2.153,elasticsearch_os_load5,6.01
2023/4/13 16:35,1681374947,cc-cc408-hya,data-node-01,9.9.2.153,elasticsearch_os_load5,5.93
2023/4/13 16:36,1681375007,cc-cc408-hya,data-node-01,9.9.2.153,elasticsearch_os_load5,5.86
2023/4/13 16:37,1681375067,cc-cc408-hya,data-node-01,9.9.2.153,elasticsearch_os_load5,5.62
2023/4/13 16:38,1681375127,cc-cc408-hya,data-node-01,9.9.2.153,elasticsearch_os_load5,5.76
2023/4/13 16:39,1681375187,cc-cc408-hya,data-node-01,9.9.2.153,elasticsearch_os_load5,5.85
2023/4/13 16:40,1681375247,cc-cc408-hya,data-node-01,9.9.2.153,elasticsearch_os_load5,5.77
2023/4/13 16:41,1681375307,cc-cc408-hya,data-node-01,9.9.2.153,elasticsearch_os_load5,5.55
2023/4/13 16:42,1681375367,cc-cc408-hya,data-node-01,9.9.2.153,elasticsearch_os_load5,5.44
2023/4/13 16:43,1681375427,cc-cc408-hya,data-node-01,9.9.2.153,elasticsearch_os_load5,5.82
2023/4/13 16:44,1681375487,cc-cc408-hya,data-node-01,9.9.2.153,elasticsearch_os_load5,6.24
2023/4/13 16:45,1681375547,cc-cc408-hya,data-node-01,9.9.2.153,elasticsearch_os_load5,6.25
2023/4/13 16:46,1681375607,cc-cc408-hya,data-node-01,9.9.2.153,elasticsearch_os_load5,6.16
2023/4/13 16:47,1681375667,cc-cc408-hya,data-node-01,9.9.2.153,elasticsearch_os_load5,6.02
2023/4/13 16:48,1681375727,cc-cc408-hya,data-node-01,9.9.2.153,elasticsearch_os_load5,5.82
2023/4/13 16:49,1681375787,cc-cc408-hya,data-node-01,9.9.2.153,elasticsearch_os_load5,6.09
2023/4/13 16:50,1681375847,cc-cc408-hya,data-node-01,9.9.2.153,elasticsearch_os_load5,5.82
2023/4/13 16:51,1681375907,cc-cc408-hya,data-node-01,9.9.2.153,elasticsearch_os_load5,6.34
2023/4/13 16:52,1681375967,cc-cc408-hya,data-node-01,9.9.2.153,elasticsearch_os_load5,6.39
2023/4/13 16:53,1681376027,cc-cc408-hya,data-node-01,9.9.2.153,elasticsearch_os_load5,6.11
2023/4/13 16:54,1681376087,cc-cc408-hya,data-node-01,9.9.2.153,elasticsearch_os_load5,5.8
2023/4/13 16:55,1681376147,cc-cc408-hya,data-node-01,9.9.2.153,elasticsearch_os_load5,5.83
2023/4/13 16:56,1681376207,cc-cc408-hya,data-node-01,9.9.2.153,elasticsearch_os_load5,5.68
2023/4/13 16:57,1681376267,cc-cc408-hya,data-node-01,9.9.2.153,elasticsearch_os_load5,6
2023/4/13 16:58,1681376327,cc-cc408-hya,data-node-01,9.9.2.153,elasticsearch_os_load5,6.05
2023/4/13 16:59,1681376387,cc-cc408-hya,data-node-01,9.9.2.153,elasticsearch_os_load5,5.94
2023/4/13 17:00,1681376447,cc-cc408-hya,data-node-01,9.9.2.153,elasticsearch_os_load5,5.7
2023/4/13 17:01,1681376507,cc-cc408-hya,data-node-01,9.9.2.153,elasticsearch_os_load5,5.33
2023/4/13 17:02,1681376567,cc-cc408-hya,data-node-01,9.9.2.153,elasticsearch_os_load5,5.53
2023/4/13 17:03,1681376627,cc-cc408-hya,data-node-01,9.9.2.153,elasticsearch_os_load5,5.59
2023/4/13 17:04,1681376687,cc-cc408-hya,data-node-01,9.9.2.153,elasticsearch_os_load5,5.67
2023/4/13 17:05,1681376747,cc-cc408-hya,data-node-01,9.9.2.153,elasticsearch_os_load5,5.67
2023/4/13 17:06,1681376807,cc-cc408-hya,data-node-01,9.9.2.153,elasticsearch_os_load5,5.38
2023/4/13 17:07,1681376867,cc-cc408-hya,data-node-01,9.9.2.153,elasticsearch_os_load5,5.21
2023/4/13 17:08,1681376927,cc-cc408-hya,data-node-01,9.9.2.153,elasticsearch_os_load5,5.29
2023/4/13 17:09,1681376987,cc-cc408-hya,data-node-01,9.9.2.153,elasticsearch_os_load5,5.2
2023/4/13 17:10,1681377047,cc-cc408-hya,data-node-01,9.9.2.153,elasticsearch_os_load5,5.19
2023/4/13 17:11,1681377107,cc-cc408-hya,data-node-01,9.9.2.153,elasticsearch_os_load5,5.31
2023/4/13 17:12,1681377167,cc-cc408-hya,data-node-01,9.9.2.153,elasticsearch_os_load5,5.63
2023/4/13 17:13,1681377227,cc-cc408-hya,data-node-01,9.9.2.153,elasticsearch_os_load5,5.89
2023/4/13 17:14,1681377287,cc-cc408-hya,data-node-01,9.9.2.153,elasticsearch_os_load5,6.15
2023/4/13 17:15,1681377347,cc-cc408-hya,data-node-01,9.9.2.153,elasticsearch_os_load5,6.12
2023/4/13 17:16,1681377407,cc-cc408-hya,data-node-01,9.9.2.153,elasticsearch_os_load5,6.41
2023/4/13 17:17,1681377467,cc-cc408-hya,data-node-01,9.9.2.153,elasticsearch_os_load5,6.49
2023/4/13 17:18,1681377527,cc-cc408-hya,data-node-01,9.9.2.153,elasticsearch_os_load5,6.46
2023/4/13 17:19,1681377587,cc-cc408-hya,data-node-01,9.9.2.153,elasticsearch_os_load5,6.99
2023/4/13 17:20,1681377647,cc-cc408-hya,data-node-01,9.9.2.153,elasticsearch_os_load5,6.69
2023/4/13 17:21,1681377707,cc-cc408-hya,data-node-01,9.9.2.153,elasticsearch_os_load5,6.43
2023/4/13 17:22,1681377767,cc-cc408-hya,data-node-01,9.9.2.153,elasticsearch_os_load5,6.13
2023/4/13 17:23,1681377827,cc-cc408-hya,data-node-01,9.9.2.153,elasticsearch_os_load5,5.98
2023/4/13 17:24,1681377887,cc-cc408-hya,data-node-01,9.9.2.153,elasticsearch_os_load5,5.66
2023/4/13 17:25,1681377947,cc-cc408-hya,data-node-01,9.9.2.153,elasticsearch_os_load5,5.59
2023/4/13 17:26,1681378007,cc-cc408-hya,data-node-01,9.9.2.153,elasticsearch_os_load5,5.6
2023/4/13 17:27,1681378067,cc-cc408-hya,data-node-01,9.9.2.153,elasticsearch_os_load5,5.48
2023/4/13 17:28,1681378127,cc-cc408-hya,data-node-01,9.9.2.153,elasticsearch_os_load5,5.8
2023/4/13 17:29,1681378187,cc-cc408-hya,data-node-01,9.9.2.153,elasticsearch_os_load5,5.47
2023/4/13 17:30,1681378247,cc-cc408-hya,data-node-01,9.9.2.153,elasticsearch_os_load5,5.36
2023/4/12 17:30,1681291847,cc-cc408-hya,data-node-06,9.9.2.153,elasticsearch_os_load5,4.98
2023/4/12 17:31,1681291907,cc-cc408-hya,data-node-06,9.9.2.153,elasticsearch_os_load5,4.8
2023/4/12 17:32,1681291967,cc-cc408-hya,data-node-06,9.9.2.153,elasticsearch_os_load5,5
2023/4/12 17:33,1681292027,cc-cc408-hya,data-node-06,9.9.2.153,elasticsearch_os_load5,4.95
2023/4/12 17:34,1681292087,cc-cc408-hya,data-node-06,9.9.2.153,elasticsearch_os_load5,5.26
2023/4/12 17:35,1681292147,cc-cc408-hya,data-node-06,9.9.2.153,elasticsearch_os_load5,5.58
2023/4/12 17:36,1681292207,cc-cc408-hya,data-node-06,9.9.2.153,elasticsearch_os_load5,5.6
2023/4/12 17:37,1681292267,cc-cc408-hya,data-node-06,9.9.2.153,elasticsearch_os_load5,5.62
2023/4/12 17:38,1681292327,cc-cc408-hya,data-node-06,9.9.2.153,elasticsearch_os_load5,5.52
2023/4/12 17:39,1681292387,cc-cc408-hya,data-node-06,9.9.2.153,elasticsearch_os_load5,5.66
2023/4/12 17:40,1681292447,cc-cc408-hya,data-node-06,9.9.2.153,elasticsearch_os_load5,5.32
2023/4/12 17:41,1681292507,cc-cc408-hya,data-node-06,9.9.2.153,elasticsearch_os_load5,5.7
2023/4/12 17:42,1681292567,cc-cc408-hya,data-node-06,9.9.2.153,elasticsearch_os_load5,5.6
2023/4/12 17:43,1681292627,cc-cc408-hya,data-node-06,9.9.2.153,elasticsearch_os_load5,5.38
2023/4/12 17:44,1681292687,cc-cc408-hya,data-node-06,9.9.2.153,elasticsearch_os_load5,5.45
2023/4/12 17:45,1681292747,cc-cc408-hya,data-node-06,9.9.2.153,elasticsearch_os_load5,5.16
2023/4/12 17:46,1681292807,cc-cc408-hya,data-node-06,9.9.2.153,elasticsearch_os_load5,5.38
2023/4/12 17:47,1681292867,cc-cc408-hya,data-node-06,9.9.2.153,elasticsearch_os_load5,5.06
2023/4/12 17:48,1681292927,cc-cc408-hya,data-node-06,9.9.2.153,elasticsearch_os_load5,4.79
2023/4/12 17:49,1681292987,cc-cc408-hya,data-node-06,9.9.2.153,elasticsearch_os_load5,5.05
2023/4/12 17:50,1681293047,cc-cc408-hya,data-node-06,9.9.2.153,elasticsearch_os_load5,4.93
2023/4/12 17:51,1681293107,cc-cc408-hya,data-node-06,9.9.2.153,elasticsearch_os_load5,4.86
2023/4/12 17:52,1681293167,cc-cc408-hya,data-node-06,9.9.2.153,elasticsearch_os_load5,4.72
2023/4/12 17:53,1681293227,cc-cc408-hya,data-node-06,9.9.2.153,elasticsearch_os_load5,4.65
2023/4/12 17:54,1681293287,cc-cc408-hya,data-node-06,9.9.2.153,elasticsearch_os_load5,4.87
2023/4/12 17:55,1681293347,cc-cc408-hya,data-node-06,9.9.2.153,elasticsearch_os_load5,4.65
2023/4/12 17:56,1681293407,cc-cc408-hya,data-node-06,9.9.2.153,elasticsearch_os_load5,4.76
2023/4/12 17:57,1681293467,cc-cc408-hya,data-node-06,9.9.2.153,elasticsearch_os_load5,4.81
2023/4/12 17:58,1681293527,cc-cc408-hya,data-node-06,9.9.2.153,elasticsearch_os_load5,4.88
2023/4/12 17:59,1681293587,cc-cc408-hya,data-node-06,9.9.2.153,elasticsearch_os_load5,5.08
2023/4/12 18:00,1681293647,cc-cc408-hya,data-node-06,9.9.2.153,elasticsearch_os_load5,4.97
2023/4/12 18:01,1681293707,cc-cc408-hya,data-node-06,9.9.2.153,elasticsearch_os_load5,5.04
2023/4/12 18:02,1681293767,cc-cc408-hya,data-node-06,9.9.2.153,elasticsearch_os_load5,4.76
2023/4/12 18:03,1681293827,cc-cc408-hya,data-node-06,9.9.2.153,elasticsearch_os_load5,4.75
2023/4/12 18:04,1681293887,cc-cc408-hya,data-node-06,9.9.2.153,elasticsearch_os_load5,4.79
2023/4/12 18:05,1681293947,cc-cc408-hya,data-node-06,9.9.2.153,elasticsearch_os_load5,4.72
2023/4/12 18:06,1681294007,cc-cc408-hya,data-node-06,9.9.2.153,elasticsearch_os_load5,4.72
2023/4/12 18:07,1681294067,cc-cc408-hya,data-node-06,9.9.2.153,elasticsearch_os_load5,4.55
2023/4/12 18:08,1681294127,cc-cc408-hya,data-node-06,9.9.2.153,elasticsearch_os_load5,4.58
2023/4/12 18:09,1681294187,cc-cc408-hya,data-node-06,9.9.2.153,elasticsearch_os_load5,4.55
2023/4/12 18:10,1681294247,cc-cc408-hya,data-node-06,9.9.2.153,elasticsearch_os_load5,4.7
2023/4/12 18:11,1681294307,cc-cc408-hya,data-node-06,9.9.2.153,elasticsearch_os_load5,4.34
2023/4/12 18:12,1681294367,cc-cc408-hya,data-node-06,9.9.2.153,elasticsearch_os_load5,4.2
2023/4/12 18:13,1681294427,cc-cc408-hya,data-node-06,9.9.2.153,elasticsearch_os_load5,3.93
2023/4/12 18:14,1681294487,cc-cc408-hya,data-node-06,9.9.2.153,elasticsearch_os_load5,4.14
2023/4/12 18:15,1681294547,cc-cc408-hya,data-node-06,9.9.2.153,elasticsearch_os_load5,4.17
2023/4/12 18:16,1681294607,cc-cc408-hya,data-node-06,9.9.2.153,elasticsearch_os_load5,4.76
2023/4/12 18:17,1681294667,cc-cc408-hya,data-node-06,9.9.2.153,elasticsearch_os_load5,5.05
2023/4/12 18:18,1681294727,cc-cc408-hya,data-node-06,9.9.2.153,elasticsearch_os_load5,5.09
2023/4/12 18:19,1681294787,cc-cc408-hya,data-node-06,9.9.2.153,elasticsearch_os_load5,5.44
2023/4/12 18:20,1681294847,cc-cc408-hya,data-node-06,9.9.2.153,elasticsearch_os_load5,5.63
2023/4/12 18:21,1681294907,cc-cc408-hya,data-node-06,9.9.2.153,elasticsearch_os_load5,5.44
2023/4/12 18:22,1681294967,cc-cc408-hya,data-node-06,9.9.2.153,elasticsearch_os_load5,5.29
2023/4/12 18:23,1681295027,cc-cc408-hya,data-node-06,9.9.2.153,elasticsearch_os_load5,4.89
2023/4/12 18:24,1681295087,cc-cc408-hya,data-node-06,9.9.2.153,elasticsearch_os_load5,4.49
2023/4/12 18:25,1681295147,cc-cc408-hya,data-node-06,9.9.2.153,elasticsearch_os_load5,4.67
2023/4/12 18:26,1681295207,cc-cc408-hya,data-node-06,9.9.2.153,elasticsearch_os_load5,4.8
2023/4/12 18:27,1681295267,cc-cc408-hya,data-node-06,9.9.2.153,elasticsearch_os_load5,4.71
2023/4/12 18:28,1681295327,cc-cc408-hya,data-node-06,9.9.2.153,elasticsearch_os_load5,4.95
2023/4/12 18:29,1681295387,cc-cc408-hya,data-node-06,9.9.2.153,elasticsearch_os_load5,4.88
2023/4/12 18:30,1681295447,cc-cc408-hya,data-node-06,9.9.2.153,elasticsearch_os_load5,4.88
2023/4/12 18:31,1681295507,cc-cc408-hya,data-node-06,9.9.2.153,elasticsearch_os_load5,4.87
2023/4/12 18:32,1681295567,cc-cc408-hya,data-node-06,9.9.2.153,elasticsearch_os_load5,4.8
2023/4/12 18:33,1681295627,cc-cc408-hya,data-node-06,9.9.2.153,elasticsearch_os_load5,4.49
2023/4/12 18:34,1681295687,cc-cc408-hya,data-node-06,9.9.2.153,elasticsearch_os_load5,4.88
2023/4/12 18:35,1681295747,cc-cc408-hya,data-node-06,9.9.2.153,elasticsearch_os_load5,4.66
2023/4/12 18:36,1681295807,cc-cc408-hya,data-node-06,9.9.2.153,elasticsearch_os_load5,4.93
2023/4/12 18:37,1681295867,cc-cc408-hya,data-node-06,9.9.2.153,elasticsearch_os_load5,5.19
2023/4/12 18:38,1681295927,cc-cc408-hya,data-node-06,9.9.2.153,elasticsearch_os_load5,5.12
2023/4/12 18:39,1681295987,cc-cc408-hya,data-node-06,9.9.2.153,elasticsearch_os_load5,5.16
2023/4/12 18:40,1681296047,cc-cc408-hya,data-node-06,9.9.2.153,elasticsearch_os_load5,5.12
2023/4/12 18:41,1681296107,cc-cc408-hya,data-node-06,9.9.2.153,elasticsearch_os_load5,5.01
2023/4/12 18:42,1681296167,cc-cc408-hya,data-node-06,9.9.2.153,elasticsearch_os_load5,4.77
2023/4/12 18:43,1681296227,cc-cc408-hya,data-node-06,9.9.2.153,elasticsearch_os_load5,4.67
2023/4/12 18:44,1681296287,cc-cc408-hya,data-node-06,9.9.2.153,elasticsearch_os_load5,4.32
2023/4/12 18:45,1681296347,cc-cc408-hya,data-node-06,9.9.2.153,elasticsearch_os_load5,4.21
2023/4/12 18:46,1681296407,cc-cc408-hya,data-node-06,9.9.2.153,elasticsearch_os_load5,4.1
2023/4/12 18:47,1681296467,cc-cc408-hya,data-node-06,9.9.2.153,elasticsearch_os_load5,3.88
2023/4/12 18:48,1681296527,cc-cc408-hya,data-node-06,9.9.2.153,elasticsearch_os_load5,4.08
2023/4/12 18:49,1681296587,cc-cc408-hya,data-node-06,9.9.2.153,elasticsearch_os_load5,3.92
2023/4/12 18:50,1681296647,cc-cc408-hya,data-node-06,9.9.2.153,elasticsearch_os_load5,3.58
2023/4/12 18:51,1681296707,cc-cc408-hya,data-node-06,9.9.2.153,elasticsearch_os_load5,3.76
2023/4/12 18:52,1681296767,cc-cc408-hya,data-node-06,9.9.2.153,elasticsearch_os_load5,3.53
2023/4/12 18:53,1681296827,cc-cc408-hya,data-node-06,9.9.2.153,elasticsearch_os_load5,3.49
2023/4/12 18:54,1681296887,cc-cc408-hya,data-node-06,9.9.2.153,elasticsearch_os_load5,3.54
2023/4/12 18:55,1681296947,cc-cc408-hya,data-node-06,9.9.2.153,elasticsearch_os_load5,3.57
2023/4/12 18:56,1681297007,cc-cc408-hya,data-node-06,9.9.2.153,elasticsearch_os_load5,4.14
2023/4/12 18:57,1681297067,cc-cc408-hya,data-node-06,9.9.2.153,elasticsearch_os_load5,4.33
2023/4/12 18:58,1681297127,cc-cc408-hya,data-node-06,9.9.2.153,elasticsearch_os_load5,4.26
2023/4/12 18:59,1681297187,cc-cc408-hya,data-node-06,9.9.2.153,elasticsearch_os_load5,4.33
2023/4/12 19:00,1681297247,cc-cc408-hya,data-node-06,9.9.2.153,elasticsearch_os_load5,4.49
2023/4/12 19:01,1681297307,cc-cc408-hya,data-node-06,9.9.2.153,elasticsearch_os_load5,4.23
2023/4/12 19:02,1681297367,cc-cc408-hya,data-node-06,9.9.2.153,elasticsearch_os_load5,4.06
2023/4/12 19:03,1681297427,cc-cc408-hya,data-node-06,9.9.2.153,elasticsearch_os_load5,4.17
2023/4/12 19:04,1681297487,cc-cc408-hya,data-node-06,9.9.2.153,elasticsearch_os_load5,4.18
2023/4/12 19:05,1681297547,cc-cc408-hya,data-node-06,9.9.2.153,elasticsearch_os_load5,4.28
2023/4/12 19:06,1681297607,cc-cc408-hya,data-node-06,9.9.2.153,elasticsearch_os_load5,4.51
2023/4/12 19:07,1681297667,cc-cc408-hya,data-node-06,9.9.2.153,elasticsearch_os_load5,4.59
2023/4/12 19:08,1681297727,cc-cc408-hya,data-node-06,9.9.2.153,elasticsearch_os_load5,4.43
2023/4/12 19:09,1681297787,cc-cc408-hya,data-node-06,9.9.2.153,elasticsearch_os_load5,4.25
2023/4/12 19:10,1681297847,cc-cc408-hya,data-node-06,9.9.2.153,elasticsearch_os_load5,4.22
2023/4/12 19:11,1681297907,cc-cc408-hya,data-node-06,9.9.2.153,elasticsearch_os_load5,4.06
2023/4/12 19:12,1681297967,cc-cc408-hya,data-node-06,9.9.2.153,elasticsearch_os_load5,4.03
2023/4/12 19:13,1681298027,cc-cc408-hya,data-node-06,9.9.2.153,elasticsearch_os_load5,3.87
2023/4/12 19:14,1681298087,cc-cc408-hya,data-node-06,9.9.2.153,elasticsearch_os_load5,3.97
2023/4/12 19:15,1681298147,cc-cc408-hya,data-node-06,9.9.2.153,elasticsearch_os_load5,3.84
2023/4/12 19:16,1681298207,cc-cc408-hya,data-node-06,9.9.2.153,elasticsearch_os_load5,3.75
2023/4/12 19:17,1681298267,cc-cc408-hya,data-node-06,9.9.2.153,elasticsearch_os_load5,3.78
2023/4/12 19:18,1681298327,cc-cc408-hya,data-node-06,9.9.2.153,elasticsearch_os_load5,3.9
2023/4/12 19:19,1681298387,cc-cc408-hya,data-node-06,9.9.2.153,elasticsearch_os_load5,3.86
2023/4/12 19:20,1681298447,cc-cc408-hya,data-node-06,9.9.2.153,elasticsearch_os_load5,4.17
2023/4/12 19:21,1681298507,cc-cc408-hya,data-node-06,9.9.2.153,elasticsearch_os_load5,4.17
2023/4/12 19:22,1681298567,cc-cc408-hya,data-node-06,9.9.2.153,elasticsearch_os_load5,4.01
2023/4/12 19:23,1681298627,cc-cc408-hya,data-node-06,9.9.2.153,elasticsearch_os_load5,3.92
2023/4/12 19:24,1681298687,cc-cc408-hya,data-node-06,9.9.2.153,elasticsearch_os_load5,4.32
2023/4/12 19:25,1681298747,cc-cc408-hya,data-node-06,9.9.2.153,elasticsearch_os_load5,4.1
2023/4/12 19:26,1681298807,cc-cc408-hya,data-node-06,9.9.2.153,elasticsearch_os_load5,3.83
2023/4/12 19:27,1681298867,cc-cc408-hya,data-node-06,9.9.2.153,elasticsearch_os_load5,3.74
2023/4/12 19:28,1681298927,cc-cc408-hya,data-node-06,9.9.2.153,elasticsearch_os_load5,3.58
2023/4/12 19:29,1681298987,cc-cc408-hya,data-node-06,9.9.2.153,elasticsearch_os_load5,4.15
2023/4/12 19:30,1681299047,cc-cc408-hya,data-node-06,9.9.2.153,elasticsearch_os_load5,4.1
2023/4/12 19:31,1681299107,cc-cc408-hya,data-node-06,9.9.2.153,elasticsearch_os_load5,3.83
2023/4/12 19:32,1681299167,cc-cc408-hya,data-node-06,9.9.2.153,elasticsearch_os_load5,3.63
2023/4/12 19:33,1681299227,cc-cc408-hya,data-node-06,9.9.2.153,elasticsearch_os_load5,3.43
2023/4/12 19:34,1681299287,cc-cc408-hya,data-node-06,9.9.2.153,elasticsearch_os_load5,3.29
2023/4/12 19:35,1681299347,cc-cc408-hya,data-node-06,9.9.2.153,elasticsearch_os_load5,3.24
2023/4/12 19:36,1681299407,cc-cc408-hya,data-node-06,9.9.2.153,elasticsearch_os_load5,3.22
2023/4/12 19:37,1681299467,cc-cc408-hya,data-node-06,9.9.2.153,elasticsearch_os_load5,3.16
2023/4/12 19:38,1681299527,cc-cc408-hya,data-node-06,9.9.2.153,elasticsearch_os_load5,3.09
2023/4/12 19:39,1681299587,cc-cc408-hya,data-node-06,9.9.2.153,elasticsearch_os_load5,3.02
2023/4/12 19:40,1681299647,cc-cc408-hya,data-node-06,9.9.2.153,elasticsearch_os_load5,3.18
2023/4/12 19:41,1681299707,cc-cc408-hya,data-node-06,9.9.2.153,elasticsearch_os_load5,3.38
2023/4/12 19:42,1681299767,cc-cc408-hya,data-node-06,9.9.2.153,elasticsearch_os_load5,3.36
2023/4/12 19:43,1681299827,cc-cc408-hya,data-node-06,9.9.2.153,elasticsearch_os_load5,3.31
2023/4/12 19:44,1681299887,cc-cc408-hya,data-node-06,9.9.2.153,elasticsearch_os_load5,3.26
2023/4/12 19:45,1681299947,cc-cc408-hya,data-node-06,9.9.2.153,elasticsearch_os_load5,3.19
2023/4/12 19:46,1681300007,cc-cc408-hya,data-node-06,9.9.2.153,elasticsearch_os_load5,3.09
2023/4/12 19:47,1681300067,cc-cc408-hya,data-node-06,9.9.2.153,elasticsearch_os_load5,2.86
2023/4/12 19:48,1681300127,cc-cc408-hya,data-node-06,9.9.2.153,elasticsearch_os_load5,3.46
2023/4/12 19:49,1681300187,cc-cc408-hya,data-node-06,9.9.2.153,elasticsearch_os_load5,3.43
2023/4/12 19:50,1681300247,cc-cc408-hya,data-node-06,9.9.2.153,elasticsearch_os_load5,3.36
2023/4/12 19:51,1681300307,cc-cc408-hya,data-node-06,9.9.2.153,elasticsearch_os_load5,3.22
2023/4/12 19:52,1681300367,cc-cc408-hya,data-node-06,9.9.2.153,elasticsearch_os_load5,2.82
2023/4/12 19:53,1681300427,cc-cc408-hya,data-node-06,9.9.2.153,elasticsearch_os_load5,2.73
2023/4/12 19:54,1681300487,cc-cc408-hya,data-node-06,9.9.2.153,elasticsearch_os_load5,2.69
2023/4/12 19:55,1681300547,cc-cc408-hya,data-node-06,9.9.2.153,elasticsearch_os_load5,3.12
2023/4/12 19:56,1681300607,cc-cc408-hya,data-node-06,9.9.2.153,elasticsearch_os_load5,2.86
2023/4/12 19:57,1681300667,cc-cc408-hya,data-node-06,9.9.2.153,elasticsearch_os_load5,2.73
2023/4/12 19:58,1681300727,cc-cc408-hya,data-node-06,9.9.2.153,elasticsearch_os_load5,2.51
2023/4/12 19:59,1681300787,cc-cc408-hya,data-node-06,9.9.2.153,elasticsearch_os_load5,2.2
2023/4/12 20:00,1681300847,cc-cc408-hya,data-node-06,9.9.2.153,elasticsearch_os_load5,1.93
2023/4/12 20:01,1681300907,cc-cc408-hya,data-node-06,9.9.2.153,elasticsearch_os_load5,2.36
2023/4/12 20:02,1681300967,cc-cc408-hya,data-node-06,9.9.2.153,elasticsearch_os_load5,2.68
2023/4/12 20:03,1681301027,cc-cc408-hya,data-node-06,9.9.2.153,elasticsearch_os_load5,2.95
2023/4/12 20:04,1681301087,cc-cc408-hya,data-node-06,9.9.2.153,elasticsearch_os_load5,2.84
2023/4/12 20:05,1681301147,cc-cc408-hya,data-node-06,9.9.2.153,elasticsearch_os_load5,2.63
2023/4/12 20:06,1681301207,cc-cc408-hya,data-node-06,9.9.2.153,elasticsearch_os_load5,2.49
2023/4/12 20:07,1681301267,cc-cc408-hya,data-node-06,9.9.2.153,elasticsearch_os_load5,2.39
2023/4/12 20:08,1681301327,cc-cc408-hya,data-node-06,9.9.2.153,elasticsearch_os_load5,2.19
2023/4/12 20:09,1681301387,cc-cc408-hya,data-node-06,9.9.2.153,elasticsearch_os_load5,2.24
2023/4/12 20:10,1681301447,cc-cc408-hya,data-node-06,9.9.2.153,elasticsearch_os_load5,2.27
2023/4/12 20:11,1681301507,cc-cc408-hya,data-node-06,9.9.2.153,elasticsearch_os_load5,2.24
2023/4/12 20:12,1681301567,cc-cc408-hya,data-node-06,9.9.2.153,elasticsearch_os_load5,2.46
2023/4/12 20:13,1681301627,cc-cc408-hya,data-node-06,9.9.2.153,elasticsearch_os_load5,2.24
2023/4/12 20:14,1681301687,cc-cc408-hya,data-node-06,9.9.2.153,elasticsearch_os_load5,2.01
2023/4/12 20:15,1681301747,cc-cc408-hya,data-node-06,9.9.2.153,elasticsearch_os_load5,1.91
2023/4/12 20:16,1681301807,cc-cc408-hya,data-node-06,9.9.2.153,elasticsearch_os_load5,2.06
2023/4/12 20:17,1681301867,cc-cc408-hya,data-node-06,9.9.2.153,elasticsearch_os_load5,2.08
2023/4/12 20:18,1681301927,cc-cc408-hya,data-node-06,9.9.2.153,elasticsearch_os_load5,2.07
2023/4/12 20:19,1681301987,cc-cc408-hya,data-node-06,9.9.2.153,elasticsearch_os_load5,2.09
2023/4/12 20:20,1681302047,cc-cc408-hya,data-node-06,9.9.2.153,elasticsearch_os_load5,1.92
2023/4/12 20:21,1681302107,cc-cc408-hya,data-node-06,9.9.2.153,elasticsearch_os_load5,1.77
2023/4/12 20:22,1681302167,cc-cc408-hya,data-node-06,9.9.2.153,elasticsearch_os_load5,1.81
2023/4/12 20:23,1681302227,cc-cc408-hya,data-node-06,9.9.2.153,elasticsearch_os_load5,1.83
2023/4/12 20:24,1681302287,cc-cc408-hya,data-node-06,9.9.2.153,elasticsearch_os_load5,1.7
2023/4/12 20:25,1681302347,cc-cc408-hya,data-node-06,9.9.2.153,elasticsearch_os_load5,2.06
2023/4/12 20:26,1681302407,cc-cc408-hya,data-node-06,9.9.2.153,elasticsearch_os_load5,1.95
2023/4/12 20:27,1681302467,cc-cc408-hya,data-node-06,9.9.2.153,elasticsearch_os_load5,1.95
2023/4/12 20:28,1681302527,cc-cc408-hya,data-node-06,9.9.2.153,elasticsearch_os_load5,1.84
2023/4/12 20:29,1681302587,cc-cc408-hya,data-node-06,9.9.2.153,elasticsearch_os_load5,1.81
2023/4/12 20:30,1681302647,cc-cc408-hya,data-node-06,9.9.2.153,elasticsearch_os_load5,1.83
2023/4/12 20:31,1681302707,cc-cc408-hya,data-node-06,9.9.2.153,elasticsearch_os_load5,1.82
2023/4/12 20:32,1681302767,cc-cc408-hya,data-node-06,9.9.2.153,elasticsearch_os_load5,1.63
2023/4/12 20:33,1681302827,cc-cc408-hya,data-node-06,9.9.2.153,elasticsearch_os_load5,1.61
2023/4/12 20:34,1681302887,cc-cc408-hya,data-node-06,9.9.2.153,elasticsearch_os_load5,1.55
2023/4/12 20:35,1681302947,cc-cc408-hya,data-node-06,9.9.2.153,elasticsearch_os_load5,1.52
2023/4/12 20:36,1681303007,cc-cc408-hya,data-node-06,9.9.2.153,elasticsearch_os_load5,1.41
2023/4/12 20:37,1681303067,cc-cc408-hya,data-node-06,9.9.2.153,elasticsearch_os_load5,1.48
2023/4/12 20:38,1681303127,cc-cc408-hya,data-node-06,9.9.2.153,elasticsearch_os_load5,1.39
2023/4/12 20:39,1681303187,cc-cc408-hya,data-node-06,9.9.2.153,elasticsearch_os_load5,1.29
2023/4/12 20:40,1681303247,cc-cc408-hya,data-node-06,9.9.2.153,elasticsearch_os_load5,1.25
2023/4/12 20:41,1681303307,cc-cc408-hya,data-node-06,9.9.2.153,elasticsearch_os_load5,1.18
2023/4/12 20:42,1681303367,cc-cc408-hya,data-node-06,9.9.2.153,elasticsearch_os_load5,1.14
2023/4/12 20:43,1681303427,cc-cc408-hya,data-node-06,9.9.2.153,elasticsearch_os_load5,1.19
2023/4/12 20:44,1681303487,cc-cc408-hya,data-node-06,9.9.2.153,elasticsearch_os_load5,1.39
2023/4/12 20:45,1681303547,cc-cc408-hya,data-node-06,9.9.2.153,elasticsearch_os_load5,1.42
2023/4/12 20:46,1681303607,cc-cc408-hya,data-node-06,9.9.2.153,elasticsearch_os_load5,1.51
2023/4/12 20:47,1681303667,cc-cc408-hya,data-node-06,9.9.2.153,elasticsearch_os_load5,1.39
2023/4/12 20:48,1681303727,cc-cc408-hya,data-node-06,9.9.2.153,elasticsearch_os_load5,1.28
2023/4/12 20:49,1681303787,cc-cc408-hya,data-node-06,9.9.2.153,elasticsearch_os_load5,1.2
2023/4/12 20:50,1681303847,cc-cc408-hya,data-node-06,9.9.2.153,elasticsearch_os_load5,1.19
2023/4/12 20:51,1681303907,cc-cc408-hya,data-node-06,9.9.2.153,elasticsearch_os_load5,1.06
2023/4/12 20:52,1681303967,cc-cc408-hya,data-node-06,9.9.2.153,elasticsearch_os_load5,1.09
2023/4/12 20:53,1681304027,cc-cc408-hya,data-node-06,9.9.2.153,elasticsearch_os_load5,1.04
2023/4/12 20:54,1681304087,cc-cc408-hya,data-node-06,9.9.2.153,elasticsearch_os_load5,1.01
2023/4/12 20:55,1681304147,cc-cc408-hya,data-node-06,9.9.2.153,elasticsearch_os_load5,1.04
2023/4/12 20:56,1681304207,cc-cc408-hya,data-node-06,9.9.2.153,elasticsearch_os_load5,1.02
2023/4/12 20:57,1681304267,cc-cc408-hya,data-node-06,9.9.2.153,elasticsearch_os_load5,1.16
2023/4/12 20:58,1681304327,cc-cc408-hya,data-node-06,9.9.2.153,elasticsearch_os_load5,1.05
2023/4/12 20:59,1681304387,cc-cc408-hya,data-node-06,9.9.2.153,elasticsearch_os_load5,0.97
2023/4/12 21:00,1681304447,cc-cc408-hya,data-node-06,9.9.2.153,elasticsearch_os_load5,0.95
2023/4/12 21:01,1681304507,cc-cc408-hya,data-node-06,9.9.2.153,elasticsearch_os_load5,0.99
2023/4/12 21:02,1681304567,cc-cc408-hya,data-node-06,9.9.2.153,elasticsearch_os_load5,0.95
2023/4/12 21:03,1681304627,cc-cc408-hya,data-node-06,9.9.2.153,elasticsearch_os_load5,1.11
2023/4/12 21:04,1681304687,cc-cc408-hya,data-node-06,9.9.2.153,elasticsearch_os_load5,1.41
2023/4/12 21:05,1681304747,cc-cc408-hya,data-node-06,9.9.2.153,elasticsearch_os_load5,1.28
2023/4/12 21:06,1681304807,cc-cc408-hya,data-node-06,9.9.2.153,elasticsearch_os_load5,1.36
2023/4/12 21:07,1681304867,cc-cc408-hya,data-node-06,9.9.2.153,elasticsearch_os_load5,1.23
2023/4/12 21:08,1681304927,cc-cc408-hya,data-node-06,9.9.2.153,elasticsearch_os_load5,1.27
2023/4/12 21:09,1681304987,cc-cc408-hya,data-node-06,9.9.2.153,elasticsearch_os_load5,1.23
2023/4/12 21:10,1681305047,cc-cc408-hya,data-node-06,9.9.2.153,elasticsearch_os_load5,1.21
2023/4/12 21:11,1681305107,cc-cc408-hya,data-node-06,9.9.2.153,elasticsearch_os_load5,1.19
2023/4/12 21:12,1681305167,cc-cc408-hya,data-node-06,9.9.2.153,elasticsearch_os_load5,1.14
2023/4/12 21:13,1681305227,cc-cc408-hya,data-node-06,9.9.2.153,elasticsearch_os_load5,1.09
2023/4/12 21:14,1681305287,cc-cc408-hya,data-node-06,9.9.2.153,elasticsearch_os_load5,1.12
2023/4/12 21:15,1681305347,cc-cc408-hya,data-node-06,9.9.2.153,elasticsearch_os_load5,1.13
2023/4/12 21:16,1681305407,cc-cc408-hya,data-node-06,9.9.2.153,elasticsearch_os_load5,1.16
2023/4/12 21:17,1681305467,cc-cc408-hya,data-node-06,9.9.2.153,elasticsearch_os_load5,1.02
2023/4/12 21:18,1681305527,cc-cc408-hya,data-node-06,9.9.2.153,elasticsearch_os_load5,0.93
2023/4/12 21:19,1681305587,cc-cc408-hya,data-node-06,9.9.2.153,elasticsearch_os_load5,0.88
2023/4/12 21:20,1681305647,cc-cc408-hya,data-node-06,9.9.2.153,elasticsearch_os_load5,0.9
2023/4/12 21:21,1681305707,cc-cc408-hya,data-node-06,9.9.2.153,elasticsearch_os_load5,1.02
2023/4/12 21:22,1681305767,cc-cc408-hya,data-node-06,9.9.2.153,elasticsearch_os_load5,0.9
2023/4/12 21:23,1681305827,cc-cc408-hya,data-node-06,9.9.2.153,elasticsearch_os_load5,1.02
2023/4/12 21:24,1681305887,cc-cc408-hya,data-node-06,9.9.2.153,elasticsearch_os_load5,0.93
2023/4/12 21:25,1681305947,cc-cc408-hya,data-node-06,9.9.2.153,elasticsearch_os_load5,0.96
2023/4/12 21:26,1681306007,cc-cc408-hya,data-node-06,9.9.2.153,elasticsearch_os_load5,1.08
2023/4/12 21:27,1681306067,cc-cc408-hya,data-node-06,9.9.2.153,elasticsearch_os_load5,1.36
2023/4/12 21:28,1681306127,cc-cc408-hya,data-node-06,9.9.2.153,elasticsearch_os_load5,1.31
2023/4/12 21:29,1681306187,cc-cc408-hya,data-node-06,9.9.2.153,elasticsearch_os_load5,1.27
2023/4/12 21:30,1681306247,cc-cc408-hya,data-node-06,9.9.2.153,elasticsearch_os_load5,1.17
2023/4/12 21:31,1681306307,cc-cc408-hya,data-node-06,9.9.2.153,elasticsearch_os_load5,1.14
2023/4/12 21:32,1681306367,cc-cc408-hya,data-node-06,9.9.2.153,elasticsearch_os_load5,1.11
2023/4/12 21:33,1681306427,cc-cc408-hya,data-node-06,9.9.2.153,elasticsearch_os_load5,0.99
2023/4/12 21:34,1681306487,cc-cc408-hya,data-node-06,9.9.2.153,elasticsearch_os_load5,0.93
2023/4/12 21:35,1681306547,cc-cc408-hya,data-node-06,9.9.2.153,elasticsearch_os_load5,0.82
2023/4/12 21:36,1681306607,cc-cc408-hya,data-node-06,9.9.2.153,elasticsearch_os_load5,0.8
2023/4/12 21:37,1681306667,cc-cc408-hya,data-node-06,9.9.2.153,elasticsearch_os_load5,0.74
2023/4/12 21:38,1681306727,cc-cc408-hya,data-node-06,9.9.2.153,elasticsearch_os_load5,0.71
2023/4/12 21:39,1681306787,cc-cc408-hya,data-node-06,9.9.2.153,elasticsearch_os_load5,0.77
2023/4/12 21:40,1681306847,cc-cc408-hya,data-node-06,9.9.2.153,elasticsearch_os_load5,0.75
2023/4/12 21:41,1681306907,cc-cc408-hya,data-node-06,9.9.2.153,elasticsearch_os_load5,0.72
2023/4/12 21:42,1681306967,cc-cc408-hya,data-node-06,9.9.2.153,elasticsearch_os_load5,0.72
2023/4/12 21:43,1681307027,cc-cc408-hya,data-node-06,9.9.2.153,elasticsearch_os_load5,0.66
2023/4/12 21:44,1681307087,cc-cc408-hya,data-node-06,9.9.2.153,elasticsearch_os_load5,0.68
2023/4/12 21:45,1681307147,cc-cc408-hya,data-node-06,9.9.2.153,elasticsearch_os_load5,0.86
2023/4/12 21:46,1681307207,cc-cc408-hya,data-node-06,9.9.2.153,elasticsearch_os_load5,1.02
2023/4/12 21:47,1681307267,cc-cc408-hya,data-node-06,9.9.2.153,elasticsearch_os_load5,0.98
2023/4/12 21:48,1681307327,cc-cc408-hya,data-node-06,9.9.2.153,elasticsearch_os_load5,1.06
2023/4/12 21:49,1681307387,cc-cc408-hya,data-node-06,9.9.2.153,elasticsearch_os_load5,0.99
2023/4/12 21:50,1681307447,cc-cc408-hya,data-node-06,9.9.2.153,elasticsearch_os_load5,1.01
2023/4/12 21:51,1681307507,cc-cc408-hya,data-node-06,9.9.2.153,elasticsearch_os_load5,1.03
2023/4/12 21:52,1681307567,cc-cc408-hya,data-node-06,9.9.2.153,elasticsearch_os_load5,1.07
2023/4/12 21:53,1681307627,cc-cc408-hya,data-node-06,9.9.2.153,elasticsearch_os_load5,1.04
2023/4/12 21:54,1681307687,cc-cc408-hya,data-node-06,9.9.2.153,elasticsearch_os_load5,1.01
2023/4/12 21:55,1681307747,cc-cc408-hya,data-node-06,9.9.2.153,elasticsearch_os_load5,1.11
2023/4/12 21:56,1681307807,cc-cc408-hya,data-node-06,9.9.2.153,elasticsearch_os_load5,1.02
2023/4/12 21:57,1681307867,cc-cc408-hya,data-node-06,9.9.2.153,elasticsearch_os_load5,1.09
2023/4/12 21:58,1681307927,cc-cc408-hya,data-node-06,9.9.2.153,elasticsearch_os_load5,0.93
2023/4/12 21:59,1681307987,cc-cc408-hya,data-node-06,9.9.2.153,elasticsearch_os_load5,0.92
2023/4/12 22:00,1681308047,cc-cc408-hya,data-node-06,9.9.2.153,elasticsearch_os_load5,0.83
2023/4/12 22:01,1681308107,cc-cc408-hya,data-node-06,9.9.2.153,elasticsearch_os_load5,0.85
2023/4/12 22:02,1681308167,cc-cc408-hya,data-node-06,9.9.2.153,elasticsearch_os_load5,0.82
2023/4/12 22:03,1681308227,cc-cc408-hya,data-node-06,9.9.2.153,elasticsearch_os_load5,0.79
2023/4/12 22:04,1681308287,cc-cc408-hya,data-node-06,9.9.2.153,elasticsearch_os_load5,0.75
2023/4/12 22:05,1681308347,cc-cc408-hya,data-node-06,9.9.2.153,elasticsearch_os_load5,0.73
2023/4/12 22:06,1681308407,cc-cc408-hya,data-node-06,9.9.2.153,elasticsearch_os_load5,0.69
2023/4/12 22:07,1681308467,cc-cc408-hya,data-node-06,9.9.2.153,elasticsearch_os_load5,0.8
2023/4/12 22:08,1681308527,cc-cc408-hya,data-node-06,9.9.2.153,elasticsearch_os_load5,0.95
2023/4/12 22:09,1681308587,cc-cc408-hya,data-node-06,9.9.2.153,elasticsearch_os_load5,1.07
2023/4/12 22:10,1681308647,cc-cc408-hya,data-node-06,9.9.2.153,elasticsearch_os_load5,1.11
2023/4/12 22:11,1681308707,cc-cc408-hya,data-node-06,9.9.2.153,elasticsearch_os_load5,1.12
2023/4/12 22:12,1681308767,cc-cc408-hya,data-node-06,9.9.2.153,elasticsearch_os_load5,0.99
2023/4/12 22:13,1681308827,cc-cc408-hya,data-node-06,9.9.2.153,elasticsearch_os_load5,0.93
2023/4/12 22:14,1681308887,cc-cc408-hya,data-node-06,9.9.2.153,elasticsearch_os_load5,0.87
2023/4/12 22:15,1681308947,cc-cc408-hya,data-node-06,9.9.2.153,elasticsearch_os_load5,0.82
2023/4/12 22:16,1681309007,cc-cc408-hya,data-node-06,9.9.2.153,elasticsearch_os_load5,0.83
2023/4/12 22:17,1681309067,cc-cc408-hya,data-node-06,9.9.2.153,elasticsearch_os_load5,0.82
2023/4/12 22:18,1681309127,cc-cc408-hya,data-node-06,9.9.2.153,elasticsearch_os_load5,0.7
2023/4/12 22:19,1681309187,cc-cc408-hya,data-node-06,9.9.2.153,elasticsearch_os_load5,0.69
2023/4/12 22:20,1681309247,cc-cc408-hya,data-node-06,9.9.2.153,elasticsearch_os_load5,0.71
2023/4/12 22:21,1681309307,cc-cc408-hya,data-node-06,9.9.2.153,elasticsearch_os_load5,0.66
2023/4/12 22:22,1681309367,cc-cc408-hya,data-node-06,9.9.2.153,elasticsearch_os_load5,0.64
2023/4/12 22:23,1681309427,cc-cc408-hya,data-node-06,9.9.2.153,elasticsearch_os_load5,0.66
2023/4/12 22:24,1681309487,cc-cc408-hya,data-node-06,9.9.2.153,elasticsearch_os_load5,0.68
2023/4/12 22:25,1681309547,cc-cc408-hya,data-node-06,9.9.2.153,elasticsearch_os_load5,0.62
2023/4/12 22:26,1681309607,cc-cc408-hya,data-node-06,9.9.2.153,elasticsearch_os_load5,0.64
2023/4/12 22:27,1681309667,cc-cc408-hya,data-node-06,9.9.2.153,elasticsearch_os_load5,0.8
2023/4/12 22:28,1681309727,cc-cc408-hya,data-node-06,9.9.2.153,elasticsearch_os_load5,0.89
2023/4/12 22:29,1681309787,cc-cc408-hya,data-node-06,9.9.2.153,elasticsearch_os_load5,0.92
2023/4/12 22:30,1681309847,cc-cc408-hya,data-node-06,9.9.2.153,elasticsearch_os_load5,1.06
2023/4/12 22:31,1681309907,cc-cc408-hya,data-node-06,9.9.2.153,elasticsearch_os_load5,1.11
2023/4/12 22:32,1681309967,cc-cc408-hya,data-node-06,9.9.2.153,elasticsearch_os_load5,1.11
2023/4/12 22:33,1681310027,cc-cc408-hya,data-node-06,9.9.2.153,elasticsearch_os_load5,1.01
2023/4/12 22:34,1681310087,cc-cc408-hya,data-node-06,9.9.2.153,elasticsearch_os_load5,0.91
2023/4/12 22:35,1681310147,cc-cc408-hya,data-node-06,9.9.2.153,elasticsearch_os_load5,0.9
2023/4/12 22:36,1681310207,cc-cc408-hya,data-node-06,9.9.2.153,elasticsearch_os_load5,0.88
2023/4/12 22:37,1681310267,cc-cc408-hya,data-node-06,9.9.2.153,elasticsearch_os_load5,1.02
2023/4/12 22:38,1681310327,cc-cc408-hya,data-node-06,9.9.2.153,elasticsearch_os_load5,0.98
2023/4/12 22:39,1681310387,cc-cc408-hya,data-node-06,9.9.2.153,elasticsearch_os_load5,0.98
2023/4/12 22:40,1681310447,cc-cc408-hya,data-node-06,9.9.2.153,elasticsearch_os_load5,1.03
2023/4/12 22:41,1681310507,cc-cc408-hya,data-node-06,9.9.2.153,elasticsearch_os_load5,1.1
2023/4/12 22:42,1681310567,cc-cc408-hya,data-node-06,9.9.2.153,elasticsearch_os_load5,1.12
2023/4/12 22:43,1681310627,cc-cc408-hya,data-node-06,9.9.2.153,elasticsearch_os_load5,1.25
2023/4/12 22:44,1681310687,cc-cc408-hya,data-node-06,9.9.2.153,elasticsearch_os_load5,1.22
2023/4/12 22:45,1681310747,cc-cc408-hya,data-node-06,9.9.2.153,elasticsearch_os_load5,1.07
2023/4/12 22:46,1681310807,cc-cc408-hya,data-node-06,9.9.2.153,elasticsearch_os_load5,1.07
2023/4/12 22:47,1681310867,cc-cc408-hya,data-node-06,9.9.2.153,elasticsearch_os_load5,1.08
2023/4/12 22:48,1681310927,cc-cc408-hya,data-node-06,9.9.2.153,elasticsearch_os_load5,0.98
2023/4/12 22:49,1681310987,cc-cc408-hya,data-node-06,9.9.2.153,elasticsearch_os_load5,0.95
2023/4/12 22:50,1681311047,cc-cc408-hya,data-node-06,9.9.2.153,elasticsearch_os_load5,1.1
2023/4/12 22:51,1681311107,cc-cc408-hya,data-node-06,9.9.2.153,elasticsearch_os_load5,1.21
2023/4/12 22:52,1681311167,cc-cc408-hya,data-node-06,9.9.2.153,elasticsearch_os_load5,1.25
2023/4/12 22:53,1681311227,cc-cc408-hya,data-node-06,9.9.2.153,elasticsearch_os_load5,1.37
2023/4/12 22:54,1681311287,cc-cc408-hya,data-node-06,9.9.2.153,elasticsearch_os_load5,1.37
2023/4/12 22:55,1681311347,cc-cc408-hya,data-node-06,9.9.2.153,elasticsearch_os_load5,1.4
2023/4/12 22:56,1681311407,cc-cc408-hya,data-node-06,9.9.2.153,elasticsearch_os_load5,1.21
2023/4/12 22:57,1681311467,cc-cc408-hya,data-node-06,9.9.2.153,elasticsearch_os_load5,1.04
2023/4/12 22:58,1681311527,cc-cc408-hya,data-node-06,9.9.2.153,elasticsearch_os_load5,0.96
2023/4/12 22:59,1681311587,cc-cc408-hya,data-node-06,9.9.2.153,elasticsearch_os_load5,0.83
2023/4/12 23:00,1681311647,cc-cc408-hya,data-node-06,9.9.2.153,elasticsearch_os_load5,0.77
2023/4/12 23:01,1681311707,cc-cc408-hya,data-node-06,9.9.2.153,elasticsearch_os_load5,0.94
2023/4/12 23:02,1681311767,cc-cc408-hya,data-node-06,9.9.2.153,elasticsearch_os_load5,0.95
2023/4/12 23:03,1681311827,cc-cc408-hya,data-node-06,9.9.2.153,elasticsearch_os_load5,1.05
2023/4/12 23:04,1681311887,cc-cc408-hya,data-node-06,9.9.2.153,elasticsearch_os_load5,1.02
2023/4/12 23:05,1681311947,cc-cc408-hya,data-node-06,9.9.2.153,elasticsearch_os_load5,0.99
2023/4/12 23:06,1681312007,cc-cc408-hya,data-node-06,9.9.2.153,elasticsearch_os_load5,0.88
2023/4/12 23:07,1681312067,cc-cc408-hya,data-node-06,9.9.2.153,elasticsearch_os_load5,0.85
2023/4/12 23:08,1681312127,cc-cc408-hya,data-node-06,9.9.2.153,elasticsearch_os_load5,0.91
2023/4/12 23:09,1681312187,cc-cc408-hya,data-node-06,9.9.2.153,elasticsearch_os_load5,0.97
2023/4/12 23:10,1681312247,cc-cc408-hya,data-node-06,9.9.2.153,elasticsearch_os_load5,0.9
2023/4/12 23:11,1681312307,cc-cc408-hya,data-node-06,9.9.2.153,elasticsearch_os_load5,0.9
2023/4/12 23:12,1681312367,cc-cc408-hya,data-node-06,9.9.2.153,elasticsearch_os_load5,0.95
2023/4/12 23:13,1681312427,cc-cc408-hya,data-node-06,9.9.2.153,elasticsearch_os_load5,0.83
2023/4/12 23:14,1681312487,cc-cc408-hya,data-node-06,9.9.2.153,elasticsearch_os_load5,1
2023/4/12 23:15,1681312547,cc-cc408-hya,data-node-06,9.9.2.153,elasticsearch_os_load5,0.95
2023/4/12 23:16,1681312607,cc-cc408-hya,data-node-06,9.9.2.153,elasticsearch_os_load5,0.9
2023/4/12 23:17,1681312667,cc-cc408-hya,data-node-06,9.9.2.153,elasticsearch_os_load5,0.92
2023/4/12 23:18,1681312727,cc-cc408-hya,data-node-06,9.9.2.153,elasticsearch_os_load5,1.05
2023/4/12 23:19,1681312787,cc-cc408-hya,data-node-06,9.9.2.153,elasticsearch_os_load5,1.19
2023/4/12 23:20,1681312847,cc-cc408-hya,data-node-06,9.9.2.153,elasticsearch_os_load5,1.28
2023/4/12 23:21,1681312907,cc-cc408-hya,data-node-06,9.9.2.153,elasticsearch_os_load5,1.41
2023/4/12 23:22,1681312967,cc-cc408-hya,data-node-06,9.9.2.153,elasticsearch_os_load5,1.37
2023/4/12 23:23,1681313027,cc-cc408-hya,data-node-06,9.9.2.153,elasticsearch_os_load5,1.27
2023/4/12 23:24,1681313087,cc-cc408-hya,data-node-06,9.9.2.153,elasticsearch_os_load5,1.28
2023/4/12 23:25,1681313147,cc-cc408-hya,data-node-06,9.9.2.153,elasticsearch_os_load5,1.32
2023/4/12 23:26,1681313207,cc-cc408-hya,data-node-06,9.9.2.153,elasticsearch_os_load5,1.26
2023/4/12 23:27,1681313267,cc-cc408-hya,data-node-06,9.9.2.153,elasticsearch_os_load5,1.14
2023/4/12 23:28,1681313327,cc-cc408-hya,data-node-06,9.9.2.153,elasticsearch_os_load5,1.04
2023/4/12 23:29,1681313387,cc-cc408-hya,data-node-06,9.9.2.153,elasticsearch_os_load5,0.94
2023/4/12 23:30,1681313447,cc-cc408-hya,data-node-06,9.9.2.153,elasticsearch_os_load5,0.87
2023/4/12 23:31,1681313507,cc-cc408-hya,data-node-06,9.9.2.153,elasticsearch_os_load5,0.85
2023/4/12 23:32,1681313567,cc-cc408-hya,data-node-06,9.9.2.153,elasticsearch_os_load5,0.85
2023/4/12 23:33,1681313627,cc-cc408-hya,data-node-06,9.9.2.153,elasticsearch_os_load5,0.92
2023/4/12 23:34,1681313687,cc-cc408-hya,data-node-06,9.9.2.153,elasticsearch_os_load5,1.13
2023/4/12 23:35,1681313747,cc-cc408-hya,data-node-06,9.9.2.153,elasticsearch_os_load5,1.17
2023/4/12 23:36,1681313807,cc-cc408-hya,data-node-06,9.9.2.153,elasticsearch_os_load5,1.2
2023/4/12 23:37,1681313867,cc-cc408-hya,data-node-06,9.9.2.153,elasticsearch_os_load5,1.13
2023/4/12 23:38,1681313927,cc-cc408-hya,data-node-06,9.9.2.153,elasticsearch_os_load5,0.95
2023/4/12 23:39,1681313987,cc-cc408-hya,data-node-06,9.9.2.153,elasticsearch_os_load5,0.9
2023/4/12 23:40,1681314047,cc-cc408-hya,data-node-06,9.9.2.153,elasticsearch_os_load5,0.96
2023/4/12 23:41,1681314107,cc-cc408-hya,data-node-06,9.9.2.153,elasticsearch_os_load5,0.94
2023/4/12 23:42,1681314167,cc-cc408-hya,data-node-06,9.9.2.153,elasticsearch_os_load5,0.91
2023/4/12 23:43,1681314227,cc-cc408-hya,data-node-06,9.9.2.153,elasticsearch_os_load5,0.83
2023/4/12 23:44,1681314287,cc-cc408-hya,data-node-06,9.9.2.153,elasticsearch_os_load5,0.84
2023/4/12 23:45,1681314347,cc-cc408-hya,data-node-06,9.9.2.153,elasticsearch_os_load5,0.78
2023/4/12 23:46,1681314407,cc-cc408-hya,data-node-06,9.9.2.153,elasticsearch_os_load5,0.75
2023/4/12 23:47,1681314467,cc-cc408-hya,data-node-06,9.9.2.153,elasticsearch_os_load5,0.72
2023/4/12 23:48,1681314527,cc-cc408-hya,data-node-06,9.9.2.153,elasticsearch_os_load5,0.73
2023/4/12 23:49,1681314587,cc-cc408-hya,data-node-06,9.9.2.153,elasticsearch_os_load5,0.65
2023/4/12 23:50,1681314647,cc-cc408-hya,data-node-06,9.9.2.153,elasticsearch_os_load5,0.88
2023/4/12 23:51,1681314707,cc-cc408-hya,data-node-06,9.9.2.153,elasticsearch_os_load5,0.95
2023/4/12 23:52,1681314767,cc-cc408-hya,data-node-06,9.9.2.153,elasticsearch_os_load5,0.83
2023/4/12 23:53,1681314827,cc-cc408-hya,data-node-06,9.9.2.153,elasticsearch_os_load5,0.78
2023/4/12 23:54,1681314887,cc-cc408-hya,data-node-06,9.9.2.153,elasticsearch_os_load5,0.71
2023/4/12 23:55,1681314947,cc-cc408-hya,data-node-06,9.9.2.153,elasticsearch_os_load5,0.67
2023/4/12 23:56,1681315007,cc-cc408-hya,data-node-06,9.9.2.153,elasticsearch_os_load5,0.71
2023/4/12 23:57,1681315067,cc-cc408-hya,data-node-06,9.9.2.153,elasticsearch_os_load5,0.66
2023/4/12 23:58,1681315127,cc-cc408-hya,data-node-06,9.9.2.153,elasticsearch_os_load5,0.56
2023/4/12 23:59,1681315187,cc-cc408-hya,data-node-06,9.9.2.153,elasticsearch_os_load5,0.57
2023/4/13 0:00,1681315247,cc-cc408-hya,data-node-06,9.9.2.153,elasticsearch_os_load5,0.51
2023/4/13 0:01,1681315307,cc-cc408-hya,data-node-06,9.9.2.153,elasticsearch_os_load5,0.56
2023/4/13 0:02,1681315367,cc-cc408-hya,data-node-06,9.9.2.153,elasticsearch_os_load5,0.59
2023/4/13 0:03,1681315427,cc-cc408-hya,data-node-06,9.9.2.153,elasticsearch_os_load5,0.58
2023/4/13 0:04,1681315487,cc-cc408-hya,data-node-06,9.9.2.153,elasticsearch_os_load5,0.64
2023/4/13 0:05,1681315547,cc-cc408-hya,data-node-06,9.9.2.153,elasticsearch_os_load5,0.55
2023/4/13 0:06,1681315607,cc-cc408-hya,data-node-06,9.9.2.153,elasticsearch_os_load5,0.49
2023/4/13 0:07,1681315667,cc-cc408-hya,data-node-06,9.9.2.153,elasticsearch_os_load5,0.45
2023/4/13 0:08,1681315727,cc-cc408-hya,data-node-06,9.9.2.153,elasticsearch_os_load5,0.4
2023/4/13 0:09,1681315787,cc-cc408-hya,data-node-06,9.9.2.153,elasticsearch_os_load5,0.4
2023/4/13 0:10,1681315847,cc-cc408-hya,data-node-06,9.9.2.153,elasticsearch_os_load5,0.42
2023/4/13 0:11,1681315907,cc-cc408-hya,data-node-06,9.9.2.153,elasticsearch_os_load5,0.39
2023/4/13 0:12,1681315967,cc-cc408-hya,data-node-06,9.9.2.153,elasticsearch_os_load5,0.36
2023/4/13 0:13,1681316027,cc-cc408-hya,data-node-06,9.9.2.153,elasticsearch_os_load5,0.32
2023/4/13 0:14,1681316087,cc-cc408-hya,data-node-06,9.9.2.153,elasticsearch_os_load5,0.28
2023/4/13 0:15,1681316147,cc-cc408-hya,data-node-06,9.9.2.153,elasticsearch_os_load5,0.4
2023/4/13 0:16,1681316207,cc-cc408-hya,data-node-06,9.9.2.153,elasticsearch_os_load5,0.6
2023/4/13 0:17,1681316267,cc-cc408-hya,data-node-06,9.9.2.153,elasticsearch_os_load5,0.7
2023/4/13 0:18,1681316327,cc-cc408-hya,data-node-06,9.9.2.153,elasticsearch_os_load5,0.64
2023/4/13 0:19,1681316387,cc-cc408-hya,data-node-06,9.9.2.153,elasticsearch_os_load5,0.68
2023/4/13 0:20,1681316447,cc-cc408-hya,data-node-06,9.9.2.153,elasticsearch_os_load5,0.68
2023/4/13 0:21,1681316507,cc-cc408-hya,data-node-06,9.9.2.153,elasticsearch_os_load5,0.78
2023/4/13 0:22,1681316567,cc-cc408-hya,data-node-06,9.9.2.153,elasticsearch_os_load5,0.73
2023/4/13 0:23,1681316627,cc-cc408-hya,data-node-06,9.9.2.153,elasticsearch_os_load5,0.68
2023/4/13 0:24,1681316687,cc-cc408-hya,data-node-06,9.9.2.153,elasticsearch_os_load5,0.71
2023/4/13 0:25,1681316747,cc-cc408-hya,data-node-06,9.9.2.153,elasticsearch_os_load5,0.81
2023/4/13 0:26,1681316807,cc-cc408-hya,data-node-06,9.9.2.153,elasticsearch_os_load5,0.89
2023/4/13 0:27,1681316867,cc-cc408-hya,data-node-06,9.9.2.153,elasticsearch_os_load5,0.87
2023/4/13 0:28,1681316927,cc-cc408-hya,data-node-06,9.9.2.153,elasticsearch_os_load5,0.88
2023/4/13 0:29,1681316987,cc-cc408-hya,data-node-06,9.9.2.153,elasticsearch_os_load5,0.87
2023/4/13 0:30,1681317047,cc-cc408-hya,data-node-06,9.9.2.153,elasticsearch_os_load5,0.89
2023/4/13 0:31,1681317107,cc-cc408-hya,data-node-06,9.9.2.153,elasticsearch_os_load5,0.85
2023/4/13 0:32,1681317167,cc-cc408-hya,data-node-06,9.9.2.153,elasticsearch_os_load5,0.95
2023/4/13 0:33,1681317227,cc-cc408-hya,data-node-06,9.9.2.153,elasticsearch_os_load5,0.98
2023/4/13 0:34,1681317287,cc-cc408-hya,data-node-06,9.9.2.153,elasticsearch_os_load5,0.97
2023/4/13 0:35,1681317347,cc-cc408-hya,data-node-06,9.9.2.153,elasticsearch_os_load5,0.99
2023/4/13 0:36,1681317407,cc-cc408-hya,data-node-06,9.9.2.153,elasticsearch_os_load5,1
2023/4/13 0:37,1681317467,cc-cc408-hya,data-node-06,9.9.2.153,elasticsearch_os_load5,1.04
2023/4/13 0:38,1681317527,cc-cc408-hya,data-node-06,9.9.2.153,elasticsearch_os_load5,1.11
2023/4/13 0:39,1681317587,cc-cc408-hya,data-node-06,9.9.2.153,elasticsearch_os_load5,1.06
2023/4/13 0:40,1681317647,cc-cc408-hya,data-node-06,9.9.2.153,elasticsearch_os_load5,1.05
2023/4/13 0:41,1681317707,cc-cc408-hya,data-node-06,9.9.2.153,elasticsearch_os_load5,1.04
2023/4/13 0:42,1681317767,cc-cc408-hya,data-node-06,9.9.2.153,elasticsearch_os_load5,1.06
2023/4/13 0:43,1681317827,cc-cc408-hya,data-node-06,9.9.2.153,elasticsearch_os_load5,1.06
2023/4/13 0:44,1681317887,cc-cc408-hya,data-node-06,9.9.2.153,elasticsearch_os_load5,1.01
2023/4/13 0:45,1681317947,cc-cc408-hya,data-node-06,9.9.2.153,elasticsearch_os_load5,1.02
2023/4/13 0:46,1681318007,cc-cc408-hya,data-node-06,9.9.2.153,elasticsearch_os_load5,0.9
2023/4/13 0:47,1681318067,cc-cc408-hya,data-node-06,9.9.2.153,elasticsearch_os_load5,0.87
2023/4/13 0:48,1681318127,cc-cc408-hya,data-node-06,9.9.2.153,elasticsearch_os_load5,0.85
2023/4/13 0:49,1681318187,cc-cc408-hya,data-node-06,9.9.2.153,elasticsearch_os_load5,0.75
2023/4/13 0:50,1681318247,cc-cc408-hya,data-node-06,9.9.2.153,elasticsearch_os_load5,0.78
2023/4/13 0:51,1681318307,cc-cc408-hya,data-node-06,9.9.2.153,elasticsearch_os_load5,0.73
2023/4/13 0:52,1681318367,cc-cc408-hya,data-node-06,9.9.2.153,elasticsearch_os_load5,0.81
2023/4/13 0:53,1681318427,cc-cc408-hya,data-node-06,9.9.2.153,elasticsearch_os_load5,0.82
2023/4/13 0:54,1681318487,cc-cc408-hya,data-node-06,9.9.2.153,elasticsearch_os_load5,0.87
2023/4/13 0:55,1681318547,cc-cc408-hya,data-node-06,9.9.2.153,elasticsearch_os_load5,0.94
2023/4/13 0:56,1681318607,cc-cc408-hya,data-node-06,9.9.2.153,elasticsearch_os_load5,0.88
2023/4/13 0:57,1681318667,cc-cc408-hya,data-node-06,9.9.2.153,elasticsearch_os_load5,1.02
2023/4/13 0:58,1681318727,cc-cc408-hya,data-node-06,9.9.2.153,elasticsearch_os_load5,1.16
2023/4/13 0:59,1681318787,cc-cc408-hya,data-node-06,9.9.2.153,elasticsearch_os_load5,1.37
2023/4/13 1:00,1681318847,cc-cc408-hya,data-node-06,9.9.2.153,elasticsearch_os_load5,1.29
2023/4/13 1:01,1681318907,cc-cc408-hya,data-node-06,9.9.2.153,elasticsearch_os_load5,1.22
2023/4/13 1:02,1681318967,cc-cc408-hya,data-node-06,9.9.2.153,elasticsearch_os_load5,1.25
2023/4/13 1:03,1681319027,cc-cc408-hya,data-node-06,9.9.2.153,elasticsearch_os_load5,1.2
2023/4/13 1:04,1681319087,cc-cc408-hya,data-node-06,9.9.2.153,elasticsearch_os_load5,1.17
2023/4/13 1:05,1681319147,cc-cc408-hya,data-node-06,9.9.2.153,elasticsearch_os_load5,1.09
2023/4/13 1:06,1681319207,cc-cc408-hya,data-node-06,9.9.2.153,elasticsearch_os_load5,1.04
2023/4/13 1:07,1681319267,cc-cc408-hya,data-node-06,9.9.2.153,elasticsearch_os_load5,1.04
2023/4/13 1:08,1681319327,cc-cc408-hya,data-node-06,9.9.2.153,elasticsearch_os_load5,1.03
2023/4/13 1:09,1681319387,cc-cc408-hya,data-node-06,9.9.2.153,elasticsearch_os_load5,0.95
2023/4/13 1:10,1681319447,cc-cc408-hya,data-node-06,9.9.2.153,elasticsearch_os_load5,0.9
2023/4/13 1:11,1681319507,cc-cc408-hya,data-node-06,9.9.2.153,elasticsearch_os_load5,0.9
2023/4/13 1:12,1681319567,cc-cc408-hya,data-node-06,9.9.2.153,elasticsearch_os_load5,0.88
2023/4/13 1:13,1681319627,cc-cc408-hya,data-node-06,9.9.2.153,elasticsearch_os_load5,0.91
2023/4/13 1:14,1681319687,cc-cc408-hya,data-node-06,9.9.2.153,elasticsearch_os_load5,1.02
2023/4/13 1:15,1681319747,cc-cc408-hya,data-node-06,9.9.2.153,elasticsearch_os_load5,1.1
2023/4/13 1:16,1681319807,cc-cc408-hya,data-node-06,9.9.2.153,elasticsearch_os_load5,1.02
2023/4/13 1:17,1681319867,cc-cc408-hya,data-node-06,9.9.2.153,elasticsearch_os_load5,1.02
2023/4/13 1:18,1681319927,cc-cc408-hya,data-node-06,9.9.2.153,elasticsearch_os_load5,1.04
2023/4/13 1:19,1681319987,cc-cc408-hya,data-node-06,9.9.2.153,elasticsearch_os_load5,1.06
2023/4/13 1:20,1681320047,cc-cc408-hya,data-node-06,9.9.2.153,elasticsearch_os_load5,1
2023/4/13 1:21,1681320107,cc-cc408-hya,data-node-06,9.9.2.153,elasticsearch_os_load5,0.83
2023/4/13 1:22,1681320167,cc-cc408-hya,data-node-06,9.9.2.153,elasticsearch_os_load5,0.69
2023/4/13 1:23,1681320227,cc-cc408-hya,data-node-06,9.9.2.153,elasticsearch_os_load5,0.7
2023/4/13 1:24,1681320287,cc-cc408-hya,data-node-06,9.9.2.153,elasticsearch_os_load5,1.32
2023/4/13 1:25,1681320347,cc-cc408-hya,data-node-06,9.9.2.153,elasticsearch_os_load5,1.11
2023/4/13 1:26,1681320407,cc-cc408-hya,data-node-06,9.9.2.153,elasticsearch_os_load5,0.94
2023/4/13 1:27,1681320467,cc-cc408-hya,data-node-06,9.9.2.153,elasticsearch_os_load5,0.82
2023/4/13 1:28,1681320527,cc-cc408-hya,data-node-06,9.9.2.153,elasticsearch_os_load5,0.67
2023/4/13 1:29,1681320587,cc-cc408-hya,data-node-06,9.9.2.153,elasticsearch_os_load5,0.62
2023/4/13 1:30,1681320647,cc-cc408-hya,data-node-06,9.9.2.153,elasticsearch_os_load5,0.6
2023/4/13 1:31,1681320707,cc-cc408-hya,data-node-06,9.9.2.153,elasticsearch_os_load5,0.53
2023/4/13 1:32,1681320767,cc-cc408-hya,data-node-06,9.9.2.153,elasticsearch_os_load5,0.45
2023/4/13 1:33,1681320827,cc-cc408-hya,data-node-06,9.9.2.153,elasticsearch_os_load5,0.43
2023/4/13 1:34,1681320887,cc-cc408-hya,data-node-06,9.9.2.153,elasticsearch_os_load5,0.36
2023/4/13 1:35,1681320947,cc-cc408-hya,data-node-06,9.9.2.153,elasticsearch_os_load5,0.29
2023/4/13 1:36,1681321007,cc-cc408-hya,data-node-06,9.9.2.153,elasticsearch_os_load5,0.29
2023/4/13 1:37,1681321067,cc-cc408-hya,data-node-06,9.9.2.153,elasticsearch_os_load5,0.23
2023/4/13 1:38,1681321127,cc-cc408-hya,data-node-06,9.9.2.153,elasticsearch_os_load5,0.3
2023/4/13 1:39,1681321187,cc-cc408-hya,data-node-06,9.9.2.153,elasticsearch_os_load5,0.26
2023/4/13 1:40,1681321247,cc-cc408-hya,data-node-06,9.9.2.153,elasticsearch_os_load5,0.48
2023/4/13 1:41,1681321307,cc-cc408-hya,data-node-06,9.9.2.153,elasticsearch_os_load5,0.55
2023/4/13 1:42,1681321367,cc-cc408-hya,data-node-06,9.9.2.153,elasticsearch_os_load5,0.63
2023/4/13 1:43,1681321427,cc-cc408-hya,data-node-06,9.9.2.153,elasticsearch_os_load5,0.64
2023/4/13 1:44,1681321487,cc-cc408-hya,data-node-06,9.9.2.153,elasticsearch_os_load5,0.57
2023/4/13 1:45,1681321547,cc-cc408-hya,data-node-06,9.9.2.153,elasticsearch_os_load5,0.53
2023/4/13 1:46,1681321607,cc-cc408-hya,data-node-06,9.9.2.153,elasticsearch_os_load5,0.47
2023/4/13 1:47,1681321667,cc-cc408-hya,data-node-06,9.9.2.153,elasticsearch_os_load5,0.45
2023/4/13 1:48,1681321727,cc-cc408-hya,data-node-06,9.9.2.153,elasticsearch_os_load5,0.39
2023/4/13 1:49,1681321787,cc-cc408-hya,data-node-06,9.9.2.153,elasticsearch_os_load5,0.39
2023/4/13 1:50,1681321847,cc-cc408-hya,data-node-06,9.9.2.153,elasticsearch_os_load5,0.4
2023/4/13 1:51,1681321907,cc-cc408-hya,data-node-06,9.9.2.153,elasticsearch_os_load5,0.39
2023/4/13 1:52,1681321967,cc-cc408-hya,data-node-06,9.9.2.153,elasticsearch_os_load5,0.36
2023/4/13 1:53,1681322027,cc-cc408-hya,data-node-06,9.9.2.153,elasticsearch_os_load5,0.29
2023/4/13 1:54,1681322087,cc-cc408-hya,data-node-06,9.9.2.153,elasticsearch_os_load5,0.25
2023/4/13 1:55,1681322147,cc-cc408-hya,data-node-06,9.9.2.153,elasticsearch_os_load5,0.27
2023/4/13 1:56,1681322207,cc-cc408-hya,data-node-06,9.9.2.153,elasticsearch_os_load5,0.32
2023/4/13 1:57,1681322267,cc-cc408-hya,data-node-06,9.9.2.153,elasticsearch_os_load5,0.29
2023/4/13 1:58,1681322327,cc-cc408-hya,data-node-06,9.9.2.153,elasticsearch_os_load5,0.28
2023/4/13 1:59,1681322387,cc-cc408-hya,data-node-06,9.9.2.153,elasticsearch_os_load5,0.24
2023/4/13 2:00,1681322447,cc-cc408-hya,data-node-06,9.9.2.153,elasticsearch_os_load5,0.25
2023/4/13 2:01,1681322507,cc-cc408-hya,data-node-06,9.9.2.153,elasticsearch_os_load5,0.27
2023/4/13 2:02,1681322567,cc-cc408-hya,data-node-06,9.9.2.153,elasticsearch_os_load5,0.29
2023/4/13 2:03,1681322627,cc-cc408-hya,data-node-06,9.9.2.153,elasticsearch_os_load5,0.25
2023/4/13 2:04,1681322687,cc-cc408-hya,data-node-06,9.9.2.153,elasticsearch_os_load5,0.27
2023/4/13 2:05,1681322747,cc-cc408-hya,data-node-06,9.9.2.153,elasticsearch_os_load5,0.25
2023/4/13 2:06,1681322807,cc-cc408-hya,data-node-06,9.9.2.153,elasticsearch_os_load5,0.23
2023/4/13 2:07,1681322867,cc-cc408-hya,data-node-06,9.9.2.153,elasticsearch_os_load5,0.2
2023/4/13 2:08,1681322927,cc-cc408-hya,data-node-06,9.9.2.153,elasticsearch_os_load5,0.2
2023/4/13 2:09,1681322987,cc-cc408-hya,data-node-06,9.9.2.153,elasticsearch_os_load5,0.23
2023/4/13 2:10,1681323047,cc-cc408-hya,data-node-06,9.9.2.153,elasticsearch_os_load5,0.19
2023/4/13 2:11,1681323107,cc-cc408-hya,data-node-06,9.9.2.153,elasticsearch_os_load5,0.18
2023/4/13 2:12,1681323167,cc-cc408-hya,data-node-06,9.9.2.153,elasticsearch_os_load5,0.25
2023/4/13 2:13,1681323227,cc-cc408-hya,data-node-06,9.9.2.153,elasticsearch_os_load5,0.31
2023/4/13 2:14,1681323287,cc-cc408-hya,data-node-06,9.9.2.153,elasticsearch_os_load5,0.33
2023/4/13 2:15,1681323347,cc-cc408-hya,data-node-06,9.9.2.153,elasticsearch_os_load5,0.32
2023/4/13 2:16,1681323407,cc-cc408-hya,data-node-06,9.9.2.153,elasticsearch_os_load5,0.35
2023/4/13 2:17,1681323467,cc-cc408-hya,data-node-06,9.9.2.153,elasticsearch_os_load5,0.28
2023/4/13 2:18,1681323527,cc-cc408-hya,data-node-06,9.9.2.153,elasticsearch_os_load5,0.23
2023/4/13 2:19,1681323587,cc-cc408-hya,data-node-06,9.9.2.153,elasticsearch_os_load5,0.2
2023/4/13 2:20,1681323647,cc-cc408-hya,data-node-06,9.9.2.153,elasticsearch_os_load5,0.16
2023/4/13 2:21,1681323707,cc-cc408-hya,data-node-06,9.9.2.153,elasticsearch_os_load5,0.2
2023/4/13 2:22,1681323767,cc-cc408-hya,data-node-06,9.9.2.153,elasticsearch_os_load5,0.36
2023/4/13 2:23,1681323827,cc-cc408-hya,data-node-06,9.9.2.153,elasticsearch_os_load5,0.52
2023/4/13 2:24,1681323887,cc-cc408-hya,data-node-06,9.9.2.153,elasticsearch_os_load5,0.63
2023/4/13 2:25,1681323947,cc-cc408-hya,data-node-06,9.9.2.153,elasticsearch_os_load5,0.57
2023/4/13 2:26,1681324007,cc-cc408-hya,data-node-06,9.9.2.153,elasticsearch_os_load5,0.48
2023/4/13 2:27,1681324067,cc-cc408-hya,data-node-06,9.9.2.153,elasticsearch_os_load5,0.42
2023/4/13 2:28,1681324127,cc-cc408-hya,data-node-06,9.9.2.153,elasticsearch_os_load5,0.36
2023/4/13 2:29,1681324187,cc-cc408-hya,data-node-06,9.9.2.153,elasticsearch_os_load5,0.34
2023/4/13 2:30,1681324247,cc-cc408-hya,data-node-06,9.9.2.153,elasticsearch_os_load5,0.32
2023/4/13 2:31,1681324307,cc-cc408-hya,data-node-06,9.9.2.153,elasticsearch_os_load5,0.29
2023/4/13 2:32,1681324367,cc-cc408-hya,data-node-06,9.9.2.153,elasticsearch_os_load5,0.28
2023/4/13 2:33,1681324427,cc-cc408-hya,data-node-06,9.9.2.153,elasticsearch_os_load5,0.26
2023/4/13 2:34,1681324487,cc-cc408-hya,data-node-06,9.9.2.153,elasticsearch_os_load5,0.26
2023/4/13 2:35,1681324547,cc-cc408-hya,data-node-06,9.9.2.153,elasticsearch_os_load5,0.22
2023/4/13 2:36,1681324607,cc-cc408-hya,data-node-06,9.9.2.153,elasticsearch_os_load5,0.18
2023/4/13 2:37,1681324667,cc-cc408-hya,data-node-06,9.9.2.153,elasticsearch_os_load5,0.49
2023/4/13 2:38,1681324727,cc-cc408-hya,data-node-06,9.9.2.153,elasticsearch_os_load5,0.48
2023/4/13 2:39,1681324787,cc-cc408-hya,data-node-06,9.9.2.153,elasticsearch_os_load5,0.43
2023/4/13 2:40,1681324847,cc-cc408-hya,data-node-06,9.9.2.153,elasticsearch_os_load5,0.47
2023/4/13 2:41,1681324907,cc-cc408-hya,data-node-06,9.9.2.153,elasticsearch_os_load5,0.43
2023/4/13 2:42,1681324967,cc-cc408-hya,data-node-06,9.9.2.153,elasticsearch_os_load5,0.38
2023/4/13 2:43,1681325027,cc-cc408-hya,data-node-06,9.9.2.153,elasticsearch_os_load5,0.33
2023/4/13 2:44,1681325087,cc-cc408-hya,data-node-06,9.9.2.153,elasticsearch_os_load5,0.33
2023/4/13 2:45,1681325147,cc-cc408-hya,data-node-06,9.9.2.153,elasticsearch_os_load5,0.3
2023/4/13 2:46,1681325207,cc-cc408-hya,data-node-06,9.9.2.153,elasticsearch_os_load5,0.26
2023/4/13 2:47,1681325267,cc-cc408-hya,data-node-06,9.9.2.153,elasticsearch_os_load5,0.25
2023/4/13 2:48,1681325327,cc-cc408-hya,data-node-06,9.9.2.153,elasticsearch_os_load5,0.3
2023/4/13 2:49,1681325387,cc-cc408-hya,data-node-06,9.9.2.153,elasticsearch_os_load5,0.26
2023/4/13 2:50,1681325447,cc-cc408-hya,data-node-06,9.9.2.153,elasticsearch_os_load5,0.24
2023/4/13 2:51,1681325507,cc-cc408-hya,data-node-06,9.9.2.153,elasticsearch_os_load5,0.22
2023/4/13 2:52,1681325567,cc-cc408-hya,data-node-06,9.9.2.153,elasticsearch_os_load5,0.21
2023/4/13 2:53,1681325627,cc-cc408-hya,data-node-06,9.9.2.153,elasticsearch_os_load5,0.24
2023/4/13 2:54,1681325687,cc-cc408-hya,data-node-06,9.9.2.153,elasticsearch_os_load5,0.22
2023/4/13 2:55,1681325747,cc-cc408-hya,data-node-06,9.9.2.153,elasticsearch_os_load5,0.23
2023/4/13 2:56,1681325807,cc-cc408-hya,data-node-06,9.9.2.153,elasticsearch_os_load5,0.22
2023/4/13 2:57,1681325867,cc-cc408-hya,data-node-06,9.9.2.153,elasticsearch_os_load5,0.17
2023/4/13 2:58,1681325927,cc-cc408-hya,data-node-06,9.9.2.153,elasticsearch_os_load5,0.19
2023/4/13 2:59,1681325987,cc-cc408-hya,data-node-06,9.9.2.153,elasticsearch_os_load5,0.21
2023/4/13 3:00,1681326047,cc-cc408-hya,data-node-06,9.9.2.153,elasticsearch_os_load5,0.19
2023/4/13 3:01,1681326107,cc-cc408-hya,data-node-06,9.9.2.153,elasticsearch_os_load5,0.15
2023/4/13 3:02,1681326167,cc-cc408-hya,data-node-06,9.9.2.153,elasticsearch_os_load5,0.17
2023/4/13 3:03,1681326227,cc-cc408-hya,data-node-06,9.9.2.153,elasticsearch_os_load5,0.2
2023/4/13 3:04,1681326287,cc-cc408-hya,data-node-06,9.9.2.153,elasticsearch_os_load5,0.27
2023/4/13 3:05,1681326347,cc-cc408-hya,data-node-06,9.9.2.153,elasticsearch_os_load5,0.47
2023/4/13 3:06,1681326407,cc-cc408-hya,data-node-06,9.9.2.153,elasticsearch_os_load5,0.59
2023/4/13 3:07,1681326467,cc-cc408-hya,data-node-06,9.9.2.153,elasticsearch_os_load5,0.51
2023/4/13 3:08,1681326527,cc-cc408-hya,data-node-06,9.9.2.153,elasticsearch_os_load5,0.47
2023/4/13 3:09,1681326587,cc-cc408-hya,data-node-06,9.9.2.153,elasticsearch_os_load5,0.42
2023/4/13 3:10,1681326647,cc-cc408-hya,data-node-06,9.9.2.153,elasticsearch_os_load5,0.45
2023/4/13 3:11,1681326707,cc-cc408-hya,data-node-06,9.9.2.153,elasticsearch_os_load5,0.38
2023/4/13 3:12,1681326767,cc-cc408-hya,data-node-06,9.9.2.153,elasticsearch_os_load5,0.33
2023/4/13 3:13,1681326827,cc-cc408-hya,data-node-06,9.9.2.153,elasticsearch_os_load5,0.29
2023/4/13 3:14,1681326887,cc-cc408-hya,data-node-06,9.9.2.153,elasticsearch_os_load5,0.29
2023/4/13 3:15,1681326947,cc-cc408-hya,data-node-06,9.9.2.153,elasticsearch_os_load5,0.28
2023/4/13 3:16,1681327007,cc-cc408-hya,data-node-06,9.9.2.153,elasticsearch_os_load5,0.24
2023/4/13 3:17,1681327067,cc-cc408-hya,data-node-06,9.9.2.153,elasticsearch_os_load5,0.21
2023/4/13 3:18,1681327127,cc-cc408-hya,data-node-06,9.9.2.153,elasticsearch_os_load5,0.17
2023/4/13 3:19,1681327187,cc-cc408-hya,data-node-06,9.9.2.153,elasticsearch_os_load5,0.43
2023/4/13 3:20,1681327247,cc-cc408-hya,data-node-06,9.9.2.153,elasticsearch_os_load5,0.51
2023/4/13 3:21,1681327307,cc-cc408-hya,data-node-06,9.9.2.153,elasticsearch_os_load5,0.45
2023/4/13 3:22,1681327367,cc-cc408-hya,data-node-06,9.9.2.153,elasticsearch_os_load5,0.5
2023/4/13 3:23,1681327427,cc-cc408-hya,data-node-06,9.9.2.153,elasticsearch_os_load5,0.43
2023/4/13 3:24,1681327487,cc-cc408-hya,data-node-06,9.9.2.153,elasticsearch_os_load5,0.46
2023/4/13 3:25,1681327547,cc-cc408-hya,data-node-06,9.9.2.153,elasticsearch_os_load5,1
2023/4/13 3:26,1681327607,cc-cc408-hya,data-node-06,9.9.2.153,elasticsearch_os_load5,0.89
2023/4/13 3:27,1681327667,cc-cc408-hya,data-node-06,9.9.2.153,elasticsearch_os_load5,0.76
2023/4/13 3:28,1681327727,cc-cc408-hya,data-node-06,9.9.2.153,elasticsearch_os_load5,0.68
2023/4/13 3:29,1681327787,cc-cc408-hya,data-node-06,9.9.2.153,elasticsearch_os_load5,0.57
2023/4/13 3:30,1681327847,cc-cc408-hya,data-node-06,9.9.2.153,elasticsearch_os_load5,0.49
2023/4/13 3:31,1681327907,cc-cc408-hya,data-node-06,9.9.2.153,elasticsearch_os_load5,0.4
2023/4/13 3:32,1681327967,cc-cc408-hya,data-node-06,9.9.2.153,elasticsearch_os_load5,0.34
2023/4/13 3:33,1681328027,cc-cc408-hya,data-node-06,9.9.2.153,elasticsearch_os_load5,0.32
2023/4/13 3:34,1681328087,cc-cc408-hya,data-node-06,9.9.2.153,elasticsearch_os_load5,0.28
2023/4/13 3:35,1681328147,cc-cc408-hya,data-node-06,9.9.2.153,elasticsearch_os_load5,0.24
2023/4/13 3:36,1681328207,cc-cc408-hya,data-node-06,9.9.2.153,elasticsearch_os_load5,0.24
2023/4/13 3:37,1681328267,cc-cc408-hya,data-node-06,9.9.2.153,elasticsearch_os_load5,0.24
2023/4/13 3:38,1681328327,cc-cc408-hya,data-node-06,9.9.2.153,elasticsearch_os_load5,0.22
2023/4/13 3:39,1681328387,cc-cc408-hya,data-node-06,9.9.2.153,elasticsearch_os_load5,0.2
2023/4/13 3:40,1681328447,cc-cc408-hya,data-node-06,9.9.2.153,elasticsearch_os_load5,0.16
2023/4/13 3:41,1681328507,cc-cc408-hya,data-node-06,9.9.2.153,elasticsearch_os_load5,0.14
2023/4/13 3:42,1681328567,cc-cc408-hya,data-node-06,9.9.2.153,elasticsearch_os_load5,0.14
2023/4/13 3:43,1681328627,cc-cc408-hya,data-node-06,9.9.2.153,elasticsearch_os_load5,0.11
2023/4/13 3:44,1681328687,cc-cc408-hya,data-node-06,9.9.2.153,elasticsearch_os_load5,0.12
2023/4/13 3:45,1681328747,cc-cc408-hya,data-node-06,9.9.2.153,elasticsearch_os_load5,0.13
2023/4/13 3:46,1681328807,cc-cc408-hya,data-node-06,9.9.2.153,elasticsearch_os_load5,0.53
2023/4/13 3:47,1681328867,cc-cc408-hya,data-node-06,9.9.2.153,elasticsearch_os_load5,0.57
2023/4/13 3:48,1681328927,cc-cc408-hya,data-node-06,9.9.2.153,elasticsearch_os_load5,0.62
2023/4/13 3:49,1681328987,cc-cc408-hya,data-node-06,9.9.2.153,elasticsearch_os_load5,0.61
2023/4/13 3:50,1681329047,cc-cc408-hya,data-node-06,9.9.2.153,elasticsearch_os_load5,0.62
2023/4/13 3:51,1681329107,cc-cc408-hya,data-node-06,9.9.2.153,elasticsearch_os_load5,0.57
2023/4/13 3:52,1681329167,cc-cc408-hya,data-node-06,9.9.2.153,elasticsearch_os_load5,0.51
2023/4/13 3:53,1681329227,cc-cc408-hya,data-node-06,9.9.2.153,elasticsearch_os_load5,0.43
2023/4/13 3:54,1681329287,cc-cc408-hya,data-node-06,9.9.2.153,elasticsearch_os_load5,0.4
2023/4/13 3:55,1681329347,cc-cc408-hya,data-node-06,9.9.2.153,elasticsearch_os_load5,0.34
2023/4/13 3:56,1681329407,cc-cc408-hya,data-node-06,9.9.2.153,elasticsearch_os_load5,0.32
2023/4/13 3:57,1681329467,cc-cc408-hya,data-node-06,9.9.2.153,elasticsearch_os_load5,0.34
2023/4/13 3:58,1681329527,cc-cc408-hya,data-node-06,9.9.2.153,elasticsearch_os_load5,0.29
2023/4/13 3:59,1681329587,cc-cc408-hya,data-node-06,9.9.2.153,elasticsearch_os_load5,0.25
2023/4/13 4:00,1681329647,cc-cc408-hya,data-node-06,9.9.2.153,elasticsearch_os_load5,0.23
2023/4/13 4:01,1681329707,cc-cc408-hya,data-node-06,9.9.2.153,elasticsearch_os_load5,0.28
2023/4/13 4:02,1681329767,cc-cc408-hya,data-node-06,9.9.2.153,elasticsearch_os_load5,0.45
2023/4/13 4:03,1681329827,cc-cc408-hya,data-node-06,9.9.2.153,elasticsearch_os_load5,0.38
2023/4/13 4:04,1681329887,cc-cc408-hya,data-node-06,9.9.2.153,elasticsearch_os_load5,0.39
2023/4/13 4:05,1681329947,cc-cc408-hya,data-node-06,9.9.2.153,elasticsearch_os_load5,0.4
2023/4/13 4:06,1681330007,cc-cc408-hya,data-node-06,9.9.2.153,elasticsearch_os_load5,0.36
2023/4/13 4:07,1681330067,cc-cc408-hya,data-node-06,9.9.2.153,elasticsearch_os_load5,0.34
2023/4/13 4:08,1681330127,cc-cc408-hya,data-node-06,9.9.2.153,elasticsearch_os_load5,0.34
2023/4/13 4:09,1681330187,cc-cc408-hya,data-node-06,9.9.2.153,elasticsearch_os_load5,0.27
2023/4/13 4:10,1681330247,cc-cc408-hya,data-node-06,9.9.2.153,elasticsearch_os_load5,0.34
2023/4/13 4:11,1681330307,cc-cc408-hya,data-node-06,9.9.2.153,elasticsearch_os_load5,0.33
2023/4/13 4:12,1681330367,cc-cc408-hya,data-node-06,9.9.2.153,elasticsearch_os_load5,0.3
2023/4/13 4:13,1681330427,cc-cc408-hya,data-node-06,9.9.2.153,elasticsearch_os_load5,0.25
2023/4/13 4:14,1681330487,cc-cc408-hya,data-node-06,9.9.2.153,elasticsearch_os_load5,0.25
2023/4/13 4:15,1681330547,cc-cc408-hya,data-node-06,9.9.2.153,elasticsearch_os_load5,0.29
2023/4/13 4:16,1681330607,cc-cc408-hya,data-node-06,9.9.2.153,elasticsearch_os_load5,0.28
2023/4/13 4:17,1681330667,cc-cc408-hya,data-node-06,9.9.2.153,elasticsearch_os_load5,0.26
2023/4/13 4:18,1681330727,cc-cc408-hya,data-node-06,9.9.2.153,elasticsearch_os_load5,0.26
2023/4/13 4:19,1681330787,cc-cc408-hya,data-node-06,9.9.2.153,elasticsearch_os_load5,0.24
2023/4/13 4:20,1681330847,cc-cc408-hya,data-node-06,9.9.2.153,elasticsearch_os_load5,0.21
2023/4/13 4:21,1681330907,cc-cc408-hya,data-node-06,9.9.2.153,elasticsearch_os_load5,0.18
2023/4/13 4:22,1681330967,cc-cc408-hya,data-node-06,9.9.2.153,elasticsearch_os_load5,0.17
2023/4/13 4:23,1681331027,cc-cc408-hya,data-node-06,9.9.2.153,elasticsearch_os_load5,0.15
2023/4/13 4:24,1681331087,cc-cc408-hya,data-node-06,9.9.2.153,elasticsearch_os_load5,0.33
2023/4/13 4:25,1681331147,cc-cc408-hya,data-node-06,9.9.2.153,elasticsearch_os_load5,0.28
2023/4/13 4:26,1681331207,cc-cc408-hya,data-node-06,9.9.2.153,elasticsearch_os_load5,0.28
2023/4/13 4:27,1681331267,cc-cc408-hya,data-node-06,9.9.2.153,elasticsearch_os_load5,0.24
2023/4/13 4:28,1681331327,cc-cc408-hya,data-node-06,9.9.2.153,elasticsearch_os_load5,0.19
2023/4/13 4:29,1681331387,cc-cc408-hya,data-node-06,9.9.2.153,elasticsearch_os_load5,0.26
2023/4/13 4:30,1681331447,cc-cc408-hya,data-node-06,9.9.2.153,elasticsearch_os_load5,0.33
2023/4/13 4:31,1681331507,cc-cc408-hya,data-node-06,9.9.2.153,elasticsearch_os_load5,0.48
2023/4/13 4:32,1681331567,cc-cc408-hya,data-node-06,9.9.2.153,elasticsearch_os_load5,0.43
2023/4/13 4:33,1681331627,cc-cc408-hya,data-node-06,9.9.2.153,elasticsearch_os_load5,0.4
2023/4/13 4:34,1681331687,cc-cc408-hya,data-node-06,9.9.2.153,elasticsearch_os_load5,0.32
2023/4/13 4:35,1681331747,cc-cc408-hya,data-node-06,9.9.2.153,elasticsearch_os_load5,0.29
2023/4/13 4:36,1681331807,cc-cc408-hya,data-node-06,9.9.2.153,elasticsearch_os_load5,0.31
2023/4/13 4:37,1681331867,cc-cc408-hya,data-node-06,9.9.2.153,elasticsearch_os_load5,0.25
2023/4/13 4:38,1681331927,cc-cc408-hya,data-node-06,9.9.2.153,elasticsearch_os_load5,0.22
2023/4/13 4:39,1681331987,cc-cc408-hya,data-node-06,9.9.2.153,elasticsearch_os_load5,0.19
2023/4/13 4:40,1681332047,cc-cc408-hya,data-node-06,9.9.2.153,elasticsearch_os_load5,0.16
2023/4/13 4:41,1681332107,cc-cc408-hya,data-node-06,9.9.2.153,elasticsearch_os_load5,0.14
2023/4/13 4:42,1681332167,cc-cc408-hya,data-node-06,9.9.2.153,elasticsearch_os_load5,0.11
2023/4/13 4:43,1681332227,cc-cc408-hya,data-node-06,9.9.2.153,elasticsearch_os_load5,0.19
2023/4/13 4:44,1681332287,cc-cc408-hya,data-node-06,9.9.2.153,elasticsearch_os_load5,0.25
2023/4/13 4:45,1681332347,cc-cc408-hya,data-node-06,9.9.2.153,elasticsearch_os_load5,0.23
2023/4/13 4:46,1681332407,cc-cc408-hya,data-node-06,9.9.2.153,elasticsearch_os_load5,0.28
2023/4/13 4:47,1681332467,cc-cc408-hya,data-node-06,9.9.2.153,elasticsearch_os_load5,0.26
2023/4/13 4:48,1681332527,cc-cc408-hya,data-node-06,9.9.2.153,elasticsearch_os_load5,0.26
2023/4/13 4:49,1681332587,cc-cc408-hya,data-node-06,9.9.2.153,elasticsearch_os_load5,0.33
2023/4/13 4:50,1681332647,cc-cc408-hya,data-node-06,9.9.2.153,elasticsearch_os_load5,0.51
2023/4/13 4:51,1681332707,cc-cc408-hya,data-node-06,9.9.2.153,elasticsearch_os_load5,0.5
2023/4/13 4:52,1681332767,cc-cc408-hya,data-node-06,9.9.2.153,elasticsearch_os_load5,0.56
2023/4/13 4:53,1681332827,cc-cc408-hya,data-node-06,9.9.2.153,elasticsearch_os_load5,0.49
2023/4/13 4:54,1681332887,cc-cc408-hya,data-node-06,9.9.2.153,elasticsearch_os_load5,0.46
2023/4/13 4:55,1681332947,cc-cc408-hya,data-node-06,9.9.2.153,elasticsearch_os_load5,0.4
2023/4/13 4:56,1681333007,cc-cc408-hya,data-node-06,9.9.2.153,elasticsearch_os_load5,0.36
2023/4/13 4:57,1681333067,cc-cc408-hya,data-node-06,9.9.2.153,elasticsearch_os_load5,0.32
2023/4/13 4:58,1681333127,cc-cc408-hya,data-node-06,9.9.2.153,elasticsearch_os_load5,0.26
2023/4/13 4:59,1681333187,cc-cc408-hya,data-node-06,9.9.2.153,elasticsearch_os_load5,0.24
2023/4/13 5:00,1681333247,cc-cc408-hya,data-node-06,9.9.2.153,elasticsearch_os_load5,0.45
2023/4/13 5:01,1681333307,cc-cc408-hya,data-node-06,9.9.2.153,elasticsearch_os_load5,0.58
2023/4/13 5:02,1681333367,cc-cc408-hya,data-node-06,9.9.2.153,elasticsearch_os_load5,0.5
2023/4/13 5:03,1681333427,cc-cc408-hya,data-node-06,9.9.2.153,elasticsearch_os_load5,0.41
2023/4/13 5:04,1681333487,cc-cc408-hya,data-node-06,9.9.2.153,elasticsearch_os_load5,0.38
2023/4/13 5:05,1681333547,cc-cc408-hya,data-node-06,9.9.2.153,elasticsearch_os_load5,0.32
2023/4/13 5:06,1681333607,cc-cc408-hya,data-node-06,9.9.2.153,elasticsearch_os_load5,0.34
2023/4/13 5:07,1681333667,cc-cc408-hya,data-node-06,9.9.2.153,elasticsearch_os_load5,0.3
2023/4/13 5:08,1681333727,cc-cc408-hya,data-node-06,9.9.2.153,elasticsearch_os_load5,0.33
2023/4/13 5:09,1681333787,cc-cc408-hya,data-node-06,9.9.2.153,elasticsearch_os_load5,0.27
2023/4/13 5:10,1681333847,cc-cc408-hya,data-node-06,9.9.2.153,elasticsearch_os_load5,0.25
2023/4/13 5:11,1681333907,cc-cc408-hya,data-node-06,9.9.2.153,elasticsearch_os_load5,0.34
2023/4/13 5:12,1681333967,cc-cc408-hya,data-node-06,9.9.2.153,elasticsearch_os_load5,0.4
2023/4/13 5:13,1681334027,cc-cc408-hya,data-node-06,9.9.2.153,elasticsearch_os_load5,0.49
2023/4/13 5:14,1681334087,cc-cc408-hya,data-node-06,9.9.2.153,elasticsearch_os_load5,0.46
2023/4/13 5:15,1681334147,cc-cc408-hya,data-node-06,9.9.2.153,elasticsearch_os_load5,0.44
2023/4/13 5:16,1681334207,cc-cc408-hya,data-node-06,9.9.2.153,elasticsearch_os_load5,0.36
2023/4/13 5:17,1681334267,cc-cc408-hya,data-node-06,9.9.2.153,elasticsearch_os_load5,0.32
2023/4/13 5:18,1681334327,cc-cc408-hya,data-node-06,9.9.2.153,elasticsearch_os_load5,0.34
2023/4/13 5:19,1681334387,cc-cc408-hya,data-node-06,9.9.2.153,elasticsearch_os_load5,0.29
2023/4/13 5:20,1681334447,cc-cc408-hya,data-node-06,9.9.2.153,elasticsearch_os_load5,0.25
2023/4/13 5:21,1681334507,cc-cc408-hya,data-node-06,9.9.2.153,elasticsearch_os_load5,0.21
2023/4/13 5:22,1681334567,cc-cc408-hya,data-node-06,9.9.2.153,elasticsearch_os_load5,0.31
2023/4/13 5:23,1681334627,cc-cc408-hya,data-node-06,9.9.2.153,elasticsearch_os_load5,0.28
2023/4/13 5:24,1681334687,cc-cc408-hya,data-node-06,9.9.2.153,elasticsearch_os_load5,0.46
2023/4/13 5:25,1681334747,cc-cc408-hya,data-node-06,9.9.2.153,elasticsearch_os_load5,0.49
2023/4/13 5:26,1681334807,cc-cc408-hya,data-node-06,9.9.2.153,elasticsearch_os_load5,0.43
2023/4/13 5:27,1681334867,cc-cc408-hya,data-node-06,9.9.2.153,elasticsearch_os_load5,0.43
2023/4/13 5:28,1681334927,cc-cc408-hya,data-node-06,9.9.2.153,elasticsearch_os_load5,0.39
2023/4/13 5:29,1681334987,cc-cc408-hya,data-node-06,9.9.2.153,elasticsearch_os_load5,0.38
2023/4/13 5:30,1681335047,cc-cc408-hya,data-node-06,9.9.2.153,elasticsearch_os_load5,0.36
2023/4/13 5:31,1681335107,cc-cc408-hya,data-node-06,9.9.2.153,elasticsearch_os_load5,0.35
2023/4/13 5:32,1681335167,cc-cc408-hya,data-node-06,9.9.2.153,elasticsearch_os_load5,0.35
2023/4/13 5:33,1681335227,cc-cc408-hya,data-node-06,9.9.2.153,elasticsearch_os_load5,0.44
2023/4/13 5:34,1681335287,cc-cc408-hya,data-node-06,9.9.2.153,elasticsearch_os_load5,0.4
2023/4/13 5:35,1681335347,cc-cc408-hya,data-node-06,9.9.2.153,elasticsearch_os_load5,0.39
2023/4/13 5:36,1681335407,cc-cc408-hya,data-node-06,9.9.2.153,elasticsearch_os_load5,0.41
2023/4/13 5:37,1681335467,cc-cc408-hya,data-node-06,9.9.2.153,elasticsearch_os_load5,0.38
2023/4/13 5:38,1681335527,cc-cc408-hya,data-node-06,9.9.2.153,elasticsearch_os_load5,0.42
2023/4/13 5:39,1681335587,cc-cc408-hya,data-node-06,9.9.2.153,elasticsearch_os_load5,0.37
2023/4/13 5:40,1681335647,cc-cc408-hya,data-node-06,9.9.2.153,elasticsearch_os_load5,0.33
2023/4/13 5:41,1681335707,cc-cc408-hya,data-node-06,9.9.2.153,elasticsearch_os_load5,0.38
2023/4/13 5:42,1681335767,cc-cc408-hya,data-node-06,9.9.2.153,elasticsearch_os_load5,0.42
2023/4/13 5:43,1681335827,cc-cc408-hya,data-node-06,9.9.2.153,elasticsearch_os_load5,0.34
2023/4/13 5:44,1681335887,cc-cc408-hya,data-node-06,9.9.2.153,elasticsearch_os_load5,0.42
2023/4/13 5:45,1681335947,cc-cc408-hya,data-node-06,9.9.2.153,elasticsearch_os_load5,0.46
2023/4/13 5:46,1681336007,cc-cc408-hya,data-node-06,9.9.2.153,elasticsearch_os_load5,0.37
2023/4/13 5:47,1681336067,cc-cc408-hya,data-node-06,9.9.2.153,elasticsearch_os_load5,0.33
2023/4/13 5:48,1681336127,cc-cc408-hya,data-node-06,9.9.2.153,elasticsearch_os_load5,0.27
2023/4/13 5:49,1681336187,cc-cc408-hya,data-node-06,9.9.2.153,elasticsearch_os_load5,0.28
2023/4/13 5:50,1681336247,cc-cc408-hya,data-node-06,9.9.2.153,elasticsearch_os_load5,0.28
2023/4/13 5:51,1681336307,cc-cc408-hya,data-node-06,9.9.2.153,elasticsearch_os_load5,0.22
2023/4/13 5:52,1681336367,cc-cc408-hya,data-node-06,9.9.2.153,elasticsearch_os_load5,0.18
2023/4/13 5:53,1681336427,cc-cc408-hya,data-node-06,9.9.2.153,elasticsearch_os_load5,0.21
2023/4/13 5:54,1681336487,cc-cc408-hya,data-node-06,9.9.2.153,elasticsearch_os_load5,0.41
2023/4/13 5:55,1681336547,cc-cc408-hya,data-node-06,9.9.2.153,elasticsearch_os_load5,0.55
2023/4/13 5:56,1681336607,cc-cc408-hya,data-node-06,9.9.2.153,elasticsearch_os_load5,0.46
2023/4/13 5:57,1681336667,cc-cc408-hya,data-node-06,9.9.2.153,elasticsearch_os_load5,0.59
2023/4/13 5:58,1681336727,cc-cc408-hya,data-node-06,9.9.2.153,elasticsearch_os_load5,0.54
2023/4/13 5:59,1681336787,cc-cc408-hya,data-node-06,9.9.2.153,elasticsearch_os_load5,0.58
2023/4/13 6:00,1681336847,cc-cc408-hya,data-node-06,9.9.2.153,elasticsearch_os_load5,0.49
2023/4/13 6:01,1681336907,cc-cc408-hya,data-node-06,9.9.2.153,elasticsearch_os_load5,0.43
2023/4/13 6:02,1681336967,cc-cc408-hya,data-node-06,9.9.2.153,elasticsearch_os_load5,0.39
2023/4/13 6:03,1681337027,cc-cc408-hya,data-node-06,9.9.2.153,elasticsearch_os_load5,0.35
2023/4/13 6:04,1681337087,cc-cc408-hya,data-node-06,9.9.2.153,elasticsearch_os_load5,0.31
2023/4/13 6:05,1681337147,cc-cc408-hya,data-node-06,9.9.2.153,elasticsearch_os_load5,0.31
2023/4/13 6:06,1681337207,cc-cc408-hya,data-node-06,9.9.2.153,elasticsearch_os_load5,0.47
2023/4/13 6:07,1681337267,cc-cc408-hya,data-node-06,9.9.2.153,elasticsearch_os_load5,0.5
2023/4/13 6:08,1681337327,cc-cc408-hya,data-node-06,9.9.2.153,elasticsearch_os_load5,0.46
2023/4/13 6:09,1681337387,cc-cc408-hya,data-node-06,9.9.2.153,elasticsearch_os_load5,0.49
2023/4/13 6:10,1681337447,cc-cc408-hya,data-node-06,9.9.2.153,elasticsearch_os_load5,0.44
2023/4/13 6:11,1681337507,cc-cc408-hya,data-node-06,9.9.2.153,elasticsearch_os_load5,0.45
2023/4/13 6:12,1681337567,cc-cc408-hya,data-node-06,9.9.2.153,elasticsearch_os_load5,0.44
2023/4/13 6:13,1681337627,cc-cc408-hya,data-node-06,9.9.2.153,elasticsearch_os_load5,0.47
2023/4/13 6:14,1681337687,cc-cc408-hya,data-node-06,9.9.2.153,elasticsearch_os_load5,0.43
2023/4/13 6:15,1681337747,cc-cc408-hya,data-node-06,9.9.2.153,elasticsearch_os_load5,0.45
2023/4/13 6:16,1681337807,cc-cc408-hya,data-node-06,9.9.2.153,elasticsearch_os_load5,0.45
2023/4/13 6:17,1681337867,cc-cc408-hya,data-node-06,9.9.2.153,elasticsearch_os_load5,0.38
2023/4/13 6:18,1681337927,cc-cc408-hya,data-node-06,9.9.2.153,elasticsearch_os_load5,0.36
2023/4/13 6:19,1681337987,cc-cc408-hya,data-node-06,9.9.2.153,elasticsearch_os_load5,0.35
2023/4/13 6:20,1681338047,cc-cc408-hya,data-node-06,9.9.2.153,elasticsearch_os_load5,0.32
2023/4/13 6:21,1681338107,cc-cc408-hya,data-node-06,9.9.2.153,elasticsearch_os_load5,0.32
2023/4/13 6:22,1681338167,cc-cc408-hya,data-node-06,9.9.2.153,elasticsearch_os_load5,0.34
2023/4/13 6:23,1681338227,cc-cc408-hya,data-node-06,9.9.2.153,elasticsearch_os_load5,0.34
2023/4/13 6:24,1681338287,cc-cc408-hya,data-node-06,9.9.2.153,elasticsearch_os_load5,0.36
2023/4/13 6:25,1681338347,cc-cc408-hya,data-node-06,9.9.2.153,elasticsearch_os_load5,0.37
2023/4/13 6:26,1681338407,cc-cc408-hya,data-node-06,9.9.2.153,elasticsearch_os_load5,0.33
2023/4/13 6:27,1681338467,cc-cc408-hya,data-node-06,9.9.2.153,elasticsearch_os_load5,0.33
2023/4/13 6:28,1681338527,cc-cc408-hya,data-node-06,9.9.2.153,elasticsearch_os_load5,0.3
2023/4/13 6:29,1681338587,cc-cc408-hya,data-node-06,9.9.2.153,elasticsearch_os_load5,0.26
2023/4/13 6:30,1681338647,cc-cc408-hya,data-node-06,9.9.2.153,elasticsearch_os_load5,0.27
2023/4/13 6:31,1681338707,cc-cc408-hya,data-node-06,9.9.2.153,elasticsearch_os_load5,0.23
2023/4/13 6:32,1681338767,cc-cc408-hya,data-node-06,9.9.2.153,elasticsearch_os_load5,0.25
2023/4/13 6:33,1681338827,cc-cc408-hya,data-node-06,9.9.2.153,elasticsearch_os_load5,0.25
2023/4/13 6:34,1681338887,cc-cc408-hya,data-node-06,9.9.2.153,elasticsearch_os_load5,0.23
2023/4/13 6:35,1681338947,cc-cc408-hya,data-node-06,9.9.2.153,elasticsearch_os_load5,0.22
2023/4/13 6:36,1681339007,cc-cc408-hya,data-node-06,9.9.2.153,elasticsearch_os_load5,0.31
2023/4/13 6:37,1681339067,cc-cc408-hya,data-node-06,9.9.2.153,elasticsearch_os_load5,0.56
2023/4/13 6:38,1681339127,cc-cc408-hya,data-node-06,9.9.2.153,elasticsearch_os_load5,0.55
2023/4/13 6:39,1681339187,cc-cc408-hya,data-node-06,9.9.2.153,elasticsearch_os_load5,0.65
2023/4/13 6:40,1681339247,cc-cc408-hya,data-node-06,9.9.2.153,elasticsearch_os_load5,0.58
2023/4/13 6:41,1681339307,cc-cc408-hya,data-node-06,9.9.2.153,elasticsearch_os_load5,0.49
2023/4/13 6:42,1681339367,cc-cc408-hya,data-node-06,9.9.2.153,elasticsearch_os_load5,0.43
2023/4/13 6:43,1681339427,cc-cc408-hya,data-node-06,9.9.2.153,elasticsearch_os_load5,0.41
2023/4/13 6:44,1681339487,cc-cc408-hya,data-node-06,9.9.2.153,elasticsearch_os_load5,0.36
2023/4/13 6:45,1681339547,cc-cc408-hya,data-node-06,9.9.2.153,elasticsearch_os_load5,0.33
2023/4/13 6:46,1681339607,cc-cc408-hya,data-node-06,9.9.2.153,elasticsearch_os_load5,0.31
2023/4/13 6:47,1681339667,cc-cc408-hya,data-node-06,9.9.2.153,elasticsearch_os_load5,0.3
2023/4/13 6:48,1681339727,cc-cc408-hya,data-node-06,9.9.2.153,elasticsearch_os_load5,0.39
2023/4/13 6:49,1681339787,cc-cc408-hya,data-node-06,9.9.2.153,elasticsearch_os_load5,0.43
2023/4/13 6:50,1681339847,cc-cc408-hya,data-node-06,9.9.2.153,elasticsearch_os_load5,0.45
2023/4/13 6:51,1681339907,cc-cc408-hya,data-node-06,9.9.2.153,elasticsearch_os_load5,0.67
2023/4/13 6:52,1681339967,cc-cc408-hya,data-node-06,9.9.2.153,elasticsearch_os_load5,0.7
2023/4/13 6:53,1681340027,cc-cc408-hya,data-node-06,9.9.2.153,elasticsearch_os_load5,0.8
2023/4/13 6:54,1681340087,cc-cc408-hya,data-node-06,9.9.2.153,elasticsearch_os_load5,0.68
2023/4/13 6:55,1681340147,cc-cc408-hya,data-node-06,9.9.2.153,elasticsearch_os_load5,0.64
2023/4/13 6:56,1681340207,cc-cc408-hya,data-node-06,9.9.2.153,elasticsearch_os_load5,0.58
2023/4/13 6:57,1681340267,cc-cc408-hya,data-node-06,9.9.2.153,elasticsearch_os_load5,0.58
2023/4/13 6:58,1681340327,cc-cc408-hya,data-node-06,9.9.2.153,elasticsearch_os_load5,0.49
2023/4/13 6:59,1681340387,cc-cc408-hya,data-node-06,9.9.2.153,elasticsearch_os_load5,0.44
2023/4/13 7:00,1681340447,cc-cc408-hya,data-node-06,9.9.2.153,elasticsearch_os_load5,0.41
2023/4/13 7:01,1681340507,cc-cc408-hya,data-node-06,9.9.2.153,elasticsearch_os_load5,0.38
2023/4/13 7:02,1681340567,cc-cc408-hya,data-node-06,9.9.2.153,elasticsearch_os_load5,0.42
2023/4/13 7:03,1681340627,cc-cc408-hya,data-node-06,9.9.2.153,elasticsearch_os_load5,0.37
2023/4/13 7:04,1681340687,cc-cc408-hya,data-node-06,9.9.2.153,elasticsearch_os_load5,0.36
2023/4/13 7:05,1681340747,cc-cc408-hya,data-node-06,9.9.2.153,elasticsearch_os_load5,0.36
2023/4/13 7:06,1681340807,cc-cc408-hya,data-node-06,9.9.2.153,elasticsearch_os_load5,0.35
2023/4/13 7:07,1681340867,cc-cc408-hya,data-node-06,9.9.2.153,elasticsearch_os_load5,0.33
2023/4/13 7:08,1681340927,cc-cc408-hya,data-node-06,9.9.2.153,elasticsearch_os_load5,0.33
2023/4/13 7:09,1681340987,cc-cc408-hya,data-node-06,9.9.2.153,elasticsearch_os_load5,0.42
2023/4/13 7:10,1681341047,cc-cc408-hya,data-node-06,9.9.2.153,elasticsearch_os_load5,0.41
2023/4/13 7:11,1681341107,cc-cc408-hya,data-node-06,9.9.2.153,elasticsearch_os_load5,0.38
2023/4/13 7:12,1681341167,cc-cc408-hya,data-node-06,9.9.2.153,elasticsearch_os_load5,0.37
2023/4/13 7:13,1681341227,cc-cc408-hya,data-node-06,9.9.2.153,elasticsearch_os_load5,0.41
2023/4/13 7:14,1681341287,cc-cc408-hya,data-node-06,9.9.2.153,elasticsearch_os_load5,0.46
2023/4/13 7:15,1681341347,cc-cc408-hya,data-node-06,9.9.2.153,elasticsearch_os_load5,0.47
2023/4/13 7:16,1681341407,cc-cc408-hya,data-node-06,9.9.2.153,elasticsearch_os_load5,0.43
2023/4/13 7:17,1681341467,cc-cc408-hya,data-node-06,9.9.2.153,elasticsearch_os_load5,0.47
2023/4/13 7:18,1681341527,cc-cc408-hya,data-node-06,9.9.2.153,elasticsearch_os_load5,0.61
2023/4/13 7:19,1681341587,cc-cc408-hya,data-node-06,9.9.2.153,elasticsearch_os_load5,0.66
2023/4/13 7:20,1681341647,cc-cc408-hya,data-node-06,9.9.2.153,elasticsearch_os_load5,0.65
2023/4/13 7:21,1681341707,cc-cc408-hya,data-node-06,9.9.2.153,elasticsearch_os_load5,0.69
2023/4/13 7:22,1681341767,cc-cc408-hya,data-node-06,9.9.2.153,elasticsearch_os_load5,0.67
2023/4/13 7:23,1681341827,cc-cc408-hya,data-node-06,9.9.2.153,elasticsearch_os_load5,0.65
2023/4/13 7:24,1681341887,cc-cc408-hya,data-node-06,9.9.2.153,elasticsearch_os_load5,0.56
2023/4/13 7:25,1681341947,cc-cc408-hya,data-node-06,9.9.2.153,elasticsearch_os_load5,0.47
2023/4/13 7:26,1681342007,cc-cc408-hya,data-node-06,9.9.2.153,elasticsearch_os_load5,0.45
2023/4/13 7:27,1681342067,cc-cc408-hya,data-node-06,9.9.2.153,elasticsearch_os_load5,0.51
2023/4/13 7:28,1681342127,cc-cc408-hya,data-node-06,9.9.2.153,elasticsearch_os_load5,0.53
2023/4/13 7:29,1681342187,cc-cc408-hya,data-node-06,9.9.2.153,elasticsearch_os_load5,0.55
2023/4/13 7:30,1681342247,cc-cc408-hya,data-node-06,9.9.2.153,elasticsearch_os_load5,0.68
2023/4/13 7:31,1681342307,cc-cc408-hya,data-node-06,9.9.2.153,elasticsearch_os_load5,0.73
2023/4/13 7:32,1681342367,cc-cc408-hya,data-node-06,9.9.2.153,elasticsearch_os_load5,0.65
2023/4/13 7:33,1681342427,cc-cc408-hya,data-node-06,9.9.2.153,elasticsearch_os_load5,0.6
2023/4/13 7:34,1681342487,cc-cc408-hya,data-node-06,9.9.2.153,elasticsearch_os_load5,0.73
2023/4/13 7:35,1681342547,cc-cc408-hya,data-node-06,9.9.2.153,elasticsearch_os_load5,0.7
2023/4/13 7:36,1681342607,cc-cc408-hya,data-node-06,9.9.2.153,elasticsearch_os_load5,0.6
2023/4/13 7:37,1681342667,cc-cc408-hya,data-node-06,9.9.2.153,elasticsearch_os_load5,0.59
2023/4/13 7:38,1681342727,cc-cc408-hya,data-node-06,9.9.2.153,elasticsearch_os_load5,0.56
2023/4/13 7:39,1681342787,cc-cc408-hya,data-node-06,9.9.2.153,elasticsearch_os_load5,0.5
2023/4/13 7:40,1681342847,cc-cc408-hya,data-node-06,9.9.2.153,elasticsearch_os_load5,0.53
2023/4/13 7:41,1681342907,cc-cc408-hya,data-node-06,9.9.2.153,elasticsearch_os_load5,0.6
2023/4/13 7:42,1681342967,cc-cc408-hya,data-node-06,9.9.2.153,elasticsearch_os_load5,0.6
2023/4/13 7:43,1681343027,cc-cc408-hya,data-node-06,9.9.2.153,elasticsearch_os_load5,0.59
2023/4/13 7:44,1681343087,cc-cc408-hya,data-node-06,9.9.2.153,elasticsearch_os_load5,0.56
2023/4/13 7:45,1681343147,cc-cc408-hya,data-node-06,9.9.2.153,elasticsearch_os_load5,0.51
2023/4/13 7:46,1681343207,cc-cc408-hya,data-node-06,9.9.2.153,elasticsearch_os_load5,0.57
2023/4/13 7:47,1681343267,cc-cc408-hya,data-node-06,9.9.2.153,elasticsearch_os_load5,0.55
2023/4/13 7:48,1681343327,cc-cc408-hya,data-node-06,9.9.2.153,elasticsearch_os_load5,0.5
2023/4/13 7:49,1681343387,cc-cc408-hya,data-node-06,9.9.2.153,elasticsearch_os_load5,1.06
2023/4/13 7:50,1681343447,cc-cc408-hya,data-node-06,9.9.2.153,elasticsearch_os_load5,0.94
2023/4/13 7:51,1681343507,cc-cc408-hya,data-node-06,9.9.2.153,elasticsearch_os_load5,0.83
2023/4/13 7:52,1681343567,cc-cc408-hya,data-node-06,9.9.2.153,elasticsearch_os_load5,0.73
2023/4/13 7:53,1681343627,cc-cc408-hya,data-node-06,9.9.2.153,elasticsearch_os_load5,0.69
2023/4/13 7:54,1681343687,cc-cc408-hya,data-node-06,9.9.2.153,elasticsearch_os_load5,0.67
2023/4/13 7:55,1681343747,cc-cc408-hya,data-node-06,9.9.2.153,elasticsearch_os_load5,0.64
2023/4/13 7:56,1681343807,cc-cc408-hya,data-node-06,9.9.2.153,elasticsearch_os_load5,0.59
2023/4/13 7:57,1681343867,cc-cc408-hya,data-node-06,9.9.2.153,elasticsearch_os_load5,0.59
2023/4/13 7:58,1681343927,cc-cc408-hya,data-node-06,9.9.2.153,elasticsearch_os_load5,0.51
2023/4/13 7:59,1681343987,cc-cc408-hya,data-node-06,9.9.2.153,elasticsearch_os_load5,0.49
2023/4/13 8:00,1681344047,cc-cc408-hya,data-node-06,9.9.2.153,elasticsearch_os_load5,0.64
2023/4/13 8:01,1681344107,cc-cc408-hya,data-node-06,9.9.2.153,elasticsearch_os_load5,0.79
2023/4/13 8:02,1681344167,cc-cc408-hya,data-node-06,9.9.2.153,elasticsearch_os_load5,1.06
2023/4/13 8:03,1681344227,cc-cc408-hya,data-node-06,9.9.2.153,elasticsearch_os_load5,1.3
2023/4/13 8:04,1681344287,cc-cc408-hya,data-node-06,9.9.2.153,elasticsearch_os_load5,1.33
2023/4/13 8:05,1681344347,cc-cc408-hya,data-node-06,9.9.2.153,elasticsearch_os_load5,1.46
2023/4/13 8:06,1681344407,cc-cc408-hya,data-node-06,9.9.2.153,elasticsearch_os_load5,1.5
2023/4/13 8:07,1681344467,cc-cc408-hya,data-node-06,9.9.2.153,elasticsearch_os_load5,1.56
2023/4/13 8:08,1681344527,cc-cc408-hya,data-node-06,9.9.2.153,elasticsearch_os_load5,1.8
2023/4/13 8:09,1681344587,cc-cc408-hya,data-node-06,9.9.2.153,elasticsearch_os_load5,2.15
2023/4/13 8:10,1681344647,cc-cc408-hya,data-node-06,9.9.2.153,elasticsearch_os_load5,2.13
2023/4/13 8:11,1681344707,cc-cc408-hya,data-node-06,9.9.2.153,elasticsearch_os_load5,2.19
2023/4/13 8:12,1681344767,cc-cc408-hya,data-node-06,9.9.2.153,elasticsearch_os_load5,2.01
2023/4/13 8:13,1681344827,cc-cc408-hya,data-node-06,9.9.2.153,elasticsearch_os_load5,2.09
2023/4/13 8:14,1681344887,cc-cc408-hya,data-node-06,9.9.2.153,elasticsearch_os_load5,1.87
2023/4/13 8:15,1681344947,cc-cc408-hya,data-node-06,9.9.2.153,elasticsearch_os_load5,1.83
2023/4/13 8:16,1681345007,cc-cc408-hya,data-node-06,9.9.2.153,elasticsearch_os_load5,1.73
2023/4/13 8:17,1681345067,cc-cc408-hya,data-node-06,9.9.2.153,elasticsearch_os_load5,1.63
2023/4/13 8:18,1681345127,cc-cc408-hya,data-node-06,9.9.2.153,elasticsearch_os_load5,1.47
2023/4/13 8:19,1681345187,cc-cc408-hya,data-node-06,9.9.2.153,elasticsearch_os_load5,1.46
2023/4/13 8:20,1681345247,cc-cc408-hya,data-node-06,9.9.2.153,elasticsearch_os_load5,1.44
2023/4/13 8:21,1681345307,cc-cc408-hya,data-node-06,9.9.2.153,elasticsearch_os_load5,1.26
2023/4/13 8:22,1681345367,cc-cc408-hya,data-node-06,9.9.2.153,elasticsearch_os_load5,1.18
2023/4/13 8:23,1681345427,cc-cc408-hya,data-node-06,9.9.2.153,elasticsearch_os_load5,1.13
2023/4/13 8:24,1681345487,cc-cc408-hya,data-node-06,9.9.2.153,elasticsearch_os_load5,1.07
2023/4/13 8:25,1681345547,cc-cc408-hya,data-node-06,9.9.2.153,elasticsearch_os_load5,1.07
2023/4/13 8:26,1681345607,cc-cc408-hya,data-node-06,9.9.2.153,elasticsearch_os_load5,1.05
2023/4/13 8:27,1681345667,cc-cc408-hya,data-node-06,9.9.2.153,elasticsearch_os_load5,1.26
2023/4/13 8:28,1681345727,cc-cc408-hya,data-node-06,9.9.2.153,elasticsearch_os_load5,1.17
2023/4/13 8:29,1681345787,cc-cc408-hya,data-node-06,9.9.2.153,elasticsearch_os_load5,1.22
2023/4/13 8:30,1681345847,cc-cc408-hya,data-node-06,9.9.2.153,elasticsearch_os_load5,1.27
2023/4/13 8:31,1681345907,cc-cc408-hya,data-node-06,9.9.2.153,elasticsearch_os_load5,1.42
2023/4/13 8:32,1681345967,cc-cc408-hya,data-node-06,9.9.2.153,elasticsearch_os_load5,1.24
2023/4/13 8:33,1681346027,cc-cc408-hya,data-node-06,9.9.2.153,elasticsearch_os_load5,1.2
2023/4/13 8:34,1681346087,cc-cc408-hya,data-node-06,9.9.2.153,elasticsearch_os_load5,1.07
2023/4/13 8:35,1681346147,cc-cc408-hya,data-node-06,9.9.2.153,elasticsearch_os_load5,1.18
2023/4/13 8:36,1681346207,cc-cc408-hya,data-node-06,9.9.2.153,elasticsearch_os_load5,1.08
2023/4/13 8:37,1681346267,cc-cc408-hya,data-node-06,9.9.2.153,elasticsearch_os_load5,1.06
2023/4/13 8:38,1681346327,cc-cc408-hya,data-node-06,9.9.2.153,elasticsearch_os_load5,1.26
2023/4/13 8:39,1681346387,cc-cc408-hya,data-node-06,9.9.2.153,elasticsearch_os_load5,1.24
2023/4/13 8:40,1681346447,cc-cc408-hya,data-node-06,9.9.2.153,elasticsearch_os_load5,1.21
2023/4/13 8:41,1681346507,cc-cc408-hya,data-node-06,9.9.2.153,elasticsearch_os_load5,1.19
2023/4/13 8:42,1681346567,cc-cc408-hya,data-node-06,9.9.2.153,elasticsearch_os_load5,1.33
2023/4/13 8:43,1681346627,cc-cc408-hya,data-node-06,9.9.2.153,elasticsearch_os_load5,1.42
2023/4/13 8:44,1681346687,cc-cc408-hya,data-node-06,9.9.2.153,elasticsearch_os_load5,1.74
2023/4/13 8:45,1681346747,cc-cc408-hya,data-node-06,9.9.2.153,elasticsearch_os_load5,1.78
2023/4/13 8:46,1681346807,cc-cc408-hya,data-node-06,9.9.2.153,elasticsearch_os_load5,1.86
2023/4/13 8:47,1681346867,cc-cc408-hya,data-node-06,9.9.2.153,elasticsearch_os_load5,1.82
2023/4/13 8:48,1681346927,cc-cc408-hya,data-node-06,9.9.2.153,elasticsearch_os_load5,1.76
2023/4/13 8:49,1681346987,cc-cc408-hya,data-node-06,9.9.2.153,elasticsearch_os_load5,1.67
2023/4/13 8:50,1681347047,cc-cc408-hya,data-node-06,9.9.2.153,elasticsearch_os_load5,1.74
2023/4/13 8:51,1681347107,cc-cc408-hya,data-node-06,9.9.2.153,elasticsearch_os_load5,1.67
2023/4/13 8:52,1681347167,cc-cc408-hya,data-node-06,9.9.2.153,elasticsearch_os_load5,1.72
2023/4/13 8:53,1681347227,cc-cc408-hya,data-node-06,9.9.2.153,elasticsearch_os_load5,1.77
2023/4/13 8:54,1681347287,cc-cc408-hya,data-node-06,9.9.2.153,elasticsearch_os_load5,2.07
2023/4/13 8:55,1681347347,cc-cc408-hya,data-node-06,9.9.2.153,elasticsearch_os_load5,1.96
2023/4/13 8:56,1681347407,cc-cc408-hya,data-node-06,9.9.2.153,elasticsearch_os_load5,2.12
2023/4/13 8:57,1681347467,cc-cc408-hya,data-node-06,9.9.2.153,elasticsearch_os_load5,2.22
2023/4/13 8:58,1681347527,cc-cc408-hya,data-node-06,9.9.2.153,elasticsearch_os_load5,2.61
2023/4/13 8:59,1681347587,cc-cc408-hya,data-node-06,9.9.2.153,elasticsearch_os_load5,2.53
2023/4/13 9:00,1681347647,cc-cc408-hya,data-node-06,9.9.2.153,elasticsearch_os_load5,2.46
2023/4/13 9:01,1681347707,cc-cc408-hya,data-node-06,9.9.2.153,elasticsearch_os_load5,2.43
2023/4/13 9:02,1681347767,cc-cc408-hya,data-node-06,9.9.2.153,elasticsearch_os_load5,2.42
2023/4/13 9:03,1681347827,cc-cc408-hya,data-node-06,9.9.2.153,elasticsearch_os_load5,2.62
2023/4/13 9:04,1681347887,cc-cc408-hya,data-node-06,9.9.2.153,elasticsearch_os_load5,2.82
2023/4/13 9:05,1681347947,cc-cc408-hya,data-node-06,9.9.2.153,elasticsearch_os_load5,2.78
2023/4/13 9:06,1681348007,cc-cc408-hya,data-node-06,9.9.2.153,elasticsearch_os_load5,2.92
2023/4/13 9:07,1681348067,cc-cc408-hya,data-node-06,9.9.2.153,elasticsearch_os_load5,2.93
2023/4/13 9:08,1681348127,cc-cc408-hya,data-node-06,9.9.2.153,elasticsearch_os_load5,2.89
2023/4/13 9:09,1681348187,cc-cc408-hya,data-node-06,9.9.2.153,elasticsearch_os_load5,2.88
2023/4/13 9:10,1681348247,cc-cc408-hya,data-node-06,9.9.2.153,elasticsearch_os_load5,2.73
2023/4/13 9:11,1681348307,cc-cc408-hya,data-node-06,9.9.2.153,elasticsearch_os_load5,2.94
2023/4/13 9:12,1681348367,cc-cc408-hya,data-node-06,9.9.2.153,elasticsearch_os_load5,3.14
2023/4/13 9:13,1681348427,cc-cc408-hya,data-node-06,9.9.2.153,elasticsearch_os_load5,3.21
2023/4/13 9:14,1681348487,cc-cc408-hya,data-node-06,9.9.2.153,elasticsearch_os_load5,3.37
2023/4/13 9:15,1681348547,cc-cc408-hya,data-node-06,9.9.2.153,elasticsearch_os_load5,3.17
2023/4/13 9:16,1681348607,cc-cc408-hya,data-node-06,9.9.2.153,elasticsearch_os_load5,3.38
2023/4/13 9:17,1681348667,cc-cc408-hya,data-node-06,9.9.2.153,elasticsearch_os_load5,3.22
2023/4/13 9:18,1681348727,cc-cc408-hya,data-node-06,9.9.2.153,elasticsearch_os_load5,3.13
2023/4/13 9:19,1681348787,cc-cc408-hya,data-node-06,9.9.2.153,elasticsearch_os_load5,3.88
2023/4/13 9:20,1681348847,cc-cc408-hya,data-node-06,9.9.2.153,elasticsearch_os_load5,3.83
2023/4/13 9:21,1681348907,cc-cc408-hya,data-node-06,9.9.2.153,elasticsearch_os_load5,3.96
2023/4/13 9:22,1681348967,cc-cc408-hya,data-node-06,9.9.2.153,elasticsearch_os_load5,3.83
2023/4/13 9:23,1681349027,cc-cc408-hya,data-node-06,9.9.2.153,elasticsearch_os_load5,3.76
2023/4/13 9:24,1681349087,cc-cc408-hya,data-node-06,9.9.2.153,elasticsearch_os_load5,3.69
2023/4/13 9:25,1681349147,cc-cc408-hya,data-node-06,9.9.2.153,elasticsearch_os_load5,3.79
2023/4/13 9:26,1681349207,cc-cc408-hya,data-node-06,9.9.2.153,elasticsearch_os_load5,3.91
2023/4/13 9:27,1681349267,cc-cc408-hya,data-node-06,9.9.2.153,elasticsearch_os_load5,3.82
2023/4/13 9:28,1681349327,cc-cc408-hya,data-node-06,9.9.2.153,elasticsearch_os_load5,4.46
2023/4/13 9:29,1681349387,cc-cc408-hya,data-node-06,9.9.2.153,elasticsearch_os_load5,4.39
2023/4/13 9:30,1681349447,cc-cc408-hya,data-node-06,9.9.2.153,elasticsearch_os_load5,4.44
2023/4/13 9:31,1681349507,cc-cc408-hya,data-node-06,9.9.2.153,elasticsearch_os_load5,4.16
2023/4/13 9:32,1681349567,cc-cc408-hya,data-node-06,9.9.2.153,elasticsearch_os_load5,3.88
2023/4/13 9:33,1681349627,cc-cc408-hya,data-node-06,9.9.2.153,elasticsearch_os_load5,3.77
2023/4/13 9:34,1681349687,cc-cc408-hya,data-node-06,9.9.2.153,elasticsearch_os_load5,3.67
2023/4/13 9:35,1681349747,cc-cc408-hya,data-node-06,9.9.2.153,elasticsearch_os_load5,4.25
2023/4/13 9:36,1681349807,cc-cc408-hya,data-node-06,9.9.2.153,elasticsearch_os_load5,4.99
2023/4/13 9:37,1681349867,cc-cc408-hya,data-node-06,9.9.2.153,elasticsearch_os_load5,4.9
2023/4/13 9:38,1681349927,cc-cc408-hya,data-node-06,9.9.2.153,elasticsearch_os_load5,4.77
2023/4/13 9:39,1681349987,cc-cc408-hya,data-node-06,9.9.2.153,elasticsearch_os_load5,4.88
2023/4/13 9:40,1681350047,cc-cc408-hya,data-node-06,9.9.2.153,elasticsearch_os_load5,4.9
2023/4/13 9:41,1681350107,cc-cc408-hya,data-node-06,9.9.2.153,elasticsearch_os_load5,4.57
2023/4/13 9:42,1681350167,cc-cc408-hya,data-node-06,9.9.2.153,elasticsearch_os_load5,4.4
2023/4/13 9:43,1681350227,cc-cc408-hya,data-node-06,9.9.2.153,elasticsearch_os_load5,4.42
2023/4/13 9:44,1681350287,cc-cc408-hya,data-node-06,9.9.2.153,elasticsearch_os_load5,4.16
2023/4/13 9:45,1681350347,cc-cc408-hya,data-node-06,9.9.2.153,elasticsearch_os_load5,4.02
2023/4/13 9:46,1681350407,cc-cc408-hya,data-node-06,9.9.2.153,elasticsearch_os_load5,3.8
2023/4/13 9:47,1681350467,cc-cc408-hya,data-node-06,9.9.2.153,elasticsearch_os_load5,3.99
2023/4/13 9:48,1681350527,cc-cc408-hya,data-node-06,9.9.2.153,elasticsearch_os_load5,4.09
2023/4/13 9:49,1681350587,cc-cc408-hya,data-node-06,9.9.2.153,elasticsearch_os_load5,4.28
2023/4/13 9:50,1681350647,cc-cc408-hya,data-node-06,9.9.2.153,elasticsearch_os_load5,4.64
2023/4/13 9:51,1681350707,cc-cc408-hya,data-node-06,9.9.2.153,elasticsearch_os_load5,5.14
2023/4/13 9:52,1681350767,cc-cc408-hya,data-node-06,9.9.2.153,elasticsearch_os_load5,5.06
2023/4/13 9:53,1681350827,cc-cc408-hya,data-node-06,9.9.2.153,elasticsearch_os_load5,4.94
2023/4/13 9:54,1681350887,cc-cc408-hya,data-node-06,9.9.2.153,elasticsearch_os_load5,4.84
2023/4/13 9:55,1681350947,cc-cc408-hya,data-node-06,9.9.2.153,elasticsearch_os_load5,5.4
2023/4/13 9:56,1681351007,cc-cc408-hya,data-node-06,9.9.2.153,elasticsearch_os_load5,5.28
2023/4/13 9:57,1681351067,cc-cc408-hya,data-node-06,9.9.2.153,elasticsearch_os_load5,4.93
2023/4/13 9:58,1681351127,cc-cc408-hya,data-node-06,9.9.2.153,elasticsearch_os_load5,4.79
2023/4/13 9:59,1681351187,cc-cc408-hya,data-node-06,9.9.2.153,elasticsearch_os_load5,4.87
2023/4/13 10:00,1681351247,cc-cc408-hya,data-node-06,9.9.2.153,elasticsearch_os_load5,4.94
2023/4/13 10:01,1681351307,cc-cc408-hya,data-node-06,9.9.2.153,elasticsearch_os_load5,4.65
2023/4/13 10:02,1681351367,cc-cc408-hya,data-node-06,9.9.2.153,elasticsearch_os_load5,4.65
2023/4/13 10:03,1681351427,cc-cc408-hya,data-node-06,9.9.2.153,elasticsearch_os_load5,4.5
2023/4/13 10:04,1681351487,cc-cc408-hya,data-node-06,9.9.2.153,elasticsearch_os_load5,4.43
2023/4/13 10:05,1681351547,cc-cc408-hya,data-node-06,9.9.2.153,elasticsearch_os_load5,4.54
2023/4/13 10:06,1681351607,cc-cc408-hya,data-node-06,9.9.2.153,elasticsearch_os_load5,4.17
2023/4/13 10:07,1681351667,cc-cc408-hya,data-node-06,9.9.2.153,elasticsearch_os_load5,4.23
2023/4/13 10:08,1681351727,cc-cc408-hya,data-node-06,9.9.2.153,elasticsearch_os_load5,4.17
2023/4/13 10:09,1681351787,cc-cc408-hya,data-node-06,9.9.2.153,elasticsearch_os_load5,5.06
2023/4/13 10:10,1681351847,cc-cc408-hya,data-node-06,9.9.2.153,elasticsearch_os_load5,5.41
2023/4/13 10:11,1681351907,cc-cc408-hya,data-node-06,9.9.2.153,elasticsearch_os_load5,5.02
2023/4/13 10:12,1681351967,cc-cc408-hya,data-node-06,9.9.2.153,elasticsearch_os_load5,4.62
2023/4/13 10:13,1681352027,cc-cc408-hya,data-node-06,9.9.2.153,elasticsearch_os_load5,4.55
2023/4/13 10:14,1681352087,cc-cc408-hya,data-node-06,9.9.2.153,elasticsearch_os_load5,4.85
2023/4/13 10:15,1681352147,cc-cc408-hya,data-node-06,9.9.2.153,elasticsearch_os_load5,4.58
2023/4/13 10:16,1681352207,cc-cc408-hya,data-node-06,9.9.2.153,elasticsearch_os_load5,4.78
2023/4/13 10:17,1681352267,cc-cc408-hya,data-node-06,9.9.2.153,elasticsearch_os_load5,4.58
2023/4/13 10:18,1681352327,cc-cc408-hya,data-node-06,9.9.2.153,elasticsearch_os_load5,4.32
2023/4/13 10:19,1681352387,cc-cc408-hya,data-node-06,9.9.2.153,elasticsearch_os_load5,4.07
2023/4/13 10:20,1681352447,cc-cc408-hya,data-node-06,9.9.2.153,elasticsearch_os_load5,4.01
2023/4/13 10:21,1681352507,cc-cc408-hya,data-node-06,9.9.2.153,elasticsearch_os_load5,4.02
2023/4/13 10:22,1681352567,cc-cc408-hya,data-node-06,9.9.2.153,elasticsearch_os_load5,3.99
2023/4/13 10:23,1681352627,cc-cc408-hya,data-node-06,9.9.2.153,elasticsearch_os_load5,4.31
2023/4/13 10:24,1681352687,cc-cc408-hya,data-node-06,9.9.2.153,elasticsearch_os_load5,4.49
2023/4/13 10:25,1681352747,cc-cc408-hya,data-node-06,9.9.2.153,elasticsearch_os_load5,4.18
2023/4/13 10:26,1681352807,cc-cc408-hya,data-node-06,9.9.2.153,elasticsearch_os_load5,3.94
2023/4/13 10:27,1681352867,cc-cc408-hya,data-node-06,9.9.2.153,elasticsearch_os_load5,3.94
2023/4/13 10:28,1681352927,cc-cc408-hya,data-node-06,9.9.2.153,elasticsearch_os_load5,3.78
2023/4/13 10:29,1681352987,cc-cc408-hya,data-node-06,9.9.2.153,elasticsearch_os_load5,3.92
2023/4/13 10:30,1681353047,cc-cc408-hya,data-node-06,9.9.2.153,elasticsearch_os_load5,4.14
2023/4/13 10:31,1681353107,cc-cc408-hya,data-node-06,9.9.2.153,elasticsearch_os_load5,4.39
2023/4/13 10:32,1681353167,cc-cc408-hya,data-node-06,9.9.2.153,elasticsearch_os_load5,4.79
2023/4/13 10:33,1681353227,cc-cc408-hya,data-node-06,9.9.2.153,elasticsearch_os_load5,5.19
2023/4/13 10:34,1681353287,cc-cc408-hya,data-node-06,9.9.2.153,elasticsearch_os_load5,5.05
2023/4/13 10:35,1681353347,cc-cc408-hya,data-node-06,9.9.2.153,elasticsearch_os_load5,4.93
2023/4/13 10:36,1681353407,cc-cc408-hya,data-node-06,9.9.2.153,elasticsearch_os_load5,5
2023/4/13 10:37,1681353467,cc-cc408-hya,data-node-06,9.9.2.153,elasticsearch_os_load5,4.83
2023/4/13 10:38,1681353527,cc-cc408-hya,data-node-06,9.9.2.153,elasticsearch_os_load5,4.65
2023/4/13 10:39,1681353587,cc-cc408-hya,data-node-06,9.9.2.153,elasticsearch_os_load5,4.5
2023/4/13 10:40,1681353647,cc-cc408-hya,data-node-06,9.9.2.153,elasticsearch_os_load5,4.29
2023/4/13 10:41,1681353707,cc-cc408-hya,data-node-06,9.9.2.153,elasticsearch_os_load5,4.29
2023/4/13 10:42,1681353767,cc-cc408-hya,data-node-06,9.9.2.153,elasticsearch_os_load5,4.4
2023/4/13 10:43,1681353827,cc-cc408-hya,data-node-06,9.9.2.153,elasticsearch_os_load5,4.93
2023/4/13 10:44,1681353887,cc-cc408-hya,data-node-06,9.9.2.153,elasticsearch_os_load5,4.64
2023/4/13 10:45,1681353947,cc-cc408-hya,data-node-06,9.9.2.153,elasticsearch_os_load5,4.43
2023/4/13 10:46,1681354007,cc-cc408-hya,data-node-06,9.9.2.153,elasticsearch_os_load5,4.42
2023/4/13 10:47,1681354067,cc-cc408-hya,data-node-06,9.9.2.153,elasticsearch_os_load5,4.95
2023/4/13 10:48,1681354127,cc-cc408-hya,data-node-06,9.9.2.153,elasticsearch_os_load5,5.23
2023/4/13 10:49,1681354187,cc-cc408-hya,data-node-06,9.9.2.153,elasticsearch_os_load5,4.97
2023/4/13 10:50,1681354247,cc-cc408-hya,data-node-06,9.9.2.153,elasticsearch_os_load5,5.13
2023/4/13 10:51,1681354307,cc-cc408-hya,data-node-06,9.9.2.153,elasticsearch_os_load5,5.12
2023/4/13 10:52,1681354367,cc-cc408-hya,data-node-06,9.9.2.153,elasticsearch_os_load5,5.13
2023/4/13 10:53,1681354427,cc-cc408-hya,data-node-06,9.9.2.153,elasticsearch_os_load5,5.14
2023/4/13 10:54,1681354487,cc-cc408-hya,data-node-06,9.9.2.153,elasticsearch_os_load5,5.13
2023/4/13 10:55,1681354547,cc-cc408-hya,data-node-06,9.9.2.153,elasticsearch_os_load5,4.98
2023/4/13 10:56,1681354607,cc-cc408-hya,data-node-06,9.9.2.153,elasticsearch_os_load5,5.09
2023/4/13 10:57,1681354667,cc-cc408-hya,data-node-06,9.9.2.153,elasticsearch_os_load5,4.97
2023/4/13 10:58,1681354727,cc-cc408-hya,data-node-06,9.9.2.153,elasticsearch_os_load5,5.08
2023/4/13 10:59,1681354787,cc-cc408-hya,data-node-06,9.9.2.153,elasticsearch_os_load5,4.98
2023/4/13 11:00,1681354847,cc-cc408-hya,data-node-06,9.9.2.153,elasticsearch_os_load5,4.79
2023/4/13 11:01,1681354907,cc-cc408-hya,data-node-06,9.9.2.153,elasticsearch_os_load5,4.89
2023/4/13 11:02,1681354967,cc-cc408-hya,data-node-06,9.9.2.153,elasticsearch_os_load5,5.2
2023/4/13 11:03,1681355027,cc-cc408-hya,data-node-06,9.9.2.153,elasticsearch_os_load5,5.16
2023/4/13 11:04,1681355087,cc-cc408-hya,data-node-06,9.9.2.153,elasticsearch_os_load5,4.96
2023/4/13 11:05,1681355147,cc-cc408-hya,data-node-06,9.9.2.153,elasticsearch_os_load5,5.02
2023/4/13 11:06,1681355207,cc-cc408-hya,data-node-06,9.9.2.153,elasticsearch_os_load5,5.25
2023/4/13 11:07,1681355267,cc-cc408-hya,data-node-06,9.9.2.153,elasticsearch_os_load5,5.09
2023/4/13 11:08,1681355327,cc-cc408-hya,data-node-06,9.9.2.153,elasticsearch_os_load5,5.07
2023/4/13 11:09,1681355387,cc-cc408-hya,data-node-06,9.9.2.153,elasticsearch_os_load5,5.02
2023/4/13 11:10,1681355447,cc-cc408-hya,data-node-06,9.9.2.153,elasticsearch_os_load5,4.97
2023/4/13 11:11,1681355507,cc-cc408-hya,data-node-06,9.9.2.153,elasticsearch_os_load5,4.82
2023/4/13 11:12,1681355567,cc-cc408-hya,data-node-06,9.9.2.153,elasticsearch_os_load5,4.88
2023/4/13 11:13,1681355627,cc-cc408-hya,data-node-06,9.9.2.153,elasticsearch_os_load5,4.91
2023/4/13 11:14,1681355687,cc-cc408-hya,data-node-06,9.9.2.153,elasticsearch_os_load5,5.2
2023/4/13 11:15,1681355747,cc-cc408-hya,data-node-06,9.9.2.153,elasticsearch_os_load5,4.7
2023/4/13 11:16,1681355807,cc-cc408-hya,data-node-06,9.9.2.153,elasticsearch_os_load5,4.56
2023/4/13 11:17,1681355867,cc-cc408-hya,data-node-06,9.9.2.153,elasticsearch_os_load5,4.55
2023/4/13 11:18,1681355927,cc-cc408-hya,data-node-06,9.9.2.153,elasticsearch_os_load5,4.34
2023/4/13 11:19,1681355987,cc-cc408-hya,data-node-06,9.9.2.153,elasticsearch_os_load5,4.27
2023/4/13 11:20,1681356047,cc-cc408-hya,data-node-06,9.9.2.153,elasticsearch_os_load5,4.77
2023/4/13 11:21,1681356107,cc-cc408-hya,data-node-06,9.9.2.153,elasticsearch_os_load5,4.73
2023/4/13 11:22,1681356167,cc-cc408-hya,data-node-06,9.9.2.153,elasticsearch_os_load5,4.92
2023/4/13 11:23,1681356227,cc-cc408-hya,data-node-06,9.9.2.153,elasticsearch_os_load5,4.76
2023/4/13 11:24,1681356287,cc-cc408-hya,data-node-06,9.9.2.153,elasticsearch_os_load5,4.61
2023/4/13 11:25,1681356347,cc-cc408-hya,data-node-06,9.9.2.153,elasticsearch_os_load5,4.44
2023/4/13 11:26,1681356407,cc-cc408-hya,data-node-06,9.9.2.153,elasticsearch_os_load5,4.12
2023/4/13 11:27,1681356467,cc-cc408-hya,data-node-06,9.9.2.153,elasticsearch_os_load5,3.98
2023/4/13 11:28,1681356527,cc-cc408-hya,data-node-06,9.9.2.153,elasticsearch_os_load5,4.39
2023/4/13 11:29,1681356587,cc-cc408-hya,data-node-06,9.9.2.153,elasticsearch_os_load5,4.18
2023/4/13 11:30,1681356647,cc-cc408-hya,data-node-06,9.9.2.153,elasticsearch_os_load5,4.42
2023/4/13 11:31,1681356707,cc-cc408-hya,data-node-06,9.9.2.153,elasticsearch_os_load5,4.16
2023/4/13 11:32,1681356767,cc-cc408-hya,data-node-06,9.9.2.153,elasticsearch_os_load5,4.49
2023/4/13 11:33,1681356827,cc-cc408-hya,data-node-06,9.9.2.153,elasticsearch_os_load5,4.65
2023/4/13 11:34,1681356887,cc-cc408-hya,data-node-06,9.9.2.153,elasticsearch_os_load5,4.77
2023/4/13 11:35,1681356947,cc-cc408-hya,data-node-06,9.9.2.153,elasticsearch_os_load5,5.01
2023/4/13 11:36,1681357007,cc-cc408-hya,data-node-06,9.9.2.153,elasticsearch_os_load5,4.77
2023/4/13 11:37,1681357067,cc-cc408-hya,data-node-06,9.9.2.153,elasticsearch_os_load5,4.72
2023/4/13 11:38,1681357127,cc-cc408-hya,data-node-06,9.9.2.153,elasticsearch_os_load5,4.4
2023/4/13 11:39,1681357187,cc-cc408-hya,data-node-06,9.9.2.153,elasticsearch_os_load5,4.2
2023/4/13 11:40,1681357247,cc-cc408-hya,data-node-06,9.9.2.153,elasticsearch_os_load5,4.01
2023/4/13 11:41,1681357307,cc-cc408-hya,data-node-06,9.9.2.153,elasticsearch_os_load5,4.03
2023/4/13 11:42,1681357367,cc-cc408-hya,data-node-06,9.9.2.153,elasticsearch_os_load5,4.22
2023/4/13 11:43,1681357427,cc-cc408-hya,data-node-06,9.9.2.153,elasticsearch_os_load5,4.33
2023/4/13 11:44,1681357487,cc-cc408-hya,data-node-06,9.9.2.153,elasticsearch_os_load5,4.32
2023/4/13 11:45,1681357547,cc-cc408-hya,data-node-06,9.9.2.153,elasticsearch_os_load5,4.54
2023/4/13 11:46,1681357607,cc-cc408-hya,data-node-06,9.9.2.153,elasticsearch_os_load5,4.56
2023/4/13 11:47,1681357667,cc-cc408-hya,data-node-06,9.9.2.153,elasticsearch_os_load5,4.87
2023/4/13 11:48,1681357727,cc-cc408-hya,data-node-06,9.9.2.153,elasticsearch_os_load5,4.97
2023/4/13 11:49,1681357787,cc-cc408-hya,data-node-06,9.9.2.153,elasticsearch_os_load5,5.09
2023/4/13 11:50,1681357847,cc-cc408-hya,data-node-06,9.9.2.153,elasticsearch_os_load5,4.78
2023/4/13 11:51,1681357907,cc-cc408-hya,data-node-06,9.9.2.153,elasticsearch_os_load5,4.69
2023/4/13 11:52,1681357967,cc-cc408-hya,data-node-06,9.9.2.153,elasticsearch_os_load5,4.77
2023/4/13 11:53,1681358027,cc-cc408-hya,data-node-06,9.9.2.153,elasticsearch_os_load5,4.93
2023/4/13 11:54,1681358087,cc-cc408-hya,data-node-06,9.9.2.153,elasticsearch_os_load5,4.91
2023/4/13 11:55,1681358147,cc-cc408-hya,data-node-06,9.9.2.153,elasticsearch_os_load5,4.66
2023/4/13 11:56,1681358207,cc-cc408-hya,data-node-06,9.9.2.153,elasticsearch_os_load5,4.91
2023/4/13 11:57,1681358267,cc-cc408-hya,data-node-06,9.9.2.153,elasticsearch_os_load5,4.5
2023/4/13 11:58,1681358327,cc-cc408-hya,data-node-06,9.9.2.153,elasticsearch_os_load5,4.79
2023/4/13 11:59,1681358387,cc-cc408-hya,data-node-06,9.9.2.153,elasticsearch_os_load5,4.59
2023/4/13 12:00,1681358447,cc-cc408-hya,data-node-06,9.9.2.153,elasticsearch_os_load5,4.51
2023/4/13 12:01,1681358507,cc-cc408-hya,data-node-06,9.9.2.153,elasticsearch_os_load5,4.34
2023/4/13 12:02,1681358567,cc-cc408-hya,data-node-06,9.9.2.153,elasticsearch_os_load5,4.31
2023/4/13 12:03,1681358627,cc-cc408-hya,data-node-06,9.9.2.153,elasticsearch_os_load5,4.54
2023/4/13 12:04,1681358687,cc-cc408-hya,data-node-06,9.9.2.153,elasticsearch_os_load5,4.34
2023/4/13 12:05,1681358747,cc-cc408-hya,data-node-06,9.9.2.153,elasticsearch_os_load5,4.51
2023/4/13 12:06,1681358807,cc-cc408-hya,data-node-06,9.9.2.153,elasticsearch_os_load5,4.17
2023/4/13 12:07,1681358867,cc-cc408-hya,data-node-06,9.9.2.153,elasticsearch_os_load5,3.93
2023/4/13 12:08,1681358927,cc-cc408-hya,data-node-06,9.9.2.153,elasticsearch_os_load5,3.94
2023/4/13 12:09,1681358987,cc-cc408-hya,data-node-06,9.9.2.153,elasticsearch_os_load5,3.79
2023/4/13 12:10,1681359047,cc-cc408-hya,data-node-06,9.9.2.153,elasticsearch_os_load5,3.67
2023/4/13 12:11,1681359107,cc-cc408-hya,data-node-06,9.9.2.153,elasticsearch_os_load5,3.64
2023/4/13 12:12,1681359167,cc-cc408-hya,data-node-06,9.9.2.153,elasticsearch_os_load5,3.61
2023/4/13 12:13,1681359227,cc-cc408-hya,data-node-06,9.9.2.153,elasticsearch_os_load5,3.74
2023/4/13 12:14,1681359287,cc-cc408-hya,data-node-06,9.9.2.153,elasticsearch_os_load5,3.59
2023/4/13 12:15,1681359347,cc-cc408-hya,data-node-06,9.9.2.153,elasticsearch_os_load5,4.06
2023/4/13 12:16,1681359407,cc-cc408-hya,data-node-06,9.9.2.153,elasticsearch_os_load5,4.55
2023/4/13 12:17,1681359467,cc-cc408-hya,data-node-06,9.9.2.153,elasticsearch_os_load5,4.28
2023/4/13 12:18,1681359527,cc-cc408-hya,data-node-06,9.9.2.153,elasticsearch_os_load5,4.05
2023/4/13 12:19,1681359587,cc-cc408-hya,data-node-06,9.9.2.153,elasticsearch_os_load5,3.74
2023/4/13 12:20,1681359647,cc-cc408-hya,data-node-06,9.9.2.153,elasticsearch_os_load5,3.41
2023/4/13 12:21,1681359707,cc-cc408-hya,data-node-06,9.9.2.153,elasticsearch_os_load5,3.44
2023/4/13 12:22,1681359767,cc-cc408-hya,data-node-06,9.9.2.153,elasticsearch_os_load5,3.5
2023/4/13 12:23,1681359827,cc-cc408-hya,data-node-06,9.9.2.153,elasticsearch_os_load5,3.48
2023/4/13 12:24,1681359887,cc-cc408-hya,data-node-06,9.9.2.153,elasticsearch_os_load5,3.37
2023/4/13 12:25,1681359947,cc-cc408-hya,data-node-06,9.9.2.153,elasticsearch_os_load5,3.42
2023/4/13 12:26,1681360007,cc-cc408-hya,data-node-06,9.9.2.153,elasticsearch_os_load5,3.32
2023/4/13 12:27,1681360067,cc-cc408-hya,data-node-06,9.9.2.153,elasticsearch_os_load5,3.32
2023/4/13 12:28,1681360127,cc-cc408-hya,data-node-06,9.9.2.153,elasticsearch_os_load5,3.05
2023/4/13 12:29,1681360187,cc-cc408-hya,data-node-06,9.9.2.153,elasticsearch_os_load5,3.1
2023/4/13 12:30,1681360247,cc-cc408-hya,data-node-06,9.9.2.153,elasticsearch_os_load5,3.06
2023/4/13 12:31,1681360307,cc-cc408-hya,data-node-06,9.9.2.153,elasticsearch_os_load5,3.24
2023/4/13 12:32,1681360367,cc-cc408-hya,data-node-06,9.9.2.153,elasticsearch_os_load5,3.28
2023/4/13 12:33,1681360427,cc-cc408-hya,data-node-06,9.9.2.153,elasticsearch_os_load5,3.09
2023/4/13 12:34,1681360487,cc-cc408-hya,data-node-06,9.9.2.153,elasticsearch_os_load5,3
2023/4/13 12:35,1681360547,cc-cc408-hya,data-node-06,9.9.2.153,elasticsearch_os_load5,3.02
2023/4/13 12:36,1681360607,cc-cc408-hya,data-node-06,9.9.2.153,elasticsearch_os_load5,3.29
2023/4/13 12:37,1681360667,cc-cc408-hya,data-node-06,9.9.2.153,elasticsearch_os_load5,3.32
2023/4/13 12:38,1681360727,cc-cc408-hya,data-node-06,9.9.2.153,elasticsearch_os_load5,3.65
2023/4/13 12:39,1681360787,cc-cc408-hya,data-node-06,9.9.2.153,elasticsearch_os_load5,3.45
2023/4/13 12:40,1681360847,cc-cc408-hya,data-node-06,9.9.2.153,elasticsearch_os_load5,3.3
2023/4/13 12:41,1681360907,cc-cc408-hya,data-node-06,9.9.2.153,elasticsearch_os_load5,3.3
2023/4/13 12:42,1681360967,cc-cc408-hya,data-node-06,9.9.2.153,elasticsearch_os_load5,2.97
2023/4/13 12:43,1681361027,cc-cc408-hya,data-node-06,9.9.2.153,elasticsearch_os_load5,2.76
2023/4/13 12:44,1681361087,cc-cc408-hya,data-node-06,9.9.2.153,elasticsearch_os_load5,2.68
2023/4/13 12:45,1681361147,cc-cc408-hya,data-node-06,9.9.2.153,elasticsearch_os_load5,2.67
2023/4/13 12:46,1681361207,cc-cc408-hya,data-node-06,9.9.2.153,elasticsearch_os_load5,2.68
2023/4/13 12:47,1681361267,cc-cc408-hya,data-node-06,9.9.2.153,elasticsearch_os_load5,2.88
2023/4/13 12:48,1681361327,cc-cc408-hya,data-node-06,9.9.2.153,elasticsearch_os_load5,2.82
2023/4/13 12:49,1681361387,cc-cc408-hya,data-node-06,9.9.2.153,elasticsearch_os_load5,2.85
2023/4/13 12:50,1681361447,cc-cc408-hya,data-node-06,9.9.2.153,elasticsearch_os_load5,2.81
2023/4/13 12:51,1681361507,cc-cc408-hya,data-node-06,9.9.2.153,elasticsearch_os_load5,2.86
2023/4/13 12:52,1681361567,cc-cc408-hya,data-node-06,9.9.2.153,elasticsearch_os_load5,3.12
2023/4/13 12:53,1681361627,cc-cc408-hya,data-node-06,9.9.2.153,elasticsearch_os_load5,3.77
2023/4/13 12:54,1681361687,cc-cc408-hya,data-node-06,9.9.2.153,elasticsearch_os_load5,3.59
2023/4/13 12:55,1681361747,cc-cc408-hya,data-node-06,9.9.2.153,elasticsearch_os_load5,3.54
2023/4/13 12:56,1681361807,cc-cc408-hya,data-node-06,9.9.2.153,elasticsearch_os_load5,3.74
2023/4/13 12:57,1681361867,cc-cc408-hya,data-node-06,9.9.2.153,elasticsearch_os_load5,3.97
2023/4/13 12:58,1681361927,cc-cc408-hya,data-node-06,9.9.2.153,elasticsearch_os_load5,4.07
2023/4/13 12:59,1681361987,cc-cc408-hya,data-node-06,9.9.2.153,elasticsearch_os_load5,3.92
2023/4/13 13:00,1681362047,cc-cc408-hya,data-node-06,9.9.2.153,elasticsearch_os_load5,3.95
2023/4/13 13:01,1681362107,cc-cc408-hya,data-node-06,9.9.2.153,elasticsearch_os_load5,3.67
2023/4/13 13:02,1681362167,cc-cc408-hya,data-node-06,9.9.2.153,elasticsearch_os_load5,3.39
2023/4/13 13:03,1681362227,cc-cc408-hya,data-node-06,9.9.2.153,elasticsearch_os_load5,3.78
2023/4/13 13:04,1681362287,cc-cc408-hya,data-node-06,9.9.2.153,elasticsearch_os_load5,3.6
2023/4/13 13:05,1681362347,cc-cc408-hya,data-node-06,9.9.2.153,elasticsearch_os_load5,3.46
2023/4/13 13:06,1681362407,cc-cc408-hya,data-node-06,9.9.2.153,elasticsearch_os_load5,3.5
2023/4/13 13:07,1681362467,cc-cc408-hya,data-node-06,9.9.2.153,elasticsearch_os_load5,3.31
2023/4/13 13:08,1681362527,cc-cc408-hya,data-node-06,9.9.2.153,elasticsearch_os_load5,3.07
2023/4/13 13:09,1681362587,cc-cc408-hya,data-node-06,9.9.2.153,elasticsearch_os_load5,3.27
2023/4/13 13:10,1681362647,cc-cc408-hya,data-node-06,9.9.2.153,elasticsearch_os_load5,3.27
2023/4/13 13:11,1681362707,cc-cc408-hya,data-node-06,9.9.2.153,elasticsearch_os_load5,3.17
2023/4/13 13:12,1681362767,cc-cc408-hya,data-node-06,9.9.2.153,elasticsearch_os_load5,3.07
2023/4/13 13:13,1681362827,cc-cc408-hya,data-node-06,9.9.2.153,elasticsearch_os_load5,3.02
2023/4/13 13:14,1681362887,cc-cc408-hya,data-node-06,9.9.2.153,elasticsearch_os_load5,2.92
2023/4/13 13:15,1681362947,cc-cc408-hya,data-node-06,9.9.2.153,elasticsearch_os_load5,2.97
2023/4/13 13:16,1681363007,cc-cc408-hya,data-node-06,9.9.2.153,elasticsearch_os_load5,2.91
2023/4/13 13:17,1681363067,cc-cc408-hya,data-node-06,9.9.2.153,elasticsearch_os_load5,2.76
2023/4/13 13:18,1681363127,cc-cc408-hya,data-node-06,9.9.2.153,elasticsearch_os_load5,2.7
2023/4/13 13:19,1681363187,cc-cc408-hya,data-node-06,9.9.2.153,elasticsearch_os_load5,2.75
2023/4/13 13:20,1681363247,cc-cc408-hya,data-node-06,9.9.2.153,elasticsearch_os_load5,2.71
2023/4/13 13:21,1681363307,cc-cc408-hya,data-node-06,9.9.2.153,elasticsearch_os_load5,2.65
2023/4/13 13:22,1681363367,cc-cc408-hya,data-node-06,9.9.2.153,elasticsearch_os_load5,2.61
2023/4/13 13:23,1681363427,cc-cc408-hya,data-node-06,9.9.2.153,elasticsearch_os_load5,2.57
2023/4/13 13:24,1681363487,cc-cc408-hya,data-node-06,9.9.2.153,elasticsearch_os_load5,2.5
2023/4/13 13:25,1681363547,cc-cc408-hya,data-node-06,9.9.2.153,elasticsearch_os_load5,2.78
2023/4/13 13:26,1681363607,cc-cc408-hya,data-node-06,9.9.2.153,elasticsearch_os_load5,2.67
2023/4/13 13:27,1681363667,cc-cc408-hya,data-node-06,9.9.2.153,elasticsearch_os_load5,2.55
2023/4/13 13:28,1681363727,cc-cc408-hya,data-node-06,9.9.2.153,elasticsearch_os_load5,2.57
2023/4/13 13:29,1681363787,cc-cc408-hya,data-node-06,9.9.2.153,elasticsearch_os_load5,2.57
2023/4/13 13:30,1681363847,cc-cc408-hya,data-node-06,9.9.2.153,elasticsearch_os_load5,2.28
2023/4/13 13:31,1681363907,cc-cc408-hya,data-node-06,9.9.2.153,elasticsearch_os_load5,2.45
2023/4/13 13:32,1681363967,cc-cc408-hya,data-node-06,9.9.2.153,elasticsearch_os_load5,2.54
2023/4/13 13:33,1681364027,cc-cc408-hya,data-node-06,9.9.2.153,elasticsearch_os_load5,2.33
2023/4/13 13:34,1681364087,cc-cc408-hya,data-node-06,9.9.2.153,elasticsearch_os_load5,2.43
2023/4/13 13:35,1681364147,cc-cc408-hya,data-node-06,9.9.2.153,elasticsearch_os_load5,2.5
2023/4/13 13:36,1681364207,cc-cc408-hya,data-node-06,9.9.2.153,elasticsearch_os_load5,2.47
2023/4/13 13:37,1681364267,cc-cc408-hya,data-node-06,9.9.2.153,elasticsearch_os_load5,2.43
2023/4/13 13:38,1681364327,cc-cc408-hya,data-node-06,9.9.2.153,elasticsearch_os_load5,2.34
2023/4/13 13:39,1681364387,cc-cc408-hya,data-node-06,9.9.2.153,elasticsearch_os_load5,2.59
2023/4/13 13:40,1681364447,cc-cc408-hya,data-node-06,9.9.2.153,elasticsearch_os_load5,2.81
2023/4/13 13:41,1681364507,cc-cc408-hya,data-node-06,9.9.2.153,elasticsearch_os_load5,2.91
2023/4/13 13:42,1681364567,cc-cc408-hya,data-node-06,9.9.2.153,elasticsearch_os_load5,2.97
2023/4/13 13:43,1681364627,cc-cc408-hya,data-node-06,9.9.2.153,elasticsearch_os_load5,3.07
2023/4/13 13:44,1681364687,cc-cc408-hya,data-node-06,9.9.2.153,elasticsearch_os_load5,3.47
2023/4/13 13:45,1681364747,cc-cc408-hya,data-node-06,9.9.2.153,elasticsearch_os_load5,3.17
2023/4/13 13:46,1681364807,cc-cc408-hya,data-node-06,9.9.2.153,elasticsearch_os_load5,3.4
2023/4/13 13:47,1681364867,cc-cc408-hya,data-node-06,9.9.2.153,elasticsearch_os_load5,3.58
2023/4/13 13:48,1681364927,cc-cc408-hya,data-node-06,9.9.2.153,elasticsearch_os_load5,3.55
2023/4/13 13:49,1681364987,cc-cc408-hya,data-node-06,9.9.2.153,elasticsearch_os_load5,3.67
2023/4/13 13:50,1681365047,cc-cc408-hya,data-node-06,9.9.2.153,elasticsearch_os_load5,3.65
2023/4/13 13:51,1681365107,cc-cc408-hya,data-node-06,9.9.2.153,elasticsearch_os_load5,4.12
2023/4/13 13:52,1681365167,cc-cc408-hya,data-node-06,9.9.2.153,elasticsearch_os_load5,3.91
2023/4/13 13:53,1681365227,cc-cc408-hya,data-node-06,9.9.2.153,elasticsearch_os_load5,3.85
2023/4/13 13:54,1681365287,cc-cc408-hya,data-node-06,9.9.2.153,elasticsearch_os_load5,3.96
2023/4/13 13:55,1681365347,cc-cc408-hya,data-node-06,9.9.2.153,elasticsearch_os_load5,4
2023/4/13 13:56,1681365407,cc-cc408-hya,data-node-06,9.9.2.153,elasticsearch_os_load5,4.36
2023/4/13 13:57,1681365467,cc-cc408-hya,data-node-06,9.9.2.153,elasticsearch_os_load5,4.38
2023/4/13 13:58,1681365527,cc-cc408-hya,data-node-06,9.9.2.153,elasticsearch_os_load5,4.33
2023/4/13 13:59,1681365587,cc-cc408-hya,data-node-06,9.9.2.153,elasticsearch_os_load5,4.12
2023/4/13 14:00,1681365647,cc-cc408-hya,data-node-06,9.9.2.153,elasticsearch_os_load5,4.24
2023/4/13 14:01,1681365707,cc-cc408-hya,data-node-06,9.9.2.153,elasticsearch_os_load5,4.26
2023/4/13 14:02,1681365767,cc-cc408-hya,data-node-06,9.9.2.153,elasticsearch_os_load5,3.9
2023/4/13 14:03,1681365827,cc-cc408-hya,data-node-06,9.9.2.153,elasticsearch_os_load5,3.85
2023/4/13 14:04,1681365887,cc-cc408-hya,data-node-06,9.9.2.153,elasticsearch_os_load5,3.89
2023/4/13 14:05,1681365947,cc-cc408-hya,data-node-06,9.9.2.153,elasticsearch_os_load5,3.88
2023/4/13 14:06,1681366007,cc-cc408-hya,data-node-06,9.9.2.153,elasticsearch_os_load5,3.79
2023/4/13 14:07,1681366067,cc-cc408-hya,data-node-06,9.9.2.153,elasticsearch_os_load5,3.74
2023/4/13 14:08,1681366127,cc-cc408-hya,data-node-06,9.9.2.153,elasticsearch_os_load5,3.65
2023/4/13 14:09,1681366187,cc-cc408-hya,data-node-06,9.9.2.153,elasticsearch_os_load5,3.74
2023/4/13 14:10,1681366247,cc-cc408-hya,data-node-06,9.9.2.153,elasticsearch_os_load5,3.81
2023/4/13 14:11,1681366307,cc-cc408-hya,data-node-06,9.9.2.153,elasticsearch_os_load5,3.83
2023/4/13 14:12,1681366367,cc-cc408-hya,data-node-06,9.9.2.153,elasticsearch_os_load5,3.77
2023/4/13 14:13,1681366427,cc-cc408-hya,data-node-06,9.9.2.153,elasticsearch_os_load5,3.93
2023/4/13 14:14,1681366487,cc-cc408-hya,data-node-06,9.9.2.153,elasticsearch_os_load5,4.01
2023/4/13 14:15,1681366547,cc-cc408-hya,data-node-06,9.9.2.153,elasticsearch_os_load5,4.16
2023/4/13 14:16,1681366607,cc-cc408-hya,data-node-06,9.9.2.153,elasticsearch_os_load5,4.1
2023/4/13 14:17,1681366667,cc-cc408-hya,data-node-06,9.9.2.153,elasticsearch_os_load5,4.01
2023/4/13 14:18,1681366727,cc-cc408-hya,data-node-06,9.9.2.153,elasticsearch_os_load5,4.11
2023/4/13 14:19,1681366787,cc-cc408-hya,data-node-06,9.9.2.153,elasticsearch_os_load5,3.94
2023/4/13 14:20,1681366847,cc-cc408-hya,data-node-06,9.9.2.153,elasticsearch_os_load5,4
2023/4/13 14:21,1681366907,cc-cc408-hya,data-node-06,9.9.2.153,elasticsearch_os_load5,4.27
2023/4/13 14:22,1681366967,cc-cc408-hya,data-node-06,9.9.2.153,elasticsearch_os_load5,4.41
2023/4/13 14:23,1681367027,cc-cc408-hya,data-node-06,9.9.2.153,elasticsearch_os_load5,4.76
2023/4/13 14:24,1681367087,cc-cc408-hya,data-node-06,9.9.2.153,elasticsearch_os_load5,4.83
2023/4/13 14:25,1681367147,cc-cc408-hya,data-node-06,9.9.2.153,elasticsearch_os_load5,4.7
2023/4/13 14:26,1681367207,cc-cc408-hya,data-node-06,9.9.2.153,elasticsearch_os_load5,4.63
2023/4/13 14:27,1681367267,cc-cc408-hya,data-node-06,9.9.2.153,elasticsearch_os_load5,4.53
2023/4/13 14:28,1681367327,cc-cc408-hya,data-node-06,9.9.2.153,elasticsearch_os_load5,4.61
2023/4/13 14:29,1681367387,cc-cc408-hya,data-node-06,9.9.2.153,elasticsearch_os_load5,4.66
2023/4/13 14:30,1681367447,cc-cc408-hya,data-node-06,9.9.2.153,elasticsearch_os_load5,5.06
2023/4/13 14:31,1681367507,cc-cc408-hya,data-node-06,9.9.2.153,elasticsearch_os_load5,5.18
2023/4/13 14:32,1681367567,cc-cc408-hya,data-node-06,9.9.2.153,elasticsearch_os_load5,6.24
2023/4/13 14:33,1681367627,cc-cc408-hya,data-node-06,9.9.2.153,elasticsearch_os_load5,5.76
2023/4/13 14:34,1681367687,cc-cc408-hya,data-node-06,9.9.2.153,elasticsearch_os_load5,5.84
2023/4/13 14:35,1681367747,cc-cc408-hya,data-node-06,9.9.2.153,elasticsearch_os_load5,5.93
2023/4/13 14:36,1681367807,cc-cc408-hya,data-node-06,9.9.2.153,elasticsearch_os_load5,5.65
2023/4/13 14:37,1681367867,cc-cc408-hya,data-node-06,9.9.2.153,elasticsearch_os_load5,5.63
2023/4/13 14:38,1681367927,cc-cc408-hya,data-node-06,9.9.2.153,elasticsearch_os_load5,5.24
2023/4/13 14:39,1681367987,cc-cc408-hya,data-node-06,9.9.2.153,elasticsearch_os_load5,5.26
2023/4/13 14:40,1681368047,cc-cc408-hya,data-node-06,9.9.2.153,elasticsearch_os_load5,5.1
2023/4/13 14:41,1681368107,cc-cc408-hya,data-node-06,9.9.2.153,elasticsearch_os_load5,4.7
2023/4/13 14:42,1681368167,cc-cc408-hya,data-node-06,9.9.2.153,elasticsearch_os_load5,5.14
2023/4/13 14:43,1681368227,cc-cc408-hya,data-node-06,9.9.2.153,elasticsearch_os_load5,5.21
2023/4/13 14:44,1681368287,cc-cc408-hya,data-node-06,9.9.2.153,elasticsearch_os_load5,4.88
2023/4/13 14:45,1681368347,cc-cc408-hya,data-node-06,9.9.2.153,elasticsearch_os_load5,4.83
2023/4/13 14:46,1681368407,cc-cc408-hya,data-node-06,9.9.2.153,elasticsearch_os_load5,4.89
2023/4/13 14:47,1681368467,cc-cc408-hya,data-node-06,9.9.2.153,elasticsearch_os_load5,5.52
2023/4/13 14:48,1681368527,cc-cc408-hya,data-node-06,9.9.2.153,elasticsearch_os_load5,5.52
2023/4/13 14:49,1681368587,cc-cc408-hya,data-node-06,9.9.2.153,elasticsearch_os_load5,5.4
2023/4/13 14:50,1681368647,cc-cc408-hya,data-node-06,9.9.2.153,elasticsearch_os_load5,5.31
2023/4/13 14:51,1681368707,cc-cc408-hya,data-node-06,9.9.2.153,elasticsearch_os_load5,5.26
2023/4/13 14:52,1681368767,cc-cc408-hya,data-node-06,9.9.2.153,elasticsearch_os_load5,5.3
2023/4/13 14:53,1681368827,cc-cc408-hya,data-node-06,9.9.2.153,elasticsearch_os_load5,5.17
2023/4/13 14:54,1681368887,cc-cc408-hya,data-node-06,9.9.2.153,elasticsearch_os_load5,4.81
2023/4/13 14:55,1681368947,cc-cc408-hya,data-node-06,9.9.2.153,elasticsearch_os_load5,4.63
2023/4/13 14:56,1681369007,cc-cc408-hya,data-node-06,9.9.2.153,elasticsearch_os_load5,4.78
2023/4/13 14:57,1681369067,cc-cc408-hya,data-node-06,9.9.2.153,elasticsearch_os_load5,4.7
2023/4/13 14:58,1681369127,cc-cc408-hya,data-node-06,9.9.2.153,elasticsearch_os_load5,4.65
2023/4/13 14:59,1681369187,cc-cc408-hya,data-node-06,9.9.2.153,elasticsearch_os_load5,4.56
2023/4/13 15:00,1681369247,cc-cc408-hya,data-node-06,9.9.2.153,elasticsearch_os_load5,4.53
2023/4/13 15:01,1681369307,cc-cc408-hya,data-node-06,9.9.2.153,elasticsearch_os_load5,4.49
2023/4/13 15:02,1681369367,cc-cc408-hya,data-node-06,9.9.2.153,elasticsearch_os_load5,4.33
2023/4/13 15:03,1681369427,cc-cc408-hya,data-node-06,9.9.2.153,elasticsearch_os_load5,4.26
2023/4/13 15:04,1681369487,cc-cc408-hya,data-node-06,9.9.2.153,elasticsearch_os_load5,4.31
2023/4/13 15:05,1681369547,cc-cc408-hya,data-node-06,9.9.2.153,elasticsearch_os_load5,4.46
2023/4/13 15:06,1681369607,cc-cc408-hya,data-node-06,9.9.2.153,elasticsearch_os_load5,4.6
2023/4/13 15:07,1681369667,cc-cc408-hya,data-node-06,9.9.2.153,elasticsearch_os_load5,4.59
2023/4/13 15:08,1681369727,cc-cc408-hya,data-node-06,9.9.2.153,elasticsearch_os_load5,4.6
2023/4/13 15:09,1681369787,cc-cc408-hya,data-node-06,9.9.2.153,elasticsearch_os_load5,4.31
2023/4/13 15:10,1681369847,cc-cc408-hya,data-node-06,9.9.2.153,elasticsearch_os_load5,4.46
2023/4/13 15:11,1681369907,cc-cc408-hya,data-node-06,9.9.2.153,elasticsearch_os_load5,4.77
2023/4/13 15:12,1681369967,cc-cc408-hya,data-node-06,9.9.2.153,elasticsearch_os_load5,4.49
2023/4/13 15:13,1681370027,cc-cc408-hya,data-node-06,9.9.2.153,elasticsearch_os_load5,4.64
2023/4/13 15:14,1681370087,cc-cc408-hya,data-node-06,9.9.2.153,elasticsearch_os_load5,4.8
2023/4/13 15:15,1681370147,cc-cc408-hya,data-node-06,9.9.2.153,elasticsearch_os_load5,5.32
2023/4/13 15:16,1681370207,cc-cc408-hya,data-node-06,9.9.2.153,elasticsearch_os_load5,5.12
2023/4/13 15:17,1681370267,cc-cc408-hya,data-node-06,9.9.2.153,elasticsearch_os_load5,5.08
2023/4/13 15:18,1681370327,cc-cc408-hya,data-node-06,9.9.2.153,elasticsearch_os_load5,5.13
2023/4/13 15:19,1681370387,cc-cc408-hya,data-node-06,9.9.2.153,elasticsearch_os_load5,4.97
2023/4/13 15:20,1681370447,cc-cc408-hya,data-node-06,9.9.2.153,elasticsearch_os_load5,4.95
2023/4/13 15:21,1681370507,cc-cc408-hya,data-node-06,9.9.2.153,elasticsearch_os_load5,4.61
2023/4/13 15:22,1681370567,cc-cc408-hya,data-node-06,9.9.2.153,elasticsearch_os_load5,4.57
2023/4/13 15:23,1681370627,cc-cc408-hya,data-node-06,9.9.2.153,elasticsearch_os_load5,4.51
2023/4/13 15:24,1681370687,cc-cc408-hya,data-node-06,9.9.2.153,elasticsearch_os_load5,4.38
2023/4/13 15:25,1681370747,cc-cc408-hya,data-node-06,9.9.2.153,elasticsearch_os_load5,4.29
2023/4/13 15:26,1681370807,cc-cc408-hya,data-node-06,9.9.2.153,elasticsearch_os_load5,4.55
2023/4/13 15:27,1681370867,cc-cc408-hya,data-node-06,9.9.2.153,elasticsearch_os_load5,4.55
2023/4/13 15:28,1681370927,cc-cc408-hya,data-node-06,9.9.2.153,elasticsearch_os_load5,4.82
2023/4/13 15:29,1681370987,cc-cc408-hya,data-node-06,9.9.2.153,elasticsearch_os_load5,4.5
2023/4/13 15:30,1681371047,cc-cc408-hya,data-node-06,9.9.2.153,elasticsearch_os_load5,4.46
2023/4/13 15:31,1681371107,cc-cc408-hya,data-node-06,9.9.2.153,elasticsearch_os_load5,4.37
2023/4/13 15:32,1681371167,cc-cc408-hya,data-node-06,9.9.2.153,elasticsearch_os_load5,4.14
2023/4/13 15:33,1681371227,cc-cc408-hya,data-node-06,9.9.2.153,elasticsearch_os_load5,4.09
2023/4/13 15:34,1681371287,cc-cc408-hya,data-node-06,9.9.2.153,elasticsearch_os_load5,4.01
2023/4/13 15:35,1681371347,cc-cc408-hya,data-node-06,9.9.2.153,elasticsearch_os_load5,3.88
2023/4/13 15:36,1681371407,cc-cc408-hya,data-node-06,9.9.2.153,elasticsearch_os_load5,4.12
2023/4/13 15:37,1681371467,cc-cc408-hya,data-node-06,9.9.2.153,elasticsearch_os_load5,3.98
2023/4/13 15:38,1681371527,cc-cc408-hya,data-node-06,9.9.2.153,elasticsearch_os_load5,4.18
2023/4/13 15:39,1681371587,cc-cc408-hya,data-node-06,9.9.2.153,elasticsearch_os_load5,3.94
2023/4/13 15:40,1681371647,cc-cc408-hya,data-node-06,9.9.2.153,elasticsearch_os_load5,4.22
2023/4/13 15:41,1681371707,cc-cc408-hya,data-node-06,9.9.2.153,elasticsearch_os_load5,4.42
2023/4/13 15:42,1681371767,cc-cc408-hya,data-node-06,9.9.2.153,elasticsearch_os_load5,4.32
2023/4/13 15:43,1681371827,cc-cc408-hya,data-node-06,9.9.2.153,elasticsearch_os_load5,4.59
2023/4/13 15:44,1681371887,cc-cc408-hya,data-node-06,9.9.2.153,elasticsearch_os_load5,4.62
2023/4/13 15:45,1681371947,cc-cc408-hya,data-node-06,9.9.2.153,elasticsearch_os_load5,4.87
2023/4/13 15:46,1681372007,cc-cc408-hya,data-node-06,9.9.2.153,elasticsearch_os_load5,4.8
2023/4/13 15:47,1681372067,cc-cc408-hya,data-node-06,9.9.2.153,elasticsearch_os_load5,4.56
2023/4/13 15:48,1681372127,cc-cc408-hya,data-node-06,9.9.2.153,elasticsearch_os_load5,4.64
2023/4/13 15:49,1681372187,cc-cc408-hya,data-node-06,9.9.2.153,elasticsearch_os_load5,4.72
2023/4/13 15:50,1681372247,cc-cc408-hya,data-node-06,9.9.2.153,elasticsearch_os_load5,5.12
2023/4/13 15:51,1681372307,cc-cc408-hya,data-node-06,9.9.2.153,elasticsearch_os_load5,5.09
2023/4/13 15:52,1681372367,cc-cc408-hya,data-node-06,9.9.2.153,elasticsearch_os_load5,4.96
2023/4/13 15:53,1681372427,cc-cc408-hya,data-node-06,9.9.2.153,elasticsearch_os_load5,5.06
2023/4/13 15:54,1681372487,cc-cc408-hya,data-node-06,9.9.2.153,elasticsearch_os_load5,5.1
2023/4/13 15:55,1681372547,cc-cc408-hya,data-node-06,9.9.2.153,elasticsearch_os_load5,5.21
2023/4/13 15:56,1681372607,cc-cc408-hya,data-node-06,9.9.2.153,elasticsearch_os_load5,4.96
2023/4/13 15:57,1681372667,cc-cc408-hya,data-node-06,9.9.2.153,elasticsearch_os_load5,4.83
2023/4/13 15:58,1681372727,cc-cc408-hya,data-node-06,9.9.2.153,elasticsearch_os_load5,5.18
2023/4/13 15:59,1681372787,cc-cc408-hya,data-node-06,9.9.2.153,elasticsearch_os_load5,5.21
2023/4/13 16:00,1681372847,cc-cc408-hya,data-node-06,9.9.2.153,elasticsearch_os_load5,5.31
2023/4/13 16:01,1681372907,cc-cc408-hya,data-node-06,9.9.2.153,elasticsearch_os_load5,6.15
2023/4/13 16:02,1681372967,cc-cc408-hya,data-node-06,9.9.2.153,elasticsearch_os_load5,6.31
2023/4/13 16:03,1681373027,cc-cc408-hya,data-node-06,9.9.2.153,elasticsearch_os_load5,6.25
2023/4/13 16:04,1681373087,cc-cc408-hya,data-node-06,9.9.2.153,elasticsearch_os_load5,6.05
2023/4/13 16:05,1681373147,cc-cc408-hya,data-node-06,9.9.2.153,elasticsearch_os_load5,5.78
2023/4/13 16:06,1681373207,cc-cc408-hya,data-node-06,9.9.2.153,elasticsearch_os_load5,5.71
2023/4/13 16:07,1681373267,cc-cc408-hya,data-node-06,9.9.2.153,elasticsearch_os_load5,5.79
2023/4/13 16:08,1681373327,cc-cc408-hya,data-node-06,9.9.2.153,elasticsearch_os_load5,6.38
2023/4/13 16:09,1681373387,cc-cc408-hya,data-node-06,9.9.2.153,elasticsearch_os_load5,6
2023/4/13 16:10,1681373447,cc-cc408-hya,data-node-06,9.9.2.153,elasticsearch_os_load5,6.14
2023/4/13 16:11,1681373507,cc-cc408-hya,data-node-06,9.9.2.153,elasticsearch_os_load5,6.05
2023/4/13 16:12,1681373567,cc-cc408-hya,data-node-06,9.9.2.153,elasticsearch_os_load5,5.94
2023/4/13 16:13,1681373627,cc-cc408-hya,data-node-06,9.9.2.153,elasticsearch_os_load5,5.5
2023/4/13 16:14,1681373687,cc-cc408-hya,data-node-06,9.9.2.153,elasticsearch_os_load5,5.83
2023/4/13 16:15,1681373747,cc-cc408-hya,data-node-06,9.9.2.153,elasticsearch_os_load5,5.48
2023/4/13 16:16,1681373807,cc-cc408-hya,data-node-06,9.9.2.153,elasticsearch_os_load5,5.61
2023/4/13 16:17,1681373867,cc-cc408-hya,data-node-06,9.9.2.153,elasticsearch_os_load5,5.44
2023/4/13 16:18,1681373927,cc-cc408-hya,data-node-06,9.9.2.153,elasticsearch_os_load5,5.3
2023/4/13 16:19,1681373987,cc-cc408-hya,data-node-06,9.9.2.153,elasticsearch_os_load5,5.38
2023/4/13 16:20,1681374047,cc-cc408-hya,data-node-06,9.9.2.153,elasticsearch_os_load5,5.54
2023/4/13 16:21,1681374107,cc-cc408-hya,data-node-06,9.9.2.153,elasticsearch_os_load5,5.62
2023/4/13 16:22,1681374167,cc-cc408-hya,data-node-06,9.9.2.153,elasticsearch_os_load5,5.36
2023/4/13 16:23,1681374227,cc-cc408-hya,data-node-06,9.9.2.153,elasticsearch_os_load5,5.11
2023/4/13 16:24,1681374287,cc-cc408-hya,data-node-06,9.9.2.153,elasticsearch_os_load5,5.22
2023/4/13 16:25,1681374347,cc-cc408-hya,data-node-06,9.9.2.153,elasticsearch_os_load5,5.5
2023/4/13 16:26,1681374407,cc-cc408-hya,data-node-06,9.9.2.153,elasticsearch_os_load5,5.97
2023/4/13 16:27,1681374467,cc-cc408-hya,data-node-06,9.9.2.153,elasticsearch_os_load5,5.95
2023/4/13 16:28,1681374527,cc-cc408-hya,data-node-06,9.9.2.153,elasticsearch_os_load5,5.94
2023/4/13 16:29,1681374587,cc-cc408-hya,data-node-06,9.9.2.153,elasticsearch_os_load5,5.8
2023/4/13 16:30,1681374647,cc-cc408-hya,data-node-06,9.9.2.153,elasticsearch_os_load5,5.76
2023/4/13 16:31,1681374707,cc-cc408-hya,data-node-06,9.9.2.153,elasticsearch_os_load5,5.88
2023/4/13 16:32,1681374767,cc-cc408-hya,data-node-06,9.9.2.153,elasticsearch_os_load5,5.95
2023/4/13 16:33,1681374827,cc-cc408-hya,data-node-06,9.9.2.153,elasticsearch_os_load5,6.12
2023/4/13 16:34,1681374887,cc-cc408-hya,data-node-06,9.9.2.153,elasticsearch_os_load5,6.01
2023/4/13 16:35,1681374947,cc-cc408-hya,data-node-06,9.9.2.153,elasticsearch_os_load5,5.93
2023/4/13 16:36,1681375007,cc-cc408-hya,data-node-06,9.9.2.153,elasticsearch_os_load5,5.86
2023/4/13 16:37,1681375067,cc-cc408-hya,data-node-06,9.9.2.153,elasticsearch_os_load5,5.62
2023/4/13 16:38,1681375127,cc-cc408-hya,data-node-06,9.9.2.153,elasticsearch_os_load5,5.76
2023/4/13 16:39,1681375187,cc-cc408-hya,data-node-06,9.9.2.153,elasticsearch_os_load5,5.85
2023/4/13 16:40,1681375247,cc-cc408-hya,data-node-06,9.9.2.153,elasticsearch_os_load5,5.77
2023/4/13 16:41,1681375307,cc-cc408-hya,data-node-06,9.9.2.153,elasticsearch_os_load5,5.55
2023/4/13 16:42,1681375367,cc-cc408-hya,data-node-06,9.9.2.153,elasticsearch_os_load5,5.44
2023/4/13 16:43,1681375427,cc-cc408-hya,data-node-06,9.9.2.153,elasticsearch_os_load5,5.82
2023/4/13 16:44,1681375487,cc-cc408-hya,data-node-06,9.9.2.153,elasticsearch_os_load5,6.24
2023/4/13 16:45,1681375547,cc-cc408-hya,data-node-06,9.9.2.153,elasticsearch_os_load5,6.25
2023/4/13 16:46,1681375607,cc-cc408-hya,data-node-06,9.9.2.153,elasticsearch_os_load5,6.16
2023/4/13 16:47,1681375667,cc-cc408-hya,data-node-06,9.9.2.153,elasticsearch_os_load5,6.02
2023/4/13 16:48,1681375727,cc-cc408-hya,data-node-06,9.9.2.153,elasticsearch_os_load5,5.82
2023/4/13 16:49,1681375787,cc-cc408-hya,data-node-06,9.9.2.153,elasticsearch_os_load5,6.09
2023/4/13 16:50,1681375847,cc-cc408-hya,data-node-06,9.9.2.153,elasticsearch_os_load5,5.82
2023/4/13 16:51,1681375907,cc-cc408-hya,data-node-06,9.9.2.153,elasticsearch_os_load5,6.34
2023/4/13 16:52,1681375967,cc-cc408-hya,data-node-06,9.9.2.153,elasticsearch_os_load5,6.39
2023/4/13 16:53,1681376027,cc-cc408-hya,data-node-06,9.9.2.153,elasticsearch_os_load5,6.11
2023/4/13 16:54,1681376087,cc-cc408-hya,data-node-06,9.9.2.153,elasticsearch_os_load5,5.8
2023/4/13 16:55,1681376147,cc-cc408-hya,data-node-06,9.9.2.153,elasticsearch_os_load5,5.83
2023/4/13 16:56,1681376207,cc-cc408-hya,data-node-06,9.9.2.153,elasticsearch_os_load5,5.68
2023/4/13 16:57,1681376267,cc-cc408-hya,data-node-06,9.9.2.153,elasticsearch_os_load5,6
2023/4/13 16:58,1681376327,cc-cc408-hya,data-node-06,9.9.2.153,elasticsearch_os_load5,6.05
2023/4/13 16:59,1681376387,cc-cc408-hya,data-node-06,9.9.2.153,elasticsearch_os_load5,5.94
2023/4/13 17:00,1681376447,cc-cc408-hya,data-node-06,9.9.2.153,elasticsearch_os_load5,5.7
2023/4/13 17:01,1681376507,cc-cc408-hya,data-node-06,9.9.2.153,elasticsearch_os_load5,5.33
2023/4/13 17:02,1681376567,cc-cc408-hya,data-node-06,9.9.2.153,elasticsearch_os_load5,5.53
2023/4/13 17:03,1681376627,cc-cc408-hya,data-node-06,9.9.2.153,elasticsearch_os_load5,5.59
2023/4/13 17:04,1681376687,cc-cc408-hya,data-node-06,9.9.2.153,elasticsearch_os_load5,5.67
2023/4/13 17:05,1681376747,cc-cc408-hya,data-node-06,9.9.2.153,elasticsearch_os_load5,5.67
2023/4/13 17:06,1681376807,cc-cc408-hya,data-node-06,9.9.2.153,elasticsearch_os_load5,5.38
2023/4/13 17:07,1681376867,cc-cc408-hya,data-node-06,9.9.2.153,elasticsearch_os_load5,5.21
2023/4/13 17:08,1681376927,cc-cc408-hya,data-node-06,9.9.2.153,elasticsearch_os_load5,5.29
2023/4/13 17:09,1681376987,cc-cc408-hya,data-node-06,9.9.2.153,elasticsearch_os_load5,5.2
2023/4/13 17:10,1681377047,cc-cc408-hya,data-node-06,9.9.2.153,elasticsearch_os_load5,5.19
2023/4/13 17:11,1681377107,cc-cc408-hya,data-node-06,9.9.2.153,elasticsearch_os_load5,5.31
2023/4/13 17:12,1681377167,cc-cc408-hya,data-node-06,9.9.2.153,elasticsearch_os_load5,5.63
2023/4/13 17:13,1681377227,cc-cc408-hya,data-node-06,9.9.2.153,elasticsearch_os_load5,5.89
2023/4/13 17:14,1681377287,cc-cc408-hya,data-node-06,9.9.2.153,elasticsearch_os_load5,6.15
2023/4/13 17:15,1681377347,cc-cc408-hya,data-node-06,9.9.2.153,elasticsearch_os_load5,6.12
2023/4/13 17:16,1681377407,cc-cc408-hya,data-node-06,9.9.2.153,elasticsearch_os_load5,6.41
2023/4/13 17:17,1681377467,cc-cc408-hya,data-node-06,9.9.2.153,elasticsearch_os_load5,6.49
2023/4/13 17:18,1681377527,cc-cc408-hya,data-node-06,9.9.2.153,elasticsearch_os_load5,6.46
2023/4/13 17:19,1681377587,cc-cc408-hya,data-node-06,9.9.2.153,elasticsearch_os_load5,6.99
2023/4/13 17:20,1681377647,cc-cc408-hya,data-node-06,9.9.2.153,elasticsearch_os_load5,6.69
2023/4/13 17:21,1681377707,cc-cc408-hya,data-node-06,9.9.2.153,elasticsearch_os_load5,6.43
2023/4/13 17:22,1681377767,cc-cc408-hya,data-node-06,9.9.2.153,elasticsearch_os_load5,6.13
2023/4/13 17:23,1681377827,cc-cc408-hya,data-node-06,9.9.2.153,elasticsearch_os_load5,5.98
2023/4/13 17:24,1681377887,cc-cc408-hya,data-node-06,9.9.2.153,elasticsearch_os_load5,5.66
2023/4/13 17:25,1681377947,cc-cc408-hya,data-node-06,9.9.2.153,elasticsearch_os_load5,5.59
2023/4/13 17:26,1681378007,cc-cc408-hya,data-node-06,9.9.2.153,elasticsearch_os_load5,5.6
2023/4/13 17:27,1681378067,cc-cc408-hya,data-node-06,9.9.2.153,elasticsearch_os_load5,5.48
2023/4/13 17:28,1681378127,cc-cc408-hya,data-node-06,9.9.2.153,elasticsearch_os_load5,5.8
2023/4/13 17:29,1681378187,cc-cc408-hya,data-node-06,9.9.2.153,elasticsearch_os_load5,5.47
2023/4/13 17:30,1681378247,cc-cc408-hya,data-node-06,9.9.2.153,elasticsearch_os_load5,5.36
2023/4/12 17:30,1681291847,cc-cc408-hya,data-node-11,9.9.2.153,elasticsearch_os_load5,4.98
2023/4/12 17:31,1681291907,cc-cc408-hya,data-node-11,9.9.2.153,elasticsearch_os_load5,4.8
2023/4/12 17:32,1681291967,cc-cc408-hya,data-node-11,9.9.2.153,elasticsearch_os_load5,5
2023/4/12 17:33,1681292027,cc-cc408-hya,data-node-11,9.9.2.153,elasticsearch_os_load5,4.95
2023/4/12 17:34,1681292087,cc-cc408-hya,data-node-11,9.9.2.153,elasticsearch_os_load5,5.26
2023/4/12 17:35,1681292147,cc-cc408-hya,data-node-11,9.9.2.153,elasticsearch_os_load5,5.58
2023/4/12 17:36,1681292207,cc-cc408-hya,data-node-11,9.9.2.153,elasticsearch_os_load5,5.6
2023/4/12 17:37,1681292267,cc-cc408-hya,data-node-11,9.9.2.153,elasticsearch_os_load5,5.59
2023/4/12 17:38,1681292327,cc-cc408-hya,data-node-11,9.9.2.153,elasticsearch_os_load5,5.52
2023/4/12 17:39,1681292387,cc-cc408-hya,data-node-11,9.9.2.153,elasticsearch_os_load5,5.66
2023/4/12 17:40,1681292447,cc-cc408-hya,data-node-11,9.9.2.153,elasticsearch_os_load5,5.32
2023/4/12 17:41,1681292507,cc-cc408-hya,data-node-11,9.9.2.153,elasticsearch_os_load5,5.7
2023/4/12 17:42,1681292567,cc-cc408-hya,data-node-11,9.9.2.153,elasticsearch_os_load5,5.6
2023/4/12 17:43,1681292627,cc-cc408-hya,data-node-11,9.9.2.153,elasticsearch_os_load5,5.38
2023/4/12 17:44,1681292687,cc-cc408-hya,data-node-11,9.9.2.153,elasticsearch_os_load5,5.45
2023/4/12 17:45,1681292747,cc-cc408-hya,data-node-11,9.9.2.153,elasticsearch_os_load5,5.16
2023/4/12 17:46,1681292807,cc-cc408-hya,data-node-11,9.9.2.153,elasticsearch_os_load5,5.38
2023/4/12 17:47,1681292867,cc-cc408-hya,data-node-11,9.9.2.153,elasticsearch_os_load5,5.06
2023/4/12 17:48,1681292927,cc-cc408-hya,data-node-11,9.9.2.153,elasticsearch_os_load5,4.79
2023/4/12 17:49,1681292987,cc-cc408-hya,data-node-11,9.9.2.153,elasticsearch_os_load5,5.05
2023/4/12 17:50,1681293047,cc-cc408-hya,data-node-11,9.9.2.153,elasticsearch_os_load5,4.93
2023/4/12 17:51,1681293107,cc-cc408-hya,data-node-11,9.9.2.153,elasticsearch_os_load5,4.86
2023/4/12 17:52,1681293167,cc-cc408-hya,data-node-11,9.9.2.153,elasticsearch_os_load5,4.72
2023/4/12 17:53,1681293227,cc-cc408-hya,data-node-11,9.9.2.153,elasticsearch_os_load5,4.65
2023/4/12 17:54,1681293287,cc-cc408-hya,data-node-11,9.9.2.153,elasticsearch_os_load5,4.87
2023/4/12 17:55,1681293347,cc-cc408-hya,data-node-11,9.9.2.153,elasticsearch_os_load5,4.65
2023/4/12 17:56,1681293407,cc-cc408-hya,data-node-11,9.9.2.153,elasticsearch_os_load5,4.76
2023/4/12 17:57,1681293467,cc-cc408-hya,data-node-11,9.9.2.153,elasticsearch_os_load5,4.81
2023/4/12 17:58,1681293527,cc-cc408-hya,data-node-11,9.9.2.153,elasticsearch_os_load5,4.88
2023/4/12 17:59,1681293587,cc-cc408-hya,data-node-11,9.9.2.153,elasticsearch_os_load5,5.08
2023/4/12 18:00,1681293647,cc-cc408-hya,data-node-11,9.9.2.153,elasticsearch_os_load5,4.97
2023/4/12 18:01,1681293707,cc-cc408-hya,data-node-11,9.9.2.153,elasticsearch_os_load5,5.04
2023/4/12 18:02,1681293767,cc-cc408-hya,data-node-11,9.9.2.153,elasticsearch_os_load5,4.76
2023/4/12 18:03,1681293827,cc-cc408-hya,data-node-11,9.9.2.153,elasticsearch_os_load5,4.75
2023/4/12 18:04,1681293887,cc-cc408-hya,data-node-11,9.9.2.153,elasticsearch_os_load5,4.79
2023/4/12 18:05,1681293947,cc-cc408-hya,data-node-11,9.9.2.153,elasticsearch_os_load5,4.72
2023/4/12 18:06,1681294007,cc-cc408-hya,data-node-11,9.9.2.153,elasticsearch_os_load5,4.72
2023/4/12 18:07,1681294067,cc-cc408-hya,data-node-11,9.9.2.153,elasticsearch_os_load5,4.55
2023/4/12 18:08,1681294127,cc-cc408-hya,data-node-11,9.9.2.153,elasticsearch_os_load5,4.58
2023/4/12 18:09,1681294187,cc-cc408-hya,data-node-11,9.9.2.153,elasticsearch_os_load5,4.55
2023/4/12 18:10,1681294247,cc-cc408-hya,data-node-11,9.9.2.153,elasticsearch_os_load5,4.7
2023/4/12 18:11,1681294307,cc-cc408-hya,data-node-11,9.9.2.153,elasticsearch_os_load5,4.34
2023/4/12 18:12,1681294367,cc-cc408-hya,data-node-11,9.9.2.153,elasticsearch_os_load5,4.2
2023/4/12 18:13,1681294427,cc-cc408-hya,data-node-11,9.9.2.153,elasticsearch_os_load5,3.93
2023/4/12 18:14,1681294487,cc-cc408-hya,data-node-11,9.9.2.153,elasticsearch_os_load5,4.14
2023/4/12 18:15,1681294547,cc-cc408-hya,data-node-11,9.9.2.153,elasticsearch_os_load5,4.17
2023/4/12 18:16,1681294607,cc-cc408-hya,data-node-11,9.9.2.153,elasticsearch_os_load5,4.76
2023/4/12 18:17,1681294667,cc-cc408-hya,data-node-11,9.9.2.153,elasticsearch_os_load5,5.05
2023/4/12 18:18,1681294727,cc-cc408-hya,data-node-11,9.9.2.153,elasticsearch_os_load5,5.09
2023/4/12 18:19,1681294787,cc-cc408-hya,data-node-11,9.9.2.153,elasticsearch_os_load5,5.44
2023/4/12 18:20,1681294847,cc-cc408-hya,data-node-11,9.9.2.153,elasticsearch_os_load5,5.63
2023/4/12 18:21,1681294907,cc-cc408-hya,data-node-11,9.9.2.153,elasticsearch_os_load5,5.44
2023/4/12 18:22,1681294967,cc-cc408-hya,data-node-11,9.9.2.153,elasticsearch_os_load5,5.29
2023/4/12 18:23,1681295027,cc-cc408-hya,data-node-11,9.9.2.153,elasticsearch_os_load5,4.89
2023/4/12 18:24,1681295087,cc-cc408-hya,data-node-11,9.9.2.153,elasticsearch_os_load5,4.49
2023/4/12 18:25,1681295147,cc-cc408-hya,data-node-11,9.9.2.153,elasticsearch_os_load5,4.67
2023/4/12 18:26,1681295207,cc-cc408-hya,data-node-11,9.9.2.153,elasticsearch_os_load5,4.8
2023/4/12 18:27,1681295267,cc-cc408-hya,data-node-11,9.9.2.153,elasticsearch_os_load5,4.71
2023/4/12 18:28,1681295327,cc-cc408-hya,data-node-11,9.9.2.153,elasticsearch_os_load5,4.95
2023/4/12 18:29,1681295387,cc-cc408-hya,data-node-11,9.9.2.153,elasticsearch_os_load5,4.88
2023/4/12 18:30,1681295447,cc-cc408-hya,data-node-11,9.9.2.153,elasticsearch_os_load5,4.88
2023/4/12 18:31,1681295507,cc-cc408-hya,data-node-11,9.9.2.153,elasticsearch_os_load5,4.87
2023/4/12 18:32,1681295567,cc-cc408-hya,data-node-11,9.9.2.153,elasticsearch_os_load5,4.8
2023/4/12 18:33,1681295627,cc-cc408-hya,data-node-11,9.9.2.153,elasticsearch_os_load5,4.49
2023/4/12 18:34,1681295687,cc-cc408-hya,data-node-11,9.9.2.153,elasticsearch_os_load5,4.88
2023/4/12 18:35,1681295747,cc-cc408-hya,data-node-11,9.9.2.153,elasticsearch_os_load5,4.66
2023/4/12 18:36,1681295807,cc-cc408-hya,data-node-11,9.9.2.153,elasticsearch_os_load5,4.93
2023/4/12 18:37,1681295867,cc-cc408-hya,data-node-11,9.9.2.153,elasticsearch_os_load5,5.19
2023/4/12 18:38,1681295927,cc-cc408-hya,data-node-11,9.9.2.153,elasticsearch_os_load5,5.12
2023/4/12 18:39,1681295987,cc-cc408-hya,data-node-11,9.9.2.153,elasticsearch_os_load5,5.16
2023/4/12 18:40,1681296047,cc-cc408-hya,data-node-11,9.9.2.153,elasticsearch_os_load5,5.12
2023/4/12 18:41,1681296107,cc-cc408-hya,data-node-11,9.9.2.153,elasticsearch_os_load5,5.01
2023/4/12 18:42,1681296167,cc-cc408-hya,data-node-11,9.9.2.153,elasticsearch_os_load5,4.77
2023/4/12 18:43,1681296227,cc-cc408-hya,data-node-11,9.9.2.153,elasticsearch_os_load5,4.67
2023/4/12 18:44,1681296287,cc-cc408-hya,data-node-11,9.9.2.153,elasticsearch_os_load5,4.32
2023/4/12 18:45,1681296347,cc-cc408-hya,data-node-11,9.9.2.153,elasticsearch_os_load5,4.21
2023/4/12 18:46,1681296407,cc-cc408-hya,data-node-11,9.9.2.153,elasticsearch_os_load5,4.1
2023/4/12 18:47,1681296467,cc-cc408-hya,data-node-11,9.9.2.153,elasticsearch_os_load5,3.88
2023/4/12 18:48,1681296527,cc-cc408-hya,data-node-11,9.9.2.153,elasticsearch_os_load5,4.08
2023/4/12 18:49,1681296587,cc-cc408-hya,data-node-11,9.9.2.153,elasticsearch_os_load5,3.92
2023/4/12 18:50,1681296647,cc-cc408-hya,data-node-11,9.9.2.153,elasticsearch_os_load5,3.58
2023/4/12 18:51,1681296707,cc-cc408-hya,data-node-11,9.9.2.153,elasticsearch_os_load5,3.76
2023/4/12 18:52,1681296767,cc-cc408-hya,data-node-11,9.9.2.153,elasticsearch_os_load5,3.53
2023/4/12 18:53,1681296827,cc-cc408-hya,data-node-11,9.9.2.153,elasticsearch_os_load5,3.49
2023/4/12 18:54,1681296887,cc-cc408-hya,data-node-11,9.9.2.153,elasticsearch_os_load5,3.54
2023/4/12 18:55,1681296947,cc-cc408-hya,data-node-11,9.9.2.153,elasticsearch_os_load5,3.57
2023/4/12 18:56,1681297007,cc-cc408-hya,data-node-11,9.9.2.153,elasticsearch_os_load5,4.14
2023/4/12 18:57,1681297067,cc-cc408-hya,data-node-11,9.9.2.153,elasticsearch_os_load5,4.33
2023/4/12 18:58,1681297127,cc-cc408-hya,data-node-11,9.9.2.153,elasticsearch_os_load5,4.26
2023/4/12 18:59,1681297187,cc-cc408-hya,data-node-11,9.9.2.153,elasticsearch_os_load5,4.33
2023/4/12 19:00,1681297247,cc-cc408-hya,data-node-11,9.9.2.153,elasticsearch_os_load5,4.53
2023/4/12 19:01,1681297307,cc-cc408-hya,data-node-11,9.9.2.153,elasticsearch_os_load5,4.18
2023/4/12 19:02,1681297367,cc-cc408-hya,data-node-11,9.9.2.153,elasticsearch_os_load5,4.06
2023/4/12 19:03,1681297427,cc-cc408-hya,data-node-11,9.9.2.153,elasticsearch_os_load5,4.17
2023/4/12 19:04,1681297487,cc-cc408-hya,data-node-11,9.9.2.153,elasticsearch_os_load5,4.18
2023/4/12 19:05,1681297547,cc-cc408-hya,data-node-11,9.9.2.153,elasticsearch_os_load5,4.28
2023/4/12 19:06,1681297607,cc-cc408-hya,data-node-11,9.9.2.153,elasticsearch_os_load5,4.51
2023/4/12 19:07,1681297667,cc-cc408-hya,data-node-11,9.9.2.153,elasticsearch_os_load5,4.59
2023/4/12 19:08,1681297727,cc-cc408-hya,data-node-11,9.9.2.153,elasticsearch_os_load5,4.43
2023/4/12 19:09,1681297787,cc-cc408-hya,data-node-11,9.9.2.153,elasticsearch_os_load5,4.25
2023/4/12 19:10,1681297847,cc-cc408-hya,data-node-11,9.9.2.153,elasticsearch_os_load5,4.22
2023/4/12 19:11,1681297907,cc-cc408-hya,data-node-11,9.9.2.153,elasticsearch_os_load5,4.06
2023/4/12 19:12,1681297967,cc-cc408-hya,data-node-11,9.9.2.153,elasticsearch_os_load5,4.03
2023/4/12 19:13,1681298027,cc-cc408-hya,data-node-11,9.9.2.153,elasticsearch_os_load5,3.87
2023/4/12 19:14,1681298087,cc-cc408-hya,data-node-11,9.9.2.153,elasticsearch_os_load5,3.97
2023/4/12 19:15,1681298147,cc-cc408-hya,data-node-11,9.9.2.153,elasticsearch_os_load5,3.84
2023/4/12 19:16,1681298207,cc-cc408-hya,data-node-11,9.9.2.153,elasticsearch_os_load5,3.75
2023/4/12 19:17,1681298267,cc-cc408-hya,data-node-11,9.9.2.153,elasticsearch_os_load5,3.78
2023/4/12 19:18,1681298327,cc-cc408-hya,data-node-11,9.9.2.153,elasticsearch_os_load5,3.9
2023/4/12 19:19,1681298387,cc-cc408-hya,data-node-11,9.9.2.153,elasticsearch_os_load5,3.86
2023/4/12 19:20,1681298447,cc-cc408-hya,data-node-11,9.9.2.153,elasticsearch_os_load5,4.17
2023/4/12 19:21,1681298507,cc-cc408-hya,data-node-11,9.9.2.153,elasticsearch_os_load5,4.17
2023/4/12 19:22,1681298567,cc-cc408-hya,data-node-11,9.9.2.153,elasticsearch_os_load5,4.01
2023/4/12 19:23,1681298627,cc-cc408-hya,data-node-11,9.9.2.153,elasticsearch_os_load5,3.92
2023/4/12 19:24,1681298687,cc-cc408-hya,data-node-11,9.9.2.153,elasticsearch_os_load5,4.32
2023/4/12 19:25,1681298747,cc-cc408-hya,data-node-11,9.9.2.153,elasticsearch_os_load5,4.1
2023/4/12 19:26,1681298807,cc-cc408-hya,data-node-11,9.9.2.153,elasticsearch_os_load5,3.83
2023/4/12 19:27,1681298867,cc-cc408-hya,data-node-11,9.9.2.153,elasticsearch_os_load5,3.74
2023/4/12 19:28,1681298927,cc-cc408-hya,data-node-11,9.9.2.153,elasticsearch_os_load5,3.58
2023/4/12 19:29,1681298987,cc-cc408-hya,data-node-11,9.9.2.153,elasticsearch_os_load5,4.15
2023/4/12 19:30,1681299047,cc-cc408-hya,data-node-11,9.9.2.153,elasticsearch_os_load5,4.1
2023/4/12 19:31,1681299107,cc-cc408-hya,data-node-11,9.9.2.153,elasticsearch_os_load5,3.83
2023/4/12 19:32,1681299167,cc-cc408-hya,data-node-11,9.9.2.153,elasticsearch_os_load5,3.63
2023/4/12 19:33,1681299227,cc-cc408-hya,data-node-11,9.9.2.153,elasticsearch_os_load5,3.43
2023/4/12 19:34,1681299287,cc-cc408-hya,data-node-11,9.9.2.153,elasticsearch_os_load5,3.29
2023/4/12 19:35,1681299347,cc-cc408-hya,data-node-11,9.9.2.153,elasticsearch_os_load5,3.24
2023/4/12 19:36,1681299407,cc-cc408-hya,data-node-11,9.9.2.153,elasticsearch_os_load5,3.22
2023/4/12 19:37,1681299467,cc-cc408-hya,data-node-11,9.9.2.153,elasticsearch_os_load5,3.16
2023/4/12 19:38,1681299527,cc-cc408-hya,data-node-11,9.9.2.153,elasticsearch_os_load5,3.09
2023/4/12 19:39,1681299587,cc-cc408-hya,data-node-11,9.9.2.153,elasticsearch_os_load5,3.02
2023/4/12 19:40,1681299647,cc-cc408-hya,data-node-11,9.9.2.153,elasticsearch_os_load5,3.18
2023/4/12 19:41,1681299707,cc-cc408-hya,data-node-11,9.9.2.153,elasticsearch_os_load5,3.38
2023/4/12 19:42,1681299767,cc-cc408-hya,data-node-11,9.9.2.153,elasticsearch_os_load5,3.35
2023/4/12 19:43,1681299827,cc-cc408-hya,data-node-11,9.9.2.153,elasticsearch_os_load5,3.31
2023/4/12 19:44,1681299887,cc-cc408-hya,data-node-11,9.9.2.153,elasticsearch_os_load5,3.26
2023/4/12 19:45,1681299947,cc-cc408-hya,data-node-11,9.9.2.153,elasticsearch_os_load5,3.19
2023/4/12 19:46,1681300007,cc-cc408-hya,data-node-11,9.9.2.153,elasticsearch_os_load5,3.09
2023/4/12 19:47,1681300067,cc-cc408-hya,data-node-11,9.9.2.153,elasticsearch_os_load5,2.86
2023/4/12 19:48,1681300127,cc-cc408-hya,data-node-11,9.9.2.153,elasticsearch_os_load5,3.46
2023/4/12 19:49,1681300187,cc-cc408-hya,data-node-11,9.9.2.153,elasticsearch_os_load5,3.43
2023/4/12 19:50,1681300247,cc-cc408-hya,data-node-11,9.9.2.153,elasticsearch_os_load5,3.36
2023/4/12 19:51,1681300307,cc-cc408-hya,data-node-11,9.9.2.153,elasticsearch_os_load5,3.22
2023/4/12 19:52,1681300367,cc-cc408-hya,data-node-11,9.9.2.153,elasticsearch_os_load5,2.82
2023/4/12 19:53,1681300427,cc-cc408-hya,data-node-11,9.9.2.153,elasticsearch_os_load5,2.73
2023/4/12 19:54,1681300487,cc-cc408-hya,data-node-11,9.9.2.153,elasticsearch_os_load5,2.69
2023/4/12 19:55,1681300547,cc-cc408-hya,data-node-11,9.9.2.153,elasticsearch_os_load5,3.12
2023/4/12 19:56,1681300607,cc-cc408-hya,data-node-11,9.9.2.153,elasticsearch_os_load5,2.86
2023/4/12 19:57,1681300667,cc-cc408-hya,data-node-11,9.9.2.153,elasticsearch_os_load5,2.73
2023/4/12 19:58,1681300727,cc-cc408-hya,data-node-11,9.9.2.153,elasticsearch_os_load5,2.51
2023/4/12 19:59,1681300787,cc-cc408-hya,data-node-11,9.9.2.153,elasticsearch_os_load5,2.2
2023/4/12 20:00,1681300847,cc-cc408-hya,data-node-11,9.9.2.153,elasticsearch_os_load5,1.93
2023/4/12 20:01,1681300907,cc-cc408-hya,data-node-11,9.9.2.153,elasticsearch_os_load5,2.36
2023/4/12 20:02,1681300967,cc-cc408-hya,data-node-11,9.9.2.153,elasticsearch_os_load5,2.68
2023/4/12 20:03,1681301027,cc-cc408-hya,data-node-11,9.9.2.153,elasticsearch_os_load5,2.95
2023/4/12 20:04,1681301087,cc-cc408-hya,data-node-11,9.9.2.153,elasticsearch_os_load5,2.84
2023/4/12 20:05,1681301147,cc-cc408-hya,data-node-11,9.9.2.153,elasticsearch_os_load5,2.63
2023/4/12 20:06,1681301207,cc-cc408-hya,data-node-11,9.9.2.153,elasticsearch_os_load5,2.49
2023/4/12 20:07,1681301267,cc-cc408-hya,data-node-11,9.9.2.153,elasticsearch_os_load5,2.39
2023/4/12 20:08,1681301327,cc-cc408-hya,data-node-11,9.9.2.153,elasticsearch_os_load5,2.19
2023/4/12 20:09,1681301387,cc-cc408-hya,data-node-11,9.9.2.153,elasticsearch_os_load5,2.24
2023/4/12 20:10,1681301447,cc-cc408-hya,data-node-11,9.9.2.153,elasticsearch_os_load5,2.27
2023/4/12 20:11,1681301507,cc-cc408-hya,data-node-11,9.9.2.153,elasticsearch_os_load5,2.24
2023/4/12 20:12,1681301567,cc-cc408-hya,data-node-11,9.9.2.153,elasticsearch_os_load5,2.46
2023/4/12 20:13,1681301627,cc-cc408-hya,data-node-11,9.9.2.153,elasticsearch_os_load5,2.24
2023/4/12 20:14,1681301687,cc-cc408-hya,data-node-11,9.9.2.153,elasticsearch_os_load5,2.01
2023/4/12 20:15,1681301747,cc-cc408-hya,data-node-11,9.9.2.153,elasticsearch_os_load5,1.91
2023/4/12 20:16,1681301807,cc-cc408-hya,data-node-11,9.9.2.153,elasticsearch_os_load5,2.06
2023/4/12 20:17,1681301867,cc-cc408-hya,data-node-11,9.9.2.153,elasticsearch_os_load5,2.08
2023/4/12 20:18,1681301927,cc-cc408-hya,data-node-11,9.9.2.153,elasticsearch_os_load5,2.07
2023/4/12 20:19,1681301987,cc-cc408-hya,data-node-11,9.9.2.153,elasticsearch_os_load5,2.09
2023/4/12 20:20,1681302047,cc-cc408-hya,data-node-11,9.9.2.153,elasticsearch_os_load5,1.92
2023/4/12 20:21,1681302107,cc-cc408-hya,data-node-11,9.9.2.153,elasticsearch_os_load5,1.77
2023/4/12 20:22,1681302167,cc-cc408-hya,data-node-11,9.9.2.153,elasticsearch_os_load5,1.81
2023/4/12 20:23,1681302227,cc-cc408-hya,data-node-11,9.9.2.153,elasticsearch_os_load5,1.83
2023/4/12 20:24,1681302287,cc-cc408-hya,data-node-11,9.9.2.153,elasticsearch_os_load5,1.74
2023/4/12 20:25,1681302347,cc-cc408-hya,data-node-11,9.9.2.153,elasticsearch_os_load5,2.06
2023/4/12 20:26,1681302407,cc-cc408-hya,data-node-11,9.9.2.153,elasticsearch_os_load5,1.95
2023/4/12 20:27,1681302467,cc-cc408-hya,data-node-11,9.9.2.153,elasticsearch_os_load5,1.95
2023/4/12 20:28,1681302527,cc-cc408-hya,data-node-11,9.9.2.153,elasticsearch_os_load5,1.84
2023/4/12 20:29,1681302587,cc-cc408-hya,data-node-11,9.9.2.153,elasticsearch_os_load5,1.81
2023/4/12 20:30,1681302647,cc-cc408-hya,data-node-11,9.9.2.153,elasticsearch_os_load5,1.83
2023/4/12 20:31,1681302707,cc-cc408-hya,data-node-11,9.9.2.153,elasticsearch_os_load5,1.82
2023/4/12 20:32,1681302767,cc-cc408-hya,data-node-11,9.9.2.153,elasticsearch_os_load5,1.63
2023/4/12 20:33,1681302827,cc-cc408-hya,data-node-11,9.9.2.153,elasticsearch_os_load5,1.61
2023/4/12 20:34,1681302887,cc-cc408-hya,data-node-11,9.9.2.153,elasticsearch_os_load5,1.55
2023/4/12 20:35,1681302947,cc-cc408-hya,data-node-11,9.9.2.153,elasticsearch_os_load5,1.52
2023/4/12 20:36,1681303007,cc-cc408-hya,data-node-11,9.9.2.153,elasticsearch_os_load5,1.41
2023/4/12 20:37,1681303067,cc-cc408-hya,data-node-11,9.9.2.153,elasticsearch_os_load5,1.48
2023/4/12 20:38,1681303127,cc-cc408-hya,data-node-11,9.9.2.153,elasticsearch_os_load5,1.39
2023/4/12 20:39,1681303187,cc-cc408-hya,data-node-11,9.9.2.153,elasticsearch_os_load5,1.29
2023/4/12 20:40,1681303247,cc-cc408-hya,data-node-11,9.9.2.153,elasticsearch_os_load5,1.25
2023/4/12 20:41,1681303307,cc-cc408-hya,data-node-11,9.9.2.153,elasticsearch_os_load5,1.18
2023/4/12 20:42,1681303367,cc-cc408-hya,data-node-11,9.9.2.153,elasticsearch_os_load5,1.14
2023/4/12 20:43,1681303427,cc-cc408-hya,data-node-11,9.9.2.153,elasticsearch_os_load5,1.19
2023/4/12 20:44,1681303487,cc-cc408-hya,data-node-11,9.9.2.153,elasticsearch_os_load5,1.39
2023/4/12 20:45,1681303547,cc-cc408-hya,data-node-11,9.9.2.153,elasticsearch_os_load5,1.42
2023/4/12 20:46,1681303607,cc-cc408-hya,data-node-11,9.9.2.153,elasticsearch_os_load5,1.51
2023/4/12 20:47,1681303667,cc-cc408-hya,data-node-11,9.9.2.153,elasticsearch_os_load5,1.39
2023/4/12 20:48,1681303727,cc-cc408-hya,data-node-11,9.9.2.153,elasticsearch_os_load5,1.28
2023/4/12 20:49,1681303787,cc-cc408-hya,data-node-11,9.9.2.153,elasticsearch_os_load5,1.2
2023/4/12 20:50,1681303847,cc-cc408-hya,data-node-11,9.9.2.153,elasticsearch_os_load5,1.19
2023/4/12 20:51,1681303907,cc-cc408-hya,data-node-11,9.9.2.153,elasticsearch_os_load5,1.06
2023/4/12 20:52,1681303967,cc-cc408-hya,data-node-11,9.9.2.153,elasticsearch_os_load5,1.09
2023/4/12 20:53,1681304027,cc-cc408-hya,data-node-11,9.9.2.153,elasticsearch_os_load5,1.04
2023/4/12 20:54,1681304087,cc-cc408-hya,data-node-11,9.9.2.153,elasticsearch_os_load5,1.01
2023/4/12 20:55,1681304147,cc-cc408-hya,data-node-11,9.9.2.153,elasticsearch_os_load5,1.04
2023/4/12 20:56,1681304207,cc-cc408-hya,data-node-11,9.9.2.153,elasticsearch_os_load5,1.02
2023/4/12 20:57,1681304267,cc-cc408-hya,data-node-11,9.9.2.153,elasticsearch_os_load5,1.16
2023/4/12 20:58,1681304327,cc-cc408-hya,data-node-11,9.9.2.153,elasticsearch_os_load5,1.05
2023/4/12 20:59,1681304387,cc-cc408-hya,data-node-11,9.9.2.153,elasticsearch_os_load5,0.97
2023/4/12 21:00,1681304447,cc-cc408-hya,data-node-11,9.9.2.153,elasticsearch_os_load5,0.95
2023/4/12 21:01,1681304507,cc-cc408-hya,data-node-11,9.9.2.153,elasticsearch_os_load5,0.99
2023/4/12 21:02,1681304567,cc-cc408-hya,data-node-11,9.9.2.153,elasticsearch_os_load5,0.95
2023/4/12 21:03,1681304627,cc-cc408-hya,data-node-11,9.9.2.153,elasticsearch_os_load5,1.11
2023/4/12 21:04,1681304687,cc-cc408-hya,data-node-11,9.9.2.153,elasticsearch_os_load5,1.41
2023/4/12 21:05,1681304747,cc-cc408-hya,data-node-11,9.9.2.153,elasticsearch_os_load5,1.41
2023/4/12 21:06,1681304807,cc-cc408-hya,data-node-11,9.9.2.153,elasticsearch_os_load5,1.37
2023/4/12 21:07,1681304867,cc-cc408-hya,data-node-11,9.9.2.153,elasticsearch_os_load5,1.23
2023/4/12 21:08,1681304927,cc-cc408-hya,data-node-11,9.9.2.153,elasticsearch_os_load5,1.27
2023/4/12 21:09,1681304987,cc-cc408-hya,data-node-11,9.9.2.153,elasticsearch_os_load5,1.23
2023/4/12 21:10,1681305047,cc-cc408-hya,data-node-11,9.9.2.153,elasticsearch_os_load5,1.21
2023/4/12 21:11,1681305107,cc-cc408-hya,data-node-11,9.9.2.153,elasticsearch_os_load5,1.19
2023/4/12 21:12,1681305167,cc-cc408-hya,data-node-11,9.9.2.153,elasticsearch_os_load5,1.14
2023/4/12 21:13,1681305227,cc-cc408-hya,data-node-11,9.9.2.153,elasticsearch_os_load5,1.09
2023/4/12 21:14,1681305287,cc-cc408-hya,data-node-11,9.9.2.153,elasticsearch_os_load5,1.12
2023/4/12 21:15,1681305347,cc-cc408-hya,data-node-11,9.9.2.153,elasticsearch_os_load5,1.13
2023/4/12 21:16,1681305407,cc-cc408-hya,data-node-11,9.9.2.153,elasticsearch_os_load5,1.16
2023/4/12 21:17,1681305467,cc-cc408-hya,data-node-11,9.9.2.153,elasticsearch_os_load5,1.02
2023/4/12 21:18,1681305527,cc-cc408-hya,data-node-11,9.9.2.153,elasticsearch_os_load5,0.93
2023/4/12 21:19,1681305587,cc-cc408-hya,data-node-11,9.9.2.153,elasticsearch_os_load5,0.88
2023/4/12 21:20,1681305647,cc-cc408-hya,data-node-11,9.9.2.153,elasticsearch_os_load5,0.9
2023/4/12 21:21,1681305707,cc-cc408-hya,data-node-11,9.9.2.153,elasticsearch_os_load5,1.02
2023/4/12 21:22,1681305767,cc-cc408-hya,data-node-11,9.9.2.153,elasticsearch_os_load5,0.9
2023/4/12 21:23,1681305827,cc-cc408-hya,data-node-11,9.9.2.153,elasticsearch_os_load5,1.02
2023/4/12 21:24,1681305887,cc-cc408-hya,data-node-11,9.9.2.153,elasticsearch_os_load5,0.93
2023/4/12 21:25,1681305947,cc-cc408-hya,data-node-11,9.9.2.153,elasticsearch_os_load5,0.96
2023/4/12 21:26,1681306007,cc-cc408-hya,data-node-11,9.9.2.153,elasticsearch_os_load5,1.08
2023/4/12 21:27,1681306067,cc-cc408-hya,data-node-11,9.9.2.153,elasticsearch_os_load5,1.36
2023/4/12 21:28,1681306127,cc-cc408-hya,data-node-11,9.9.2.153,elasticsearch_os_load5,1.31
2023/4/12 21:29,1681306187,cc-cc408-hya,data-node-11,9.9.2.153,elasticsearch_os_load5,1.27
2023/4/12 21:30,1681306247,cc-cc408-hya,data-node-11,9.9.2.153,elasticsearch_os_load5,1.17
2023/4/12 21:31,1681306307,cc-cc408-hya,data-node-11,9.9.2.153,elasticsearch_os_load5,1.14
2023/4/12 21:32,1681306367,cc-cc408-hya,data-node-11,9.9.2.153,elasticsearch_os_load5,1.11
2023/4/12 21:33,1681306427,cc-cc408-hya,data-node-11,9.9.2.153,elasticsearch_os_load5,0.99
2023/4/12 21:34,1681306487,cc-cc408-hya,data-node-11,9.9.2.153,elasticsearch_os_load5,0.93
2023/4/12 21:35,1681306547,cc-cc408-hya,data-node-11,9.9.2.153,elasticsearch_os_load5,0.82
2023/4/12 21:36,1681306607,cc-cc408-hya,data-node-11,9.9.2.153,elasticsearch_os_load5,0.8
2023/4/12 21:37,1681306667,cc-cc408-hya,data-node-11,9.9.2.153,elasticsearch_os_load5,0.74
2023/4/12 21:38,1681306727,cc-cc408-hya,data-node-11,9.9.2.153,elasticsearch_os_load5,0.71
2023/4/12 21:39,1681306787,cc-cc408-hya,data-node-11,9.9.2.153,elasticsearch_os_load5,0.77
2023/4/12 21:40,1681306847,cc-cc408-hya,data-node-11,9.9.2.153,elasticsearch_os_load5,0.75
2023/4/12 21:41,1681306907,cc-cc408-hya,data-node-11,9.9.2.153,elasticsearch_os_load5,0.72
2023/4/12 21:42,1681306967,cc-cc408-hya,data-node-11,9.9.2.153,elasticsearch_os_load5,0.72
2023/4/12 21:43,1681307027,cc-cc408-hya,data-node-11,9.9.2.153,elasticsearch_os_load5,0.66
2023/4/12 21:44,1681307087,cc-cc408-hya,data-node-11,9.9.2.153,elasticsearch_os_load5,0.68
2023/4/12 21:45,1681307147,cc-cc408-hya,data-node-11,9.9.2.153,elasticsearch_os_load5,0.86
2023/4/12 21:46,1681307207,cc-cc408-hya,data-node-11,9.9.2.153,elasticsearch_os_load5,1.02
2023/4/12 21:47,1681307267,cc-cc408-hya,data-node-11,9.9.2.153,elasticsearch_os_load5,1.17
2023/4/12 21:48,1681307327,cc-cc408-hya,data-node-11,9.9.2.153,elasticsearch_os_load5,1.06
2023/4/12 21:49,1681307387,cc-cc408-hya,data-node-11,9.9.2.153,elasticsearch_os_load5,0.99
2023/4/12 21:50,1681307447,cc-cc408-hya,data-node-11,9.9.2.153,elasticsearch_os_load5,1.01
2023/4/12 21:51,1681307507,cc-cc408-hya,data-node-11,9.9.2.153,elasticsearch_os_load5,1.03
2023/4/12 21:52,1681307567,cc-cc408-hya,data-node-11,9.9.2.153,elasticsearch_os_load5,1.07
2023/4/12 21:53,1681307627,cc-cc408-hya,data-node-11,9.9.2.153,elasticsearch_os_load5,1.04
2023/4/12 21:54,1681307687,cc-cc408-hya,data-node-11,9.9.2.153,elasticsearch_os_load5,1.01
2023/4/12 21:55,1681307747,cc-cc408-hya,data-node-11,9.9.2.153,elasticsearch_os_load5,1.11
2023/4/12 21:56,1681307807,cc-cc408-hya,data-node-11,9.9.2.153,elasticsearch_os_load5,1.02
2023/4/12 21:57,1681307867,cc-cc408-hya,data-node-11,9.9.2.153,elasticsearch_os_load5,1.09
2023/4/12 21:58,1681307927,cc-cc408-hya,data-node-11,9.9.2.153,elasticsearch_os_load5,0.93
2023/4/12 21:59,1681307987,cc-cc408-hya,data-node-11,9.9.2.153,elasticsearch_os_load5,0.92
2023/4/12 22:00,1681308047,cc-cc408-hya,data-node-11,9.9.2.153,elasticsearch_os_load5,0.83
2023/4/12 22:01,1681308107,cc-cc408-hya,data-node-11,9.9.2.153,elasticsearch_os_load5,0.85
2023/4/12 22:02,1681308167,cc-cc408-hya,data-node-11,9.9.2.153,elasticsearch_os_load5,0.82
2023/4/12 22:03,1681308227,cc-cc408-hya,data-node-11,9.9.2.153,elasticsearch_os_load5,0.79
2023/4/12 22:04,1681308287,cc-cc408-hya,data-node-11,9.9.2.153,elasticsearch_os_load5,0.75
2023/4/12 22:05,1681308347,cc-cc408-hya,data-node-11,9.9.2.153,elasticsearch_os_load5,0.73
2023/4/12 22:06,1681308407,cc-cc408-hya,data-node-11,9.9.2.153,elasticsearch_os_load5,0.69
2023/4/12 22:07,1681308467,cc-cc408-hya,data-node-11,9.9.2.153,elasticsearch_os_load5,0.8
2023/4/12 22:08,1681308527,cc-cc408-hya,data-node-11,9.9.2.153,elasticsearch_os_load5,0.95
2023/4/12 22:09,1681308587,cc-cc408-hya,data-node-11,9.9.2.153,elasticsearch_os_load5,1.07
2023/4/12 22:10,1681308647,cc-cc408-hya,data-node-11,9.9.2.153,elasticsearch_os_load5,1.11
2023/4/12 22:11,1681308707,cc-cc408-hya,data-node-11,9.9.2.153,elasticsearch_os_load5,1.12
2023/4/12 22:12,1681308767,cc-cc408-hya,data-node-11,9.9.2.153,elasticsearch_os_load5,0.99
2023/4/12 22:13,1681308827,cc-cc408-hya,data-node-11,9.9.2.153,elasticsearch_os_load5,0.93
2023/4/12 22:14,1681308887,cc-cc408-hya,data-node-11,9.9.2.153,elasticsearch_os_load5,0.87
2023/4/12 22:15,1681308947,cc-cc408-hya,data-node-11,9.9.2.153,elasticsearch_os_load5,0.82
2023/4/12 22:16,1681309007,cc-cc408-hya,data-node-11,9.9.2.153,elasticsearch_os_load5,0.83
2023/4/12 22:17,1681309067,cc-cc408-hya,data-node-11,9.9.2.153,elasticsearch_os_load5,0.82
2023/4/12 22:18,1681309127,cc-cc408-hya,data-node-11,9.9.2.153,elasticsearch_os_load5,0.7
2023/4/12 22:19,1681309187,cc-cc408-hya,data-node-11,9.9.2.153,elasticsearch_os_load5,0.69
2023/4/12 22:20,1681309247,cc-cc408-hya,data-node-11,9.9.2.153,elasticsearch_os_load5,0.71
2023/4/12 22:21,1681309307,cc-cc408-hya,data-node-11,9.9.2.153,elasticsearch_os_load5,0.66
2023/4/12 22:22,1681309367,cc-cc408-hya,data-node-11,9.9.2.153,elasticsearch_os_load5,0.64
2023/4/12 22:23,1681309427,cc-cc408-hya,data-node-11,9.9.2.153,elasticsearch_os_load5,0.66
2023/4/12 22:24,1681309487,cc-cc408-hya,data-node-11,9.9.2.153,elasticsearch_os_load5,0.68
2023/4/12 22:25,1681309547,cc-cc408-hya,data-node-11,9.9.2.153,elasticsearch_os_load5,0.62
2023/4/12 22:26,1681309607,cc-cc408-hya,data-node-11,9.9.2.153,elasticsearch_os_load5,0.64
2023/4/12 22:27,1681309667,cc-cc408-hya,data-node-11,9.9.2.153,elasticsearch_os_load5,0.8
2023/4/12 22:28,1681309727,cc-cc408-hya,data-node-11,9.9.2.153,elasticsearch_os_load5,0.89
2023/4/12 22:29,1681309787,cc-cc408-hya,data-node-11,9.9.2.153,elasticsearch_os_load5,0.94
2023/4/12 22:30,1681309847,cc-cc408-hya,data-node-11,9.9.2.153,elasticsearch_os_load5,1.06
2023/4/12 22:31,1681309907,cc-cc408-hya,data-node-11,9.9.2.153,elasticsearch_os_load5,1.11
2023/4/12 22:32,1681309967,cc-cc408-hya,data-node-11,9.9.2.153,elasticsearch_os_load5,1.11
2023/4/12 22:33,1681310027,cc-cc408-hya,data-node-11,9.9.2.153,elasticsearch_os_load5,1.01
2023/4/12 22:34,1681310087,cc-cc408-hya,data-node-11,9.9.2.153,elasticsearch_os_load5,0.91
2023/4/12 22:35,1681310147,cc-cc408-hya,data-node-11,9.9.2.153,elasticsearch_os_load5,0.9
2023/4/12 22:36,1681310207,cc-cc408-hya,data-node-11,9.9.2.153,elasticsearch_os_load5,0.88
2023/4/12 22:37,1681310267,cc-cc408-hya,data-node-11,9.9.2.153,elasticsearch_os_load5,1.02
2023/4/12 22:38,1681310327,cc-cc408-hya,data-node-11,9.9.2.153,elasticsearch_os_load5,0.98
2023/4/12 22:39,1681310387,cc-cc408-hya,data-node-11,9.9.2.153,elasticsearch_os_load5,0.98
2023/4/12 22:40,1681310447,cc-cc408-hya,data-node-11,9.9.2.153,elasticsearch_os_load5,1.03
2023/4/12 22:41,1681310507,cc-cc408-hya,data-node-11,9.9.2.153,elasticsearch_os_load5,1.1
2023/4/12 22:42,1681310567,cc-cc408-hya,data-node-11,9.9.2.153,elasticsearch_os_load5,1.12
2023/4/12 22:43,1681310627,cc-cc408-hya,data-node-11,9.9.2.153,elasticsearch_os_load5,1.25
2023/4/12 22:44,1681310687,cc-cc408-hya,data-node-11,9.9.2.153,elasticsearch_os_load5,1.22
2023/4/12 22:45,1681310747,cc-cc408-hya,data-node-11,9.9.2.153,elasticsearch_os_load5,1.07
2023/4/12 22:46,1681310807,cc-cc408-hya,data-node-11,9.9.2.153,elasticsearch_os_load5,1.07
2023/4/12 22:47,1681310867,cc-cc408-hya,data-node-11,9.9.2.153,elasticsearch_os_load5,1.08
2023/4/12 22:48,1681310927,cc-cc408-hya,data-node-11,9.9.2.153,elasticsearch_os_load5,0.98
2023/4/12 22:49,1681310987,cc-cc408-hya,data-node-11,9.9.2.153,elasticsearch_os_load5,0.95
2023/4/12 22:50,1681311047,cc-cc408-hya,data-node-11,9.9.2.153,elasticsearch_os_load5,1.1
2023/4/12 22:51,1681311107,cc-cc408-hya,data-node-11,9.9.2.153,elasticsearch_os_load5,1.21
2023/4/12 22:52,1681311167,cc-cc408-hya,data-node-11,9.9.2.153,elasticsearch_os_load5,1.25
2023/4/12 22:53,1681311227,cc-cc408-hya,data-node-11,9.9.2.153,elasticsearch_os_load5,1.37
2023/4/12 22:54,1681311287,cc-cc408-hya,data-node-11,9.9.2.153,elasticsearch_os_load5,1.37
2023/4/12 22:55,1681311347,cc-cc408-hya,data-node-11,9.9.2.153,elasticsearch_os_load5,1.4
2023/4/12 22:56,1681311407,cc-cc408-hya,data-node-11,9.9.2.153,elasticsearch_os_load5,1.21
2023/4/12 22:57,1681311467,cc-cc408-hya,data-node-11,9.9.2.153,elasticsearch_os_load5,1.04
2023/4/12 22:58,1681311527,cc-cc408-hya,data-node-11,9.9.2.153,elasticsearch_os_load5,0.96
2023/4/12 22:59,1681311587,cc-cc408-hya,data-node-11,9.9.2.153,elasticsearch_os_load5,0.83
2023/4/12 23:00,1681311647,cc-cc408-hya,data-node-11,9.9.2.153,elasticsearch_os_load5,0.77
2023/4/12 23:01,1681311707,cc-cc408-hya,data-node-11,9.9.2.153,elasticsearch_os_load5,0.94
2023/4/12 23:02,1681311767,cc-cc408-hya,data-node-11,9.9.2.153,elasticsearch_os_load5,0.95
2023/4/12 23:03,1681311827,cc-cc408-hya,data-node-11,9.9.2.153,elasticsearch_os_load5,1.05
2023/4/12 23:04,1681311887,cc-cc408-hya,data-node-11,9.9.2.153,elasticsearch_os_load5,1.02
2023/4/12 23:05,1681311947,cc-cc408-hya,data-node-11,9.9.2.153,elasticsearch_os_load5,0.99
2023/4/12 23:06,1681312007,cc-cc408-hya,data-node-11,9.9.2.153,elasticsearch_os_load5,0.88
2023/4/12 23:07,1681312067,cc-cc408-hya,data-node-11,9.9.2.153,elasticsearch_os_load5,0.85
2023/4/12 23:08,1681312127,cc-cc408-hya,data-node-11,9.9.2.153,elasticsearch_os_load5,0.91
2023/4/12 23:09,1681312187,cc-cc408-hya,data-node-11,9.9.2.153,elasticsearch_os_load5,0.97
2023/4/12 23:10,1681312247,cc-cc408-hya,data-node-11,9.9.2.153,elasticsearch_os_load5,0.92
2023/4/12 23:11,1681312307,cc-cc408-hya,data-node-11,9.9.2.153,elasticsearch_os_load5,0.94
2023/4/12 23:12,1681312367,cc-cc408-hya,data-node-11,9.9.2.153,elasticsearch_os_load5,0.95
2023/4/12 23:13,1681312427,cc-cc408-hya,data-node-11,9.9.2.153,elasticsearch_os_load5,0.83
2023/4/12 23:14,1681312487,cc-cc408-hya,data-node-11,9.9.2.153,elasticsearch_os_load5,1
2023/4/12 23:15,1681312547,cc-cc408-hya,data-node-11,9.9.2.153,elasticsearch_os_load5,0.95
2023/4/12 23:16,1681312607,cc-cc408-hya,data-node-11,9.9.2.153,elasticsearch_os_load5,0.9
2023/4/12 23:17,1681312667,cc-cc408-hya,data-node-11,9.9.2.153,elasticsearch_os_load5,0.92
2023/4/12 23:18,1681312727,cc-cc408-hya,data-node-11,9.9.2.153,elasticsearch_os_load5,1.05
2023/4/12 23:19,1681312787,cc-cc408-hya,data-node-11,9.9.2.153,elasticsearch_os_load5,1.19
2023/4/12 23:20,1681312847,cc-cc408-hya,data-node-11,9.9.2.153,elasticsearch_os_load5,1.28
2023/4/12 23:21,1681312907,cc-cc408-hya,data-node-11,9.9.2.153,elasticsearch_os_load5,1.41
2023/4/12 23:22,1681312967,cc-cc408-hya,data-node-11,9.9.2.153,elasticsearch_os_load5,1.37
2023/4/12 23:23,1681313027,cc-cc408-hya,data-node-11,9.9.2.153,elasticsearch_os_load5,1.27
2023/4/12 23:24,1681313087,cc-cc408-hya,data-node-11,9.9.2.153,elasticsearch_os_load5,1.28
2023/4/12 23:25,1681313147,cc-cc408-hya,data-node-11,9.9.2.153,elasticsearch_os_load5,1.32
2023/4/12 23:26,1681313207,cc-cc408-hya,data-node-11,9.9.2.153,elasticsearch_os_load5,1.26
2023/4/12 23:27,1681313267,cc-cc408-hya,data-node-11,9.9.2.153,elasticsearch_os_load5,1.14
2023/4/12 23:28,1681313327,cc-cc408-hya,data-node-11,9.9.2.153,elasticsearch_os_load5,1.04
2023/4/12 23:29,1681313387,cc-cc408-hya,data-node-11,9.9.2.153,elasticsearch_os_load5,0.94
2023/4/12 23:30,1681313447,cc-cc408-hya,data-node-11,9.9.2.153,elasticsearch_os_load5,0.87
2023/4/12 23:31,1681313507,cc-cc408-hya,data-node-11,9.9.2.153,elasticsearch_os_load5,0.85
2023/4/12 23:32,1681313567,cc-cc408-hya,data-node-11,9.9.2.153,elasticsearch_os_load5,0.85
2023/4/12 23:33,1681313627,cc-cc408-hya,data-node-11,9.9.2.153,elasticsearch_os_load5,0.92
2023/4/12 23:34,1681313687,cc-cc408-hya,data-node-11,9.9.2.153,elasticsearch_os_load5,1.13
2023/4/12 23:35,1681313747,cc-cc408-hya,data-node-11,9.9.2.153,elasticsearch_os_load5,1.17
2023/4/12 23:36,1681313807,cc-cc408-hya,data-node-11,9.9.2.153,elasticsearch_os_load5,1.2
2023/4/12 23:37,1681313867,cc-cc408-hya,data-node-11,9.9.2.153,elasticsearch_os_load5,1.13
2023/4/12 23:38,1681313927,cc-cc408-hya,data-node-11,9.9.2.153,elasticsearch_os_load5,0.95
2023/4/12 23:39,1681313987,cc-cc408-hya,data-node-11,9.9.2.153,elasticsearch_os_load5,0.9
2023/4/12 23:40,1681314047,cc-cc408-hya,data-node-11,9.9.2.153,elasticsearch_os_load5,0.96
2023/4/12 23:41,1681314107,cc-cc408-hya,data-node-11,9.9.2.153,elasticsearch_os_load5,0.94
2023/4/12 23:42,1681314167,cc-cc408-hya,data-node-11,9.9.2.153,elasticsearch_os_load5,0.91
2023/4/12 23:43,1681314227,cc-cc408-hya,data-node-11,9.9.2.153,elasticsearch_os_load5,0.83
2023/4/12 23:44,1681314287,cc-cc408-hya,data-node-11,9.9.2.153,elasticsearch_os_load5,0.84
2023/4/12 23:45,1681314347,cc-cc408-hya,data-node-11,9.9.2.153,elasticsearch_os_load5,0.78
2023/4/12 23:46,1681314407,cc-cc408-hya,data-node-11,9.9.2.153,elasticsearch_os_load5,0.75
2023/4/12 23:47,1681314467,cc-cc408-hya,data-node-11,9.9.2.153,elasticsearch_os_load5,0.72
2023/4/12 23:48,1681314527,cc-cc408-hya,data-node-11,9.9.2.153,elasticsearch_os_load5,0.73
2023/4/12 23:49,1681314587,cc-cc408-hya,data-node-11,9.9.2.153,elasticsearch_os_load5,0.65
2023/4/12 23:50,1681314647,cc-cc408-hya,data-node-11,9.9.2.153,elasticsearch_os_load5,0.88
2023/4/12 23:51,1681314707,cc-cc408-hya,data-node-11,9.9.2.153,elasticsearch_os_load5,0.95
2023/4/12 23:52,1681314767,cc-cc408-hya,data-node-11,9.9.2.153,elasticsearch_os_load5,0.87
2023/4/12 23:53,1681314827,cc-cc408-hya,data-node-11,9.9.2.153,elasticsearch_os_load5,0.78
2023/4/12 23:54,1681314887,cc-cc408-hya,data-node-11,9.9.2.153,elasticsearch_os_load5,0.71
2023/4/12 23:55,1681314947,cc-cc408-hya,data-node-11,9.9.2.153,elasticsearch_os_load5,0.67
2023/4/12 23:56,1681315007,cc-cc408-hya,data-node-11,9.9.2.153,elasticsearch_os_load5,0.71
2023/4/12 23:57,1681315067,cc-cc408-hya,data-node-11,9.9.2.153,elasticsearch_os_load5,0.66
2023/4/12 23:58,1681315127,cc-cc408-hya,data-node-11,9.9.2.153,elasticsearch_os_load5,0.56
2023/4/12 23:59,1681315187,cc-cc408-hya,data-node-11,9.9.2.153,elasticsearch_os_load5,0.57
2023/4/13 0:00,1681315247,cc-cc408-hya,data-node-11,9.9.2.153,elasticsearch_os_load5,0.51
2023/4/13 0:01,1681315307,cc-cc408-hya,data-node-11,9.9.2.153,elasticsearch_os_load5,0.56
2023/4/13 0:02,1681315367,cc-cc408-hya,data-node-11,9.9.2.153,elasticsearch_os_load5,0.59
2023/4/13 0:03,1681315427,cc-cc408-hya,data-node-11,9.9.2.153,elasticsearch_os_load5,0.58
2023/4/13 0:04,1681315487,cc-cc408-hya,data-node-11,9.9.2.153,elasticsearch_os_load5,0.64
2023/4/13 0:05,1681315547,cc-cc408-hya,data-node-11,9.9.2.153,elasticsearch_os_load5,0.55
2023/4/13 0:06,1681315607,cc-cc408-hya,data-node-11,9.9.2.153,elasticsearch_os_load5,0.49
2023/4/13 0:07,1681315667,cc-cc408-hya,data-node-11,9.9.2.153,elasticsearch_os_load5,0.45
2023/4/13 0:08,1681315727,cc-cc408-hya,data-node-11,9.9.2.153,elasticsearch_os_load5,0.4
2023/4/13 0:09,1681315787,cc-cc408-hya,data-node-11,9.9.2.153,elasticsearch_os_load5,0.4
2023/4/13 0:10,1681315847,cc-cc408-hya,data-node-11,9.9.2.153,elasticsearch_os_load5,0.42
2023/4/13 0:11,1681315907,cc-cc408-hya,data-node-11,9.9.2.153,elasticsearch_os_load5,0.39
2023/4/13 0:12,1681315967,cc-cc408-hya,data-node-11,9.9.2.153,elasticsearch_os_load5,0.36
2023/4/13 0:13,1681316027,cc-cc408-hya,data-node-11,9.9.2.153,elasticsearch_os_load5,0.32
2023/4/13 0:14,1681316087,cc-cc408-hya,data-node-11,9.9.2.153,elasticsearch_os_load5,0.28
2023/4/13 0:15,1681316147,cc-cc408-hya,data-node-11,9.9.2.153,elasticsearch_os_load5,0.4
2023/4/13 0:16,1681316207,cc-cc408-hya,data-node-11,9.9.2.153,elasticsearch_os_load5,0.6
2023/4/13 0:17,1681316267,cc-cc408-hya,data-node-11,9.9.2.153,elasticsearch_os_load5,0.7
2023/4/13 0:18,1681316327,cc-cc408-hya,data-node-11,9.9.2.153,elasticsearch_os_load5,0.64
2023/4/13 0:19,1681316387,cc-cc408-hya,data-node-11,9.9.2.153,elasticsearch_os_load5,0.68
2023/4/13 0:20,1681316447,cc-cc408-hya,data-node-11,9.9.2.153,elasticsearch_os_load5,0.68
2023/4/13 0:21,1681316507,cc-cc408-hya,data-node-11,9.9.2.153,elasticsearch_os_load5,0.78
2023/4/13 0:22,1681316567,cc-cc408-hya,data-node-11,9.9.2.153,elasticsearch_os_load5,0.73
2023/4/13 0:23,1681316627,cc-cc408-hya,data-node-11,9.9.2.153,elasticsearch_os_load5,0.68
2023/4/13 0:24,1681316687,cc-cc408-hya,data-node-11,9.9.2.153,elasticsearch_os_load5,0.71
2023/4/13 0:25,1681316747,cc-cc408-hya,data-node-11,9.9.2.153,elasticsearch_os_load5,0.81
2023/4/13 0:26,1681316807,cc-cc408-hya,data-node-11,9.9.2.153,elasticsearch_os_load5,0.89
2023/4/13 0:27,1681316867,cc-cc408-hya,data-node-11,9.9.2.153,elasticsearch_os_load5,0.87
2023/4/13 0:28,1681316927,cc-cc408-hya,data-node-11,9.9.2.153,elasticsearch_os_load5,0.88
2023/4/13 0:29,1681316987,cc-cc408-hya,data-node-11,9.9.2.153,elasticsearch_os_load5,0.87
2023/4/13 0:30,1681317047,cc-cc408-hya,data-node-11,9.9.2.153,elasticsearch_os_load5,0.89
2023/4/13 0:31,1681317107,cc-cc408-hya,data-node-11,9.9.2.153,elasticsearch_os_load5,0.85
2023/4/13 0:32,1681317167,cc-cc408-hya,data-node-11,9.9.2.153,elasticsearch_os_load5,0.95
2023/4/13 0:33,1681317227,cc-cc408-hya,data-node-11,9.9.2.153,elasticsearch_os_load5,0.98
2023/4/13 0:34,1681317287,cc-cc408-hya,data-node-11,9.9.2.153,elasticsearch_os_load5,1.03
2023/4/13 0:35,1681317347,cc-cc408-hya,data-node-11,9.9.2.153,elasticsearch_os_load5,0.99
2023/4/13 0:36,1681317407,cc-cc408-hya,data-node-11,9.9.2.153,elasticsearch_os_load5,1
2023/4/13 0:37,1681317467,cc-cc408-hya,data-node-11,9.9.2.153,elasticsearch_os_load5,1.04
2023/4/13 0:38,1681317527,cc-cc408-hya,data-node-11,9.9.2.153,elasticsearch_os_load5,1.11
2023/4/13 0:39,1681317587,cc-cc408-hya,data-node-11,9.9.2.153,elasticsearch_os_load5,1.06
2023/4/13 0:40,1681317647,cc-cc408-hya,data-node-11,9.9.2.153,elasticsearch_os_load5,1.05
2023/4/13 0:41,1681317707,cc-cc408-hya,data-node-11,9.9.2.153,elasticsearch_os_load5,1.04
2023/4/13 0:42,1681317767,cc-cc408-hya,data-node-11,9.9.2.153,elasticsearch_os_load5,1.06
2023/4/13 0:43,1681317827,cc-cc408-hya,data-node-11,9.9.2.153,elasticsearch_os_load5,1.06
2023/4/13 0:44,1681317887,cc-cc408-hya,data-node-11,9.9.2.153,elasticsearch_os_load5,1.01
2023/4/13 0:45,1681317947,cc-cc408-hya,data-node-11,9.9.2.153,elasticsearch_os_load5,1.02
2023/4/13 0:46,1681318007,cc-cc408-hya,data-node-11,9.9.2.153,elasticsearch_os_load5,0.9
2023/4/13 0:47,1681318067,cc-cc408-hya,data-node-11,9.9.2.153,elasticsearch_os_load5,0.87
2023/4/13 0:48,1681318127,cc-cc408-hya,data-node-11,9.9.2.153,elasticsearch_os_load5,0.85
2023/4/13 0:49,1681318187,cc-cc408-hya,data-node-11,9.9.2.153,elasticsearch_os_load5,0.75
2023/4/13 0:50,1681318247,cc-cc408-hya,data-node-11,9.9.2.153,elasticsearch_os_load5,0.78
2023/4/13 0:51,1681318307,cc-cc408-hya,data-node-11,9.9.2.153,elasticsearch_os_load5,0.73
2023/4/13 0:52,1681318367,cc-cc408-hya,data-node-11,9.9.2.153,elasticsearch_os_load5,0.81
2023/4/13 0:53,1681318427,cc-cc408-hya,data-node-11,9.9.2.153,elasticsearch_os_load5,0.82
2023/4/13 0:54,1681318487,cc-cc408-hya,data-node-11,9.9.2.153,elasticsearch_os_load5,0.87
2023/4/13 0:55,1681318547,cc-cc408-hya,data-node-11,9.9.2.153,elasticsearch_os_load5,0.94
2023/4/13 0:56,1681318607,cc-cc408-hya,data-node-11,9.9.2.153,elasticsearch_os_load5,0.88
2023/4/13 0:57,1681318667,cc-cc408-hya,data-node-11,9.9.2.153,elasticsearch_os_load5,1.02
2023/4/13 0:58,1681318727,cc-cc408-hya,data-node-11,9.9.2.153,elasticsearch_os_load5,1.16
2023/4/13 0:59,1681318787,cc-cc408-hya,data-node-11,9.9.2.153,elasticsearch_os_load5,1.37
2023/4/13 1:00,1681318847,cc-cc408-hya,data-node-11,9.9.2.153,elasticsearch_os_load5,1.29
2023/4/13 1:01,1681318907,cc-cc408-hya,data-node-11,9.9.2.153,elasticsearch_os_load5,1.22
2023/4/13 1:02,1681318967,cc-cc408-hya,data-node-11,9.9.2.153,elasticsearch_os_load5,1.25
2023/4/13 1:03,1681319027,cc-cc408-hya,data-node-11,9.9.2.153,elasticsearch_os_load5,1.2
2023/4/13 1:04,1681319087,cc-cc408-hya,data-node-11,9.9.2.153,elasticsearch_os_load5,1.17
2023/4/13 1:05,1681319147,cc-cc408-hya,data-node-11,9.9.2.153,elasticsearch_os_load5,1.09
2023/4/13 1:06,1681319207,cc-cc408-hya,data-node-11,9.9.2.153,elasticsearch_os_load5,1.04
2023/4/13 1:07,1681319267,cc-cc408-hya,data-node-11,9.9.2.153,elasticsearch_os_load5,1.04
2023/4/13 1:08,1681319327,cc-cc408-hya,data-node-11,9.9.2.153,elasticsearch_os_load5,1.03
2023/4/13 1:09,1681319387,cc-cc408-hya,data-node-11,9.9.2.153,elasticsearch_os_load5,0.95
2023/4/13 1:10,1681319447,cc-cc408-hya,data-node-11,9.9.2.153,elasticsearch_os_load5,0.9
2023/4/13 1:11,1681319507,cc-cc408-hya,data-node-11,9.9.2.153,elasticsearch_os_load5,0.9
2023/4/13 1:12,1681319567,cc-cc408-hya,data-node-11,9.9.2.153,elasticsearch_os_load5,0.88
2023/4/13 1:13,1681319627,cc-cc408-hya,data-node-11,9.9.2.153,elasticsearch_os_load5,0.91
2023/4/13 1:14,1681319687,cc-cc408-hya,data-node-11,9.9.2.153,elasticsearch_os_load5,1.02
2023/4/13 1:15,1681319747,cc-cc408-hya,data-node-11,9.9.2.153,elasticsearch_os_load5,1.1
2023/4/13 1:16,1681319807,cc-cc408-hya,data-node-11,9.9.2.153,elasticsearch_os_load5,1.06
2023/4/13 1:17,1681319867,cc-cc408-hya,data-node-11,9.9.2.153,elasticsearch_os_load5,1.02
2023/4/13 1:18,1681319927,cc-cc408-hya,data-node-11,9.9.2.153,elasticsearch_os_load5,1.04
2023/4/13 1:19,1681319987,cc-cc408-hya,data-node-11,9.9.2.153,elasticsearch_os_load5,1.06
2023/4/13 1:20,1681320047,cc-cc408-hya,data-node-11,9.9.2.153,elasticsearch_os_load5,1
2023/4/13 1:21,1681320107,cc-cc408-hya,data-node-11,9.9.2.153,elasticsearch_os_load5,0.83
2023/4/13 1:22,1681320167,cc-cc408-hya,data-node-11,9.9.2.153,elasticsearch_os_load5,0.69
2023/4/13 1:23,1681320227,cc-cc408-hya,data-node-11,9.9.2.153,elasticsearch_os_load5,0.7
2023/4/13 1:24,1681320287,cc-cc408-hya,data-node-11,9.9.2.153,elasticsearch_os_load5,1.32
2023/4/13 1:25,1681320347,cc-cc408-hya,data-node-11,9.9.2.153,elasticsearch_os_load5,1.11
2023/4/13 1:26,1681320407,cc-cc408-hya,data-node-11,9.9.2.153,elasticsearch_os_load5,0.94
2023/4/13 1:27,1681320467,cc-cc408-hya,data-node-11,9.9.2.153,elasticsearch_os_load5,0.82
2023/4/13 1:28,1681320527,cc-cc408-hya,data-node-11,9.9.2.153,elasticsearch_os_load5,0.67
2023/4/13 1:29,1681320587,cc-cc408-hya,data-node-11,9.9.2.153,elasticsearch_os_load5,0.62
2023/4/13 1:30,1681320647,cc-cc408-hya,data-node-11,9.9.2.153,elasticsearch_os_load5,0.6
2023/4/13 1:31,1681320707,cc-cc408-hya,data-node-11,9.9.2.153,elasticsearch_os_load5,0.53
2023/4/13 1:32,1681320767,cc-cc408-hya,data-node-11,9.9.2.153,elasticsearch_os_load5,0.45
2023/4/13 1:33,1681320827,cc-cc408-hya,data-node-11,9.9.2.153,elasticsearch_os_load5,0.43
2023/4/13 1:34,1681320887,cc-cc408-hya,data-node-11,9.9.2.153,elasticsearch_os_load5,0.36
2023/4/13 1:35,1681320947,cc-cc408-hya,data-node-11,9.9.2.153,elasticsearch_os_load5,0.29
2023/4/13 1:36,1681321007,cc-cc408-hya,data-node-11,9.9.2.153,elasticsearch_os_load5,0.29
2023/4/13 1:37,1681321067,cc-cc408-hya,data-node-11,9.9.2.153,elasticsearch_os_load5,0.23
2023/4/13 1:38,1681321127,cc-cc408-hya,data-node-11,9.9.2.153,elasticsearch_os_load5,0.3
2023/4/13 1:39,1681321187,cc-cc408-hya,data-node-11,9.9.2.153,elasticsearch_os_load5,0.26
2023/4/13 1:40,1681321247,cc-cc408-hya,data-node-11,9.9.2.153,elasticsearch_os_load5,0.48
2023/4/13 1:41,1681321307,cc-cc408-hya,data-node-11,9.9.2.153,elasticsearch_os_load5,0.55
2023/4/13 1:42,1681321367,cc-cc408-hya,data-node-11,9.9.2.153,elasticsearch_os_load5,0.63
2023/4/13 1:43,1681321427,cc-cc408-hya,data-node-11,9.9.2.153,elasticsearch_os_load5,0.64
2023/4/13 1:44,1681321487,cc-cc408-hya,data-node-11,9.9.2.153,elasticsearch_os_load5,0.57
2023/4/13 1:45,1681321547,cc-cc408-hya,data-node-11,9.9.2.153,elasticsearch_os_load5,0.53
2023/4/13 1:46,1681321607,cc-cc408-hya,data-node-11,9.9.2.153,elasticsearch_os_load5,0.47
2023/4/13 1:47,1681321667,cc-cc408-hya,data-node-11,9.9.2.153,elasticsearch_os_load5,0.45
2023/4/13 1:48,1681321727,cc-cc408-hya,data-node-11,9.9.2.153,elasticsearch_os_load5,0.39
2023/4/13 1:49,1681321787,cc-cc408-hya,data-node-11,9.9.2.153,elasticsearch_os_load5,0.39
2023/4/13 1:50,1681321847,cc-cc408-hya,data-node-11,9.9.2.153,elasticsearch_os_load5,0.4
2023/4/13 1:51,1681321907,cc-cc408-hya,data-node-11,9.9.2.153,elasticsearch_os_load5,0.39
2023/4/13 1:52,1681321967,cc-cc408-hya,data-node-11,9.9.2.153,elasticsearch_os_load5,0.36
2023/4/13 1:53,1681322027,cc-cc408-hya,data-node-11,9.9.2.153,elasticsearch_os_load5,0.29
2023/4/13 1:54,1681322087,cc-cc408-hya,data-node-11,9.9.2.153,elasticsearch_os_load5,0.25
2023/4/13 1:55,1681322147,cc-cc408-hya,data-node-11,9.9.2.153,elasticsearch_os_load5,0.27
2023/4/13 1:56,1681322207,cc-cc408-hya,data-node-11,9.9.2.153,elasticsearch_os_load5,0.32
2023/4/13 1:57,1681322267,cc-cc408-hya,data-node-11,9.9.2.153,elasticsearch_os_load5,0.32
2023/4/13 1:58,1681322327,cc-cc408-hya,data-node-11,9.9.2.153,elasticsearch_os_load5,0.29
2023/4/13 1:59,1681322387,cc-cc408-hya,data-node-11,9.9.2.153,elasticsearch_os_load5,0.27
2023/4/13 2:00,1681322447,cc-cc408-hya,data-node-11,9.9.2.153,elasticsearch_os_load5,0.25
2023/4/13 2:01,1681322507,cc-cc408-hya,data-node-11,9.9.2.153,elasticsearch_os_load5,0.27
2023/4/13 2:02,1681322567,cc-cc408-hya,data-node-11,9.9.2.153,elasticsearch_os_load5,0.29
2023/4/13 2:03,1681322627,cc-cc408-hya,data-node-11,9.9.2.153,elasticsearch_os_load5,0.25
2023/4/13 2:04,1681322687,cc-cc408-hya,data-node-11,9.9.2.153,elasticsearch_os_load5,0.27
2023/4/13 2:05,1681322747,cc-cc408-hya,data-node-11,9.9.2.153,elasticsearch_os_load5,0.25
2023/4/13 2:06,1681322807,cc-cc408-hya,data-node-11,9.9.2.153,elasticsearch_os_load5,0.23
2023/4/13 2:07,1681322867,cc-cc408-hya,data-node-11,9.9.2.153,elasticsearch_os_load5,0.2
2023/4/13 2:08,1681322927,cc-cc408-hya,data-node-11,9.9.2.153,elasticsearch_os_load5,0.2
2023/4/13 2:09,1681322987,cc-cc408-hya,data-node-11,9.9.2.153,elasticsearch_os_load5,0.23
2023/4/13 2:10,1681323047,cc-cc408-hya,data-node-11,9.9.2.153,elasticsearch_os_load5,0.19
2023/4/13 2:11,1681323107,cc-cc408-hya,data-node-11,9.9.2.153,elasticsearch_os_load5,0.18
2023/4/13 2:12,1681323167,cc-cc408-hya,data-node-11,9.9.2.153,elasticsearch_os_load5,0.25
2023/4/13 2:13,1681323227,cc-cc408-hya,data-node-11,9.9.2.153,elasticsearch_os_load5,0.31
2023/4/13 2:14,1681323287,cc-cc408-hya,data-node-11,9.9.2.153,elasticsearch_os_load5,0.33
2023/4/13 2:15,1681323347,cc-cc408-hya,data-node-11,9.9.2.153,elasticsearch_os_load5,0.32
2023/4/13 2:16,1681323407,cc-cc408-hya,data-node-11,9.9.2.153,elasticsearch_os_load5,0.35
2023/4/13 2:17,1681323467,cc-cc408-hya,data-node-11,9.9.2.153,elasticsearch_os_load5,0.28
2023/4/13 2:18,1681323527,cc-cc408-hya,data-node-11,9.9.2.153,elasticsearch_os_load5,0.23
2023/4/13 2:19,1681323587,cc-cc408-hya,data-node-11,9.9.2.153,elasticsearch_os_load5,0.2
2023/4/13 2:20,1681323647,cc-cc408-hya,data-node-11,9.9.2.153,elasticsearch_os_load5,0.16
2023/4/13 2:21,1681323707,cc-cc408-hya,data-node-11,9.9.2.153,elasticsearch_os_load5,0.2
2023/4/13 2:22,1681323767,cc-cc408-hya,data-node-11,9.9.2.153,elasticsearch_os_load5,0.36
2023/4/13 2:23,1681323827,cc-cc408-hya,data-node-11,9.9.2.153,elasticsearch_os_load5,0.52
2023/4/13 2:24,1681323887,cc-cc408-hya,data-node-11,9.9.2.153,elasticsearch_os_load5,0.63
2023/4/13 2:25,1681323947,cc-cc408-hya,data-node-11,9.9.2.153,elasticsearch_os_load5,0.57
2023/4/13 2:26,1681324007,cc-cc408-hya,data-node-11,9.9.2.153,elasticsearch_os_load5,0.48
2023/4/13 2:27,1681324067,cc-cc408-hya,data-node-11,9.9.2.153,elasticsearch_os_load5,0.42
2023/4/13 2:28,1681324127,cc-cc408-hya,data-node-11,9.9.2.153,elasticsearch_os_load5,0.36
2023/4/13 2:29,1681324187,cc-cc408-hya,data-node-11,9.9.2.153,elasticsearch_os_load5,0.34
2023/4/13 2:30,1681324247,cc-cc408-hya,data-node-11,9.9.2.153,elasticsearch_os_load5,0.32
2023/4/13 2:31,1681324307,cc-cc408-hya,data-node-11,9.9.2.153,elasticsearch_os_load5,0.29
2023/4/13 2:32,1681324367,cc-cc408-hya,data-node-11,9.9.2.153,elasticsearch_os_load5,0.28
2023/4/13 2:33,1681324427,cc-cc408-hya,data-node-11,9.9.2.153,elasticsearch_os_load5,0.26
2023/4/13 2:34,1681324487,cc-cc408-hya,data-node-11,9.9.2.153,elasticsearch_os_load5,0.26
2023/4/13 2:35,1681324547,cc-cc408-hya,data-node-11,9.9.2.153,elasticsearch_os_load5,0.22
2023/4/13 2:36,1681324607,cc-cc408-hya,data-node-11,9.9.2.153,elasticsearch_os_load5,0.18
2023/4/13 2:37,1681324667,cc-cc408-hya,data-node-11,9.9.2.153,elasticsearch_os_load5,0.49
2023/4/13 2:38,1681324727,cc-cc408-hya,data-node-11,9.9.2.153,elasticsearch_os_load5,0.48
2023/4/13 2:39,1681324787,cc-cc408-hya,data-node-11,9.9.2.153,elasticsearch_os_load5,0.43
2023/4/13 2:40,1681324847,cc-cc408-hya,data-node-11,9.9.2.153,elasticsearch_os_load5,0.47
2023/4/13 2:41,1681324907,cc-cc408-hya,data-node-11,9.9.2.153,elasticsearch_os_load5,0.43
2023/4/13 2:42,1681324967,cc-cc408-hya,data-node-11,9.9.2.153,elasticsearch_os_load5,0.38
2023/4/13 2:43,1681325027,cc-cc408-hya,data-node-11,9.9.2.153,elasticsearch_os_load5,0.33
2023/4/13 2:44,1681325087,cc-cc408-hya,data-node-11,9.9.2.153,elasticsearch_os_load5,0.33
2023/4/13 2:45,1681325147,cc-cc408-hya,data-node-11,9.9.2.153,elasticsearch_os_load5,0.3
2023/4/13 2:46,1681325207,cc-cc408-hya,data-node-11,9.9.2.153,elasticsearch_os_load5,0.26
2023/4/13 2:47,1681325267,cc-cc408-hya,data-node-11,9.9.2.153,elasticsearch_os_load5,0.25
2023/4/13 2:48,1681325327,cc-cc408-hya,data-node-11,9.9.2.153,elasticsearch_os_load5,0.3
2023/4/13 2:49,1681325387,cc-cc408-hya,data-node-11,9.9.2.153,elasticsearch_os_load5,0.26
2023/4/13 2:50,1681325447,cc-cc408-hya,data-node-11,9.9.2.153,elasticsearch_os_load5,0.24
2023/4/13 2:51,1681325507,cc-cc408-hya,data-node-11,9.9.2.153,elasticsearch_os_load5,0.22
2023/4/13 2:52,1681325567,cc-cc408-hya,data-node-11,9.9.2.153,elasticsearch_os_load5,0.21
2023/4/13 2:53,1681325627,cc-cc408-hya,data-node-11,9.9.2.153,elasticsearch_os_load5,0.24
2023/4/13 2:54,1681325687,cc-cc408-hya,data-node-11,9.9.2.153,elasticsearch_os_load5,0.22
2023/4/13 2:55,1681325747,cc-cc408-hya,data-node-11,9.9.2.153,elasticsearch_os_load5,0.23
2023/4/13 2:56,1681325807,cc-cc408-hya,data-node-11,9.9.2.153,elasticsearch_os_load5,0.22
2023/4/13 2:57,1681325867,cc-cc408-hya,data-node-11,9.9.2.153,elasticsearch_os_load5,0.17
2023/4/13 2:58,1681325927,cc-cc408-hya,data-node-11,9.9.2.153,elasticsearch_os_load5,0.19
2023/4/13 2:59,1681325987,cc-cc408-hya,data-node-11,9.9.2.153,elasticsearch_os_load5,0.21
2023/4/13 3:00,1681326047,cc-cc408-hya,data-node-11,9.9.2.153,elasticsearch_os_load5,0.19
2023/4/13 3:01,1681326107,cc-cc408-hya,data-node-11,9.9.2.153,elasticsearch_os_load5,0.15
2023/4/13 3:02,1681326167,cc-cc408-hya,data-node-11,9.9.2.153,elasticsearch_os_load5,0.17
2023/4/13 3:03,1681326227,cc-cc408-hya,data-node-11,9.9.2.153,elasticsearch_os_load5,0.2
2023/4/13 3:04,1681326287,cc-cc408-hya,data-node-11,9.9.2.153,elasticsearch_os_load5,0.27
2023/4/13 3:05,1681326347,cc-cc408-hya,data-node-11,9.9.2.153,elasticsearch_os_load5,0.47
2023/4/13 3:06,1681326407,cc-cc408-hya,data-node-11,9.9.2.153,elasticsearch_os_load5,0.59
2023/4/13 3:07,1681326467,cc-cc408-hya,data-node-11,9.9.2.153,elasticsearch_os_load5,0.51
2023/4/13 3:08,1681326527,cc-cc408-hya,data-node-11,9.9.2.153,elasticsearch_os_load5,0.47
2023/4/13 3:09,1681326587,cc-cc408-hya,data-node-11,9.9.2.153,elasticsearch_os_load5,0.42
2023/4/13 3:10,1681326647,cc-cc408-hya,data-node-11,9.9.2.153,elasticsearch_os_load5,0.45
2023/4/13 3:11,1681326707,cc-cc408-hya,data-node-11,9.9.2.153,elasticsearch_os_load5,0.38
2023/4/13 3:12,1681326767,cc-cc408-hya,data-node-11,9.9.2.153,elasticsearch_os_load5,0.33
2023/4/13 3:13,1681326827,cc-cc408-hya,data-node-11,9.9.2.153,elasticsearch_os_load5,0.29
2023/4/13 3:14,1681326887,cc-cc408-hya,data-node-11,9.9.2.153,elasticsearch_os_load5,0.29
2023/4/13 3:15,1681326947,cc-cc408-hya,data-node-11,9.9.2.153,elasticsearch_os_load5,0.28
2023/4/13 3:16,1681327007,cc-cc408-hya,data-node-11,9.9.2.153,elasticsearch_os_load5,0.24
2023/4/13 3:17,1681327067,cc-cc408-hya,data-node-11,9.9.2.153,elasticsearch_os_load5,0.21
2023/4/13 3:18,1681327127,cc-cc408-hya,data-node-11,9.9.2.153,elasticsearch_os_load5,0.17
2023/4/13 3:19,1681327187,cc-cc408-hya,data-node-11,9.9.2.153,elasticsearch_os_load5,0.43
2023/4/13 3:20,1681327247,cc-cc408-hya,data-node-11,9.9.2.153,elasticsearch_os_load5,0.51
2023/4/13 3:21,1681327307,cc-cc408-hya,data-node-11,9.9.2.153,elasticsearch_os_load5,0.53
2023/4/13 3:22,1681327367,cc-cc408-hya,data-node-11,9.9.2.153,elasticsearch_os_load5,0.5
2023/4/13 3:23,1681327427,cc-cc408-hya,data-node-11,9.9.2.153,elasticsearch_os_load5,0.43
2023/4/13 3:24,1681327487,cc-cc408-hya,data-node-11,9.9.2.153,elasticsearch_os_load5,0.46
2023/4/13 3:25,1681327547,cc-cc408-hya,data-node-11,9.9.2.153,elasticsearch_os_load5,1
2023/4/13 3:26,1681327607,cc-cc408-hya,data-node-11,9.9.2.153,elasticsearch_os_load5,0.89
2023/4/13 3:27,1681327667,cc-cc408-hya,data-node-11,9.9.2.153,elasticsearch_os_load5,0.76
2023/4/13 3:28,1681327727,cc-cc408-hya,data-node-11,9.9.2.153,elasticsearch_os_load5,0.68
2023/4/13 3:29,1681327787,cc-cc408-hya,data-node-11,9.9.2.153,elasticsearch_os_load5,0.57
2023/4/13 3:30,1681327847,cc-cc408-hya,data-node-11,9.9.2.153,elasticsearch_os_load5,0.49
2023/4/13 3:31,1681327907,cc-cc408-hya,data-node-11,9.9.2.153,elasticsearch_os_load5,0.4
2023/4/13 3:32,1681327967,cc-cc408-hya,data-node-11,9.9.2.153,elasticsearch_os_load5,0.34
2023/4/13 3:33,1681328027,cc-cc408-hya,data-node-11,9.9.2.153,elasticsearch_os_load5,0.32
2023/4/13 3:34,1681328087,cc-cc408-hya,data-node-11,9.9.2.153,elasticsearch_os_load5,0.28
2023/4/13 3:35,1681328147,cc-cc408-hya,data-node-11,9.9.2.153,elasticsearch_os_load5,0.24
2023/4/13 3:36,1681328207,cc-cc408-hya,data-node-11,9.9.2.153,elasticsearch_os_load5,0.24
2023/4/13 3:37,1681328267,cc-cc408-hya,data-node-11,9.9.2.153,elasticsearch_os_load5,0.24
2023/4/13 3:38,1681328327,cc-cc408-hya,data-node-11,9.9.2.153,elasticsearch_os_load5,0.22
2023/4/13 3:39,1681328387,cc-cc408-hya,data-node-11,9.9.2.153,elasticsearch_os_load5,0.2
2023/4/13 3:40,1681328447,cc-cc408-hya,data-node-11,9.9.2.153,elasticsearch_os_load5,0.16
2023/4/13 3:41,1681328507,cc-cc408-hya,data-node-11,9.9.2.153,elasticsearch_os_load5,0.14
2023/4/13 3:42,1681328567,cc-cc408-hya,data-node-11,9.9.2.153,elasticsearch_os_load5,0.14
2023/4/13 3:43,1681328627,cc-cc408-hya,data-node-11,9.9.2.153,elasticsearch_os_load5,0.11
2023/4/13 3:44,1681328687,cc-cc408-hya,data-node-11,9.9.2.153,elasticsearch_os_load5,0.12
2023/4/13 3:45,1681328747,cc-cc408-hya,data-node-11,9.9.2.153,elasticsearch_os_load5,0.13
2023/4/13 3:46,1681328807,cc-cc408-hya,data-node-11,9.9.2.153,elasticsearch_os_load5,0.53
2023/4/13 3:47,1681328867,cc-cc408-hya,data-node-11,9.9.2.153,elasticsearch_os_load5,0.57
2023/4/13 3:48,1681328927,cc-cc408-hya,data-node-11,9.9.2.153,elasticsearch_os_load5,0.62
2023/4/13 3:49,1681328987,cc-cc408-hya,data-node-11,9.9.2.153,elasticsearch_os_load5,0.61
2023/4/13 3:50,1681329047,cc-cc408-hya,data-node-11,9.9.2.153,elasticsearch_os_load5,0.62
2023/4/13 3:51,1681329107,cc-cc408-hya,data-node-11,9.9.2.153,elasticsearch_os_load5,0.57
2023/4/13 3:52,1681329167,cc-cc408-hya,data-node-11,9.9.2.153,elasticsearch_os_load5,0.51
2023/4/13 3:53,1681329227,cc-cc408-hya,data-node-11,9.9.2.153,elasticsearch_os_load5,0.43
2023/4/13 3:54,1681329287,cc-cc408-hya,data-node-11,9.9.2.153,elasticsearch_os_load5,0.4
2023/4/13 3:55,1681329347,cc-cc408-hya,data-node-11,9.9.2.153,elasticsearch_os_load5,0.34
2023/4/13 3:56,1681329407,cc-cc408-hya,data-node-11,9.9.2.153,elasticsearch_os_load5,0.32
2023/4/13 3:57,1681329467,cc-cc408-hya,data-node-11,9.9.2.153,elasticsearch_os_load5,0.34
2023/4/13 3:58,1681329527,cc-cc408-hya,data-node-11,9.9.2.153,elasticsearch_os_load5,0.29
2023/4/13 3:59,1681329587,cc-cc408-hya,data-node-11,9.9.2.153,elasticsearch_os_load5,0.25
2023/4/13 4:00,1681329647,cc-cc408-hya,data-node-11,9.9.2.153,elasticsearch_os_load5,0.23
2023/4/13 4:01,1681329707,cc-cc408-hya,data-node-11,9.9.2.153,elasticsearch_os_load5,0.28
2023/4/13 4:02,1681329767,cc-cc408-hya,data-node-11,9.9.2.153,elasticsearch_os_load5,0.45
2023/4/13 4:03,1681329827,cc-cc408-hya,data-node-11,9.9.2.153,elasticsearch_os_load5,0.41
2023/4/13 4:04,1681329887,cc-cc408-hya,data-node-11,9.9.2.153,elasticsearch_os_load5,0.39
2023/4/13 4:05,1681329947,cc-cc408-hya,data-node-11,9.9.2.153,elasticsearch_os_load5,0.4
2023/4/13 4:06,1681330007,cc-cc408-hya,data-node-11,9.9.2.153,elasticsearch_os_load5,0.36
2023/4/13 4:07,1681330067,cc-cc408-hya,data-node-11,9.9.2.153,elasticsearch_os_load5,0.34
2023/4/13 4:08,1681330127,cc-cc408-hya,data-node-11,9.9.2.153,elasticsearch_os_load5,0.34
2023/4/13 4:09,1681330187,cc-cc408-hya,data-node-11,9.9.2.153,elasticsearch_os_load5,0.27
2023/4/13 4:10,1681330247,cc-cc408-hya,data-node-11,9.9.2.153,elasticsearch_os_load5,0.34
2023/4/13 4:11,1681330307,cc-cc408-hya,data-node-11,9.9.2.153,elasticsearch_os_load5,0.33
2023/4/13 4:12,1681330367,cc-cc408-hya,data-node-11,9.9.2.153,elasticsearch_os_load5,0.3
2023/4/13 4:13,1681330427,cc-cc408-hya,data-node-11,9.9.2.153,elasticsearch_os_load5,0.25
2023/4/13 4:14,1681330487,cc-cc408-hya,data-node-11,9.9.2.153,elasticsearch_os_load5,0.25
2023/4/13 4:15,1681330547,cc-cc408-hya,data-node-11,9.9.2.153,elasticsearch_os_load5,0.29
2023/4/13 4:16,1681330607,cc-cc408-hya,data-node-11,9.9.2.153,elasticsearch_os_load5,0.28
2023/4/13 4:17,1681330667,cc-cc408-hya,data-node-11,9.9.2.153,elasticsearch_os_load5,0.26
2023/4/13 4:18,1681330727,cc-cc408-hya,data-node-11,9.9.2.153,elasticsearch_os_load5,0.26
2023/4/13 4:19,1681330787,cc-cc408-hya,data-node-11,9.9.2.153,elasticsearch_os_load5,0.24
2023/4/13 4:20,1681330847,cc-cc408-hya,data-node-11,9.9.2.153,elasticsearch_os_load5,0.21
2023/4/13 4:21,1681330907,cc-cc408-hya,data-node-11,9.9.2.153,elasticsearch_os_load5,0.18
2023/4/13 4:22,1681330967,cc-cc408-hya,data-node-11,9.9.2.153,elasticsearch_os_load5,0.17
2023/4/13 4:23,1681331027,cc-cc408-hya,data-node-11,9.9.2.153,elasticsearch_os_load5,0.15
2023/4/13 4:24,1681331087,cc-cc408-hya,data-node-11,9.9.2.153,elasticsearch_os_load5,0.33
2023/4/13 4:25,1681331147,cc-cc408-hya,data-node-11,9.9.2.153,elasticsearch_os_load5,0.28
2023/4/13 4:26,1681331207,cc-cc408-hya,data-node-11,9.9.2.153,elasticsearch_os_load5,0.28
2023/4/13 4:27,1681331267,cc-cc408-hya,data-node-11,9.9.2.153,elasticsearch_os_load5,0.24
2023/4/13 4:28,1681331327,cc-cc408-hya,data-node-11,9.9.2.153,elasticsearch_os_load5,0.19
2023/4/13 4:29,1681331387,cc-cc408-hya,data-node-11,9.9.2.153,elasticsearch_os_load5,0.26
2023/4/13 4:30,1681331447,cc-cc408-hya,data-node-11,9.9.2.153,elasticsearch_os_load5,0.33
2023/4/13 4:31,1681331507,cc-cc408-hya,data-node-11,9.9.2.153,elasticsearch_os_load5,0.48
2023/4/13 4:32,1681331567,cc-cc408-hya,data-node-11,9.9.2.153,elasticsearch_os_load5,0.43
2023/4/13 4:33,1681331627,cc-cc408-hya,data-node-11,9.9.2.153,elasticsearch_os_load5,0.4
2023/4/13 4:34,1681331687,cc-cc408-hya,data-node-11,9.9.2.153,elasticsearch_os_load5,0.32
2023/4/13 4:35,1681331747,cc-cc408-hya,data-node-11,9.9.2.153,elasticsearch_os_load5,0.29
2023/4/13 4:36,1681331807,cc-cc408-hya,data-node-11,9.9.2.153,elasticsearch_os_load5,0.31
2023/4/13 4:37,1681331867,cc-cc408-hya,data-node-11,9.9.2.153,elasticsearch_os_load5,0.25
2023/4/13 4:38,1681331927,cc-cc408-hya,data-node-11,9.9.2.153,elasticsearch_os_load5,0.22
2023/4/13 4:39,1681331987,cc-cc408-hya,data-node-11,9.9.2.153,elasticsearch_os_load5,0.19
2023/4/13 4:40,1681332047,cc-cc408-hya,data-node-11,9.9.2.153,elasticsearch_os_load5,0.16
2023/4/13 4:41,1681332107,cc-cc408-hya,data-node-11,9.9.2.153,elasticsearch_os_load5,0.14
2023/4/13 4:42,1681332167,cc-cc408-hya,data-node-11,9.9.2.153,elasticsearch_os_load5,0.11
2023/4/13 4:43,1681332227,cc-cc408-hya,data-node-11,9.9.2.153,elasticsearch_os_load5,0.19
2023/4/13 4:44,1681332287,cc-cc408-hya,data-node-11,9.9.2.153,elasticsearch_os_load5,0.28
2023/4/13 4:45,1681332347,cc-cc408-hya,data-node-11,9.9.2.153,elasticsearch_os_load5,0.23
2023/4/13 4:46,1681332407,cc-cc408-hya,data-node-11,9.9.2.153,elasticsearch_os_load5,0.28
2023/4/13 4:47,1681332467,cc-cc408-hya,data-node-11,9.9.2.153,elasticsearch_os_load5,0.26
2023/4/13 4:48,1681332527,cc-cc408-hya,data-node-11,9.9.2.153,elasticsearch_os_load5,0.26
2023/4/13 4:49,1681332587,cc-cc408-hya,data-node-11,9.9.2.153,elasticsearch_os_load5,0.33
2023/4/13 4:50,1681332647,cc-cc408-hya,data-node-11,9.9.2.153,elasticsearch_os_load5,0.51
2023/4/13 4:51,1681332707,cc-cc408-hya,data-node-11,9.9.2.153,elasticsearch_os_load5,0.5
2023/4/13 4:52,1681332767,cc-cc408-hya,data-node-11,9.9.2.153,elasticsearch_os_load5,0.56
2023/4/13 4:53,1681332827,cc-cc408-hya,data-node-11,9.9.2.153,elasticsearch_os_load5,0.49
2023/4/13 4:54,1681332887,cc-cc408-hya,data-node-11,9.9.2.153,elasticsearch_os_load5,0.46
2023/4/13 4:55,1681332947,cc-cc408-hya,data-node-11,9.9.2.153,elasticsearch_os_load5,0.4
2023/4/13 4:56,1681333007,cc-cc408-hya,data-node-11,9.9.2.153,elasticsearch_os_load5,0.36
2023/4/13 4:57,1681333067,cc-cc408-hya,data-node-11,9.9.2.153,elasticsearch_os_load5,0.32
2023/4/13 4:58,1681333127,cc-cc408-hya,data-node-11,9.9.2.153,elasticsearch_os_load5,0.26
2023/4/13 4:59,1681333187,cc-cc408-hya,data-node-11,9.9.2.153,elasticsearch_os_load5,0.24
2023/4/13 5:00,1681333247,cc-cc408-hya,data-node-11,9.9.2.153,elasticsearch_os_load5,0.45
2023/4/13 5:01,1681333307,cc-cc408-hya,data-node-11,9.9.2.153,elasticsearch_os_load5,0.58
2023/4/13 5:02,1681333367,cc-cc408-hya,data-node-11,9.9.2.153,elasticsearch_os_load5,0.5
2023/4/13 5:03,1681333427,cc-cc408-hya,data-node-11,9.9.2.153,elasticsearch_os_load5,0.41
2023/4/13 5:04,1681333487,cc-cc408-hya,data-node-11,9.9.2.153,elasticsearch_os_load5,0.38
2023/4/13 5:05,1681333547,cc-cc408-hya,data-node-11,9.9.2.153,elasticsearch_os_load5,0.32
2023/4/13 5:06,1681333607,cc-cc408-hya,data-node-11,9.9.2.153,elasticsearch_os_load5,0.34
2023/4/13 5:07,1681333667,cc-cc408-hya,data-node-11,9.9.2.153,elasticsearch_os_load5,0.3
2023/4/13 5:08,1681333727,cc-cc408-hya,data-node-11,9.9.2.153,elasticsearch_os_load5,0.33
2023/4/13 5:09,1681333787,cc-cc408-hya,data-node-11,9.9.2.153,elasticsearch_os_load5,0.27
2023/4/13 5:10,1681333847,cc-cc408-hya,data-node-11,9.9.2.153,elasticsearch_os_load5,0.25
2023/4/13 5:11,1681333907,cc-cc408-hya,data-node-11,9.9.2.153,elasticsearch_os_load5,0.34
2023/4/13 5:12,1681333967,cc-cc408-hya,data-node-11,9.9.2.153,elasticsearch_os_load5,0.4
2023/4/13 5:13,1681334027,cc-cc408-hya,data-node-11,9.9.2.153,elasticsearch_os_load5,0.49
2023/4/13 5:14,1681334087,cc-cc408-hya,data-node-11,9.9.2.153,elasticsearch_os_load5,0.46
2023/4/13 5:15,1681334147,cc-cc408-hya,data-node-11,9.9.2.153,elasticsearch_os_load5,0.44
2023/4/13 5:16,1681334207,cc-cc408-hya,data-node-11,9.9.2.153,elasticsearch_os_load5,0.36
2023/4/13 5:17,1681334267,cc-cc408-hya,data-node-11,9.9.2.153,elasticsearch_os_load5,0.32
2023/4/13 5:18,1681334327,cc-cc408-hya,data-node-11,9.9.2.153,elasticsearch_os_load5,0.34
2023/4/13 5:19,1681334387,cc-cc408-hya,data-node-11,9.9.2.153,elasticsearch_os_load5,0.29
2023/4/13 5:20,1681334447,cc-cc408-hya,data-node-11,9.9.2.153,elasticsearch_os_load5,0.25
2023/4/13 5:21,1681334507,cc-cc408-hya,data-node-11,9.9.2.153,elasticsearch_os_load5,0.21
2023/4/13 5:22,1681334567,cc-cc408-hya,data-node-11,9.9.2.153,elasticsearch_os_load5,0.31
2023/4/13 5:23,1681334627,cc-cc408-hya,data-node-11,9.9.2.153,elasticsearch_os_load5,0.28
2023/4/13 5:24,1681334687,cc-cc408-hya,data-node-11,9.9.2.153,elasticsearch_os_load5,0.46
2023/4/13 5:25,1681334747,cc-cc408-hya,data-node-11,9.9.2.153,elasticsearch_os_load5,0.49
2023/4/13 5:26,1681334807,cc-cc408-hya,data-node-11,9.9.2.153,elasticsearch_os_load5,0.46
2023/4/13 5:27,1681334867,cc-cc408-hya,data-node-11,9.9.2.153,elasticsearch_os_load5,0.43
2023/4/13 5:28,1681334927,cc-cc408-hya,data-node-11,9.9.2.153,elasticsearch_os_load5,0.39
2023/4/13 5:29,1681334987,cc-cc408-hya,data-node-11,9.9.2.153,elasticsearch_os_load5,0.38
2023/4/13 5:30,1681335047,cc-cc408-hya,data-node-11,9.9.2.153,elasticsearch_os_load5,0.36
2023/4/13 5:31,1681335107,cc-cc408-hya,data-node-11,9.9.2.153,elasticsearch_os_load5,0.35
2023/4/13 5:32,1681335167,cc-cc408-hya,data-node-11,9.9.2.153,elasticsearch_os_load5,0.35
2023/4/13 5:33,1681335227,cc-cc408-hya,data-node-11,9.9.2.153,elasticsearch_os_load5,0.44
2023/4/13 5:34,1681335287,cc-cc408-hya,data-node-11,9.9.2.153,elasticsearch_os_load5,0.4
2023/4/13 5:35,1681335347,cc-cc408-hya,data-node-11,9.9.2.153,elasticsearch_os_load5,0.39
2023/4/13 5:36,1681335407,cc-cc408-hya,data-node-11,9.9.2.153,elasticsearch_os_load5,0.41
2023/4/13 5:37,1681335467,cc-cc408-hya,data-node-11,9.9.2.153,elasticsearch_os_load5,0.38
2023/4/13 5:38,1681335527,cc-cc408-hya,data-node-11,9.9.2.153,elasticsearch_os_load5,0.42
2023/4/13 5:39,1681335587,cc-cc408-hya,data-node-11,9.9.2.153,elasticsearch_os_load5,0.37
2023/4/13 5:40,1681335647,cc-cc408-hya,data-node-11,9.9.2.153,elasticsearch_os_load5,0.33
2023/4/13 5:41,1681335707,cc-cc408-hya,data-node-11,9.9.2.153,elasticsearch_os_load5,0.38
2023/4/13 5:42,1681335767,cc-cc408-hya,data-node-11,9.9.2.153,elasticsearch_os_load5,0.42
2023/4/13 5:43,1681335827,cc-cc408-hya,data-node-11,9.9.2.153,elasticsearch_os_load5,0.34
2023/4/13 5:44,1681335887,cc-cc408-hya,data-node-11,9.9.2.153,elasticsearch_os_load5,0.42
2023/4/13 5:45,1681335947,cc-cc408-hya,data-node-11,9.9.2.153,elasticsearch_os_load5,0.46
2023/4/13 5:46,1681336007,cc-cc408-hya,data-node-11,9.9.2.153,elasticsearch_os_load5,0.37
2023/4/13 5:47,1681336067,cc-cc408-hya,data-node-11,9.9.2.153,elasticsearch_os_load5,0.33
2023/4/13 5:48,1681336127,cc-cc408-hya,data-node-11,9.9.2.153,elasticsearch_os_load5,0.27
2023/4/13 5:49,1681336187,cc-cc408-hya,data-node-11,9.9.2.153,elasticsearch_os_load5,0.28
2023/4/13 5:50,1681336247,cc-cc408-hya,data-node-11,9.9.2.153,elasticsearch_os_load5,0.28
2023/4/13 5:51,1681336307,cc-cc408-hya,data-node-11,9.9.2.153,elasticsearch_os_load5,0.22
2023/4/13 5:52,1681336367,cc-cc408-hya,data-node-11,9.9.2.153,elasticsearch_os_load5,0.18
2023/4/13 5:53,1681336427,cc-cc408-hya,data-node-11,9.9.2.153,elasticsearch_os_load5,0.21
2023/4/13 5:54,1681336487,cc-cc408-hya,data-node-11,9.9.2.153,elasticsearch_os_load5,0.41
2023/4/13 5:55,1681336547,cc-cc408-hya,data-node-11,9.9.2.153,elasticsearch_os_load5,0.55
2023/4/13 5:56,1681336607,cc-cc408-hya,data-node-11,9.9.2.153,elasticsearch_os_load5,0.46
2023/4/13 5:57,1681336667,cc-cc408-hya,data-node-11,9.9.2.153,elasticsearch_os_load5,0.59
2023/4/13 5:58,1681336727,cc-cc408-hya,data-node-11,9.9.2.153,elasticsearch_os_load5,0.54
2023/4/13 5:59,1681336787,cc-cc408-hya,data-node-11,9.9.2.153,elasticsearch_os_load5,0.58
2023/4/13 6:00,1681336847,cc-cc408-hya,data-node-11,9.9.2.153,elasticsearch_os_load5,0.49
2023/4/13 6:01,1681336907,cc-cc408-hya,data-node-11,9.9.2.153,elasticsearch_os_load5,0.43
2023/4/13 6:02,1681336967,cc-cc408-hya,data-node-11,9.9.2.153,elasticsearch_os_load5,0.39
2023/4/13 6:03,1681337027,cc-cc408-hya,data-node-11,9.9.2.153,elasticsearch_os_load5,0.35
2023/4/13 6:04,1681337087,cc-cc408-hya,data-node-11,9.9.2.153,elasticsearch_os_load5,0.31
2023/4/13 6:05,1681337147,cc-cc408-hya,data-node-11,9.9.2.153,elasticsearch_os_load5,0.31
2023/4/13 6:06,1681337207,cc-cc408-hya,data-node-11,9.9.2.153,elasticsearch_os_load5,0.47
2023/4/13 6:07,1681337267,cc-cc408-hya,data-node-11,9.9.2.153,elasticsearch_os_load5,0.5
2023/4/13 6:08,1681337327,cc-cc408-hya,data-node-11,9.9.2.153,elasticsearch_os_load5,0.52
2023/4/13 6:09,1681337387,cc-cc408-hya,data-node-11,9.9.2.153,elasticsearch_os_load5,0.49
2023/4/13 6:10,1681337447,cc-cc408-hya,data-node-11,9.9.2.153,elasticsearch_os_load5,0.44
2023/4/13 6:11,1681337507,cc-cc408-hya,data-node-11,9.9.2.153,elasticsearch_os_load5,0.45
2023/4/13 6:12,1681337567,cc-cc408-hya,data-node-11,9.9.2.153,elasticsearch_os_load5,0.44
2023/4/13 6:13,1681337627,cc-cc408-hya,data-node-11,9.9.2.153,elasticsearch_os_load5,0.47
2023/4/13 6:14,1681337687,cc-cc408-hya,data-node-11,9.9.2.153,elasticsearch_os_load5,0.43
2023/4/13 6:15,1681337747,cc-cc408-hya,data-node-11,9.9.2.153,elasticsearch_os_load5,0.45
2023/4/13 6:16,1681337807,cc-cc408-hya,data-node-11,9.9.2.153,elasticsearch_os_load5,0.45
2023/4/13 6:17,1681337867,cc-cc408-hya,data-node-11,9.9.2.153,elasticsearch_os_load5,0.38
2023/4/13 6:18,1681337927,cc-cc408-hya,data-node-11,9.9.2.153,elasticsearch_os_load5,0.36
2023/4/13 6:19,1681337987,cc-cc408-hya,data-node-11,9.9.2.153,elasticsearch_os_load5,0.35
2023/4/13 6:20,1681338047,cc-cc408-hya,data-node-11,9.9.2.153,elasticsearch_os_load5,0.32
2023/4/13 6:21,1681338107,cc-cc408-hya,data-node-11,9.9.2.153,elasticsearch_os_load5,0.32
2023/4/13 6:22,1681338167,cc-cc408-hya,data-node-11,9.9.2.153,elasticsearch_os_load5,0.34
2023/4/13 6:23,1681338227,cc-cc408-hya,data-node-11,9.9.2.153,elasticsearch_os_load5,0.34
2023/4/13 6:24,1681338287,cc-cc408-hya,data-node-11,9.9.2.153,elasticsearch_os_load5,0.36
2023/4/13 6:25,1681338347,cc-cc408-hya,data-node-11,9.9.2.153,elasticsearch_os_load5,0.37
2023/4/13 6:26,1681338407,cc-cc408-hya,data-node-11,9.9.2.153,elasticsearch_os_load5,0.33
2023/4/13 6:27,1681338467,cc-cc408-hya,data-node-11,9.9.2.153,elasticsearch_os_load5,0.33
2023/4/13 6:28,1681338527,cc-cc408-hya,data-node-11,9.9.2.153,elasticsearch_os_load5,0.3
2023/4/13 6:29,1681338587,cc-cc408-hya,data-node-11,9.9.2.153,elasticsearch_os_load5,0.26
2023/4/13 6:30,1681338647,cc-cc408-hya,data-node-11,9.9.2.153,elasticsearch_os_load5,0.27
2023/4/13 6:31,1681338707,cc-cc408-hya,data-node-11,9.9.2.153,elasticsearch_os_load5,0.23
2023/4/13 6:32,1681338767,cc-cc408-hya,data-node-11,9.9.2.153,elasticsearch_os_load5,0.25
2023/4/13 6:33,1681338827,cc-cc408-hya,data-node-11,9.9.2.153,elasticsearch_os_load5,0.25
2023/4/13 6:34,1681338887,cc-cc408-hya,data-node-11,9.9.2.153,elasticsearch_os_load5,0.23
2023/4/13 6:35,1681338947,cc-cc408-hya,data-node-11,9.9.2.153,elasticsearch_os_load5,0.22
2023/4/13 6:36,1681339007,cc-cc408-hya,data-node-11,9.9.2.153,elasticsearch_os_load5,0.31
2023/4/13 6:37,1681339067,cc-cc408-hya,data-node-11,9.9.2.153,elasticsearch_os_load5,0.56
2023/4/13 6:38,1681339127,cc-cc408-hya,data-node-11,9.9.2.153,elasticsearch_os_load5,0.55
2023/4/13 6:39,1681339187,cc-cc408-hya,data-node-11,9.9.2.153,elasticsearch_os_load5,0.65
2023/4/13 6:40,1681339247,cc-cc408-hya,data-node-11,9.9.2.153,elasticsearch_os_load5,0.58
2023/4/13 6:41,1681339307,cc-cc408-hya,data-node-11,9.9.2.153,elasticsearch_os_load5,0.49
2023/4/13 6:42,1681339367,cc-cc408-hya,data-node-11,9.9.2.153,elasticsearch_os_load5,0.43
2023/4/13 6:43,1681339427,cc-cc408-hya,data-node-11,9.9.2.153,elasticsearch_os_load5,0.41
2023/4/13 6:44,1681339487,cc-cc408-hya,data-node-11,9.9.2.153,elasticsearch_os_load5,0.36
2023/4/13 6:45,1681339547,cc-cc408-hya,data-node-11,9.9.2.153,elasticsearch_os_load5,0.33
2023/4/13 6:46,1681339607,cc-cc408-hya,data-node-11,9.9.2.153,elasticsearch_os_load5,0.31
2023/4/13 6:47,1681339667,cc-cc408-hya,data-node-11,9.9.2.153,elasticsearch_os_load5,0.3
2023/4/13 6:48,1681339727,cc-cc408-hya,data-node-11,9.9.2.153,elasticsearch_os_load5,0.39
2023/4/13 6:49,1681339787,cc-cc408-hya,data-node-11,9.9.2.153,elasticsearch_os_load5,0.43
2023/4/13 6:50,1681339847,cc-cc408-hya,data-node-11,9.9.2.153,elasticsearch_os_load5,0.49
2023/4/13 6:51,1681339907,cc-cc408-hya,data-node-11,9.9.2.153,elasticsearch_os_load5,0.67
2023/4/13 6:52,1681339967,cc-cc408-hya,data-node-11,9.9.2.153,elasticsearch_os_load5,0.7
2023/4/13 6:53,1681340027,cc-cc408-hya,data-node-11,9.9.2.153,elasticsearch_os_load5,0.8
2023/4/13 6:54,1681340087,cc-cc408-hya,data-node-11,9.9.2.153,elasticsearch_os_load5,0.68
2023/4/13 6:55,1681340147,cc-cc408-hya,data-node-11,9.9.2.153,elasticsearch_os_load5,0.64
2023/4/13 6:56,1681340207,cc-cc408-hya,data-node-11,9.9.2.153,elasticsearch_os_load5,0.58
2023/4/13 6:57,1681340267,cc-cc408-hya,data-node-11,9.9.2.153,elasticsearch_os_load5,0.58
2023/4/13 6:58,1681340327,cc-cc408-hya,data-node-11,9.9.2.153,elasticsearch_os_load5,0.49
2023/4/13 6:59,1681340387,cc-cc408-hya,data-node-11,9.9.2.153,elasticsearch_os_load5,0.44
2023/4/13 7:00,1681340447,cc-cc408-hya,data-node-11,9.9.2.153,elasticsearch_os_load5,0.41
2023/4/13 7:01,1681340507,cc-cc408-hya,data-node-11,9.9.2.153,elasticsearch_os_load5,0.38
2023/4/13 7:02,1681340567,cc-cc408-hya,data-node-11,9.9.2.153,elasticsearch_os_load5,0.42
2023/4/13 7:03,1681340627,cc-cc408-hya,data-node-11,9.9.2.153,elasticsearch_os_load5,0.37
2023/4/13 7:04,1681340687,cc-cc408-hya,data-node-11,9.9.2.153,elasticsearch_os_load5,0.36
2023/4/13 7:05,1681340747,cc-cc408-hya,data-node-11,9.9.2.153,elasticsearch_os_load5,0.36
2023/4/13 7:06,1681340807,cc-cc408-hya,data-node-11,9.9.2.153,elasticsearch_os_load5,0.35
2023/4/13 7:07,1681340867,cc-cc408-hya,data-node-11,9.9.2.153,elasticsearch_os_load5,0.33
2023/4/13 7:08,1681340927,cc-cc408-hya,data-node-11,9.9.2.153,elasticsearch_os_load5,0.33
2023/4/13 7:09,1681340987,cc-cc408-hya,data-node-11,9.9.2.153,elasticsearch_os_load5,0.42
2023/4/13 7:10,1681341047,cc-cc408-hya,data-node-11,9.9.2.153,elasticsearch_os_load5,0.41
2023/4/13 7:11,1681341107,cc-cc408-hya,data-node-11,9.9.2.153,elasticsearch_os_load5,0.38
2023/4/13 7:12,1681341167,cc-cc408-hya,data-node-11,9.9.2.153,elasticsearch_os_load5,0.37
2023/4/13 7:13,1681341227,cc-cc408-hya,data-node-11,9.9.2.153,elasticsearch_os_load5,0.41
2023/4/13 7:14,1681341287,cc-cc408-hya,data-node-11,9.9.2.153,elasticsearch_os_load5,0.46
2023/4/13 7:15,1681341347,cc-cc408-hya,data-node-11,9.9.2.153,elasticsearch_os_load5,0.47
2023/4/13 7:16,1681341407,cc-cc408-hya,data-node-11,9.9.2.153,elasticsearch_os_load5,0.43
2023/4/13 7:17,1681341467,cc-cc408-hya,data-node-11,9.9.2.153,elasticsearch_os_load5,0.47
2023/4/13 7:18,1681341527,cc-cc408-hya,data-node-11,9.9.2.153,elasticsearch_os_load5,0.61
2023/4/13 7:19,1681341587,cc-cc408-hya,data-node-11,9.9.2.153,elasticsearch_os_load5,0.66
2023/4/13 7:20,1681341647,cc-cc408-hya,data-node-11,9.9.2.153,elasticsearch_os_load5,0.65
2023/4/13 7:21,1681341707,cc-cc408-hya,data-node-11,9.9.2.153,elasticsearch_os_load5,0.69
2023/4/13 7:22,1681341767,cc-cc408-hya,data-node-11,9.9.2.153,elasticsearch_os_load5,0.67
2023/4/13 7:23,1681341827,cc-cc408-hya,data-node-11,9.9.2.153,elasticsearch_os_load5,0.65
2023/4/13 7:24,1681341887,cc-cc408-hya,data-node-11,9.9.2.153,elasticsearch_os_load5,0.56
2023/4/13 7:25,1681341947,cc-cc408-hya,data-node-11,9.9.2.153,elasticsearch_os_load5,0.47
2023/4/13 7:26,1681342007,cc-cc408-hya,data-node-11,9.9.2.153,elasticsearch_os_load5,0.45
2023/4/13 7:27,1681342067,cc-cc408-hya,data-node-11,9.9.2.153,elasticsearch_os_load5,0.51
2023/4/13 7:28,1681342127,cc-cc408-hya,data-node-11,9.9.2.153,elasticsearch_os_load5,0.53
2023/4/13 7:29,1681342187,cc-cc408-hya,data-node-11,9.9.2.153,elasticsearch_os_load5,0.55
2023/4/13 7:30,1681342247,cc-cc408-hya,data-node-11,9.9.2.153,elasticsearch_os_load5,0.68
2023/4/13 7:31,1681342307,cc-cc408-hya,data-node-11,9.9.2.153,elasticsearch_os_load5,0.73
2023/4/13 7:32,1681342367,cc-cc408-hya,data-node-11,9.9.2.153,elasticsearch_os_load5,0.67
2023/4/13 7:33,1681342427,cc-cc408-hya,data-node-11,9.9.2.153,elasticsearch_os_load5,0.6
2023/4/13 7:34,1681342487,cc-cc408-hya,data-node-11,9.9.2.153,elasticsearch_os_load5,0.73
2023/4/13 7:35,1681342547,cc-cc408-hya,data-node-11,9.9.2.153,elasticsearch_os_load5,0.7
2023/4/13 7:36,1681342607,cc-cc408-hya,data-node-11,9.9.2.153,elasticsearch_os_load5,0.6
2023/4/13 7:37,1681342667,cc-cc408-hya,data-node-11,9.9.2.153,elasticsearch_os_load5,0.59
2023/4/13 7:38,1681342727,cc-cc408-hya,data-node-11,9.9.2.153,elasticsearch_os_load5,0.56
2023/4/13 7:39,1681342787,cc-cc408-hya,data-node-11,9.9.2.153,elasticsearch_os_load5,0.5
2023/4/13 7:40,1681342847,cc-cc408-hya,data-node-11,9.9.2.153,elasticsearch_os_load5,0.53
2023/4/13 7:41,1681342907,cc-cc408-hya,data-node-11,9.9.2.153,elasticsearch_os_load5,0.6
2023/4/13 7:42,1681342967,cc-cc408-hya,data-node-11,9.9.2.153,elasticsearch_os_load5,0.6
2023/4/13 7:43,1681343027,cc-cc408-hya,data-node-11,9.9.2.153,elasticsearch_os_load5,0.59
2023/4/13 7:44,1681343087,cc-cc408-hya,data-node-11,9.9.2.153,elasticsearch_os_load5,0.56
2023/4/13 7:45,1681343147,cc-cc408-hya,data-node-11,9.9.2.153,elasticsearch_os_load5,0.51
2023/4/13 7:46,1681343207,cc-cc408-hya,data-node-11,9.9.2.153,elasticsearch_os_load5,0.57
2023/4/13 7:47,1681343267,cc-cc408-hya,data-node-11,9.9.2.153,elasticsearch_os_load5,0.55
2023/4/13 7:48,1681343327,cc-cc408-hya,data-node-11,9.9.2.153,elasticsearch_os_load5,0.5
2023/4/13 7:49,1681343387,cc-cc408-hya,data-node-11,9.9.2.153,elasticsearch_os_load5,1.06
2023/4/13 7:50,1681343447,cc-cc408-hya,data-node-11,9.9.2.153,elasticsearch_os_load5,0.94
2023/4/13 7:51,1681343507,cc-cc408-hya,data-node-11,9.9.2.153,elasticsearch_os_load5,0.83
2023/4/13 7:52,1681343567,cc-cc408-hya,data-node-11,9.9.2.153,elasticsearch_os_load5,0.73
2023/4/13 7:53,1681343627,cc-cc408-hya,data-node-11,9.9.2.153,elasticsearch_os_load5,0.69
2023/4/13 7:54,1681343687,cc-cc408-hya,data-node-11,9.9.2.153,elasticsearch_os_load5,0.67
2023/4/13 7:55,1681343747,cc-cc408-hya,data-node-11,9.9.2.153,elasticsearch_os_load5,0.64
2023/4/13 7:56,1681343807,cc-cc408-hya,data-node-11,9.9.2.153,elasticsearch_os_load5,0.59
2023/4/13 7:57,1681343867,cc-cc408-hya,data-node-11,9.9.2.153,elasticsearch_os_load5,0.59
2023/4/13 7:58,1681343927,cc-cc408-hya,data-node-11,9.9.2.153,elasticsearch_os_load5,0.51
2023/4/13 7:59,1681343987,cc-cc408-hya,data-node-11,9.9.2.153,elasticsearch_os_load5,0.49
2023/4/13 8:00,1681344047,cc-cc408-hya,data-node-11,9.9.2.153,elasticsearch_os_load5,0.64
2023/4/13 8:01,1681344107,cc-cc408-hya,data-node-11,9.9.2.153,elasticsearch_os_load5,0.79
2023/4/13 8:02,1681344167,cc-cc408-hya,data-node-11,9.9.2.153,elasticsearch_os_load5,1.06
2023/4/13 8:03,1681344227,cc-cc408-hya,data-node-11,9.9.2.153,elasticsearch_os_load5,1.3
2023/4/13 8:04,1681344287,cc-cc408-hya,data-node-11,9.9.2.153,elasticsearch_os_load5,1.33
2023/4/13 8:05,1681344347,cc-cc408-hya,data-node-11,9.9.2.153,elasticsearch_os_load5,1.46
2023/4/13 8:06,1681344407,cc-cc408-hya,data-node-11,9.9.2.153,elasticsearch_os_load5,1.5
2023/4/13 8:07,1681344467,cc-cc408-hya,data-node-11,9.9.2.153,elasticsearch_os_load5,1.56
2023/4/13 8:08,1681344527,cc-cc408-hya,data-node-11,9.9.2.153,elasticsearch_os_load5,1.8
2023/4/13 8:09,1681344587,cc-cc408-hya,data-node-11,9.9.2.153,elasticsearch_os_load5,2.15
2023/4/13 8:10,1681344647,cc-cc408-hya,data-node-11,9.9.2.153,elasticsearch_os_load5,2.13
2023/4/13 8:11,1681344707,cc-cc408-hya,data-node-11,9.9.2.153,elasticsearch_os_load5,2.19
2023/4/13 8:12,1681344767,cc-cc408-hya,data-node-11,9.9.2.153,elasticsearch_os_load5,2.01
2023/4/13 8:13,1681344827,cc-cc408-hya,data-node-11,9.9.2.153,elasticsearch_os_load5,2.09
2023/4/13 8:14,1681344887,cc-cc408-hya,data-node-11,9.9.2.153,elasticsearch_os_load5,1.87
2023/4/13 8:15,1681344947,cc-cc408-hya,data-node-11,9.9.2.153,elasticsearch_os_load5,1.83
2023/4/13 8:16,1681345007,cc-cc408-hya,data-node-11,9.9.2.153,elasticsearch_os_load5,1.73
2023/4/13 8:17,1681345067,cc-cc408-hya,data-node-11,9.9.2.153,elasticsearch_os_load5,1.63
2023/4/13 8:18,1681345127,cc-cc408-hya,data-node-11,9.9.2.153,elasticsearch_os_load5,1.47
2023/4/13 8:19,1681345187,cc-cc408-hya,data-node-11,9.9.2.153,elasticsearch_os_load5,1.46
2023/4/13 8:20,1681345247,cc-cc408-hya,data-node-11,9.9.2.153,elasticsearch_os_load5,1.44
2023/4/13 8:21,1681345307,cc-cc408-hya,data-node-11,9.9.2.153,elasticsearch_os_load5,1.26
2023/4/13 8:22,1681345367,cc-cc408-hya,data-node-11,9.9.2.153,elasticsearch_os_load5,1.18
2023/4/13 8:23,1681345427,cc-cc408-hya,data-node-11,9.9.2.153,elasticsearch_os_load5,1.13
2023/4/13 8:24,1681345487,cc-cc408-hya,data-node-11,9.9.2.153,elasticsearch_os_load5,1.07
2023/4/13 8:25,1681345547,cc-cc408-hya,data-node-11,9.9.2.153,elasticsearch_os_load5,1.07
2023/4/13 8:26,1681345607,cc-cc408-hya,data-node-11,9.9.2.153,elasticsearch_os_load5,1.05
2023/4/13 8:27,1681345667,cc-cc408-hya,data-node-11,9.9.2.153,elasticsearch_os_load5,1.26
2023/4/13 8:28,1681345727,cc-cc408-hya,data-node-11,9.9.2.153,elasticsearch_os_load5,1.17
2023/4/13 8:29,1681345787,cc-cc408-hya,data-node-11,9.9.2.153,elasticsearch_os_load5,1.22
2023/4/13 8:30,1681345847,cc-cc408-hya,data-node-11,9.9.2.153,elasticsearch_os_load5,1.27
2023/4/13 8:31,1681345907,cc-cc408-hya,data-node-11,9.9.2.153,elasticsearch_os_load5,1.42
2023/4/13 8:32,1681345967,cc-cc408-hya,data-node-11,9.9.2.153,elasticsearch_os_load5,1.24
2023/4/13 8:33,1681346027,cc-cc408-hya,data-node-11,9.9.2.153,elasticsearch_os_load5,1.2
2023/4/13 8:34,1681346087,cc-cc408-hya,data-node-11,9.9.2.153,elasticsearch_os_load5,1.07
2023/4/13 8:35,1681346147,cc-cc408-hya,data-node-11,9.9.2.153,elasticsearch_os_load5,1.18
2023/4/13 8:36,1681346207,cc-cc408-hya,data-node-11,9.9.2.153,elasticsearch_os_load5,1.08
2023/4/13 8:37,1681346267,cc-cc408-hya,data-node-11,9.9.2.153,elasticsearch_os_load5,1.06
2023/4/13 8:38,1681346327,cc-cc408-hya,data-node-11,9.9.2.153,elasticsearch_os_load5,1.26
2023/4/13 8:39,1681346387,cc-cc408-hya,data-node-11,9.9.2.153,elasticsearch_os_load5,1.24
2023/4/13 8:40,1681346447,cc-cc408-hya,data-node-11,9.9.2.153,elasticsearch_os_load5,1.21
2023/4/13 8:41,1681346507,cc-cc408-hya,data-node-11,9.9.2.153,elasticsearch_os_load5,1.19
2023/4/13 8:42,1681346567,cc-cc408-hya,data-node-11,9.9.2.153,elasticsearch_os_load5,1.33
2023/4/13 8:43,1681346627,cc-cc408-hya,data-node-11,9.9.2.153,elasticsearch_os_load5,1.42
2023/4/13 8:44,1681346687,cc-cc408-hya,data-node-11,9.9.2.153,elasticsearch_os_load5,1.74
2023/4/13 8:45,1681346747,cc-cc408-hya,data-node-11,9.9.2.153,elasticsearch_os_load5,1.78
2023/4/13 8:46,1681346807,cc-cc408-hya,data-node-11,9.9.2.153,elasticsearch_os_load5,1.86
2023/4/13 8:47,1681346867,cc-cc408-hya,data-node-11,9.9.2.153,elasticsearch_os_load5,1.82
2023/4/13 8:48,1681346927,cc-cc408-hya,data-node-11,9.9.2.153,elasticsearch_os_load5,1.76
2023/4/13 8:49,1681346987,cc-cc408-hya,data-node-11,9.9.2.153,elasticsearch_os_load5,1.67
2023/4/13 8:50,1681347047,cc-cc408-hya,data-node-11,9.9.2.153,elasticsearch_os_load5,1.74
2023/4/13 8:51,1681347107,cc-cc408-hya,data-node-11,9.9.2.153,elasticsearch_os_load5,1.67
2023/4/13 8:52,1681347167,cc-cc408-hya,data-node-11,9.9.2.153,elasticsearch_os_load5,1.72
2023/4/13 8:53,1681347227,cc-cc408-hya,data-node-11,9.9.2.153,elasticsearch_os_load5,1.77
2023/4/13 8:54,1681347287,cc-cc408-hya,data-node-11,9.9.2.153,elasticsearch_os_load5,2.07
2023/4/13 8:55,1681347347,cc-cc408-hya,data-node-11,9.9.2.153,elasticsearch_os_load5,2.08
2023/4/13 8:56,1681347407,cc-cc408-hya,data-node-11,9.9.2.153,elasticsearch_os_load5,2.17
2023/4/13 8:57,1681347467,cc-cc408-hya,data-node-11,9.9.2.153,elasticsearch_os_load5,2.22
2023/4/13 8:58,1681347527,cc-cc408-hya,data-node-11,9.9.2.153,elasticsearch_os_load5,2.61
2023/4/13 8:59,1681347587,cc-cc408-hya,data-node-11,9.9.2.153,elasticsearch_os_load5,2.53
2023/4/13 9:00,1681347647,cc-cc408-hya,data-node-11,9.9.2.153,elasticsearch_os_load5,2.46
2023/4/13 9:01,1681347707,cc-cc408-hya,data-node-11,9.9.2.153,elasticsearch_os_load5,2.43
2023/4/13 9:02,1681347767,cc-cc408-hya,data-node-11,9.9.2.153,elasticsearch_os_load5,2.42
2023/4/13 9:03,1681347827,cc-cc408-hya,data-node-11,9.9.2.153,elasticsearch_os_load5,2.62
2023/4/13 9:04,1681347887,cc-cc408-hya,data-node-11,9.9.2.153,elasticsearch_os_load5,2.82
2023/4/13 9:05,1681347947,cc-cc408-hya,data-node-11,9.9.2.153,elasticsearch_os_load5,2.78
2023/4/13 9:06,1681348007,cc-cc408-hya,data-node-11,9.9.2.153,elasticsearch_os_load5,2.92
2023/4/13 9:07,1681348067,cc-cc408-hya,data-node-11,9.9.2.153,elasticsearch_os_load5,2.93
2023/4/13 9:08,1681348127,cc-cc408-hya,data-node-11,9.9.2.153,elasticsearch_os_load5,2.89
2023/4/13 9:09,1681348187,cc-cc408-hya,data-node-11,9.9.2.153,elasticsearch_os_load5,2.88
2023/4/13 9:10,1681348247,cc-cc408-hya,data-node-11,9.9.2.153,elasticsearch_os_load5,2.73
2023/4/13 9:11,1681348307,cc-cc408-hya,data-node-11,9.9.2.153,elasticsearch_os_load5,2.94
2023/4/13 9:12,1681348367,cc-cc408-hya,data-node-11,9.9.2.153,elasticsearch_os_load5,3.14
2023/4/13 9:13,1681348427,cc-cc408-hya,data-node-11,9.9.2.153,elasticsearch_os_load5,3.21
2023/4/13 9:14,1681348487,cc-cc408-hya,data-node-11,9.9.2.153,elasticsearch_os_load5,3.37
2023/4/13 9:15,1681348547,cc-cc408-hya,data-node-11,9.9.2.153,elasticsearch_os_load5,3.17
2023/4/13 9:16,1681348607,cc-cc408-hya,data-node-11,9.9.2.153,elasticsearch_os_load5,3.38
2023/4/13 9:17,1681348667,cc-cc408-hya,data-node-11,9.9.2.153,elasticsearch_os_load5,3.22
2023/4/13 9:18,1681348727,cc-cc408-hya,data-node-11,9.9.2.153,elasticsearch_os_load5,3.13
2023/4/13 9:19,1681348787,cc-cc408-hya,data-node-11,9.9.2.153,elasticsearch_os_load5,3.88
2023/4/13 9:20,1681348847,cc-cc408-hya,data-node-11,9.9.2.153,elasticsearch_os_load5,3.83
2023/4/13 9:21,1681348907,cc-cc408-hya,data-node-11,9.9.2.153,elasticsearch_os_load5,3.96
2023/4/13 9:22,1681348967,cc-cc408-hya,data-node-11,9.9.2.153,elasticsearch_os_load5,3.83
2023/4/13 9:23,1681349027,cc-cc408-hya,data-node-11,9.9.2.153,elasticsearch_os_load5,3.76
2023/4/13 9:24,1681349087,cc-cc408-hya,data-node-11,9.9.2.153,elasticsearch_os_load5,3.69
2023/4/13 9:25,1681349147,cc-cc408-hya,data-node-11,9.9.2.153,elasticsearch_os_load5,3.79
2023/4/13 9:26,1681349207,cc-cc408-hya,data-node-11,9.9.2.153,elasticsearch_os_load5,3.91
2023/4/13 9:27,1681349267,cc-cc408-hya,data-node-11,9.9.2.153,elasticsearch_os_load5,3.82
2023/4/13 9:28,1681349327,cc-cc408-hya,data-node-11,9.9.2.153,elasticsearch_os_load5,4.46
2023/4/13 9:29,1681349387,cc-cc408-hya,data-node-11,9.9.2.153,elasticsearch_os_load5,4.39
2023/4/13 9:30,1681349447,cc-cc408-hya,data-node-11,9.9.2.153,elasticsearch_os_load5,4.44
2023/4/13 9:31,1681349507,cc-cc408-hya,data-node-11,9.9.2.153,elasticsearch_os_load5,4.16
2023/4/13 9:32,1681349567,cc-cc408-hya,data-node-11,9.9.2.153,elasticsearch_os_load5,3.88
2023/4/13 9:33,1681349627,cc-cc408-hya,data-node-11,9.9.2.153,elasticsearch_os_load5,3.77
2023/4/13 9:34,1681349687,cc-cc408-hya,data-node-11,9.9.2.153,elasticsearch_os_load5,3.67
2023/4/13 9:35,1681349747,cc-cc408-hya,data-node-11,9.9.2.153,elasticsearch_os_load5,4.25
2023/4/13 9:36,1681349807,cc-cc408-hya,data-node-11,9.9.2.153,elasticsearch_os_load5,4.99
2023/4/13 9:37,1681349867,cc-cc408-hya,data-node-11,9.9.2.153,elasticsearch_os_load5,4.98
2023/4/13 9:38,1681349927,cc-cc408-hya,data-node-11,9.9.2.153,elasticsearch_os_load5,4.77
2023/4/13 9:39,1681349987,cc-cc408-hya,data-node-11,9.9.2.153,elasticsearch_os_load5,4.88
2023/4/13 9:40,1681350047,cc-cc408-hya,data-node-11,9.9.2.153,elasticsearch_os_load5,4.9
2023/4/13 9:41,1681350107,cc-cc408-hya,data-node-11,9.9.2.153,elasticsearch_os_load5,4.57
2023/4/13 9:42,1681350167,cc-cc408-hya,data-node-11,9.9.2.153,elasticsearch_os_load5,4.4
2023/4/13 9:43,1681350227,cc-cc408-hya,data-node-11,9.9.2.153,elasticsearch_os_load5,4.42
2023/4/13 9:44,1681350287,cc-cc408-hya,data-node-11,9.9.2.153,elasticsearch_os_load5,4.16
2023/4/13 9:45,1681350347,cc-cc408-hya,data-node-11,9.9.2.153,elasticsearch_os_load5,4.02
2023/4/13 9:46,1681350407,cc-cc408-hya,data-node-11,9.9.2.153,elasticsearch_os_load5,3.8
2023/4/13 9:47,1681350467,cc-cc408-hya,data-node-11,9.9.2.153,elasticsearch_os_load5,3.99
2023/4/13 9:48,1681350527,cc-cc408-hya,data-node-11,9.9.2.153,elasticsearch_os_load5,4.09
2023/4/13 9:49,1681350587,cc-cc408-hya,data-node-11,9.9.2.153,elasticsearch_os_load5,4.28
2023/4/13 9:50,1681350647,cc-cc408-hya,data-node-11,9.9.2.153,elasticsearch_os_load5,4.64
2023/4/13 9:51,1681350707,cc-cc408-hya,data-node-11,9.9.2.153,elasticsearch_os_load5,5.14
2023/4/13 9:52,1681350767,cc-cc408-hya,data-node-11,9.9.2.153,elasticsearch_os_load5,5.06
2023/4/13 9:53,1681350827,cc-cc408-hya,data-node-11,9.9.2.153,elasticsearch_os_load5,4.94
2023/4/13 9:54,1681350887,cc-cc408-hya,data-node-11,9.9.2.153,elasticsearch_os_load5,4.84
2023/4/13 9:55,1681350947,cc-cc408-hya,data-node-11,9.9.2.153,elasticsearch_os_load5,5.4
2023/4/13 9:56,1681351007,cc-cc408-hya,data-node-11,9.9.2.153,elasticsearch_os_load5,5.28
2023/4/13 9:57,1681351067,cc-cc408-hya,data-node-11,9.9.2.153,elasticsearch_os_load5,4.93
2023/4/13 9:58,1681351127,cc-cc408-hya,data-node-11,9.9.2.153,elasticsearch_os_load5,4.79
2023/4/13 9:59,1681351187,cc-cc408-hya,data-node-11,9.9.2.153,elasticsearch_os_load5,4.87
2023/4/13 10:00,1681351247,cc-cc408-hya,data-node-11,9.9.2.153,elasticsearch_os_load5,4.94
2023/4/13 10:01,1681351307,cc-cc408-hya,data-node-11,9.9.2.153,elasticsearch_os_load5,4.65
2023/4/13 10:02,1681351367,cc-cc408-hya,data-node-11,9.9.2.153,elasticsearch_os_load5,4.65
2023/4/13 10:03,1681351427,cc-cc408-hya,data-node-11,9.9.2.153,elasticsearch_os_load5,4.5
2023/4/13 10:04,1681351487,cc-cc408-hya,data-node-11,9.9.2.153,elasticsearch_os_load5,4.43
2023/4/13 10:05,1681351547,cc-cc408-hya,data-node-11,9.9.2.153,elasticsearch_os_load5,4.54
2023/4/13 10:06,1681351607,cc-cc408-hya,data-node-11,9.9.2.153,elasticsearch_os_load5,4.17
2023/4/13 10:07,1681351667,cc-cc408-hya,data-node-11,9.9.2.153,elasticsearch_os_load5,4.23
2023/4/13 10:08,1681351727,cc-cc408-hya,data-node-11,9.9.2.153,elasticsearch_os_load5,4.17
2023/4/13 10:09,1681351787,cc-cc408-hya,data-node-11,9.9.2.153,elasticsearch_os_load5,5.06
2023/4/13 10:10,1681351847,cc-cc408-hya,data-node-11,9.9.2.153,elasticsearch_os_load5,5.41
2023/4/13 10:11,1681351907,cc-cc408-hya,data-node-11,9.9.2.153,elasticsearch_os_load5,5.02
2023/4/13 10:12,1681351967,cc-cc408-hya,data-node-11,9.9.2.153,elasticsearch_os_load5,4.62
2023/4/13 10:13,1681352027,cc-cc408-hya,data-node-11,9.9.2.153,elasticsearch_os_load5,4.55
2023/4/13 10:14,1681352087,cc-cc408-hya,data-node-11,9.9.2.153,elasticsearch_os_load5,4.85
2023/4/13 10:15,1681352147,cc-cc408-hya,data-node-11,9.9.2.153,elasticsearch_os_load5,4.58
2023/4/13 10:16,1681352207,cc-cc408-hya,data-node-11,9.9.2.153,elasticsearch_os_load5,4.78
2023/4/13 10:17,1681352267,cc-cc408-hya,data-node-11,9.9.2.153,elasticsearch_os_load5,4.58
2023/4/13 10:18,1681352327,cc-cc408-hya,data-node-11,9.9.2.153,elasticsearch_os_load5,4.32
2023/4/13 10:19,1681352387,cc-cc408-hya,data-node-11,9.9.2.153,elasticsearch_os_load5,4.05
2023/4/13 10:20,1681352447,cc-cc408-hya,data-node-11,9.9.2.153,elasticsearch_os_load5,4.01
2023/4/13 10:21,1681352507,cc-cc408-hya,data-node-11,9.9.2.153,elasticsearch_os_load5,4.02
2023/4/13 10:22,1681352567,cc-cc408-hya,data-node-11,9.9.2.153,elasticsearch_os_load5,3.99
2023/4/13 10:23,1681352627,cc-cc408-hya,data-node-11,9.9.2.153,elasticsearch_os_load5,4.31
2023/4/13 10:24,1681352687,cc-cc408-hya,data-node-11,9.9.2.153,elasticsearch_os_load5,4.49
2023/4/13 10:25,1681352747,cc-cc408-hya,data-node-11,9.9.2.153,elasticsearch_os_load5,4.18
2023/4/13 10:26,1681352807,cc-cc408-hya,data-node-11,9.9.2.153,elasticsearch_os_load5,3.94
2023/4/13 10:27,1681352867,cc-cc408-hya,data-node-11,9.9.2.153,elasticsearch_os_load5,3.94
2023/4/13 10:28,1681352927,cc-cc408-hya,data-node-11,9.9.2.153,elasticsearch_os_load5,3.78
2023/4/13 10:29,1681352987,cc-cc408-hya,data-node-11,9.9.2.153,elasticsearch_os_load5,3.92
2023/4/13 10:30,1681353047,cc-cc408-hya,data-node-11,9.9.2.153,elasticsearch_os_load5,4.14
2023/4/13 10:31,1681353107,cc-cc408-hya,data-node-11,9.9.2.153,elasticsearch_os_load5,4.39
2023/4/13 10:32,1681353167,cc-cc408-hya,data-node-11,9.9.2.153,elasticsearch_os_load5,4.79
2023/4/13 10:33,1681353227,cc-cc408-hya,data-node-11,9.9.2.153,elasticsearch_os_load5,5.19
2023/4/13 10:34,1681353287,cc-cc408-hya,data-node-11,9.9.2.153,elasticsearch_os_load5,5.05
2023/4/13 10:35,1681353347,cc-cc408-hya,data-node-11,9.9.2.153,elasticsearch_os_load5,4.93
2023/4/13 10:36,1681353407,cc-cc408-hya,data-node-11,9.9.2.153,elasticsearch_os_load5,5
2023/4/13 10:37,1681353467,cc-cc408-hya,data-node-11,9.9.2.153,elasticsearch_os_load5,4.83
2023/4/13 10:38,1681353527,cc-cc408-hya,data-node-11,9.9.2.153,elasticsearch_os_load5,4.65
2023/4/13 10:39,1681353587,cc-cc408-hya,data-node-11,9.9.2.153,elasticsearch_os_load5,4.5
2023/4/13 10:40,1681353647,cc-cc408-hya,data-node-11,9.9.2.153,elasticsearch_os_load5,4.29
2023/4/13 10:41,1681353707,cc-cc408-hya,data-node-11,9.9.2.153,elasticsearch_os_load5,4.29
2023/4/13 10:42,1681353767,cc-cc408-hya,data-node-11,9.9.2.153,elasticsearch_os_load5,4.4
2023/4/13 10:43,1681353827,cc-cc408-hya,data-node-11,9.9.2.153,elasticsearch_os_load5,4.93
2023/4/13 10:44,1681353887,cc-cc408-hya,data-node-11,9.9.2.153,elasticsearch_os_load5,4.64
2023/4/13 10:45,1681353947,cc-cc408-hya,data-node-11,9.9.2.153,elasticsearch_os_load5,4.43
2023/4/13 10:46,1681354007,cc-cc408-hya,data-node-11,9.9.2.153,elasticsearch_os_load5,4.42
2023/4/13 10:47,1681354067,cc-cc408-hya,data-node-11,9.9.2.153,elasticsearch_os_load5,4.95
2023/4/13 10:48,1681354127,cc-cc408-hya,data-node-11,9.9.2.153,elasticsearch_os_load5,5.23
2023/4/13 10:49,1681354187,cc-cc408-hya,data-node-11,9.9.2.153,elasticsearch_os_load5,4.97
2023/4/13 10:50,1681354247,cc-cc408-hya,data-node-11,9.9.2.153,elasticsearch_os_load5,5.13
2023/4/13 10:51,1681354307,cc-cc408-hya,data-node-11,9.9.2.153,elasticsearch_os_load5,5.12
2023/4/13 10:52,1681354367,cc-cc408-hya,data-node-11,9.9.2.153,elasticsearch_os_load5,5.13
2023/4/13 10:53,1681354427,cc-cc408-hya,data-node-11,9.9.2.153,elasticsearch_os_load5,5.14
2023/4/13 10:54,1681354487,cc-cc408-hya,data-node-11,9.9.2.153,elasticsearch_os_load5,5.13
2023/4/13 10:55,1681354547,cc-cc408-hya,data-node-11,9.9.2.153,elasticsearch_os_load5,4.98
2023/4/13 10:56,1681354607,cc-cc408-hya,data-node-11,9.9.2.153,elasticsearch_os_load5,5.09
2023/4/13 10:57,1681354667,cc-cc408-hya,data-node-11,9.9.2.153,elasticsearch_os_load5,4.97
2023/4/13 10:58,1681354727,cc-cc408-hya,data-node-11,9.9.2.153,elasticsearch_os_load5,5.08
2023/4/13 10:59,1681354787,cc-cc408-hya,data-node-11,9.9.2.153,elasticsearch_os_load5,4.98
2023/4/13 11:00,1681354847,cc-cc408-hya,data-node-11,9.9.2.153,elasticsearch_os_load5,4.81
2023/4/13 11:01,1681354907,cc-cc408-hya,data-node-11,9.9.2.153,elasticsearch_os_load5,4.91
2023/4/13 11:02,1681354967,cc-cc408-hya,data-node-11,9.9.2.153,elasticsearch_os_load5,5.2
2023/4/13 11:03,1681355027,cc-cc408-hya,data-node-11,9.9.2.153,elasticsearch_os_load5,5.16
2023/4/13 11:04,1681355087,cc-cc408-hya,data-node-11,9.9.2.153,elasticsearch_os_load5,4.96
2023/4/13 11:05,1681355147,cc-cc408-hya,data-node-11,9.9.2.153,elasticsearch_os_load5,5.02
2023/4/13 11:06,1681355207,cc-cc408-hya,data-node-11,9.9.2.153,elasticsearch_os_load5,5.25
2023/4/13 11:07,1681355267,cc-cc408-hya,data-node-11,9.9.2.153,elasticsearch_os_load5,5.09
2023/4/13 11:08,1681355327,cc-cc408-hya,data-node-11,9.9.2.153,elasticsearch_os_load5,5.07
2023/4/13 11:09,1681355387,cc-cc408-hya,data-node-11,9.9.2.153,elasticsearch_os_load5,5.02
2023/4/13 11:10,1681355447,cc-cc408-hya,data-node-11,9.9.2.153,elasticsearch_os_load5,4.97
2023/4/13 11:11,1681355507,cc-cc408-hya,data-node-11,9.9.2.153,elasticsearch_os_load5,4.82
2023/4/13 11:12,1681355567,cc-cc408-hya,data-node-11,9.9.2.153,elasticsearch_os_load5,4.88
2023/4/13 11:13,1681355627,cc-cc408-hya,data-node-11,9.9.2.153,elasticsearch_os_load5,4.91
2023/4/13 11:14,1681355687,cc-cc408-hya,data-node-11,9.9.2.153,elasticsearch_os_load5,5.2
2023/4/13 11:15,1681355747,cc-cc408-hya,data-node-11,9.9.2.153,elasticsearch_os_load5,4.7
2023/4/13 11:16,1681355807,cc-cc408-hya,data-node-11,9.9.2.153,elasticsearch_os_load5,4.56
2023/4/13 11:17,1681355867,cc-cc408-hya,data-node-11,9.9.2.153,elasticsearch_os_load5,4.55
2023/4/13 11:18,1681355927,cc-cc408-hya,data-node-11,9.9.2.153,elasticsearch_os_load5,4.34
2023/4/13 11:19,1681355987,cc-cc408-hya,data-node-11,9.9.2.153,elasticsearch_os_load5,4.27
2023/4/13 11:20,1681356047,cc-cc408-hya,data-node-11,9.9.2.153,elasticsearch_os_load5,4.77
2023/4/13 11:21,1681356107,cc-cc408-hya,data-node-11,9.9.2.153,elasticsearch_os_load5,4.73
2023/4/13 11:22,1681356167,cc-cc408-hya,data-node-11,9.9.2.153,elasticsearch_os_load5,4.92
2023/4/13 11:23,1681356227,cc-cc408-hya,data-node-11,9.9.2.153,elasticsearch_os_load5,4.76
2023/4/13 11:24,1681356287,cc-cc408-hya,data-node-11,9.9.2.153,elasticsearch_os_load5,4.61
2023/4/13 11:25,1681356347,cc-cc408-hya,data-node-11,9.9.2.153,elasticsearch_os_load5,4.44
2023/4/13 11:26,1681356407,cc-cc408-hya,data-node-11,9.9.2.153,elasticsearch_os_load5,4.12
2023/4/13 11:27,1681356467,cc-cc408-hya,data-node-11,9.9.2.153,elasticsearch_os_load5,3.98
2023/4/13 11:28,1681356527,cc-cc408-hya,data-node-11,9.9.2.153,elasticsearch_os_load5,4.39
2023/4/13 11:29,1681356587,cc-cc408-hya,data-node-11,9.9.2.153,elasticsearch_os_load5,4.18
2023/4/13 11:30,1681356647,cc-cc408-hya,data-node-11,9.9.2.153,elasticsearch_os_load5,4.42
2023/4/13 11:31,1681356707,cc-cc408-hya,data-node-11,9.9.2.153,elasticsearch_os_load5,4.16
2023/4/13 11:32,1681356767,cc-cc408-hya,data-node-11,9.9.2.153,elasticsearch_os_load5,4.49
2023/4/13 11:33,1681356827,cc-cc408-hya,data-node-11,9.9.2.153,elasticsearch_os_load5,4.65
2023/4/13 11:34,1681356887,cc-cc408-hya,data-node-11,9.9.2.153,elasticsearch_os_load5,4.77
2023/4/13 11:35,1681356947,cc-cc408-hya,data-node-11,9.9.2.153,elasticsearch_os_load5,5.01
2023/4/13 11:36,1681357007,cc-cc408-hya,data-node-11,9.9.2.153,elasticsearch_os_load5,4.77
2023/4/13 11:37,1681357067,cc-cc408-hya,data-node-11,9.9.2.153,elasticsearch_os_load5,4.72
2023/4/13 11:38,1681357127,cc-cc408-hya,data-node-11,9.9.2.153,elasticsearch_os_load5,4.4
2023/4/13 11:39,1681357187,cc-cc408-hya,data-node-11,9.9.2.153,elasticsearch_os_load5,4.2
2023/4/13 11:40,1681357247,cc-cc408-hya,data-node-11,9.9.2.153,elasticsearch_os_load5,4.01
2023/4/13 11:41,1681357307,cc-cc408-hya,data-node-11,9.9.2.153,elasticsearch_os_load5,4.03
2023/4/13 11:42,1681357367,cc-cc408-hya,data-node-11,9.9.2.153,elasticsearch_os_load5,4.3
2023/4/13 11:43,1681357427,cc-cc408-hya,data-node-11,9.9.2.153,elasticsearch_os_load5,4.29
2023/4/13 11:44,1681357487,cc-cc408-hya,data-node-11,9.9.2.153,elasticsearch_os_load5,4.32
2023/4/13 11:45,1681357547,cc-cc408-hya,data-node-11,9.9.2.153,elasticsearch_os_load5,4.54
2023/4/13 11:46,1681357607,cc-cc408-hya,data-node-11,9.9.2.153,elasticsearch_os_load5,4.56
2023/4/13 11:47,1681357667,cc-cc408-hya,data-node-11,9.9.2.153,elasticsearch_os_load5,4.87
2023/4/13 11:48,1681357727,cc-cc408-hya,data-node-11,9.9.2.153,elasticsearch_os_load5,4.97
2023/4/13 11:49,1681357787,cc-cc408-hya,data-node-11,9.9.2.153,elasticsearch_os_load5,5.09
2023/4/13 11:50,1681357847,cc-cc408-hya,data-node-11,9.9.2.153,elasticsearch_os_load5,4.78
2023/4/13 11:51,1681357907,cc-cc408-hya,data-node-11,9.9.2.153,elasticsearch_os_load5,4.69
2023/4/13 11:52,1681357967,cc-cc408-hya,data-node-11,9.9.2.153,elasticsearch_os_load5,4.77
2023/4/13 11:53,1681358027,cc-cc408-hya,data-node-11,9.9.2.153,elasticsearch_os_load5,4.93
2023/4/13 11:54,1681358087,cc-cc408-hya,data-node-11,9.9.2.153,elasticsearch_os_load5,4.91
2023/4/13 11:55,1681358147,cc-cc408-hya,data-node-11,9.9.2.153,elasticsearch_os_load5,4.66
2023/4/13 11:56,1681358207,cc-cc408-hya,data-node-11,9.9.2.153,elasticsearch_os_load5,4.91
2023/4/13 11:57,1681358267,cc-cc408-hya,data-node-11,9.9.2.153,elasticsearch_os_load5,4.5
2023/4/13 11:58,1681358327,cc-cc408-hya,data-node-11,9.9.2.153,elasticsearch_os_load5,4.79
2023/4/13 11:59,1681358387,cc-cc408-hya,data-node-11,9.9.2.153,elasticsearch_os_load5,4.59
2023/4/13 12:00,1681358447,cc-cc408-hya,data-node-11,9.9.2.153,elasticsearch_os_load5,4.51
2023/4/13 12:01,1681358507,cc-cc408-hya,data-node-11,9.9.2.153,elasticsearch_os_load5,4.34
2023/4/13 12:02,1681358567,cc-cc408-hya,data-node-11,9.9.2.153,elasticsearch_os_load5,4.31
2023/4/13 12:03,1681358627,cc-cc408-hya,data-node-11,9.9.2.153,elasticsearch_os_load5,4.54
2023/4/13 12:04,1681358687,cc-cc408-hya,data-node-11,9.9.2.153,elasticsearch_os_load5,4.34
2023/4/13 12:05,1681358747,cc-cc408-hya,data-node-11,9.9.2.153,elasticsearch_os_load5,4.51
2023/4/13 12:06,1681358807,cc-cc408-hya,data-node-11,9.9.2.153,elasticsearch_os_load5,4.17
2023/4/13 12:07,1681358867,cc-cc408-hya,data-node-11,9.9.2.153,elasticsearch_os_load5,3.93
2023/4/13 12:08,1681358927,cc-cc408-hya,data-node-11,9.9.2.153,elasticsearch_os_load5,3.94
2023/4/13 12:09,1681358987,cc-cc408-hya,data-node-11,9.9.2.153,elasticsearch_os_load5,3.79
2023/4/13 12:10,1681359047,cc-cc408-hya,data-node-11,9.9.2.153,elasticsearch_os_load5,3.67
2023/4/13 12:11,1681359107,cc-cc408-hya,data-node-11,9.9.2.153,elasticsearch_os_load5,3.64
2023/4/13 12:12,1681359167,cc-cc408-hya,data-node-11,9.9.2.153,elasticsearch_os_load5,3.61
2023/4/13 12:13,1681359227,cc-cc408-hya,data-node-11,9.9.2.153,elasticsearch_os_load5,3.74
2023/4/13 12:14,1681359287,cc-cc408-hya,data-node-11,9.9.2.153,elasticsearch_os_load5,3.59
2023/4/13 12:15,1681359347,cc-cc408-hya,data-node-11,9.9.2.153,elasticsearch_os_load5,4.06
2023/4/13 12:16,1681359407,cc-cc408-hya,data-node-11,9.9.2.153,elasticsearch_os_load5,4.55
2023/4/13 12:17,1681359467,cc-cc408-hya,data-node-11,9.9.2.153,elasticsearch_os_load5,4.28
2023/4/13 12:18,1681359527,cc-cc408-hya,data-node-11,9.9.2.153,elasticsearch_os_load5,4.05
2023/4/13 12:19,1681359587,cc-cc408-hya,data-node-11,9.9.2.153,elasticsearch_os_load5,3.74
2023/4/13 12:20,1681359647,cc-cc408-hya,data-node-11,9.9.2.153,elasticsearch_os_load5,3.41
2023/4/13 12:21,1681359707,cc-cc408-hya,data-node-11,9.9.2.153,elasticsearch_os_load5,3.44
2023/4/13 12:22,1681359767,cc-cc408-hya,data-node-11,9.9.2.153,elasticsearch_os_load5,3.5
2023/4/13 12:23,1681359827,cc-cc408-hya,data-node-11,9.9.2.153,elasticsearch_os_load5,3.48
2023/4/13 12:24,1681359887,cc-cc408-hya,data-node-11,9.9.2.153,elasticsearch_os_load5,3.38
2023/4/13 12:25,1681359947,cc-cc408-hya,data-node-11,9.9.2.153,elasticsearch_os_load5,3.42
2023/4/13 12:26,1681360007,cc-cc408-hya,data-node-11,9.9.2.153,elasticsearch_os_load5,3.32
2023/4/13 12:27,1681360067,cc-cc408-hya,data-node-11,9.9.2.153,elasticsearch_os_load5,3.32
2023/4/13 12:28,1681360127,cc-cc408-hya,data-node-11,9.9.2.153,elasticsearch_os_load5,3.05
2023/4/13 12:29,1681360187,cc-cc408-hya,data-node-11,9.9.2.153,elasticsearch_os_load5,3.1
2023/4/13 12:30,1681360247,cc-cc408-hya,data-node-11,9.9.2.153,elasticsearch_os_load5,3.06
2023/4/13 12:31,1681360307,cc-cc408-hya,data-node-11,9.9.2.153,elasticsearch_os_load5,3.24
2023/4/13 12:32,1681360367,cc-cc408-hya,data-node-11,9.9.2.153,elasticsearch_os_load5,3.28
2023/4/13 12:33,1681360427,cc-cc408-hya,data-node-11,9.9.2.153,elasticsearch_os_load5,3.09
2023/4/13 12:34,1681360487,cc-cc408-hya,data-node-11,9.9.2.153,elasticsearch_os_load5,3
2023/4/13 12:35,1681360547,cc-cc408-hya,data-node-11,9.9.2.153,elasticsearch_os_load5,3.02
2023/4/13 12:36,1681360607,cc-cc408-hya,data-node-11,9.9.2.153,elasticsearch_os_load5,3.29
2023/4/13 12:37,1681360667,cc-cc408-hya,data-node-11,9.9.2.153,elasticsearch_os_load5,3.32
2023/4/13 12:38,1681360727,cc-cc408-hya,data-node-11,9.9.2.153,elasticsearch_os_load5,3.65
2023/4/13 12:39,1681360787,cc-cc408-hya,data-node-11,9.9.2.153,elasticsearch_os_load5,3.45
2023/4/13 12:40,1681360847,cc-cc408-hya,data-node-11,9.9.2.153,elasticsearch_os_load5,3.3
2023/4/13 12:41,1681360907,cc-cc408-hya,data-node-11,9.9.2.153,elasticsearch_os_load5,3.3
2023/4/13 12:42,1681360967,cc-cc408-hya,data-node-11,9.9.2.153,elasticsearch_os_load5,2.97
2023/4/13 12:43,1681361027,cc-cc408-hya,data-node-11,9.9.2.153,elasticsearch_os_load5,2.76
2023/4/13 12:44,1681361087,cc-cc408-hya,data-node-11,9.9.2.153,elasticsearch_os_load5,2.68
2023/4/13 12:45,1681361147,cc-cc408-hya,data-node-11,9.9.2.153,elasticsearch_os_load5,2.67
2023/4/13 12:46,1681361207,cc-cc408-hya,data-node-11,9.9.2.153,elasticsearch_os_load5,2.68
2023/4/13 12:47,1681361267,cc-cc408-hya,data-node-11,9.9.2.153,elasticsearch_os_load5,2.88
2023/4/13 12:48,1681361327,cc-cc408-hya,data-node-11,9.9.2.153,elasticsearch_os_load5,2.82
2023/4/13 12:49,1681361387,cc-cc408-hya,data-node-11,9.9.2.153,elasticsearch_os_load5,2.85
2023/4/13 12:50,1681361447,cc-cc408-hya,data-node-11,9.9.2.153,elasticsearch_os_load5,2.81
2023/4/13 12:51,1681361507,cc-cc408-hya,data-node-11,9.9.2.153,elasticsearch_os_load5,2.86
2023/4/13 12:52,1681361567,cc-cc408-hya,data-node-11,9.9.2.153,elasticsearch_os_load5,3.12
2023/4/13 12:53,1681361627,cc-cc408-hya,data-node-11,9.9.2.153,elasticsearch_os_load5,3.77
2023/4/13 12:54,1681361687,cc-cc408-hya,data-node-11,9.9.2.153,elasticsearch_os_load5,3.59
2023/4/13 12:55,1681361747,cc-cc408-hya,data-node-11,9.9.2.153,elasticsearch_os_load5,3.54
2023/4/13 12:56,1681361807,cc-cc408-hya,data-node-11,9.9.2.153,elasticsearch_os_load5,3.74
2023/4/13 12:57,1681361867,cc-cc408-hya,data-node-11,9.9.2.153,elasticsearch_os_load5,3.94
2023/4/13 12:58,1681361927,cc-cc408-hya,data-node-11,9.9.2.153,elasticsearch_os_load5,4.1
2023/4/13 12:59,1681361987,cc-cc408-hya,data-node-11,9.9.2.153,elasticsearch_os_load5,4
2023/4/13 13:00,1681362047,cc-cc408-hya,data-node-11,9.9.2.153,elasticsearch_os_load5,3.93
2023/4/13 13:01,1681362107,cc-cc408-hya,data-node-11,9.9.2.153,elasticsearch_os_load5,3.67
2023/4/13 13:02,1681362167,cc-cc408-hya,data-node-11,9.9.2.153,elasticsearch_os_load5,3.38
2023/4/13 13:03,1681362227,cc-cc408-hya,data-node-11,9.9.2.153,elasticsearch_os_load5,3.75
2023/4/13 13:04,1681362287,cc-cc408-hya,data-node-11,9.9.2.153,elasticsearch_os_load5,3.75
2023/4/13 13:05,1681362347,cc-cc408-hya,data-node-11,9.9.2.153,elasticsearch_os_load5,3.5
2023/4/13 13:06,1681362407,cc-cc408-hya,data-node-11,9.9.2.153,elasticsearch_os_load5,3.46
2023/4/13 13:07,1681362467,cc-cc408-hya,data-node-11,9.9.2.153,elasticsearch_os_load5,3.31
2023/4/13 13:08,1681362527,cc-cc408-hya,data-node-11,9.9.2.153,elasticsearch_os_load5,3.07
2023/4/13 13:09,1681362587,cc-cc408-hya,data-node-11,9.9.2.153,elasticsearch_os_load5,3.27
2023/4/13 13:10,1681362647,cc-cc408-hya,data-node-11,9.9.2.153,elasticsearch_os_load5,3.27
2023/4/13 13:11,1681362707,cc-cc408-hya,data-node-11,9.9.2.153,elasticsearch_os_load5,3.17
2023/4/13 13:12,1681362767,cc-cc408-hya,data-node-11,9.9.2.153,elasticsearch_os_load5,3.07
2023/4/13 13:13,1681362827,cc-cc408-hya,data-node-11,9.9.2.153,elasticsearch_os_load5,3.02
2023/4/13 13:14,1681362887,cc-cc408-hya,data-node-11,9.9.2.153,elasticsearch_os_load5,2.92
2023/4/13 13:15,1681362947,cc-cc408-hya,data-node-11,9.9.2.153,elasticsearch_os_load5,2.97
2023/4/13 13:16,1681363007,cc-cc408-hya,data-node-11,9.9.2.153,elasticsearch_os_load5,2.91
2023/4/13 13:17,1681363067,cc-cc408-hya,data-node-11,9.9.2.153,elasticsearch_os_load5,2.76
2023/4/13 13:18,1681363127,cc-cc408-hya,data-node-11,9.9.2.153,elasticsearch_os_load5,2.7
2023/4/13 13:19,1681363187,cc-cc408-hya,data-node-11,9.9.2.153,elasticsearch_os_load5,2.75
2023/4/13 13:20,1681363247,cc-cc408-hya,data-node-11,9.9.2.153,elasticsearch_os_load5,2.71
2023/4/13 13:21,1681363307,cc-cc408-hya,data-node-11,9.9.2.153,elasticsearch_os_load5,2.65
2023/4/13 13:22,1681363367,cc-cc408-hya,data-node-11,9.9.2.153,elasticsearch_os_load5,2.61
2023/4/13 13:23,1681363427,cc-cc408-hya,data-node-11,9.9.2.153,elasticsearch_os_load5,2.57
2023/4/13 13:24,1681363487,cc-cc408-hya,data-node-11,9.9.2.153,elasticsearch_os_load5,2.5
2023/4/13 13:25,1681363547,cc-cc408-hya,data-node-11,9.9.2.153,elasticsearch_os_load5,2.78
2023/4/13 13:26,1681363607,cc-cc408-hya,data-node-11,9.9.2.153,elasticsearch_os_load5,2.67
2023/4/13 13:27,1681363667,cc-cc408-hya,data-node-11,9.9.2.153,elasticsearch_os_load5,2.55
2023/4/13 13:28,1681363727,cc-cc408-hya,data-node-11,9.9.2.153,elasticsearch_os_load5,2.57
2023/4/13 13:29,1681363787,cc-cc408-hya,data-node-11,9.9.2.153,elasticsearch_os_load5,2.57
2023/4/13 13:30,1681363847,cc-cc408-hya,data-node-11,9.9.2.153,elasticsearch_os_load5,2.28
2023/4/13 13:31,1681363907,cc-cc408-hya,data-node-11,9.9.2.153,elasticsearch_os_load5,2.45
2023/4/13 13:32,1681363967,cc-cc408-hya,data-node-11,9.9.2.153,elasticsearch_os_load5,2.54
2023/4/13 13:33,1681364027,cc-cc408-hya,data-node-11,9.9.2.153,elasticsearch_os_load5,2.33
2023/4/13 13:34,1681364087,cc-cc408-hya,data-node-11,9.9.2.153,elasticsearch_os_load5,2.43
2023/4/13 13:35,1681364147,cc-cc408-hya,data-node-11,9.9.2.153,elasticsearch_os_load5,2.5
2023/4/13 13:36,1681364207,cc-cc408-hya,data-node-11,9.9.2.153,elasticsearch_os_load5,2.47
2023/4/13 13:37,1681364267,cc-cc408-hya,data-node-11,9.9.2.153,elasticsearch_os_load5,2.43
2023/4/13 13:38,1681364327,cc-cc408-hya,data-node-11,9.9.2.153,elasticsearch_os_load5,2.34
2023/4/13 13:39,1681364387,cc-cc408-hya,data-node-11,9.9.2.153,elasticsearch_os_load5,2.75
2023/4/13 13:40,1681364447,cc-cc408-hya,data-node-11,9.9.2.153,elasticsearch_os_load5,2.86
2023/4/13 13:41,1681364507,cc-cc408-hya,data-node-11,9.9.2.153,elasticsearch_os_load5,2.86
2023/4/13 13:42,1681364567,cc-cc408-hya,data-node-11,9.9.2.153,elasticsearch_os_load5,2.92
2023/4/13 13:43,1681364627,cc-cc408-hya,data-node-11,9.9.2.153,elasticsearch_os_load5,3.2
2023/4/13 13:44,1681364687,cc-cc408-hya,data-node-11,9.9.2.153,elasticsearch_os_load5,3.43
2023/4/13 13:45,1681364747,cc-cc408-hya,data-node-11,9.9.2.153,elasticsearch_os_load5,3.39
2023/4/13 13:46,1681364807,cc-cc408-hya,data-node-11,9.9.2.153,elasticsearch_os_load5,3.51
2023/4/13 13:47,1681364867,cc-cc408-hya,data-node-11,9.9.2.153,elasticsearch_os_load5,3.67
2023/4/13 13:48,1681364927,cc-cc408-hya,data-node-11,9.9.2.153,elasticsearch_os_load5,3.56
2023/4/13 13:49,1681364987,cc-cc408-hya,data-node-11,9.9.2.153,elasticsearch_os_load5,3.67
2023/4/13 13:50,1681365047,cc-cc408-hya,data-node-11,9.9.2.153,elasticsearch_os_load5,3.72
2023/4/13 13:51,1681365107,cc-cc408-hya,data-node-11,9.9.2.153,elasticsearch_os_load5,4.12
2023/4/13 13:52,1681365167,cc-cc408-hya,data-node-11,9.9.2.153,elasticsearch_os_load5,3.91
2023/4/13 13:53,1681365227,cc-cc408-hya,data-node-11,9.9.2.153,elasticsearch_os_load5,3.85
2023/4/13 13:54,1681365287,cc-cc408-hya,data-node-11,9.9.2.153,elasticsearch_os_load5,3.96
2023/4/13 13:55,1681365347,cc-cc408-hya,data-node-11,9.9.2.153,elasticsearch_os_load5,4
2023/4/13 13:56,1681365407,cc-cc408-hya,data-node-11,9.9.2.153,elasticsearch_os_load5,4.36
2023/4/13 13:57,1681365467,cc-cc408-hya,data-node-11,9.9.2.153,elasticsearch_os_load5,4.38
2023/4/13 13:58,1681365527,cc-cc408-hya,data-node-11,9.9.2.153,elasticsearch_os_load5,4.33
2023/4/13 13:59,1681365587,cc-cc408-hya,data-node-11,9.9.2.153,elasticsearch_os_load5,4.12
2023/4/13 14:00,1681365647,cc-cc408-hya,data-node-11,9.9.2.153,elasticsearch_os_load5,4.24
2023/4/13 14:01,1681365707,cc-cc408-hya,data-node-11,9.9.2.153,elasticsearch_os_load5,4.26
2023/4/13 14:02,1681365767,cc-cc408-hya,data-node-11,9.9.2.153,elasticsearch_os_load5,3.9
2023/4/13 14:03,1681365827,cc-cc408-hya,data-node-11,9.9.2.153,elasticsearch_os_load5,3.85
2023/4/13 14:04,1681365887,cc-cc408-hya,data-node-11,9.9.2.153,elasticsearch_os_load5,3.89
2023/4/13 14:05,1681365947,cc-cc408-hya,data-node-11,9.9.2.153,elasticsearch_os_load5,3.88
2023/4/13 14:06,1681366007,cc-cc408-hya,data-node-11,9.9.2.153,elasticsearch_os_load5,3.79
2023/4/13 14:07,1681366067,cc-cc408-hya,data-node-11,9.9.2.153,elasticsearch_os_load5,3.74
2023/4/13 14:08,1681366127,cc-cc408-hya,data-node-11,9.9.2.153,elasticsearch_os_load5,3.65
2023/4/13 14:09,1681366187,cc-cc408-hya,data-node-11,9.9.2.153,elasticsearch_os_load5,3.74
2023/4/13 14:10,1681366247,cc-cc408-hya,data-node-11,9.9.2.153,elasticsearch_os_load5,3.81
2023/4/13 14:11,1681366307,cc-cc408-hya,data-node-11,9.9.2.153,elasticsearch_os_load5,3.83
2023/4/13 14:12,1681366367,cc-cc408-hya,data-node-11,9.9.2.153,elasticsearch_os_load5,3.77
2023/4/13 14:13,1681366427,cc-cc408-hya,data-node-11,9.9.2.153,elasticsearch_os_load5,3.93
2023/4/13 14:14,1681366487,cc-cc408-hya,data-node-11,9.9.2.153,elasticsearch_os_load5,4.01
2023/4/13 14:15,1681366547,cc-cc408-hya,data-node-11,9.9.2.153,elasticsearch_os_load5,4.16
2023/4/13 14:16,1681366607,cc-cc408-hya,data-node-11,9.9.2.153,elasticsearch_os_load5,4.1
2023/4/13 14:17,1681366667,cc-cc408-hya,data-node-11,9.9.2.153,elasticsearch_os_load5,4.01
2023/4/13 14:18,1681366727,cc-cc408-hya,data-node-11,9.9.2.153,elasticsearch_os_load5,4.11
2023/4/13 14:19,1681366787,cc-cc408-hya,data-node-11,9.9.2.153,elasticsearch_os_load5,3.94
2023/4/13 14:20,1681366847,cc-cc408-hya,data-node-11,9.9.2.153,elasticsearch_os_load5,4
2023/4/13 14:21,1681366907,cc-cc408-hya,data-node-11,9.9.2.153,elasticsearch_os_load5,4.27
2023/4/13 14:22,1681366967,cc-cc408-hya,data-node-11,9.9.2.153,elasticsearch_os_load5,4.39
2023/4/13 14:23,1681367027,cc-cc408-hya,data-node-11,9.9.2.153,elasticsearch_os_load5,4.73
2023/4/13 14:24,1681367087,cc-cc408-hya,data-node-11,9.9.2.153,elasticsearch_os_load5,4.85
2023/4/13 14:25,1681367147,cc-cc408-hya,data-node-11,9.9.2.153,elasticsearch_os_load5,4.69
2023/4/13 14:26,1681367207,cc-cc408-hya,data-node-11,9.9.2.153,elasticsearch_os_load5,4.55
2023/4/13 14:27,1681367267,cc-cc408-hya,data-node-11,9.9.2.153,elasticsearch_os_load5,4.7
2023/4/13 14:28,1681367327,cc-cc408-hya,data-node-11,9.9.2.153,elasticsearch_os_load5,4.65
2023/4/13 14:29,1681367387,cc-cc408-hya,data-node-11,9.9.2.153,elasticsearch_os_load5,4.82
2023/4/13 14:30,1681367447,cc-cc408-hya,data-node-11,9.9.2.153,elasticsearch_os_load5,5.06
2023/4/13 14:31,1681367507,cc-cc408-hya,data-node-11,9.9.2.153,elasticsearch_os_load5,5.17
2023/4/13 14:32,1681367567,cc-cc408-hya,data-node-11,9.9.2.153,elasticsearch_os_load5,6.24
2023/4/13 14:33,1681367627,cc-cc408-hya,data-node-11,9.9.2.153,elasticsearch_os_load5,5.76
2023/4/13 14:34,1681367687,cc-cc408-hya,data-node-11,9.9.2.153,elasticsearch_os_load5,5.84
2023/4/13 14:35,1681367747,cc-cc408-hya,data-node-11,9.9.2.153,elasticsearch_os_load5,5.93
2023/4/13 14:36,1681367807,cc-cc408-hya,data-node-11,9.9.2.153,elasticsearch_os_load5,5.65
2023/4/13 14:37,1681367867,cc-cc408-hya,data-node-11,9.9.2.153,elasticsearch_os_load5,5.63
2023/4/13 14:38,1681367927,cc-cc408-hya,data-node-11,9.9.2.153,elasticsearch_os_load5,5.24
2023/4/13 14:39,1681367987,cc-cc408-hya,data-node-11,9.9.2.153,elasticsearch_os_load5,5.26
2023/4/13 14:40,1681368047,cc-cc408-hya,data-node-11,9.9.2.153,elasticsearch_os_load5,5.1
2023/4/13 14:41,1681368107,cc-cc408-hya,data-node-11,9.9.2.153,elasticsearch_os_load5,4.7
2023/4/13 14:42,1681368167,cc-cc408-hya,data-node-11,9.9.2.153,elasticsearch_os_load5,5.14
2023/4/13 14:43,1681368227,cc-cc408-hya,data-node-11,9.9.2.153,elasticsearch_os_load5,5.21
2023/4/13 14:44,1681368287,cc-cc408-hya,data-node-11,9.9.2.153,elasticsearch_os_load5,4.88
2023/4/13 14:45,1681368347,cc-cc408-hya,data-node-11,9.9.2.153,elasticsearch_os_load5,4.83
2023/4/13 14:46,1681368407,cc-cc408-hya,data-node-11,9.9.2.153,elasticsearch_os_load5,4.89
2023/4/13 14:47,1681368467,cc-cc408-hya,data-node-11,9.9.2.153,elasticsearch_os_load5,5.52
2023/4/13 14:48,1681368527,cc-cc408-hya,data-node-11,9.9.2.153,elasticsearch_os_load5,5.52
2023/4/13 14:49,1681368587,cc-cc408-hya,data-node-11,9.9.2.153,elasticsearch_os_load5,5.4
2023/4/13 14:50,1681368647,cc-cc408-hya,data-node-11,9.9.2.153,elasticsearch_os_load5,5.31
2023/4/13 14:51,1681368707,cc-cc408-hya,data-node-11,9.9.2.153,elasticsearch_os_load5,5.26
2023/4/13 14:52,1681368767,cc-cc408-hya,data-node-11,9.9.2.153,elasticsearch_os_load5,5.3
2023/4/13 14:53,1681368827,cc-cc408-hya,data-node-11,9.9.2.153,elasticsearch_os_load5,5.17
2023/4/13 14:54,1681368887,cc-cc408-hya,data-node-11,9.9.2.153,elasticsearch_os_load5,4.81
2023/4/13 14:55,1681368947,cc-cc408-hya,data-node-11,9.9.2.153,elasticsearch_os_load5,4.63
2023/4/13 14:56,1681369007,cc-cc408-hya,data-node-11,9.9.2.153,elasticsearch_os_load5,4.78
2023/4/13 14:57,1681369067,cc-cc408-hya,data-node-11,9.9.2.153,elasticsearch_os_load5,4.7
2023/4/13 14:58,1681369127,cc-cc408-hya,data-node-11,9.9.2.153,elasticsearch_os_load5,4.65
2023/4/13 14:59,1681369187,cc-cc408-hya,data-node-11,9.9.2.153,elasticsearch_os_load5,4.56
2023/4/13 15:00,1681369247,cc-cc408-hya,data-node-11,9.9.2.153,elasticsearch_os_load5,4.53
2023/4/13 15:01,1681369307,cc-cc408-hya,data-node-11,9.9.2.153,elasticsearch_os_load5,4.49
2023/4/13 15:02,1681369367,cc-cc408-hya,data-node-11,9.9.2.153,elasticsearch_os_load5,4.33
2023/4/13 15:03,1681369427,cc-cc408-hya,data-node-11,9.9.2.153,elasticsearch_os_load5,4.26
2023/4/13 15:04,1681369487,cc-cc408-hya,data-node-11,9.9.2.153,elasticsearch_os_load5,4.29
2023/4/13 15:05,1681369547,cc-cc408-hya,data-node-11,9.9.2.153,elasticsearch_os_load5,4.48
2023/4/13 15:06,1681369607,cc-cc408-hya,data-node-11,9.9.2.153,elasticsearch_os_load5,4.69
2023/4/13 15:07,1681369667,cc-cc408-hya,data-node-11,9.9.2.153,elasticsearch_os_load5,4.6
2023/4/13 15:08,1681369727,cc-cc408-hya,data-node-11,9.9.2.153,elasticsearch_os_load5,4.57
2023/4/13 15:09,1681369787,cc-cc408-hya,data-node-11,9.9.2.153,elasticsearch_os_load5,4.39
2023/4/13 15:10,1681369847,cc-cc408-hya,data-node-11,9.9.2.153,elasticsearch_os_load5,4.5
2023/4/13 15:11,1681369907,cc-cc408-hya,data-node-11,9.9.2.153,elasticsearch_os_load5,4.8
2023/4/13 15:12,1681369967,cc-cc408-hya,data-node-11,9.9.2.153,elasticsearch_os_load5,4.55
2023/4/13 15:13,1681370027,cc-cc408-hya,data-node-11,9.9.2.153,elasticsearch_os_load5,4.64
2023/4/13 15:14,1681370087,cc-cc408-hya,data-node-11,9.9.2.153,elasticsearch_os_load5,4.8
2023/4/13 15:15,1681370147,cc-cc408-hya,data-node-11,9.9.2.153,elasticsearch_os_load5,5.32
2023/4/13 15:16,1681370207,cc-cc408-hya,data-node-11,9.9.2.153,elasticsearch_os_load5,5.12
2023/4/13 15:17,1681370267,cc-cc408-hya,data-node-11,9.9.2.153,elasticsearch_os_load5,5.08
2023/4/13 15:18,1681370327,cc-cc408-hya,data-node-11,9.9.2.153,elasticsearch_os_load5,5.13
2023/4/13 15:19,1681370387,cc-cc408-hya,data-node-11,9.9.2.153,elasticsearch_os_load5,4.97
2023/4/13 15:20,1681370447,cc-cc408-hya,data-node-11,9.9.2.153,elasticsearch_os_load5,4.95
2023/4/13 15:21,1681370507,cc-cc408-hya,data-node-11,9.9.2.153,elasticsearch_os_load5,4.61
2023/4/13 15:22,1681370567,cc-cc408-hya,data-node-11,9.9.2.153,elasticsearch_os_load5,4.57
2023/4/13 15:23,1681370627,cc-cc408-hya,data-node-11,9.9.2.153,elasticsearch_os_load5,4.51
2023/4/13 15:24,1681370687,cc-cc408-hya,data-node-11,9.9.2.153,elasticsearch_os_load5,4.38
2023/4/13 15:25,1681370747,cc-cc408-hya,data-node-11,9.9.2.153,elasticsearch_os_load5,4.29
2023/4/13 15:26,1681370807,cc-cc408-hya,data-node-11,9.9.2.153,elasticsearch_os_load5,4.55
2023/4/13 15:27,1681370867,cc-cc408-hya,data-node-11,9.9.2.153,elasticsearch_os_load5,4.55
2023/4/13 15:28,1681370927,cc-cc408-hya,data-node-11,9.9.2.153,elasticsearch_os_load5,4.82
2023/4/13 15:29,1681370987,cc-cc408-hya,data-node-11,9.9.2.153,elasticsearch_os_load5,4.5
2023/4/13 15:30,1681371047,cc-cc408-hya,data-node-11,9.9.2.153,elasticsearch_os_load5,4.46
2023/4/13 15:31,1681371107,cc-cc408-hya,data-node-11,9.9.2.153,elasticsearch_os_load5,4.37
2023/4/13 15:32,1681371167,cc-cc408-hya,data-node-11,9.9.2.153,elasticsearch_os_load5,4.14
2023/4/13 15:33,1681371227,cc-cc408-hya,data-node-11,9.9.2.153,elasticsearch_os_load5,4.09
2023/4/13 15:34,1681371287,cc-cc408-hya,data-node-11,9.9.2.153,elasticsearch_os_load5,4.01
2023/4/13 15:35,1681371347,cc-cc408-hya,data-node-11,9.9.2.153,elasticsearch_os_load5,3.88
2023/4/13 15:36,1681371407,cc-cc408-hya,data-node-11,9.9.2.153,elasticsearch_os_load5,4.12
2023/4/13 15:37,1681371467,cc-cc408-hya,data-node-11,9.9.2.153,elasticsearch_os_load5,3.98
2023/4/13 15:38,1681371527,cc-cc408-hya,data-node-11,9.9.2.153,elasticsearch_os_load5,4.18
2023/4/13 15:39,1681371587,cc-cc408-hya,data-node-11,9.9.2.153,elasticsearch_os_load5,3.94
2023/4/13 15:40,1681371647,cc-cc408-hya,data-node-11,9.9.2.153,elasticsearch_os_load5,4.22
2023/4/13 15:41,1681371707,cc-cc408-hya,data-node-11,9.9.2.153,elasticsearch_os_load5,4.42
2023/4/13 15:42,1681371767,cc-cc408-hya,data-node-11,9.9.2.153,elasticsearch_os_load5,4.32
2023/4/13 15:43,1681371827,cc-cc408-hya,data-node-11,9.9.2.153,elasticsearch_os_load5,4.59
2023/4/13 15:44,1681371887,cc-cc408-hya,data-node-11,9.9.2.153,elasticsearch_os_load5,4.62
2023/4/13 15:45,1681371947,cc-cc408-hya,data-node-11,9.9.2.153,elasticsearch_os_load5,4.87
2023/4/13 15:46,1681372007,cc-cc408-hya,data-node-11,9.9.2.153,elasticsearch_os_load5,4.8
2023/4/13 15:47,1681372067,cc-cc408-hya,data-node-11,9.9.2.153,elasticsearch_os_load5,4.53
2023/4/13 15:48,1681372127,cc-cc408-hya,data-node-11,9.9.2.153,elasticsearch_os_load5,4.6
2023/4/13 15:49,1681372187,cc-cc408-hya,data-node-11,9.9.2.153,elasticsearch_os_load5,4.73
2023/4/13 15:50,1681372247,cc-cc408-hya,data-node-11,9.9.2.153,elasticsearch_os_load5,5.12
2023/4/13 15:51,1681372307,cc-cc408-hya,data-node-11,9.9.2.153,elasticsearch_os_load5,5.09
2023/4/13 15:52,1681372367,cc-cc408-hya,data-node-11,9.9.2.153,elasticsearch_os_load5,4.96
2023/4/13 15:53,1681372427,cc-cc408-hya,data-node-11,9.9.2.153,elasticsearch_os_load5,5.06
2023/4/13 15:54,1681372487,cc-cc408-hya,data-node-11,9.9.2.153,elasticsearch_os_load5,5.1
2023/4/13 15:55,1681372547,cc-cc408-hya,data-node-11,9.9.2.153,elasticsearch_os_load5,5.21
2023/4/13 15:56,1681372607,cc-cc408-hya,data-node-11,9.9.2.153,elasticsearch_os_load5,4.96
2023/4/13 15:57,1681372667,cc-cc408-hya,data-node-11,9.9.2.153,elasticsearch_os_load5,4.83
2023/4/13 15:58,1681372727,cc-cc408-hya,data-node-11,9.9.2.153,elasticsearch_os_load5,5.18
2023/4/13 15:59,1681372787,cc-cc408-hya,data-node-11,9.9.2.153,elasticsearch_os_load5,5.21
2023/4/13 16:00,1681372847,cc-cc408-hya,data-node-11,9.9.2.153,elasticsearch_os_load5,5.31
2023/4/13 16:01,1681372907,cc-cc408-hya,data-node-11,9.9.2.153,elasticsearch_os_load5,6.15
2023/4/13 16:02,1681372967,cc-cc408-hya,data-node-11,9.9.2.153,elasticsearch_os_load5,6.31
2023/4/13 16:03,1681373027,cc-cc408-hya,data-node-11,9.9.2.153,elasticsearch_os_load5,6.25
2023/4/13 16:04,1681373087,cc-cc408-hya,data-node-11,9.9.2.153,elasticsearch_os_load5,6.05
2023/4/13 16:05,1681373147,cc-cc408-hya,data-node-11,9.9.2.153,elasticsearch_os_load5,5.78
2023/4/13 16:06,1681373207,cc-cc408-hya,data-node-11,9.9.2.153,elasticsearch_os_load5,5.71
2023/4/13 16:07,1681373267,cc-cc408-hya,data-node-11,9.9.2.153,elasticsearch_os_load5,5.79
2023/4/13 16:08,1681373327,cc-cc408-hya,data-node-11,9.9.2.153,elasticsearch_os_load5,6.38
2023/4/13 16:09,1681373387,cc-cc408-hya,data-node-11,9.9.2.153,elasticsearch_os_load5,6
2023/4/13 16:10,1681373447,cc-cc408-hya,data-node-11,9.9.2.153,elasticsearch_os_load5,6.14
2023/4/13 16:11,1681373507,cc-cc408-hya,data-node-11,9.9.2.153,elasticsearch_os_load5,6.05
2023/4/13 16:12,1681373567,cc-cc408-hya,data-node-11,9.9.2.153,elasticsearch_os_load5,5.94
2023/4/13 16:13,1681373627,cc-cc408-hya,data-node-11,9.9.2.153,elasticsearch_os_load5,5.5
2023/4/13 16:14,1681373687,cc-cc408-hya,data-node-11,9.9.2.153,elasticsearch_os_load5,5.83
2023/4/13 16:15,1681373747,cc-cc408-hya,data-node-11,9.9.2.153,elasticsearch_os_load5,5.48
2023/4/13 16:16,1681373807,cc-cc408-hya,data-node-11,9.9.2.153,elasticsearch_os_load5,5.61
2023/4/13 16:17,1681373867,cc-cc408-hya,data-node-11,9.9.2.153,elasticsearch_os_load5,5.44
2023/4/13 16:18,1681373927,cc-cc408-hya,data-node-11,9.9.2.153,elasticsearch_os_load5,5.3
2023/4/13 16:19,1681373987,cc-cc408-hya,data-node-11,9.9.2.153,elasticsearch_os_load5,5.38
2023/4/13 16:20,1681374047,cc-cc408-hya,data-node-11,9.9.2.153,elasticsearch_os_load5,5.54
2023/4/13 16:21,1681374107,cc-cc408-hya,data-node-11,9.9.2.153,elasticsearch_os_load5,5.62
2023/4/13 16:22,1681374167,cc-cc408-hya,data-node-11,9.9.2.153,elasticsearch_os_load5,5.36
2023/4/13 16:23,1681374227,cc-cc408-hya,data-node-11,9.9.2.153,elasticsearch_os_load5,5.11
2023/4/13 16:24,1681374287,cc-cc408-hya,data-node-11,9.9.2.153,elasticsearch_os_load5,5.22
2023/4/13 16:25,1681374347,cc-cc408-hya,data-node-11,9.9.2.153,elasticsearch_os_load5,5.5
2023/4/13 16:26,1681374407,cc-cc408-hya,data-node-11,9.9.2.153,elasticsearch_os_load5,5.97
2023/4/13 16:27,1681374467,cc-cc408-hya,data-node-11,9.9.2.153,elasticsearch_os_load5,5.95
2023/4/13 16:28,1681374527,cc-cc408-hya,data-node-11,9.9.2.153,elasticsearch_os_load5,5.94
2023/4/13 16:29,1681374587,cc-cc408-hya,data-node-11,9.9.2.153,elasticsearch_os_load5,5.8
2023/4/13 16:30,1681374647,cc-cc408-hya,data-node-11,9.9.2.153,elasticsearch_os_load5,5.79
2023/4/13 16:31,1681374707,cc-cc408-hya,data-node-11,9.9.2.153,elasticsearch_os_load5,5.95
2023/4/13 16:32,1681374767,cc-cc408-hya,data-node-11,9.9.2.153,elasticsearch_os_load5,6.25
2023/4/13 16:33,1681374827,cc-cc408-hya,data-node-11,9.9.2.153,elasticsearch_os_load5,6.14
2023/4/13 16:34,1681374887,cc-cc408-hya,data-node-11,9.9.2.153,elasticsearch_os_load5,6.02
2023/4/13 16:35,1681374947,cc-cc408-hya,data-node-11,9.9.2.153,elasticsearch_os_load5,5.93
2023/4/13 16:36,1681375007,cc-cc408-hya,data-node-11,9.9.2.153,elasticsearch_os_load5,5.86
2023/4/13 16:37,1681375067,cc-cc408-hya,data-node-11,9.9.2.153,elasticsearch_os_load5,5.62
2023/4/13 16:38,1681375127,cc-cc408-hya,data-node-11,9.9.2.153,elasticsearch_os_load5,5.76
2023/4/13 16:39,1681375187,cc-cc408-hya,data-node-11,9.9.2.153,elasticsearch_os_load5,5.85
2023/4/13 16:40,1681375247,cc-cc408-hya,data-node-11,9.9.2.153,elasticsearch_os_load5,5.77
2023/4/13 16:41,1681375307,cc-cc408-hya,data-node-11,9.9.2.153,elasticsearch_os_load5,5.55
2023/4/13 16:42,1681375367,cc-cc408-hya,data-node-11,9.9.2.153,elasticsearch_os_load5,5.44
2023/4/13 16:43,1681375427,cc-cc408-hya,data-node-11,9.9.2.153,elasticsearch_os_load5,5.82
2023/4/13 16:44,1681375487,cc-cc408-hya,data-node-11,9.9.2.153,elasticsearch_os_load5,6.24
2023/4/13 16:45,1681375547,cc-cc408-hya,data-node-11,9.9.2.153,elasticsearch_os_load5,6.25
2023/4/13 16:46,1681375607,cc-cc408-hya,data-node-11,9.9.2.153,elasticsearch_os_load5,6.16
2023/4/13 16:47,1681375667,cc-cc408-hya,data-node-11,9.9.2.153,elasticsearch_os_load5,6.02
2023/4/13 16:48,1681375727,cc-cc408-hya,data-node-11,9.9.2.153,elasticsearch_os_load5,5.82
2023/4/13 16:49,1681375787,cc-cc408-hya,data-node-11,9.9.2.153,elasticsearch_os_load5,6.09
2023/4/13 16:50,1681375847,cc-cc408-hya,data-node-11,9.9.2.153,elasticsearch_os_load5,5.82
2023/4/13 16:51,1681375907,cc-cc408-hya,data-node-11,9.9.2.153,elasticsearch_os_load5,6.34
2023/4/13 16:52,1681375967,cc-cc408-hya,data-node-11,9.9.2.153,elasticsearch_os_load5,6.39
2023/4/13 16:53,1681376027,cc-cc408-hya,data-node-11,9.9.2.153,elasticsearch_os_load5,6.11
2023/4/13 16:54,1681376087,cc-cc408-hya,data-node-11,9.9.2.153,elasticsearch_os_load5,5.8
2023/4/13 16:55,1681376147,cc-cc408-hya,data-node-11,9.9.2.153,elasticsearch_os_load5,5.83
2023/4/13 16:56,1681376207,cc-cc408-hya,data-node-11,9.9.2.153,elasticsearch_os_load5,5.68
2023/4/13 16:57,1681376267,cc-cc408-hya,data-node-11,9.9.2.153,elasticsearch_os_load5,6
2023/4/13 16:58,1681376327,cc-cc408-hya,data-node-11,9.9.2.153,elasticsearch_os_load5,6.05
2023/4/13 16:59,1681376387,cc-cc408-hya,data-node-11,9.9.2.153,elasticsearch_os_load5,5.94
2023/4/13 17:00,1681376447,cc-cc408-hya,data-node-11,9.9.2.153,elasticsearch_os_load5,5.7
2023/4/13 17:01,1681376507,cc-cc408-hya,data-node-11,9.9.2.153,elasticsearch_os_load5,5.33
2023/4/13 17:02,1681376567,cc-cc408-hya,data-node-11,9.9.2.153,elasticsearch_os_load5,5.53
2023/4/13 17:03,1681376627,cc-cc408-hya,data-node-11,9.9.2.153,elasticsearch_os_load5,5.59
2023/4/13 17:04,1681376687,cc-cc408-hya,data-node-11,9.9.2.153,elasticsearch_os_load5,5.67
2023/4/13 17:05,1681376747,cc-cc408-hya,data-node-11,9.9.2.153,elasticsearch_os_load5,5.67
2023/4/13 17:06,1681376807,cc-cc408-hya,data-node-11,9.9.2.153,elasticsearch_os_load5,5.38
2023/4/13 17:07,1681376867,cc-cc408-hya,data-node-11,9.9.2.153,elasticsearch_os_load5,5.21
2023/4/13 17:08,1681376927,cc-cc408-hya,data-node-11,9.9.2.153,elasticsearch_os_load5,5.29
2023/4/13 17:09,1681376987,cc-cc408-hya,data-node-11,9.9.2.153,elasticsearch_os_load5,5.2
2023/4/13 17:10,1681377047,cc-cc408-hya,data-node-11,9.9.2.153,elasticsearch_os_load5,5.19
2023/4/13 17:11,1681377107,cc-cc408-hya,data-node-11,9.9.2.153,elasticsearch_os_load5,5.31
2023/4/13 17:12,1681377167,cc-cc408-hya,data-node-11,9.9.2.153,elasticsearch_os_load5,5.63
2023/4/13 17:13,1681377227,cc-cc408-hya,data-node-11,9.9.2.153,elasticsearch_os_load5,5.89
2023/4/13 17:14,1681377287,cc-cc408-hya,data-node-11,9.9.2.153,elasticsearch_os_load5,6.27
2023/4/13 17:15,1681377347,cc-cc408-hya,data-node-11,9.9.2.153,elasticsearch_os_load5,6.24
2023/4/13 17:16,1681377407,cc-cc408-hya,data-node-11,9.9.2.153,elasticsearch_os_load5,6.44
2023/4/13 17:17,1681377467,cc-cc408-hya,data-node-11,9.9.2.153,elasticsearch_os_load5,6.49
2023/4/13 17:18,1681377527,cc-cc408-hya,data-node-11,9.9.2.153,elasticsearch_os_load5,6.46
2023/4/13 17:19,1681377587,cc-cc408-hya,data-node-11,9.9.2.153,elasticsearch_os_load5,6.99
2023/4/13 17:20,1681377647,cc-cc408-hya,data-node-11,9.9.2.153,elasticsearch_os_load5,6.69
2023/4/13 17:21,1681377707,cc-cc408-hya,data-node-11,9.9.2.153,elasticsearch_os_load5,6.43
2023/4/13 17:22,1681377767,cc-cc408-hya,data-node-11,9.9.2.153,elasticsearch_os_load5,6.13
2023/4/13 17:23,1681377827,cc-cc408-hya,data-node-11,9.9.2.153,elasticsearch_os_load5,5.98
2023/4/13 17:24,1681377887,cc-cc408-hya,data-node-11,9.9.2.153,elasticsearch_os_load5,5.66
2023/4/13 17:25,1681377947,cc-cc408-hya,data-node-11,9.9.2.153,elasticsearch_os_load5,5.59
2023/4/13 17:26,1681378007,cc-cc408-hya,data-node-11,9.9.2.153,elasticsearch_os_load5,5.6
2023/4/13 17:27,1681378067,cc-cc408-hya,data-node-11,9.9.2.153,elasticsearch_os_load5,5.48
2023/4/13 17:28,1681378127,cc-cc408-hya,data-node-11,9.9.2.153,elasticsearch_os_load5,5.8
2023/4/13 17:29,1681378187,cc-cc408-hya,data-node-11,9.9.2.153,elasticsearch_os_load5,5.47
2023/4/13 17:30,1681378247,cc-cc408-hya,data-node-11,9.9.2.153,elasticsearch_os_load5,5.36
2023/4/12 17:30,1681291847,cc-cc408-hya,data-node-16,9.9.2.153,elasticsearch_os_load5,4.98
2023/4/12 17:31,1681291907,cc-cc408-hya,data-node-16,9.9.2.153,elasticsearch_os_load5,4.8
2023/4/12 17:32,1681291967,cc-cc408-hya,data-node-16,9.9.2.153,elasticsearch_os_load5,5
2023/4/12 17:33,1681292027,cc-cc408-hya,data-node-16,9.9.2.153,elasticsearch_os_load5,4.95
2023/4/12 17:34,1681292087,cc-cc408-hya,data-node-16,9.9.2.153,elasticsearch_os_load5,5.26
2023/4/12 17:35,1681292147,cc-cc408-hya,data-node-16,9.9.2.153,elasticsearch_os_load5,5.58
2023/4/12 17:36,1681292207,cc-cc408-hya,data-node-16,9.9.2.153,elasticsearch_os_load5,5.6
2023/4/12 17:37,1681292267,cc-cc408-hya,data-node-16,9.9.2.153,elasticsearch_os_load5,5.59
2023/4/12 17:38,1681292327,cc-cc408-hya,data-node-16,9.9.2.153,elasticsearch_os_load5,5.54
2023/4/12 17:39,1681292387,cc-cc408-hya,data-node-16,9.9.2.153,elasticsearch_os_load5,5.63
2023/4/12 17:40,1681292447,cc-cc408-hya,data-node-16,9.9.2.153,elasticsearch_os_load5,5.32
2023/4/12 17:41,1681292507,cc-cc408-hya,data-node-16,9.9.2.153,elasticsearch_os_load5,5.7
2023/4/12 17:42,1681292567,cc-cc408-hya,data-node-16,9.9.2.153,elasticsearch_os_load5,5.6
2023/4/12 17:43,1681292627,cc-cc408-hya,data-node-16,9.9.2.153,elasticsearch_os_load5,5.38
2023/4/12 17:44,1681292687,cc-cc408-hya,data-node-16,9.9.2.153,elasticsearch_os_load5,5.45
2023/4/12 17:45,1681292747,cc-cc408-hya,data-node-16,9.9.2.153,elasticsearch_os_load5,5.16
2023/4/12 17:46,1681292807,cc-cc408-hya,data-node-16,9.9.2.153,elasticsearch_os_load5,5.38
2023/4/12 17:47,1681292867,cc-cc408-hya,data-node-16,9.9.2.153,elasticsearch_os_load5,5.06
2023/4/12 17:48,1681292927,cc-cc408-hya,data-node-16,9.9.2.153,elasticsearch_os_load5,4.79
2023/4/12 17:49,1681292987,cc-cc408-hya,data-node-16,9.9.2.153,elasticsearch_os_load5,5.05
2023/4/12 17:50,1681293047,cc-cc408-hya,data-node-16,9.9.2.153,elasticsearch_os_load5,4.93
2023/4/12 17:51,1681293107,cc-cc408-hya,data-node-16,9.9.2.153,elasticsearch_os_load5,4.86
2023/4/12 17:52,1681293167,cc-cc408-hya,data-node-16,9.9.2.153,elasticsearch_os_load5,4.72
2023/4/12 17:53,1681293227,cc-cc408-hya,data-node-16,9.9.2.153,elasticsearch_os_load5,4.65
2023/4/12 17:54,1681293287,cc-cc408-hya,data-node-16,9.9.2.153,elasticsearch_os_load5,4.87
2023/4/12 17:55,1681293347,cc-cc408-hya,data-node-16,9.9.2.153,elasticsearch_os_load5,4.65
2023/4/12 17:56,1681293407,cc-cc408-hya,data-node-16,9.9.2.153,elasticsearch_os_load5,4.76
2023/4/12 17:57,1681293467,cc-cc408-hya,data-node-16,9.9.2.153,elasticsearch_os_load5,4.81
2023/4/12 17:58,1681293527,cc-cc408-hya,data-node-16,9.9.2.153,elasticsearch_os_load5,4.88
2023/4/12 17:59,1681293587,cc-cc408-hya,data-node-16,9.9.2.153,elasticsearch_os_load5,5.08
2023/4/12 18:00,1681293647,cc-cc408-hya,data-node-16,9.9.2.153,elasticsearch_os_load5,4.97
2023/4/12 18:01,1681293707,cc-cc408-hya,data-node-16,9.9.2.153,elasticsearch_os_load5,5.04
2023/4/12 18:02,1681293767,cc-cc408-hya,data-node-16,9.9.2.153,elasticsearch_os_load5,4.76
2023/4/12 18:03,1681293827,cc-cc408-hya,data-node-16,9.9.2.153,elasticsearch_os_load5,4.75
2023/4/12 18:04,1681293887,cc-cc408-hya,data-node-16,9.9.2.153,elasticsearch_os_load5,4.79
2023/4/12 18:05,1681293947,cc-cc408-hya,data-node-16,9.9.2.153,elasticsearch_os_load5,4.72
2023/4/12 18:06,1681294007,cc-cc408-hya,data-node-16,9.9.2.153,elasticsearch_os_load5,4.72
2023/4/12 18:07,1681294067,cc-cc408-hya,data-node-16,9.9.2.153,elasticsearch_os_load5,4.55
2023/4/12 18:08,1681294127,cc-cc408-hya,data-node-16,9.9.2.153,elasticsearch_os_load5,4.58
2023/4/12 18:09,1681294187,cc-cc408-hya,data-node-16,9.9.2.153,elasticsearch_os_load5,4.55
2023/4/12 18:10,1681294247,cc-cc408-hya,data-node-16,9.9.2.153,elasticsearch_os_load5,4.7
2023/4/12 18:11,1681294307,cc-cc408-hya,data-node-16,9.9.2.153,elasticsearch_os_load5,4.34
2023/4/12 18:12,1681294367,cc-cc408-hya,data-node-16,9.9.2.153,elasticsearch_os_load5,4.2
2023/4/12 18:13,1681294427,cc-cc408-hya,data-node-16,9.9.2.153,elasticsearch_os_load5,3.93
2023/4/12 18:14,1681294487,cc-cc408-hya,data-node-16,9.9.2.153,elasticsearch_os_load5,4.14
2023/4/12 18:15,1681294547,cc-cc408-hya,data-node-16,9.9.2.153,elasticsearch_os_load5,4.17
2023/4/12 18:16,1681294607,cc-cc408-hya,data-node-16,9.9.2.153,elasticsearch_os_load5,4.76
2023/4/12 18:17,1681294667,cc-cc408-hya,data-node-16,9.9.2.153,elasticsearch_os_load5,5.05
2023/4/12 18:18,1681294727,cc-cc408-hya,data-node-16,9.9.2.153,elasticsearch_os_load5,5.09
2023/4/12 18:19,1681294787,cc-cc408-hya,data-node-16,9.9.2.153,elasticsearch_os_load5,5.44
2023/4/12 18:20,1681294847,cc-cc408-hya,data-node-16,9.9.2.153,elasticsearch_os_load5,5.6
2023/4/12 18:21,1681294907,cc-cc408-hya,data-node-16,9.9.2.153,elasticsearch_os_load5,5.44
2023/4/12 18:22,1681294967,cc-cc408-hya,data-node-16,9.9.2.153,elasticsearch_os_load5,5.29
2023/4/12 18:23,1681295027,cc-cc408-hya,data-node-16,9.9.2.153,elasticsearch_os_load5,4.89
2023/4/12 18:24,1681295087,cc-cc408-hya,data-node-16,9.9.2.153,elasticsearch_os_load5,4.49
2023/4/12 18:25,1681295147,cc-cc408-hya,data-node-16,9.9.2.153,elasticsearch_os_load5,4.67
2023/4/12 18:26,1681295207,cc-cc408-hya,data-node-16,9.9.2.153,elasticsearch_os_load5,4.8
2023/4/12 18:27,1681295267,cc-cc408-hya,data-node-16,9.9.2.153,elasticsearch_os_load5,4.71
2023/4/12 18:28,1681295327,cc-cc408-hya,data-node-16,9.9.2.153,elasticsearch_os_load5,4.95
2023/4/12 18:29,1681295387,cc-cc408-hya,data-node-16,9.9.2.153,elasticsearch_os_load5,4.88
2023/4/12 18:30,1681295447,cc-cc408-hya,data-node-16,9.9.2.153,elasticsearch_os_load5,4.88
2023/4/12 18:31,1681295507,cc-cc408-hya,data-node-16,9.9.2.153,elasticsearch_os_load5,4.87
2023/4/12 18:32,1681295567,cc-cc408-hya,data-node-16,9.9.2.153,elasticsearch_os_load5,4.8
2023/4/12 18:33,1681295627,cc-cc408-hya,data-node-16,9.9.2.153,elasticsearch_os_load5,4.49
2023/4/12 18:34,1681295687,cc-cc408-hya,data-node-16,9.9.2.153,elasticsearch_os_load5,4.88
2023/4/12 18:35,1681295747,cc-cc408-hya,data-node-16,9.9.2.153,elasticsearch_os_load5,4.66
2023/4/12 18:36,1681295807,cc-cc408-hya,data-node-16,9.9.2.153,elasticsearch_os_load5,4.93
2023/4/12 18:37,1681295867,cc-cc408-hya,data-node-16,9.9.2.153,elasticsearch_os_load5,5.19
2023/4/12 18:38,1681295927,cc-cc408-hya,data-node-16,9.9.2.153,elasticsearch_os_load5,5.12
2023/4/12 18:39,1681295987,cc-cc408-hya,data-node-16,9.9.2.153,elasticsearch_os_load5,5.16
2023/4/12 18:40,1681296047,cc-cc408-hya,data-node-16,9.9.2.153,elasticsearch_os_load5,5.12
2023/4/12 18:41,1681296107,cc-cc408-hya,data-node-16,9.9.2.153,elasticsearch_os_load5,5.01
2023/4/12 18:42,1681296167,cc-cc408-hya,data-node-16,9.9.2.153,elasticsearch_os_load5,4.77
2023/4/12 18:43,1681296227,cc-cc408-hya,data-node-16,9.9.2.153,elasticsearch_os_load5,4.67
2023/4/12 18:44,1681296287,cc-cc408-hya,data-node-16,9.9.2.153,elasticsearch_os_load5,4.32
2023/4/12 18:45,1681296347,cc-cc408-hya,data-node-16,9.9.2.153,elasticsearch_os_load5,4.21
2023/4/12 18:46,1681296407,cc-cc408-hya,data-node-16,9.9.2.153,elasticsearch_os_load5,4.1
2023/4/12 18:47,1681296467,cc-cc408-hya,data-node-16,9.9.2.153,elasticsearch_os_load5,3.88
2023/4/12 18:48,1681296527,cc-cc408-hya,data-node-16,9.9.2.153,elasticsearch_os_load5,4.08
2023/4/12 18:49,1681296587,cc-cc408-hya,data-node-16,9.9.2.153,elasticsearch_os_load5,3.92
2023/4/12 18:50,1681296647,cc-cc408-hya,data-node-16,9.9.2.153,elasticsearch_os_load5,3.58
2023/4/12 18:51,1681296707,cc-cc408-hya,data-node-16,9.9.2.153,elasticsearch_os_load5,3.76
2023/4/12 18:52,1681296767,cc-cc408-hya,data-node-16,9.9.2.153,elasticsearch_os_load5,3.53
2023/4/12 18:53,1681296827,cc-cc408-hya,data-node-16,9.9.2.153,elasticsearch_os_load5,3.49
2023/4/12 18:54,1681296887,cc-cc408-hya,data-node-16,9.9.2.153,elasticsearch_os_load5,3.54
2023/4/12 18:55,1681296947,cc-cc408-hya,data-node-16,9.9.2.153,elasticsearch_os_load5,3.57
2023/4/12 18:56,1681297007,cc-cc408-hya,data-node-16,9.9.2.153,elasticsearch_os_load5,4.14
2023/4/12 18:57,1681297067,cc-cc408-hya,data-node-16,9.9.2.153,elasticsearch_os_load5,4.33
2023/4/12 18:58,1681297127,cc-cc408-hya,data-node-16,9.9.2.153,elasticsearch_os_load5,4.26
2023/4/12 18:59,1681297187,cc-cc408-hya,data-node-16,9.9.2.153,elasticsearch_os_load5,4.33
2023/4/12 19:00,1681297247,cc-cc408-hya,data-node-16,9.9.2.153,elasticsearch_os_load5,4.53
2023/4/12 19:01,1681297307,cc-cc408-hya,data-node-16,9.9.2.153,elasticsearch_os_load5,4.18
2023/4/12 19:02,1681297367,cc-cc408-hya,data-node-16,9.9.2.153,elasticsearch_os_load5,4.27
2023/4/12 19:03,1681297427,cc-cc408-hya,data-node-16,9.9.2.153,elasticsearch_os_load5,4.17
2023/4/12 19:04,1681297487,cc-cc408-hya,data-node-16,9.9.2.153,elasticsearch_os_load5,4.18
2023/4/12 19:05,1681297547,cc-cc408-hya,data-node-16,9.9.2.153,elasticsearch_os_load5,4.28
2023/4/12 19:06,1681297607,cc-cc408-hya,data-node-16,9.9.2.153,elasticsearch_os_load5,4.51
2023/4/12 19:07,1681297667,cc-cc408-hya,data-node-16,9.9.2.153,elasticsearch_os_load5,4.59
2023/4/12 19:08,1681297727,cc-cc408-hya,data-node-16,9.9.2.153,elasticsearch_os_load5,4.43
2023/4/12 19:09,1681297787,cc-cc408-hya,data-node-16,9.9.2.153,elasticsearch_os_load5,4.25
2023/4/12 19:10,1681297847,cc-cc408-hya,data-node-16,9.9.2.153,elasticsearch_os_load5,4.22
2023/4/12 19:11,1681297907,cc-cc408-hya,data-node-16,9.9.2.153,elasticsearch_os_load5,4.06
2023/4/12 19:12,1681297967,cc-cc408-hya,data-node-16,9.9.2.153,elasticsearch_os_load5,4.03
2023/4/12 19:13,1681298027,cc-cc408-hya,data-node-16,9.9.2.153,elasticsearch_os_load5,3.87
2023/4/12 19:14,1681298087,cc-cc408-hya,data-node-16,9.9.2.153,elasticsearch_os_load5,3.97
2023/4/12 19:15,1681298147,cc-cc408-hya,data-node-16,9.9.2.153,elasticsearch_os_load5,3.84
2023/4/12 19:16,1681298207,cc-cc408-hya,data-node-16,9.9.2.153,elasticsearch_os_load5,3.75
2023/4/12 19:17,1681298267,cc-cc408-hya,data-node-16,9.9.2.153,elasticsearch_os_load5,3.78
2023/4/12 19:18,1681298327,cc-cc408-hya,data-node-16,9.9.2.153,elasticsearch_os_load5,3.9
2023/4/12 19:19,1681298387,cc-cc408-hya,data-node-16,9.9.2.153,elasticsearch_os_load5,3.86
2023/4/12 19:20,1681298447,cc-cc408-hya,data-node-16,9.9.2.153,elasticsearch_os_load5,4.17
2023/4/12 19:21,1681298507,cc-cc408-hya,data-node-16,9.9.2.153,elasticsearch_os_load5,4.17
2023/4/12 19:22,1681298567,cc-cc408-hya,data-node-16,9.9.2.153,elasticsearch_os_load5,4.01
2023/4/12 19:23,1681298627,cc-cc408-hya,data-node-16,9.9.2.153,elasticsearch_os_load5,3.92
2023/4/12 19:24,1681298687,cc-cc408-hya,data-node-16,9.9.2.153,elasticsearch_os_load5,4.32
2023/4/12 19:25,1681298747,cc-cc408-hya,data-node-16,9.9.2.153,elasticsearch_os_load5,4.1
2023/4/12 19:26,1681298807,cc-cc408-hya,data-node-16,9.9.2.153,elasticsearch_os_load5,3.83
2023/4/12 19:27,1681298867,cc-cc408-hya,data-node-16,9.9.2.153,elasticsearch_os_load5,3.74
2023/4/12 19:28,1681298927,cc-cc408-hya,data-node-16,9.9.2.153,elasticsearch_os_load5,3.58
2023/4/12 19:29,1681298987,cc-cc408-hya,data-node-16,9.9.2.153,elasticsearch_os_load5,4.15
2023/4/12 19:30,1681299047,cc-cc408-hya,data-node-16,9.9.2.153,elasticsearch_os_load5,4.1
2023/4/12 19:31,1681299107,cc-cc408-hya,data-node-16,9.9.2.153,elasticsearch_os_load5,3.83
2023/4/12 19:32,1681299167,cc-cc408-hya,data-node-16,9.9.2.153,elasticsearch_os_load5,3.63
2023/4/12 19:33,1681299227,cc-cc408-hya,data-node-16,9.9.2.153,elasticsearch_os_load5,3.43
2023/4/12 19:34,1681299287,cc-cc408-hya,data-node-16,9.9.2.153,elasticsearch_os_load5,3.29
2023/4/12 19:35,1681299347,cc-cc408-hya,data-node-16,9.9.2.153,elasticsearch_os_load5,3.24
2023/4/12 19:36,1681299407,cc-cc408-hya,data-node-16,9.9.2.153,elasticsearch_os_load5,3.22
2023/4/12 19:37,1681299467,cc-cc408-hya,data-node-16,9.9.2.153,elasticsearch_os_load5,3.16
2023/4/12 19:38,1681299527,cc-cc408-hya,data-node-16,9.9.2.153,elasticsearch_os_load5,3.09
2023/4/12 19:39,1681299587,cc-cc408-hya,data-node-16,9.9.2.153,elasticsearch_os_load5,3.02
2023/4/12 19:40,1681299647,cc-cc408-hya,data-node-16,9.9.2.153,elasticsearch_os_load5,3.18
2023/4/12 19:41,1681299707,cc-cc408-hya,data-node-16,9.9.2.153,elasticsearch_os_load5,3.38
2023/4/12 19:42,1681299767,cc-cc408-hya,data-node-16,9.9.2.153,elasticsearch_os_load5,3.35
2023/4/12 19:43,1681299827,cc-cc408-hya,data-node-16,9.9.2.153,elasticsearch_os_load5,3.32
2023/4/12 19:44,1681299887,cc-cc408-hya,data-node-16,9.9.2.153,elasticsearch_os_load5,3.27
2023/4/12 19:45,1681299947,cc-cc408-hya,data-node-16,9.9.2.153,elasticsearch_os_load5,3.19
2023/4/12 19:46,1681300007,cc-cc408-hya,data-node-16,9.9.2.153,elasticsearch_os_load5,3.09
2023/4/12 19:47,1681300067,cc-cc408-hya,data-node-16,9.9.2.153,elasticsearch_os_load5,2.86
2023/4/12 19:48,1681300127,cc-cc408-hya,data-node-16,9.9.2.153,elasticsearch_os_load5,3.46
2023/4/12 19:49,1681300187,cc-cc408-hya,data-node-16,9.9.2.153,elasticsearch_os_load5,3.43
2023/4/12 19:50,1681300247,cc-cc408-hya,data-node-16,9.9.2.153,elasticsearch_os_load5,3.36
2023/4/12 19:51,1681300307,cc-cc408-hya,data-node-16,9.9.2.153,elasticsearch_os_load5,3.22
2023/4/12 19:52,1681300367,cc-cc408-hya,data-node-16,9.9.2.153,elasticsearch_os_load5,2.82
2023/4/12 19:53,1681300427,cc-cc408-hya,data-node-16,9.9.2.153,elasticsearch_os_load5,2.73
2023/4/12 19:54,1681300487,cc-cc408-hya,data-node-16,9.9.2.153,elasticsearch_os_load5,2.69
2023/4/12 19:55,1681300547,cc-cc408-hya,data-node-16,9.9.2.153,elasticsearch_os_load5,3.12
2023/4/12 19:56,1681300607,cc-cc408-hya,data-node-16,9.9.2.153,elasticsearch_os_load5,2.86
2023/4/12 19:57,1681300667,cc-cc408-hya,data-node-16,9.9.2.153,elasticsearch_os_load5,2.73
2023/4/12 19:58,1681300727,cc-cc408-hya,data-node-16,9.9.2.153,elasticsearch_os_load5,2.51
2023/4/12 19:59,1681300787,cc-cc408-hya,data-node-16,9.9.2.153,elasticsearch_os_load5,2.2
2023/4/12 20:00,1681300847,cc-cc408-hya,data-node-16,9.9.2.153,elasticsearch_os_load5,1.93
2023/4/12 20:01,1681300907,cc-cc408-hya,data-node-16,9.9.2.153,elasticsearch_os_load5,2.36
2023/4/12 20:02,1681300967,cc-cc408-hya,data-node-16,9.9.2.153,elasticsearch_os_load5,2.68
2023/4/12 20:03,1681301027,cc-cc408-hya,data-node-16,9.9.2.153,elasticsearch_os_load5,2.95
2023/4/12 20:04,1681301087,cc-cc408-hya,data-node-16,9.9.2.153,elasticsearch_os_load5,2.84
2023/4/12 20:05,1681301147,cc-cc408-hya,data-node-16,9.9.2.153,elasticsearch_os_load5,2.63
2023/4/12 20:06,1681301207,cc-cc408-hya,data-node-16,9.9.2.153,elasticsearch_os_load5,2.49
2023/4/12 20:07,1681301267,cc-cc408-hya,data-node-16,9.9.2.153,elasticsearch_os_load5,2.39
2023/4/12 20:08,1681301327,cc-cc408-hya,data-node-16,9.9.2.153,elasticsearch_os_load5,2.19
2023/4/12 20:09,1681301387,cc-cc408-hya,data-node-16,9.9.2.153,elasticsearch_os_load5,2.24
2023/4/12 20:10,1681301447,cc-cc408-hya,data-node-16,9.9.2.153,elasticsearch_os_load5,2.27
2023/4/12 20:11,1681301507,cc-cc408-hya,data-node-16,9.9.2.153,elasticsearch_os_load5,2.24
2023/4/12 20:12,1681301567,cc-cc408-hya,data-node-16,9.9.2.153,elasticsearch_os_load5,2.46
2023/4/12 20:13,1681301627,cc-cc408-hya,data-node-16,9.9.2.153,elasticsearch_os_load5,2.24
2023/4/12 20:14,1681301687,cc-cc408-hya,data-node-16,9.9.2.153,elasticsearch_os_load5,2.01
2023/4/12 20:15,1681301747,cc-cc408-hya,data-node-16,9.9.2.153,elasticsearch_os_load5,1.91
2023/4/12 20:16,1681301807,cc-cc408-hya,data-node-16,9.9.2.153,elasticsearch_os_load5,2.06
2023/4/12 20:17,1681301867,cc-cc408-hya,data-node-16,9.9.2.153,elasticsearch_os_load5,2.08
2023/4/12 20:18,1681301927,cc-cc408-hya,data-node-16,9.9.2.153,elasticsearch_os_load5,2.07
2023/4/12 20:19,1681301987,cc-cc408-hya,data-node-16,9.9.2.153,elasticsearch_os_load5,2.09
2023/4/12 20:20,1681302047,cc-cc408-hya,data-node-16,9.9.2.153,elasticsearch_os_load5,1.92
2023/4/12 20:21,1681302107,cc-cc408-hya,data-node-16,9.9.2.153,elasticsearch_os_load5,1.77
2023/4/12 20:22,1681302167,cc-cc408-hya,data-node-16,9.9.2.153,elasticsearch_os_load5,1.81
2023/4/12 20:23,1681302227,cc-cc408-hya,data-node-16,9.9.2.153,elasticsearch_os_load5,1.83
2023/4/12 20:24,1681302287,cc-cc408-hya,data-node-16,9.9.2.153,elasticsearch_os_load5,1.74
2023/4/12 20:25,1681302347,cc-cc408-hya,data-node-16,9.9.2.153,elasticsearch_os_load5,2.08
2023/4/12 20:26,1681302407,cc-cc408-hya,data-node-16,9.9.2.153,elasticsearch_os_load5,1.95
2023/4/12 20:27,1681302467,cc-cc408-hya,data-node-16,9.9.2.153,elasticsearch_os_load5,1.95
2023/4/12 20:28,1681302527,cc-cc408-hya,data-node-16,9.9.2.153,elasticsearch_os_load5,1.84
2023/4/12 20:29,1681302587,cc-cc408-hya,data-node-16,9.9.2.153,elasticsearch_os_load5,1.81
2023/4/12 20:30,1681302647,cc-cc408-hya,data-node-16,9.9.2.153,elasticsearch_os_load5,1.83
2023/4/12 20:31,1681302707,cc-cc408-hya,data-node-16,9.9.2.153,elasticsearch_os_load5,1.82
2023/4/12 20:32,1681302767,cc-cc408-hya,data-node-16,9.9.2.153,elasticsearch_os_load5,1.63
2023/4/12 20:33,1681302827,cc-cc408-hya,data-node-16,9.9.2.153,elasticsearch_os_load5,1.61
2023/4/12 20:34,1681302887,cc-cc408-hya,data-node-16,9.9.2.153,elasticsearch_os_load5,1.55
2023/4/12 20:35,1681302947,cc-cc408-hya,data-node-16,9.9.2.153,elasticsearch_os_load5,1.52
2023/4/12 20:36,1681303007,cc-cc408-hya,data-node-16,9.9.2.153,elasticsearch_os_load5,1.41
2023/4/12 20:37,1681303067,cc-cc408-hya,data-node-16,9.9.2.153,elasticsearch_os_load5,1.48
2023/4/12 20:38,1681303127,cc-cc408-hya,data-node-16,9.9.2.153,elasticsearch_os_load5,1.39
2023/4/12 20:39,1681303187,cc-cc408-hya,data-node-16,9.9.2.153,elasticsearch_os_load5,1.29
2023/4/12 20:40,1681303247,cc-cc408-hya,data-node-16,9.9.2.153,elasticsearch_os_load5,1.25
2023/4/12 20:41,1681303307,cc-cc408-hya,data-node-16,9.9.2.153,elasticsearch_os_load5,1.18
2023/4/12 20:42,1681303367,cc-cc408-hya,data-node-16,9.9.2.153,elasticsearch_os_load5,1.14
2023/4/12 20:43,1681303427,cc-cc408-hya,data-node-16,9.9.2.153,elasticsearch_os_load5,1.19
2023/4/12 20:44,1681303487,cc-cc408-hya,data-node-16,9.9.2.153,elasticsearch_os_load5,1.39
2023/4/12 20:45,1681303547,cc-cc408-hya,data-node-16,9.9.2.153,elasticsearch_os_load5,1.42
2023/4/12 20:46,1681303607,cc-cc408-hya,data-node-16,9.9.2.153,elasticsearch_os_load5,1.51
2023/4/12 20:47,1681303667,cc-cc408-hya,data-node-16,9.9.2.153,elasticsearch_os_load5,1.39
2023/4/12 20:48,1681303727,cc-cc408-hya,data-node-16,9.9.2.153,elasticsearch_os_load5,1.28
2023/4/12 20:49,1681303787,cc-cc408-hya,data-node-16,9.9.2.153,elasticsearch_os_load5,1.2
2023/4/12 20:50,1681303847,cc-cc408-hya,data-node-16,9.9.2.153,elasticsearch_os_load5,1.19
2023/4/12 20:51,1681303907,cc-cc408-hya,data-node-16,9.9.2.153,elasticsearch_os_load5,1.06
2023/4/12 20:52,1681303967,cc-cc408-hya,data-node-16,9.9.2.153,elasticsearch_os_load5,1.09
2023/4/12 20:53,1681304027,cc-cc408-hya,data-node-16,9.9.2.153,elasticsearch_os_load5,1.04
2023/4/12 20:54,1681304087,cc-cc408-hya,data-node-16,9.9.2.153,elasticsearch_os_load5,1.01
2023/4/12 20:55,1681304147,cc-cc408-hya,data-node-16,9.9.2.153,elasticsearch_os_load5,1.04
2023/4/12 20:56,1681304207,cc-cc408-hya,data-node-16,9.9.2.153,elasticsearch_os_load5,1.02
2023/4/12 20:57,1681304267,cc-cc408-hya,data-node-16,9.9.2.153,elasticsearch_os_load5,1.16
2023/4/12 20:58,1681304327,cc-cc408-hya,data-node-16,9.9.2.153,elasticsearch_os_load5,1.05
2023/4/12 20:59,1681304387,cc-cc408-hya,data-node-16,9.9.2.153,elasticsearch_os_load5,0.97
2023/4/12 21:00,1681304447,cc-cc408-hya,data-node-16,9.9.2.153,elasticsearch_os_load5,0.95
2023/4/12 21:01,1681304507,cc-cc408-hya,data-node-16,9.9.2.153,elasticsearch_os_load5,0.99
2023/4/12 21:02,1681304567,cc-cc408-hya,data-node-16,9.9.2.153,elasticsearch_os_load5,0.95
2023/4/12 21:03,1681304627,cc-cc408-hya,data-node-16,9.9.2.153,elasticsearch_os_load5,1.11
2023/4/12 21:04,1681304687,cc-cc408-hya,data-node-16,9.9.2.153,elasticsearch_os_load5,1.41
2023/4/12 21:05,1681304747,cc-cc408-hya,data-node-16,9.9.2.153,elasticsearch_os_load5,1.41
2023/4/12 21:06,1681304807,cc-cc408-hya,data-node-16,9.9.2.153,elasticsearch_os_load5,1.37
2023/4/12 21:07,1681304867,cc-cc408-hya,data-node-16,9.9.2.153,elasticsearch_os_load5,1.29
2023/4/12 21:08,1681304927,cc-cc408-hya,data-node-16,9.9.2.153,elasticsearch_os_load5,1.27
2023/4/12 21:09,1681304987,cc-cc408-hya,data-node-16,9.9.2.153,elasticsearch_os_load5,1.23
2023/4/12 21:10,1681305047,cc-cc408-hya,data-node-16,9.9.2.153,elasticsearch_os_load5,1.21
2023/4/12 21:11,1681305107,cc-cc408-hya,data-node-16,9.9.2.153,elasticsearch_os_load5,1.19
2023/4/12 21:12,1681305167,cc-cc408-hya,data-node-16,9.9.2.153,elasticsearch_os_load5,1.14
2023/4/12 21:13,1681305227,cc-cc408-hya,data-node-16,9.9.2.153,elasticsearch_os_load5,1.09
2023/4/12 21:14,1681305287,cc-cc408-hya,data-node-16,9.9.2.153,elasticsearch_os_load5,1.12
2023/4/12 21:15,1681305347,cc-cc408-hya,data-node-16,9.9.2.153,elasticsearch_os_load5,1.13
2023/4/12 21:16,1681305407,cc-cc408-hya,data-node-16,9.9.2.153,elasticsearch_os_load5,1.16
2023/4/12 21:17,1681305467,cc-cc408-hya,data-node-16,9.9.2.153,elasticsearch_os_load5,1.02
2023/4/12 21:18,1681305527,cc-cc408-hya,data-node-16,9.9.2.153,elasticsearch_os_load5,0.93
2023/4/12 21:19,1681305587,cc-cc408-hya,data-node-16,9.9.2.153,elasticsearch_os_load5,0.88
2023/4/12 21:20,1681305647,cc-cc408-hya,data-node-16,9.9.2.153,elasticsearch_os_load5,0.9
2023/4/12 21:21,1681305707,cc-cc408-hya,data-node-16,9.9.2.153,elasticsearch_os_load5,1.02
2023/4/12 21:22,1681305767,cc-cc408-hya,data-node-16,9.9.2.153,elasticsearch_os_load5,0.9
2023/4/12 21:23,1681305827,cc-cc408-hya,data-node-16,9.9.2.153,elasticsearch_os_load5,1.02
2023/4/12 21:24,1681305887,cc-cc408-hya,data-node-16,9.9.2.153,elasticsearch_os_load5,0.93
2023/4/12 21:25,1681305947,cc-cc408-hya,data-node-16,9.9.2.153,elasticsearch_os_load5,0.96
2023/4/12 21:26,1681306007,cc-cc408-hya,data-node-16,9.9.2.153,elasticsearch_os_load5,1.08
2023/4/12 21:27,1681306067,cc-cc408-hya,data-node-16,9.9.2.153,elasticsearch_os_load5,1.36
2023/4/12 21:28,1681306127,cc-cc408-hya,data-node-16,9.9.2.153,elasticsearch_os_load5,1.31
2023/4/12 21:29,1681306187,cc-cc408-hya,data-node-16,9.9.2.153,elasticsearch_os_load5,1.27
2023/4/12 21:30,1681306247,cc-cc408-hya,data-node-16,9.9.2.153,elasticsearch_os_load5,1.17
2023/4/12 21:31,1681306307,cc-cc408-hya,data-node-16,9.9.2.153,elasticsearch_os_load5,1.14
2023/4/12 21:32,1681306367,cc-cc408-hya,data-node-16,9.9.2.153,elasticsearch_os_load5,1.11
2023/4/12 21:33,1681306427,cc-cc408-hya,data-node-16,9.9.2.153,elasticsearch_os_load5,0.99
2023/4/12 21:34,1681306487,cc-cc408-hya,data-node-16,9.9.2.153,elasticsearch_os_load5,0.93
2023/4/12 21:35,1681306547,cc-cc408-hya,data-node-16,9.9.2.153,elasticsearch_os_load5,0.82
2023/4/12 21:36,1681306607,cc-cc408-hya,data-node-16,9.9.2.153,elasticsearch_os_load5,0.8
2023/4/12 21:37,1681306667,cc-cc408-hya,data-node-16,9.9.2.153,elasticsearch_os_load5,0.74
2023/4/12 21:38,1681306727,cc-cc408-hya,data-node-16,9.9.2.153,elasticsearch_os_load5,0.71
2023/4/12 21:39,1681306787,cc-cc408-hya,data-node-16,9.9.2.153,elasticsearch_os_load5,0.77
2023/4/12 21:40,1681306847,cc-cc408-hya,data-node-16,9.9.2.153,elasticsearch_os_load5,0.75
2023/4/12 21:41,1681306907,cc-cc408-hya,data-node-16,9.9.2.153,elasticsearch_os_load5,0.72
2023/4/12 21:42,1681306967,cc-cc408-hya,data-node-16,9.9.2.153,elasticsearch_os_load5,0.72
2023/4/12 21:43,1681307027,cc-cc408-hya,data-node-16,9.9.2.153,elasticsearch_os_load5,0.66
2023/4/12 21:44,1681307087,cc-cc408-hya,data-node-16,9.9.2.153,elasticsearch_os_load5,0.68
2023/4/12 21:45,1681307147,cc-cc408-hya,data-node-16,9.9.2.153,elasticsearch_os_load5,0.86
2023/4/12 21:46,1681307207,cc-cc408-hya,data-node-16,9.9.2.153,elasticsearch_os_load5,1.02
2023/4/12 21:47,1681307267,cc-cc408-hya,data-node-16,9.9.2.153,elasticsearch_os_load5,1.17
2023/4/12 21:48,1681307327,cc-cc408-hya,data-node-16,9.9.2.153,elasticsearch_os_load5,1.06
2023/4/12 21:49,1681307387,cc-cc408-hya,data-node-16,9.9.2.153,elasticsearch_os_load5,0.99
2023/4/12 21:50,1681307447,cc-cc408-hya,data-node-16,9.9.2.153,elasticsearch_os_load5,1.01
2023/4/12 21:51,1681307507,cc-cc408-hya,data-node-16,9.9.2.153,elasticsearch_os_load5,1.03
2023/4/12 21:52,1681307567,cc-cc408-hya,data-node-16,9.9.2.153,elasticsearch_os_load5,1.07
2023/4/12 21:53,1681307627,cc-cc408-hya,data-node-16,9.9.2.153,elasticsearch_os_load5,1.04
2023/4/12 21:54,1681307687,cc-cc408-hya,data-node-16,9.9.2.153,elasticsearch_os_load5,1.01
2023/4/12 21:55,1681307747,cc-cc408-hya,data-node-16,9.9.2.153,elasticsearch_os_load5,1.11
2023/4/12 21:56,1681307807,cc-cc408-hya,data-node-16,9.9.2.153,elasticsearch_os_load5,1.02
2023/4/12 21:57,1681307867,cc-cc408-hya,data-node-16,9.9.2.153,elasticsearch_os_load5,1.09
2023/4/12 21:58,1681307927,cc-cc408-hya,data-node-16,9.9.2.153,elasticsearch_os_load5,0.93
2023/4/12 21:59,1681307987,cc-cc408-hya,data-node-16,9.9.2.153,elasticsearch_os_load5,0.92
2023/4/12 22:00,1681308047,cc-cc408-hya,data-node-16,9.9.2.153,elasticsearch_os_load5,0.83
2023/4/12 22:01,1681308107,cc-cc408-hya,data-node-16,9.9.2.153,elasticsearch_os_load5,0.85
2023/4/12 22:02,1681308167,cc-cc408-hya,data-node-16,9.9.2.153,elasticsearch_os_load5,0.82
2023/4/12 22:03,1681308227,cc-cc408-hya,data-node-16,9.9.2.153,elasticsearch_os_load5,0.79
2023/4/12 22:04,1681308287,cc-cc408-hya,data-node-16,9.9.2.153,elasticsearch_os_load5,0.75
2023/4/12 22:05,1681308347,cc-cc408-hya,data-node-16,9.9.2.153,elasticsearch_os_load5,0.73
2023/4/12 22:06,1681308407,cc-cc408-hya,data-node-16,9.9.2.153,elasticsearch_os_load5,0.69
2023/4/12 22:07,1681308467,cc-cc408-hya,data-node-16,9.9.2.153,elasticsearch_os_load5,0.8
2023/4/12 22:08,1681308527,cc-cc408-hya,data-node-16,9.9.2.153,elasticsearch_os_load5,0.95
2023/4/12 22:09,1681308587,cc-cc408-hya,data-node-16,9.9.2.153,elasticsearch_os_load5,1.07
2023/4/12 22:10,1681308647,cc-cc408-hya,data-node-16,9.9.2.153,elasticsearch_os_load5,1.11
2023/4/12 22:11,1681308707,cc-cc408-hya,data-node-16,9.9.2.153,elasticsearch_os_load5,1.12
2023/4/12 22:12,1681308767,cc-cc408-hya,data-node-16,9.9.2.153,elasticsearch_os_load5,0.99
2023/4/12 22:13,1681308827,cc-cc408-hya,data-node-16,9.9.2.153,elasticsearch_os_load5,0.93
2023/4/12 22:14,1681308887,cc-cc408-hya,data-node-16,9.9.2.153,elasticsearch_os_load5,0.87
2023/4/12 22:15,1681308947,cc-cc408-hya,data-node-16,9.9.2.153,elasticsearch_os_load5,0.82
2023/4/12 22:16,1681309007,cc-cc408-hya,data-node-16,9.9.2.153,elasticsearch_os_load5,0.83
2023/4/12 22:17,1681309067,cc-cc408-hya,data-node-16,9.9.2.153,elasticsearch_os_load5,0.82
2023/4/12 22:18,1681309127,cc-cc408-hya,data-node-16,9.9.2.153,elasticsearch_os_load5,0.7
2023/4/12 22:19,1681309187,cc-cc408-hya,data-node-16,9.9.2.153,elasticsearch_os_load5,0.69
2023/4/12 22:20,1681309247,cc-cc408-hya,data-node-16,9.9.2.153,elasticsearch_os_load5,0.71
2023/4/12 22:21,1681309307,cc-cc408-hya,data-node-16,9.9.2.153,elasticsearch_os_load5,0.66
2023/4/12 22:22,1681309367,cc-cc408-hya,data-node-16,9.9.2.153,elasticsearch_os_load5,0.64
2023/4/12 22:23,1681309427,cc-cc408-hya,data-node-16,9.9.2.153,elasticsearch_os_load5,0.66
2023/4/12 22:24,1681309487,cc-cc408-hya,data-node-16,9.9.2.153,elasticsearch_os_load5,0.68
2023/4/12 22:25,1681309547,cc-cc408-hya,data-node-16,9.9.2.153,elasticsearch_os_load5,0.62
2023/4/12 22:26,1681309607,cc-cc408-hya,data-node-16,9.9.2.153,elasticsearch_os_load5,0.64
2023/4/12 22:27,1681309667,cc-cc408-hya,data-node-16,9.9.2.153,elasticsearch_os_load5,0.8
2023/4/12 22:28,1681309727,cc-cc408-hya,data-node-16,9.9.2.153,elasticsearch_os_load5,0.89
2023/4/12 22:29,1681309787,cc-cc408-hya,data-node-16,9.9.2.153,elasticsearch_os_load5,0.94
2023/4/12 22:30,1681309847,cc-cc408-hya,data-node-16,9.9.2.153,elasticsearch_os_load5,1.08
2023/4/12 22:31,1681309907,cc-cc408-hya,data-node-16,9.9.2.153,elasticsearch_os_load5,1.11
2023/4/12 22:32,1681309967,cc-cc408-hya,data-node-16,9.9.2.153,elasticsearch_os_load5,1.11
2023/4/12 22:33,1681310027,cc-cc408-hya,data-node-16,9.9.2.153,elasticsearch_os_load5,1.01
2023/4/12 22:34,1681310087,cc-cc408-hya,data-node-16,9.9.2.153,elasticsearch_os_load5,0.91
2023/4/12 22:35,1681310147,cc-cc408-hya,data-node-16,9.9.2.153,elasticsearch_os_load5,0.9
2023/4/12 22:36,1681310207,cc-cc408-hya,data-node-16,9.9.2.153,elasticsearch_os_load5,0.88
2023/4/12 22:37,1681310267,cc-cc408-hya,data-node-16,9.9.2.153,elasticsearch_os_load5,1.02
2023/4/12 22:38,1681310327,cc-cc408-hya,data-node-16,9.9.2.153,elasticsearch_os_load5,0.98
2023/4/12 22:39,1681310387,cc-cc408-hya,data-node-16,9.9.2.153,elasticsearch_os_load5,0.98
2023/4/12 22:40,1681310447,cc-cc408-hya,data-node-16,9.9.2.153,elasticsearch_os_load5,1.03
2023/4/12 22:41,1681310507,cc-cc408-hya,data-node-16,9.9.2.153,elasticsearch_os_load5,1.1
2023/4/12 22:42,1681310567,cc-cc408-hya,data-node-16,9.9.2.153,elasticsearch_os_load5,1.12
2023/4/12 22:43,1681310627,cc-cc408-hya,data-node-16,9.9.2.153,elasticsearch_os_load5,1.25
2023/4/12 22:44,1681310687,cc-cc408-hya,data-node-16,9.9.2.153,elasticsearch_os_load5,1.22
2023/4/12 22:45,1681310747,cc-cc408-hya,data-node-16,9.9.2.153,elasticsearch_os_load5,1.07
2023/4/12 22:46,1681310807,cc-cc408-hya,data-node-16,9.9.2.153,elasticsearch_os_load5,1.07
2023/4/12 22:47,1681310867,cc-cc408-hya,data-node-16,9.9.2.153,elasticsearch_os_load5,1.08
2023/4/12 22:48,1681310927,cc-cc408-hya,data-node-16,9.9.2.153,elasticsearch_os_load5,0.98
2023/4/12 22:49,1681310987,cc-cc408-hya,data-node-16,9.9.2.153,elasticsearch_os_load5,0.95
2023/4/12 22:50,1681311047,cc-cc408-hya,data-node-16,9.9.2.153,elasticsearch_os_load5,1.1
2023/4/12 22:51,1681311107,cc-cc408-hya,data-node-16,9.9.2.153,elasticsearch_os_load5,1.21
2023/4/12 22:52,1681311167,cc-cc408-hya,data-node-16,9.9.2.153,elasticsearch_os_load5,1.25
2023/4/12 22:53,1681311227,cc-cc408-hya,data-node-16,9.9.2.153,elasticsearch_os_load5,1.37
2023/4/12 22:54,1681311287,cc-cc408-hya,data-node-16,9.9.2.153,elasticsearch_os_load5,1.37
2023/4/12 22:55,1681311347,cc-cc408-hya,data-node-16,9.9.2.153,elasticsearch_os_load5,1.4
2023/4/12 22:56,1681311407,cc-cc408-hya,data-node-16,9.9.2.153,elasticsearch_os_load5,1.21
2023/4/12 22:57,1681311467,cc-cc408-hya,data-node-16,9.9.2.153,elasticsearch_os_load5,1.04
2023/4/12 22:58,1681311527,cc-cc408-hya,data-node-16,9.9.2.153,elasticsearch_os_load5,0.96
2023/4/12 22:59,1681311587,cc-cc408-hya,data-node-16,9.9.2.153,elasticsearch_os_load5,0.83
2023/4/12 23:00,1681311647,cc-cc408-hya,data-node-16,9.9.2.153,elasticsearch_os_load5,0.77
2023/4/12 23:01,1681311707,cc-cc408-hya,data-node-16,9.9.2.153,elasticsearch_os_load5,0.94
2023/4/12 23:02,1681311767,cc-cc408-hya,data-node-16,9.9.2.153,elasticsearch_os_load5,0.95
2023/4/12 23:03,1681311827,cc-cc408-hya,data-node-16,9.9.2.153,elasticsearch_os_load5,1.05
2023/4/12 23:04,1681311887,cc-cc408-hya,data-node-16,9.9.2.153,elasticsearch_os_load5,1.02
2023/4/12 23:05,1681311947,cc-cc408-hya,data-node-16,9.9.2.153,elasticsearch_os_load5,0.99
2023/4/12 23:06,1681312007,cc-cc408-hya,data-node-16,9.9.2.153,elasticsearch_os_load5,0.88
2023/4/12 23:07,1681312067,cc-cc408-hya,data-node-16,9.9.2.153,elasticsearch_os_load5,0.85
2023/4/12 23:08,1681312127,cc-cc408-hya,data-node-16,9.9.2.153,elasticsearch_os_load5,0.91
2023/4/12 23:09,1681312187,cc-cc408-hya,data-node-16,9.9.2.153,elasticsearch_os_load5,0.97
2023/4/12 23:10,1681312247,cc-cc408-hya,data-node-16,9.9.2.153,elasticsearch_os_load5,0.92
2023/4/12 23:11,1681312307,cc-cc408-hya,data-node-16,9.9.2.153,elasticsearch_os_load5,0.94
2023/4/12 23:12,1681312367,cc-cc408-hya,data-node-16,9.9.2.153,elasticsearch_os_load5,0.95
2023/4/12 23:13,1681312427,cc-cc408-hya,data-node-16,9.9.2.153,elasticsearch_os_load5,0.83
2023/4/12 23:14,1681312487,cc-cc408-hya,data-node-16,9.9.2.153,elasticsearch_os_load5,1
2023/4/12 23:15,1681312547,cc-cc408-hya,data-node-16,9.9.2.153,elasticsearch_os_load5,0.95
2023/4/12 23:16,1681312607,cc-cc408-hya,data-node-16,9.9.2.153,elasticsearch_os_load5,0.9
2023/4/12 23:17,1681312667,cc-cc408-hya,data-node-16,9.9.2.153,elasticsearch_os_load5,0.92
2023/4/12 23:18,1681312727,cc-cc408-hya,data-node-16,9.9.2.153,elasticsearch_os_load5,1.05
2023/4/12 23:19,1681312787,cc-cc408-hya,data-node-16,9.9.2.153,elasticsearch_os_load5,1.19
2023/4/12 23:20,1681312847,cc-cc408-hya,data-node-16,9.9.2.153,elasticsearch_os_load5,1.28
2023/4/12 23:21,1681312907,cc-cc408-hya,data-node-16,9.9.2.153,elasticsearch_os_load5,1.41
2023/4/12 23:22,1681312967,cc-cc408-hya,data-node-16,9.9.2.153,elasticsearch_os_load5,1.37
2023/4/12 23:23,1681313027,cc-cc408-hya,data-node-16,9.9.2.153,elasticsearch_os_load5,1.27
2023/4/12 23:24,1681313087,cc-cc408-hya,data-node-16,9.9.2.153,elasticsearch_os_load5,1.28
2023/4/12 23:25,1681313147,cc-cc408-hya,data-node-16,9.9.2.153,elasticsearch_os_load5,1.32
2023/4/12 23:26,1681313207,cc-cc408-hya,data-node-16,9.9.2.153,elasticsearch_os_load5,1.26
2023/4/12 23:27,1681313267,cc-cc408-hya,data-node-16,9.9.2.153,elasticsearch_os_load5,1.14
2023/4/12 23:28,1681313327,cc-cc408-hya,data-node-16,9.9.2.153,elasticsearch_os_load5,1.04
2023/4/12 23:29,1681313387,cc-cc408-hya,data-node-16,9.9.2.153,elasticsearch_os_load5,0.94
2023/4/12 23:30,1681313447,cc-cc408-hya,data-node-16,9.9.2.153,elasticsearch_os_load5,0.87
2023/4/12 23:31,1681313507,cc-cc408-hya,data-node-16,9.9.2.153,elasticsearch_os_load5,0.85
2023/4/12 23:32,1681313567,cc-cc408-hya,data-node-16,9.9.2.153,elasticsearch_os_load5,0.85
2023/4/12 23:33,1681313627,cc-cc408-hya,data-node-16,9.9.2.153,elasticsearch_os_load5,0.92
2023/4/12 23:34,1681313687,cc-cc408-hya,data-node-16,9.9.2.153,elasticsearch_os_load5,1.13
2023/4/12 23:35,1681313747,cc-cc408-hya,data-node-16,9.9.2.153,elasticsearch_os_load5,1.17
2023/4/12 23:36,1681313807,cc-cc408-hya,data-node-16,9.9.2.153,elasticsearch_os_load5,1.2
2023/4/12 23:37,1681313867,cc-cc408-hya,data-node-16,9.9.2.153,elasticsearch_os_load5,1.13
2023/4/12 23:38,1681313927,cc-cc408-hya,data-node-16,9.9.2.153,elasticsearch_os_load5,0.95
2023/4/12 23:39,1681313987,cc-cc408-hya,data-node-16,9.9.2.153,elasticsearch_os_load5,0.9
2023/4/12 23:40,1681314047,cc-cc408-hya,data-node-16,9.9.2.153,elasticsearch_os_load5,0.96
2023/4/12 23:41,1681314107,cc-cc408-hya,data-node-16,9.9.2.153,elasticsearch_os_load5,0.94
2023/4/12 23:42,1681314167,cc-cc408-hya,data-node-16,9.9.2.153,elasticsearch_os_load5,0.91
2023/4/12 23:43,1681314227,cc-cc408-hya,data-node-16,9.9.2.153,elasticsearch_os_load5,0.83
2023/4/12 23:44,1681314287,cc-cc408-hya,data-node-16,9.9.2.153,elasticsearch_os_load5,0.84
2023/4/12 23:45,1681314347,cc-cc408-hya,data-node-16,9.9.2.153,elasticsearch_os_load5,0.78
2023/4/12 23:46,1681314407,cc-cc408-hya,data-node-16,9.9.2.153,elasticsearch_os_load5,0.75
2023/4/12 23:47,1681314467,cc-cc408-hya,data-node-16,9.9.2.153,elasticsearch_os_load5,0.72
2023/4/12 23:48,1681314527,cc-cc408-hya,data-node-16,9.9.2.153,elasticsearch_os_load5,0.73
2023/4/12 23:49,1681314587,cc-cc408-hya,data-node-16,9.9.2.153,elasticsearch_os_load5,0.65
2023/4/12 23:50,1681314647,cc-cc408-hya,data-node-16,9.9.2.153,elasticsearch_os_load5,0.88
2023/4/12 23:51,1681314707,cc-cc408-hya,data-node-16,9.9.2.153,elasticsearch_os_load5,0.95
2023/4/12 23:52,1681314767,cc-cc408-hya,data-node-16,9.9.2.153,elasticsearch_os_load5,0.87
2023/4/12 23:53,1681314827,cc-cc408-hya,data-node-16,9.9.2.153,elasticsearch_os_load5,0.78
2023/4/12 23:54,1681314887,cc-cc408-hya,data-node-16,9.9.2.153,elasticsearch_os_load5,0.71
2023/4/12 23:55,1681314947,cc-cc408-hya,data-node-16,9.9.2.153,elasticsearch_os_load5,0.67
2023/4/12 23:56,1681315007,cc-cc408-hya,data-node-16,9.9.2.153,elasticsearch_os_load5,0.71
2023/4/12 23:57,1681315067,cc-cc408-hya,data-node-16,9.9.2.153,elasticsearch_os_load5,0.66
2023/4/12 23:58,1681315127,cc-cc408-hya,data-node-16,9.9.2.153,elasticsearch_os_load5,0.56
2023/4/12 23:59,1681315187,cc-cc408-hya,data-node-16,9.9.2.153,elasticsearch_os_load5,0.57
2023/4/13 0:00,1681315247,cc-cc408-hya,data-node-16,9.9.2.153,elasticsearch_os_load5,0.51
2023/4/13 0:01,1681315307,cc-cc408-hya,data-node-16,9.9.2.153,elasticsearch_os_load5,0.56
2023/4/13 0:02,1681315367,cc-cc408-hya,data-node-16,9.9.2.153,elasticsearch_os_load5,0.59
2023/4/13 0:03,1681315427,cc-cc408-hya,data-node-16,9.9.2.153,elasticsearch_os_load5,0.58
2023/4/13 0:04,1681315487,cc-cc408-hya,data-node-16,9.9.2.153,elasticsearch_os_load5,0.64
2023/4/13 0:05,1681315547,cc-cc408-hya,data-node-16,9.9.2.153,elasticsearch_os_load5,0.55
2023/4/13 0:06,1681315607,cc-cc408-hya,data-node-16,9.9.2.153,elasticsearch_os_load5,0.49
2023/4/13 0:07,1681315667,cc-cc408-hya,data-node-16,9.9.2.153,elasticsearch_os_load5,0.45
2023/4/13 0:08,1681315727,cc-cc408-hya,data-node-16,9.9.2.153,elasticsearch_os_load5,0.4
2023/4/13 0:09,1681315787,cc-cc408-hya,data-node-16,9.9.2.153,elasticsearch_os_load5,0.4
2023/4/13 0:10,1681315847,cc-cc408-hya,data-node-16,9.9.2.153,elasticsearch_os_load5,0.42
2023/4/13 0:11,1681315907,cc-cc408-hya,data-node-16,9.9.2.153,elasticsearch_os_load5,0.39
2023/4/13 0:12,1681315967,cc-cc408-hya,data-node-16,9.9.2.153,elasticsearch_os_load5,0.36
2023/4/13 0:13,1681316027,cc-cc408-hya,data-node-16,9.9.2.153,elasticsearch_os_load5,0.32
2023/4/13 0:14,1681316087,cc-cc408-hya,data-node-16,9.9.2.153,elasticsearch_os_load5,0.28
2023/4/13 0:15,1681316147,cc-cc408-hya,data-node-16,9.9.2.153,elasticsearch_os_load5,0.4
2023/4/13 0:16,1681316207,cc-cc408-hya,data-node-16,9.9.2.153,elasticsearch_os_load5,0.6
2023/4/13 0:17,1681316267,cc-cc408-hya,data-node-16,9.9.2.153,elasticsearch_os_load5,0.7
2023/4/13 0:18,1681316327,cc-cc408-hya,data-node-16,9.9.2.153,elasticsearch_os_load5,0.64
2023/4/13 0:19,1681316387,cc-cc408-hya,data-node-16,9.9.2.153,elasticsearch_os_load5,0.68
2023/4/13 0:20,1681316447,cc-cc408-hya,data-node-16,9.9.2.153,elasticsearch_os_load5,0.68
2023/4/13 0:21,1681316507,cc-cc408-hya,data-node-16,9.9.2.153,elasticsearch_os_load5,0.78
2023/4/13 0:22,1681316567,cc-cc408-hya,data-node-16,9.9.2.153,elasticsearch_os_load5,0.73
2023/4/13 0:23,1681316627,cc-cc408-hya,data-node-16,9.9.2.153,elasticsearch_os_load5,0.68
2023/4/13 0:24,1681316687,cc-cc408-hya,data-node-16,9.9.2.153,elasticsearch_os_load5,0.71
2023/4/13 0:25,1681316747,cc-cc408-hya,data-node-16,9.9.2.153,elasticsearch_os_load5,0.81
2023/4/13 0:26,1681316807,cc-cc408-hya,data-node-16,9.9.2.153,elasticsearch_os_load5,0.89
2023/4/13 0:27,1681316867,cc-cc408-hya,data-node-16,9.9.2.153,elasticsearch_os_load5,0.87
2023/4/13 0:28,1681316927,cc-cc408-hya,data-node-16,9.9.2.153,elasticsearch_os_load5,0.88
2023/4/13 0:29,1681316987,cc-cc408-hya,data-node-16,9.9.2.153,elasticsearch_os_load5,0.87
2023/4/13 0:30,1681317047,cc-cc408-hya,data-node-16,9.9.2.153,elasticsearch_os_load5,0.89
2023/4/13 0:31,1681317107,cc-cc408-hya,data-node-16,9.9.2.153,elasticsearch_os_load5,0.85
2023/4/13 0:32,1681317167,cc-cc408-hya,data-node-16,9.9.2.153,elasticsearch_os_load5,0.95
2023/4/13 0:33,1681317227,cc-cc408-hya,data-node-16,9.9.2.153,elasticsearch_os_load5,0.98
2023/4/13 0:34,1681317287,cc-cc408-hya,data-node-16,9.9.2.153,elasticsearch_os_load5,1.03
2023/4/13 0:35,1681317347,cc-cc408-hya,data-node-16,9.9.2.153,elasticsearch_os_load5,1.08
2023/4/13 0:36,1681317407,cc-cc408-hya,data-node-16,9.9.2.153,elasticsearch_os_load5,1.07
2023/4/13 0:37,1681317467,cc-cc408-hya,data-node-16,9.9.2.153,elasticsearch_os_load5,1.04
2023/4/13 0:38,1681317527,cc-cc408-hya,data-node-16,9.9.2.153,elasticsearch_os_load5,1.11
2023/4/13 0:39,1681317587,cc-cc408-hya,data-node-16,9.9.2.153,elasticsearch_os_load5,1.06
2023/4/13 0:40,1681317647,cc-cc408-hya,data-node-16,9.9.2.153,elasticsearch_os_load5,1.05
2023/4/13 0:41,1681317707,cc-cc408-hya,data-node-16,9.9.2.153,elasticsearch_os_load5,1.04
2023/4/13 0:42,1681317767,cc-cc408-hya,data-node-16,9.9.2.153,elasticsearch_os_load5,1.06
2023/4/13 0:43,1681317827,cc-cc408-hya,data-node-16,9.9.2.153,elasticsearch_os_load5,1.06
2023/4/13 0:44,1681317887,cc-cc408-hya,data-node-16,9.9.2.153,elasticsearch_os_load5,1.01
2023/4/13 0:45,1681317947,cc-cc408-hya,data-node-16,9.9.2.153,elasticsearch_os_load5,1.02
2023/4/13 0:46,1681318007,cc-cc408-hya,data-node-16,9.9.2.153,elasticsearch_os_load5,0.9
2023/4/13 0:47,1681318067,cc-cc408-hya,data-node-16,9.9.2.153,elasticsearch_os_load5,0.87
2023/4/13 0:48,1681318127,cc-cc408-hya,data-node-16,9.9.2.153,elasticsearch_os_load5,0.85
2023/4/13 0:49,1681318187,cc-cc408-hya,data-node-16,9.9.2.153,elasticsearch_os_load5,0.75
2023/4/13 0:50,1681318247,cc-cc408-hya,data-node-16,9.9.2.153,elasticsearch_os_load5,0.78
2023/4/13 0:51,1681318307,cc-cc408-hya,data-node-16,9.9.2.153,elasticsearch_os_load5,0.73
2023/4/13 0:52,1681318367,cc-cc408-hya,data-node-16,9.9.2.153,elasticsearch_os_load5,0.81
2023/4/13 0:53,1681318427,cc-cc408-hya,data-node-16,9.9.2.153,elasticsearch_os_load5,0.82
2023/4/13 0:54,1681318487,cc-cc408-hya,data-node-16,9.9.2.153,elasticsearch_os_load5,0.87
2023/4/13 0:55,1681318547,cc-cc408-hya,data-node-16,9.9.2.153,elasticsearch_os_load5,0.94
2023/4/13 0:56,1681318607,cc-cc408-hya,data-node-16,9.9.2.153,elasticsearch_os_load5,0.88
2023/4/13 0:57,1681318667,cc-cc408-hya,data-node-16,9.9.2.153,elasticsearch_os_load5,1.02
2023/4/13 0:58,1681318727,cc-cc408-hya,data-node-16,9.9.2.153,elasticsearch_os_load5,1.16
2023/4/13 0:59,1681318787,cc-cc408-hya,data-node-16,9.9.2.153,elasticsearch_os_load5,1.37
2023/4/13 1:00,1681318847,cc-cc408-hya,data-node-16,9.9.2.153,elasticsearch_os_load5,1.29
2023/4/13 1:01,1681318907,cc-cc408-hya,data-node-16,9.9.2.153,elasticsearch_os_load5,1.22
2023/4/13 1:02,1681318967,cc-cc408-hya,data-node-16,9.9.2.153,elasticsearch_os_load5,1.25
2023/4/13 1:03,1681319027,cc-cc408-hya,data-node-16,9.9.2.153,elasticsearch_os_load5,1.2
2023/4/13 1:04,1681319087,cc-cc408-hya,data-node-16,9.9.2.153,elasticsearch_os_load5,1.17
2023/4/13 1:05,1681319147,cc-cc408-hya,data-node-16,9.9.2.153,elasticsearch_os_load5,1.09
2023/4/13 1:06,1681319207,cc-cc408-hya,data-node-16,9.9.2.153,elasticsearch_os_load5,1.04
2023/4/13 1:07,1681319267,cc-cc408-hya,data-node-16,9.9.2.153,elasticsearch_os_load5,1.04
2023/4/13 1:08,1681319327,cc-cc408-hya,data-node-16,9.9.2.153,elasticsearch_os_load5,1.03
2023/4/13 1:09,1681319387,cc-cc408-hya,data-node-16,9.9.2.153,elasticsearch_os_load5,0.95
2023/4/13 1:10,1681319447,cc-cc408-hya,data-node-16,9.9.2.153,elasticsearch_os_load5,0.9
2023/4/13 1:11,1681319507,cc-cc408-hya,data-node-16,9.9.2.153,elasticsearch_os_load5,0.9
2023/4/13 1:12,1681319567,cc-cc408-hya,data-node-16,9.9.2.153,elasticsearch_os_load5,0.88
2023/4/13 1:13,1681319627,cc-cc408-hya,data-node-16,9.9.2.153,elasticsearch_os_load5,0.91
2023/4/13 1:14,1681319687,cc-cc408-hya,data-node-16,9.9.2.153,elasticsearch_os_load5,1.02
2023/4/13 1:15,1681319747,cc-cc408-hya,data-node-16,9.9.2.153,elasticsearch_os_load5,1.1
2023/4/13 1:16,1681319807,cc-cc408-hya,data-node-16,9.9.2.153,elasticsearch_os_load5,1.06
2023/4/13 1:17,1681319867,cc-cc408-hya,data-node-16,9.9.2.153,elasticsearch_os_load5,1.07
2023/4/13 1:18,1681319927,cc-cc408-hya,data-node-16,9.9.2.153,elasticsearch_os_load5,1.05
2023/4/13 1:19,1681319987,cc-cc408-hya,data-node-16,9.9.2.153,elasticsearch_os_load5,1.06
2023/4/13 1:20,1681320047,cc-cc408-hya,data-node-16,9.9.2.153,elasticsearch_os_load5,1
2023/4/13 1:21,1681320107,cc-cc408-hya,data-node-16,9.9.2.153,elasticsearch_os_load5,0.83
2023/4/13 1:22,1681320167,cc-cc408-hya,data-node-16,9.9.2.153,elasticsearch_os_load5,0.69
2023/4/13 1:23,1681320227,cc-cc408-hya,data-node-16,9.9.2.153,elasticsearch_os_load5,0.7
2023/4/13 1:24,1681320287,cc-cc408-hya,data-node-16,9.9.2.153,elasticsearch_os_load5,1.32
2023/4/13 1:25,1681320347,cc-cc408-hya,data-node-16,9.9.2.153,elasticsearch_os_load5,1.11
2023/4/13 1:26,1681320407,cc-cc408-hya,data-node-16,9.9.2.153,elasticsearch_os_load5,0.94
2023/4/13 1:27,1681320467,cc-cc408-hya,data-node-16,9.9.2.153,elasticsearch_os_load5,0.82
2023/4/13 1:28,1681320527,cc-cc408-hya,data-node-16,9.9.2.153,elasticsearch_os_load5,0.67
2023/4/13 1:29,1681320587,cc-cc408-hya,data-node-16,9.9.2.153,elasticsearch_os_load5,0.62
2023/4/13 1:30,1681320647,cc-cc408-hya,data-node-16,9.9.2.153,elasticsearch_os_load5,0.6
2023/4/13 1:31,1681320707,cc-cc408-hya,data-node-16,9.9.2.153,elasticsearch_os_load5,0.53
2023/4/13 1:32,1681320767,cc-cc408-hya,data-node-16,9.9.2.153,elasticsearch_os_load5,0.45
2023/4/13 1:33,1681320827,cc-cc408-hya,data-node-16,9.9.2.153,elasticsearch_os_load5,0.43
2023/4/13 1:34,1681320887,cc-cc408-hya,data-node-16,9.9.2.153,elasticsearch_os_load5,0.36
2023/4/13 1:35,1681320947,cc-cc408-hya,data-node-16,9.9.2.153,elasticsearch_os_load5,0.29
2023/4/13 1:36,1681321007,cc-cc408-hya,data-node-16,9.9.2.153,elasticsearch_os_load5,0.29
2023/4/13 1:37,1681321067,cc-cc408-hya,data-node-16,9.9.2.153,elasticsearch_os_load5,0.23
2023/4/13 1:38,1681321127,cc-cc408-hya,data-node-16,9.9.2.153,elasticsearch_os_load5,0.3
2023/4/13 1:39,1681321187,cc-cc408-hya,data-node-16,9.9.2.153,elasticsearch_os_load5,0.26
2023/4/13 1:40,1681321247,cc-cc408-hya,data-node-16,9.9.2.153,elasticsearch_os_load5,0.48
2023/4/13 1:41,1681321307,cc-cc408-hya,data-node-16,9.9.2.153,elasticsearch_os_load5,0.55
2023/4/13 1:42,1681321367,cc-cc408-hya,data-node-16,9.9.2.153,elasticsearch_os_load5,0.63
2023/4/13 1:43,1681321427,cc-cc408-hya,data-node-16,9.9.2.153,elasticsearch_os_load5,0.64
2023/4/13 1:44,1681321487,cc-cc408-hya,data-node-16,9.9.2.153,elasticsearch_os_load5,0.57
2023/4/13 1:45,1681321547,cc-cc408-hya,data-node-16,9.9.2.153,elasticsearch_os_load5,0.53
2023/4/13 1:46,1681321607,cc-cc408-hya,data-node-16,9.9.2.153,elasticsearch_os_load5,0.47
2023/4/13 1:47,1681321667,cc-cc408-hya,data-node-16,9.9.2.153,elasticsearch_os_load5,0.45
2023/4/13 1:48,1681321727,cc-cc408-hya,data-node-16,9.9.2.153,elasticsearch_os_load5,0.39
2023/4/13 1:49,1681321787,cc-cc408-hya,data-node-16,9.9.2.153,elasticsearch_os_load5,0.39
2023/4/13 1:50,1681321847,cc-cc408-hya,data-node-16,9.9.2.153,elasticsearch_os_load5,0.4
2023/4/13 1:51,1681321907,cc-cc408-hya,data-node-16,9.9.2.153,elasticsearch_os_load5,0.39
2023/4/13 1:52,1681321967,cc-cc408-hya,data-node-16,9.9.2.153,elasticsearch_os_load5,0.36
2023/4/13 1:53,1681322027,cc-cc408-hya,data-node-16,9.9.2.153,elasticsearch_os_load5,0.29
2023/4/13 1:54,1681322087,cc-cc408-hya,data-node-16,9.9.2.153,elasticsearch_os_load5,0.25
2023/4/13 1:55,1681322147,cc-cc408-hya,data-node-16,9.9.2.153,elasticsearch_os_load5,0.27
2023/4/13 1:56,1681322207,cc-cc408-hya,data-node-16,9.9.2.153,elasticsearch_os_load5,0.32
2023/4/13 1:57,1681322267,cc-cc408-hya,data-node-16,9.9.2.153,elasticsearch_os_load5,0.32
2023/4/13 1:58,1681322327,cc-cc408-hya,data-node-16,9.9.2.153,elasticsearch_os_load5,0.29
2023/4/13 1:59,1681322387,cc-cc408-hya,data-node-16,9.9.2.153,elasticsearch_os_load5,0.27
2023/4/13 2:00,1681322447,cc-cc408-hya,data-node-16,9.9.2.153,elasticsearch_os_load5,0.25
2023/4/13 2:01,1681322507,cc-cc408-hya,data-node-16,9.9.2.153,elasticsearch_os_load5,0.27
2023/4/13 2:02,1681322567,cc-cc408-hya,data-node-16,9.9.2.153,elasticsearch_os_load5,0.29
2023/4/13 2:03,1681322627,cc-cc408-hya,data-node-16,9.9.2.153,elasticsearch_os_load5,0.25
2023/4/13 2:04,1681322687,cc-cc408-hya,data-node-16,9.9.2.153,elasticsearch_os_load5,0.27
2023/4/13 2:05,1681322747,cc-cc408-hya,data-node-16,9.9.2.153,elasticsearch_os_load5,0.25
2023/4/13 2:06,1681322807,cc-cc408-hya,data-node-16,9.9.2.153,elasticsearch_os_load5,0.23
2023/4/13 2:07,1681322867,cc-cc408-hya,data-node-16,9.9.2.153,elasticsearch_os_load5,0.2
2023/4/13 2:08,1681322927,cc-cc408-hya,data-node-16,9.9.2.153,elasticsearch_os_load5,0.2
2023/4/13 2:09,1681322987,cc-cc408-hya,data-node-16,9.9.2.153,elasticsearch_os_load5,0.23
2023/4/13 2:10,1681323047,cc-cc408-hya,data-node-16,9.9.2.153,elasticsearch_os_load5,0.19
2023/4/13 2:11,1681323107,cc-cc408-hya,data-node-16,9.9.2.153,elasticsearch_os_load5,0.18
2023/4/13 2:12,1681323167,cc-cc408-hya,data-node-16,9.9.2.153,elasticsearch_os_load5,0.25
2023/4/13 2:13,1681323227,cc-cc408-hya,data-node-16,9.9.2.153,elasticsearch_os_load5,0.31
2023/4/13 2:14,1681323287,cc-cc408-hya,data-node-16,9.9.2.153,elasticsearch_os_load5,0.33
2023/4/13 2:15,1681323347,cc-cc408-hya,data-node-16,9.9.2.153,elasticsearch_os_load5,0.32
2023/4/13 2:16,1681323407,cc-cc408-hya,data-node-16,9.9.2.153,elasticsearch_os_load5,0.35
2023/4/13 2:17,1681323467,cc-cc408-hya,data-node-16,9.9.2.153,elasticsearch_os_load5,0.28
2023/4/13 2:18,1681323527,cc-cc408-hya,data-node-16,9.9.2.153,elasticsearch_os_load5,0.23
2023/4/13 2:19,1681323587,cc-cc408-hya,data-node-16,9.9.2.153,elasticsearch_os_load5,0.2
2023/4/13 2:20,1681323647,cc-cc408-hya,data-node-16,9.9.2.153,elasticsearch_os_load5,0.16
2023/4/13 2:21,1681323707,cc-cc408-hya,data-node-16,9.9.2.153,elasticsearch_os_load5,0.2
2023/4/13 2:22,1681323767,cc-cc408-hya,data-node-16,9.9.2.153,elasticsearch_os_load5,0.36
2023/4/13 2:23,1681323827,cc-cc408-hya,data-node-16,9.9.2.153,elasticsearch_os_load5,0.52
2023/4/13 2:24,1681323887,cc-cc408-hya,data-node-16,9.9.2.153,elasticsearch_os_load5,0.63
2023/4/13 2:25,1681323947,cc-cc408-hya,data-node-16,9.9.2.153,elasticsearch_os_load5,0.57
2023/4/13 2:26,1681324007,cc-cc408-hya,data-node-16,9.9.2.153,elasticsearch_os_load5,0.48
2023/4/13 2:27,1681324067,cc-cc408-hya,data-node-16,9.9.2.153,elasticsearch_os_load5,0.42
2023/4/13 2:28,1681324127,cc-cc408-hya,data-node-16,9.9.2.153,elasticsearch_os_load5,0.36
2023/4/13 2:29,1681324187,cc-cc408-hya,data-node-16,9.9.2.153,elasticsearch_os_load5,0.34
2023/4/13 2:30,1681324247,cc-cc408-hya,data-node-16,9.9.2.153,elasticsearch_os_load5,0.32
2023/4/13 2:31,1681324307,cc-cc408-hya,data-node-16,9.9.2.153,elasticsearch_os_load5,0.29
2023/4/13 2:32,1681324367,cc-cc408-hya,data-node-16,9.9.2.153,elasticsearch_os_load5,0.28
2023/4/13 2:33,1681324427,cc-cc408-hya,data-node-16,9.9.2.153,elasticsearch_os_load5,0.26
2023/4/13 2:34,1681324487,cc-cc408-hya,data-node-16,9.9.2.153,elasticsearch_os_load5,0.26
2023/4/13 2:35,1681324547,cc-cc408-hya,data-node-16,9.9.2.153,elasticsearch_os_load5,0.22
2023/4/13 2:36,1681324607,cc-cc408-hya,data-node-16,9.9.2.153,elasticsearch_os_load5,0.18
2023/4/13 2:37,1681324667,cc-cc408-hya,data-node-16,9.9.2.153,elasticsearch_os_load5,0.49
2023/4/13 2:38,1681324727,cc-cc408-hya,data-node-16,9.9.2.153,elasticsearch_os_load5,0.48
2023/4/13 2:39,1681324787,cc-cc408-hya,data-node-16,9.9.2.153,elasticsearch_os_load5,0.43
2023/4/13 2:40,1681324847,cc-cc408-hya,data-node-16,9.9.2.153,elasticsearch_os_load5,0.47
2023/4/13 2:41,1681324907,cc-cc408-hya,data-node-16,9.9.2.153,elasticsearch_os_load5,0.44
2023/4/13 2:42,1681324967,cc-cc408-hya,data-node-16,9.9.2.153,elasticsearch_os_load5,0.38
2023/4/13 2:43,1681325027,cc-cc408-hya,data-node-16,9.9.2.153,elasticsearch_os_load5,0.33
2023/4/13 2:44,1681325087,cc-cc408-hya,data-node-16,9.9.2.153,elasticsearch_os_load5,0.33
2023/4/13 2:45,1681325147,cc-cc408-hya,data-node-16,9.9.2.153,elasticsearch_os_load5,0.3
2023/4/13 2:46,1681325207,cc-cc408-hya,data-node-16,9.9.2.153,elasticsearch_os_load5,0.26
2023/4/13 2:47,1681325267,cc-cc408-hya,data-node-16,9.9.2.153,elasticsearch_os_load5,0.25
2023/4/13 2:48,1681325327,cc-cc408-hya,data-node-16,9.9.2.153,elasticsearch_os_load5,0.3
2023/4/13 2:49,1681325387,cc-cc408-hya,data-node-16,9.9.2.153,elasticsearch_os_load5,0.26
2023/4/13 2:50,1681325447,cc-cc408-hya,data-node-16,9.9.2.153,elasticsearch_os_load5,0.24
2023/4/13 2:51,1681325507,cc-cc408-hya,data-node-16,9.9.2.153,elasticsearch_os_load5,0.22
2023/4/13 2:52,1681325567,cc-cc408-hya,data-node-16,9.9.2.153,elasticsearch_os_load5,0.21
2023/4/13 2:53,1681325627,cc-cc408-hya,data-node-16,9.9.2.153,elasticsearch_os_load5,0.24
2023/4/13 2:54,1681325687,cc-cc408-hya,data-node-16,9.9.2.153,elasticsearch_os_load5,0.22
2023/4/13 2:55,1681325747,cc-cc408-hya,data-node-16,9.9.2.153,elasticsearch_os_load5,0.23
2023/4/13 2:56,1681325807,cc-cc408-hya,data-node-16,9.9.2.153,elasticsearch_os_load5,0.22
2023/4/13 2:57,1681325867,cc-cc408-hya,data-node-16,9.9.2.153,elasticsearch_os_load5,0.17
2023/4/13 2:58,1681325927,cc-cc408-hya,data-node-16,9.9.2.153,elasticsearch_os_load5,0.19
2023/4/13 2:59,1681325987,cc-cc408-hya,data-node-16,9.9.2.153,elasticsearch_os_load5,0.21
2023/4/13 3:00,1681326047,cc-cc408-hya,data-node-16,9.9.2.153,elasticsearch_os_load5,0.19
2023/4/13 3:01,1681326107,cc-cc408-hya,data-node-16,9.9.2.153,elasticsearch_os_load5,0.15
2023/4/13 3:02,1681326167,cc-cc408-hya,data-node-16,9.9.2.153,elasticsearch_os_load5,0.17
2023/4/13 3:03,1681326227,cc-cc408-hya,data-node-16,9.9.2.153,elasticsearch_os_load5,0.2
2023/4/13 3:04,1681326287,cc-cc408-hya,data-node-16,9.9.2.153,elasticsearch_os_load5,0.27
2023/4/13 3:05,1681326347,cc-cc408-hya,data-node-16,9.9.2.153,elasticsearch_os_load5,0.47
2023/4/13 3:06,1681326407,cc-cc408-hya,data-node-16,9.9.2.153,elasticsearch_os_load5,0.59
2023/4/13 3:07,1681326467,cc-cc408-hya,data-node-16,9.9.2.153,elasticsearch_os_load5,0.51
2023/4/13 3:08,1681326527,cc-cc408-hya,data-node-16,9.9.2.153,elasticsearch_os_load5,0.47
2023/4/13 3:09,1681326587,cc-cc408-hya,data-node-16,9.9.2.153,elasticsearch_os_load5,0.42
2023/4/13 3:10,1681326647,cc-cc408-hya,data-node-16,9.9.2.153,elasticsearch_os_load5,0.45
2023/4/13 3:11,1681326707,cc-cc408-hya,data-node-16,9.9.2.153,elasticsearch_os_load5,0.38
2023/4/13 3:12,1681326767,cc-cc408-hya,data-node-16,9.9.2.153,elasticsearch_os_load5,0.33
2023/4/13 3:13,1681326827,cc-cc408-hya,data-node-16,9.9.2.153,elasticsearch_os_load5,0.29
2023/4/13 3:14,1681326887,cc-cc408-hya,data-node-16,9.9.2.153,elasticsearch_os_load5,0.29
2023/4/13 3:15,1681326947,cc-cc408-hya,data-node-16,9.9.2.153,elasticsearch_os_load5,0.28
2023/4/13 3:16,1681327007,cc-cc408-hya,data-node-16,9.9.2.153,elasticsearch_os_load5,0.24
2023/4/13 3:17,1681327067,cc-cc408-hya,data-node-16,9.9.2.153,elasticsearch_os_load5,0.21
2023/4/13 3:18,1681327127,cc-cc408-hya,data-node-16,9.9.2.153,elasticsearch_os_load5,0.17
2023/4/13 3:19,1681327187,cc-cc408-hya,data-node-16,9.9.2.153,elasticsearch_os_load5,0.43
2023/4/13 3:20,1681327247,cc-cc408-hya,data-node-16,9.9.2.153,elasticsearch_os_load5,0.51
2023/4/13 3:21,1681327307,cc-cc408-hya,data-node-16,9.9.2.153,elasticsearch_os_load5,0.53
2023/4/13 3:22,1681327367,cc-cc408-hya,data-node-16,9.9.2.153,elasticsearch_os_load5,0.51
2023/4/13 3:23,1681327427,cc-cc408-hya,data-node-16,9.9.2.153,elasticsearch_os_load5,0.43
2023/4/13 3:24,1681327487,cc-cc408-hya,data-node-16,9.9.2.153,elasticsearch_os_load5,0.46
2023/4/13 3:25,1681327547,cc-cc408-hya,data-node-16,9.9.2.153,elasticsearch_os_load5,1
2023/4/13 3:26,1681327607,cc-cc408-hya,data-node-16,9.9.2.153,elasticsearch_os_load5,0.89
2023/4/13 3:27,1681327667,cc-cc408-hya,data-node-16,9.9.2.153,elasticsearch_os_load5,0.76
2023/4/13 3:28,1681327727,cc-cc408-hya,data-node-16,9.9.2.153,elasticsearch_os_load5,0.68
2023/4/13 3:29,1681327787,cc-cc408-hya,data-node-16,9.9.2.153,elasticsearch_os_load5,0.57
2023/4/13 3:30,1681327847,cc-cc408-hya,data-node-16,9.9.2.153,elasticsearch_os_load5,0.49
2023/4/13 3:31,1681327907,cc-cc408-hya,data-node-16,9.9.2.153,elasticsearch_os_load5,0.4
2023/4/13 3:32,1681327967,cc-cc408-hya,data-node-16,9.9.2.153,elasticsearch_os_load5,0.34
2023/4/13 3:33,1681328027,cc-cc408-hya,data-node-16,9.9.2.153,elasticsearch_os_load5,0.32
2023/4/13 3:34,1681328087,cc-cc408-hya,data-node-16,9.9.2.153,elasticsearch_os_load5,0.28
2023/4/13 3:35,1681328147,cc-cc408-hya,data-node-16,9.9.2.153,elasticsearch_os_load5,0.24
2023/4/13 3:36,1681328207,cc-cc408-hya,data-node-16,9.9.2.153,elasticsearch_os_load5,0.24
2023/4/13 3:37,1681328267,cc-cc408-hya,data-node-16,9.9.2.153,elasticsearch_os_load5,0.24
2023/4/13 3:38,1681328327,cc-cc408-hya,data-node-16,9.9.2.153,elasticsearch_os_load5,0.22
2023/4/13 3:39,1681328387,cc-cc408-hya,data-node-16,9.9.2.153,elasticsearch_os_load5,0.2
2023/4/13 3:40,1681328447,cc-cc408-hya,data-node-16,9.9.2.153,elasticsearch_os_load5,0.16
2023/4/13 3:41,1681328507,cc-cc408-hya,data-node-16,9.9.2.153,elasticsearch_os_load5,0.14
2023/4/13 3:42,1681328567,cc-cc408-hya,data-node-16,9.9.2.153,elasticsearch_os_load5,0.14
2023/4/13 3:43,1681328627,cc-cc408-hya,data-node-16,9.9.2.153,elasticsearch_os_load5,0.11
2023/4/13 3:44,1681328687,cc-cc408-hya,data-node-16,9.9.2.153,elasticsearch_os_load5,0.12
2023/4/13 3:45,1681328747,cc-cc408-hya,data-node-16,9.9.2.153,elasticsearch_os_load5,0.13
2023/4/13 3:46,1681328807,cc-cc408-hya,data-node-16,9.9.2.153,elasticsearch_os_load5,0.53
2023/4/13 3:47,1681328867,cc-cc408-hya,data-node-16,9.9.2.153,elasticsearch_os_load5,0.57
2023/4/13 3:48,1681328927,cc-cc408-hya,data-node-16,9.9.2.153,elasticsearch_os_load5,0.62
2023/4/13 3:49,1681328987,cc-cc408-hya,data-node-16,9.9.2.153,elasticsearch_os_load5,0.61
2023/4/13 3:50,1681329047,cc-cc408-hya,data-node-16,9.9.2.153,elasticsearch_os_load5,0.62
2023/4/13 3:51,1681329107,cc-cc408-hya,data-node-16,9.9.2.153,elasticsearch_os_load5,0.57
2023/4/13 3:52,1681329167,cc-cc408-hya,data-node-16,9.9.2.153,elasticsearch_os_load5,0.51
2023/4/13 3:53,1681329227,cc-cc408-hya,data-node-16,9.9.2.153,elasticsearch_os_load5,0.43
2023/4/13 3:54,1681329287,cc-cc408-hya,data-node-16,9.9.2.153,elasticsearch_os_load5,0.4
2023/4/13 3:55,1681329347,cc-cc408-hya,data-node-16,9.9.2.153,elasticsearch_os_load5,0.34
2023/4/13 3:56,1681329407,cc-cc408-hya,data-node-16,9.9.2.153,elasticsearch_os_load5,0.32
2023/4/13 3:57,1681329467,cc-cc408-hya,data-node-16,9.9.2.153,elasticsearch_os_load5,0.34
2023/4/13 3:58,1681329527,cc-cc408-hya,data-node-16,9.9.2.153,elasticsearch_os_load5,0.29
2023/4/13 3:59,1681329587,cc-cc408-hya,data-node-16,9.9.2.153,elasticsearch_os_load5,0.25
2023/4/13 4:00,1681329647,cc-cc408-hya,data-node-16,9.9.2.153,elasticsearch_os_load5,0.23
2023/4/13 4:01,1681329707,cc-cc408-hya,data-node-16,9.9.2.153,elasticsearch_os_load5,0.28
2023/4/13 4:02,1681329767,cc-cc408-hya,data-node-16,9.9.2.153,elasticsearch_os_load5,0.45
2023/4/13 4:03,1681329827,cc-cc408-hya,data-node-16,9.9.2.153,elasticsearch_os_load5,0.41
2023/4/13 4:04,1681329887,cc-cc408-hya,data-node-16,9.9.2.153,elasticsearch_os_load5,0.42
2023/4/13 4:05,1681329947,cc-cc408-hya,data-node-16,9.9.2.153,elasticsearch_os_load5,0.4
2023/4/13 4:06,1681330007,cc-cc408-hya,data-node-16,9.9.2.153,elasticsearch_os_load5,0.36
2023/4/13 4:07,1681330067,cc-cc408-hya,data-node-16,9.9.2.153,elasticsearch_os_load5,0.34
2023/4/13 4:08,1681330127,cc-cc408-hya,data-node-16,9.9.2.153,elasticsearch_os_load5,0.34
2023/4/13 4:09,1681330187,cc-cc408-hya,data-node-16,9.9.2.153,elasticsearch_os_load5,0.27
2023/4/13 4:10,1681330247,cc-cc408-hya,data-node-16,9.9.2.153,elasticsearch_os_load5,0.34
2023/4/13 4:11,1681330307,cc-cc408-hya,data-node-16,9.9.2.153,elasticsearch_os_load5,0.33
2023/4/13 4:12,1681330367,cc-cc408-hya,data-node-16,9.9.2.153,elasticsearch_os_load5,0.3
2023/4/13 4:13,1681330427,cc-cc408-hya,data-node-16,9.9.2.153,elasticsearch_os_load5,0.25
2023/4/13 4:14,1681330487,cc-cc408-hya,data-node-16,9.9.2.153,elasticsearch_os_load5,0.25
2023/4/13 4:15,1681330547,cc-cc408-hya,data-node-16,9.9.2.153,elasticsearch_os_load5,0.29
2023/4/13 4:16,1681330607,cc-cc408-hya,data-node-16,9.9.2.153,elasticsearch_os_load5,0.28
2023/4/13 4:17,1681330667,cc-cc408-hya,data-node-16,9.9.2.153,elasticsearch_os_load5,0.26
2023/4/13 4:18,1681330727,cc-cc408-hya,data-node-16,9.9.2.153,elasticsearch_os_load5,0.26
2023/4/13 4:19,1681330787,cc-cc408-hya,data-node-16,9.9.2.153,elasticsearch_os_load5,0.24
2023/4/13 4:20,1681330847,cc-cc408-hya,data-node-16,9.9.2.153,elasticsearch_os_load5,0.21
2023/4/13 4:21,1681330907,cc-cc408-hya,data-node-16,9.9.2.153,elasticsearch_os_load5,0.18
2023/4/13 4:22,1681330967,cc-cc408-hya,data-node-16,9.9.2.153,elasticsearch_os_load5,0.17
2023/4/13 4:23,1681331027,cc-cc408-hya,data-node-16,9.9.2.153,elasticsearch_os_load5,0.15
2023/4/13 4:24,1681331087,cc-cc408-hya,data-node-16,9.9.2.153,elasticsearch_os_load5,0.33
2023/4/13 4:25,1681331147,cc-cc408-hya,data-node-16,9.9.2.153,elasticsearch_os_load5,0.28
2023/4/13 4:26,1681331207,cc-cc408-hya,data-node-16,9.9.2.153,elasticsearch_os_load5,0.28
2023/4/13 4:27,1681331267,cc-cc408-hya,data-node-16,9.9.2.153,elasticsearch_os_load5,0.24
2023/4/13 4:28,1681331327,cc-cc408-hya,data-node-16,9.9.2.153,elasticsearch_os_load5,0.19
2023/4/13 4:29,1681331387,cc-cc408-hya,data-node-16,9.9.2.153,elasticsearch_os_load5,0.26
2023/4/13 4:30,1681331447,cc-cc408-hya,data-node-16,9.9.2.153,elasticsearch_os_load5,0.33
2023/4/13 4:31,1681331507,cc-cc408-hya,data-node-16,9.9.2.153,elasticsearch_os_load5,0.48
2023/4/13 4:32,1681331567,cc-cc408-hya,data-node-16,9.9.2.153,elasticsearch_os_load5,0.43
2023/4/13 4:33,1681331627,cc-cc408-hya,data-node-16,9.9.2.153,elasticsearch_os_load5,0.4
2023/4/13 4:34,1681331687,cc-cc408-hya,data-node-16,9.9.2.153,elasticsearch_os_load5,0.32
2023/4/13 4:35,1681331747,cc-cc408-hya,data-node-16,9.9.2.153,elasticsearch_os_load5,0.29
2023/4/13 4:36,1681331807,cc-cc408-hya,data-node-16,9.9.2.153,elasticsearch_os_load5,0.31
2023/4/13 4:37,1681331867,cc-cc408-hya,data-node-16,9.9.2.153,elasticsearch_os_load5,0.25
2023/4/13 4:38,1681331927,cc-cc408-hya,data-node-16,9.9.2.153,elasticsearch_os_load5,0.22
2023/4/13 4:39,1681331987,cc-cc408-hya,data-node-16,9.9.2.153,elasticsearch_os_load5,0.19
2023/4/13 4:40,1681332047,cc-cc408-hya,data-node-16,9.9.2.153,elasticsearch_os_load5,0.16
2023/4/13 4:41,1681332107,cc-cc408-hya,data-node-16,9.9.2.153,elasticsearch_os_load5,0.14
2023/4/13 4:42,1681332167,cc-cc408-hya,data-node-16,9.9.2.153,elasticsearch_os_load5,0.11
2023/4/13 4:43,1681332227,cc-cc408-hya,data-node-16,9.9.2.153,elasticsearch_os_load5,0.19
2023/4/13 4:44,1681332287,cc-cc408-hya,data-node-16,9.9.2.153,elasticsearch_os_load5,0.28
2023/4/13 4:45,1681332347,cc-cc408-hya,data-node-16,9.9.2.153,elasticsearch_os_load5,0.29
2023/4/13 4:46,1681332407,cc-cc408-hya,data-node-16,9.9.2.153,elasticsearch_os_load5,0.28
2023/4/13 4:47,1681332467,cc-cc408-hya,data-node-16,9.9.2.153,elasticsearch_os_load5,0.26
2023/4/13 4:48,1681332527,cc-cc408-hya,data-node-16,9.9.2.153,elasticsearch_os_load5,0.26
2023/4/13 4:49,1681332587,cc-cc408-hya,data-node-16,9.9.2.153,elasticsearch_os_load5,0.33
2023/4/13 4:50,1681332647,cc-cc408-hya,data-node-16,9.9.2.153,elasticsearch_os_load5,0.51
2023/4/13 4:51,1681332707,cc-cc408-hya,data-node-16,9.9.2.153,elasticsearch_os_load5,0.5
2023/4/13 4:52,1681332767,cc-cc408-hya,data-node-16,9.9.2.153,elasticsearch_os_load5,0.56
2023/4/13 4:53,1681332827,cc-cc408-hya,data-node-16,9.9.2.153,elasticsearch_os_load5,0.49
2023/4/13 4:54,1681332887,cc-cc408-hya,data-node-16,9.9.2.153,elasticsearch_os_load5,0.46
2023/4/13 4:55,1681332947,cc-cc408-hya,data-node-16,9.9.2.153,elasticsearch_os_load5,0.4
2023/4/13 4:56,1681333007,cc-cc408-hya,data-node-16,9.9.2.153,elasticsearch_os_load5,0.36
2023/4/13 4:57,1681333067,cc-cc408-hya,data-node-16,9.9.2.153,elasticsearch_os_load5,0.32
2023/4/13 4:58,1681333127,cc-cc408-hya,data-node-16,9.9.2.153,elasticsearch_os_load5,0.26
2023/4/13 4:59,1681333187,cc-cc408-hya,data-node-16,9.9.2.153,elasticsearch_os_load5,0.24
2023/4/13 5:00,1681333247,cc-cc408-hya,data-node-16,9.9.2.153,elasticsearch_os_load5,0.45
2023/4/13 5:01,1681333307,cc-cc408-hya,data-node-16,9.9.2.153,elasticsearch_os_load5,0.58
2023/4/13 5:02,1681333367,cc-cc408-hya,data-node-16,9.9.2.153,elasticsearch_os_load5,0.5
2023/4/13 5:03,1681333427,cc-cc408-hya,data-node-16,9.9.2.153,elasticsearch_os_load5,0.41
2023/4/13 5:04,1681333487,cc-cc408-hya,data-node-16,9.9.2.153,elasticsearch_os_load5,0.38
2023/4/13 5:05,1681333547,cc-cc408-hya,data-node-16,9.9.2.153,elasticsearch_os_load5,0.32
2023/4/13 5:06,1681333607,cc-cc408-hya,data-node-16,9.9.2.153,elasticsearch_os_load5,0.34
2023/4/13 5:07,1681333667,cc-cc408-hya,data-node-16,9.9.2.153,elasticsearch_os_load5,0.3
2023/4/13 5:08,1681333727,cc-cc408-hya,data-node-16,9.9.2.153,elasticsearch_os_load5,0.33
2023/4/13 5:09,1681333787,cc-cc408-hya,data-node-16,9.9.2.153,elasticsearch_os_load5,0.27
2023/4/13 5:10,1681333847,cc-cc408-hya,data-node-16,9.9.2.153,elasticsearch_os_load5,0.25
2023/4/13 5:11,1681333907,cc-cc408-hya,data-node-16,9.9.2.153,elasticsearch_os_load5,0.34
2023/4/13 5:12,1681333967,cc-cc408-hya,data-node-16,9.9.2.153,elasticsearch_os_load5,0.4
2023/4/13 5:13,1681334027,cc-cc408-hya,data-node-16,9.9.2.153,elasticsearch_os_load5,0.49
2023/4/13 5:14,1681334087,cc-cc408-hya,data-node-16,9.9.2.153,elasticsearch_os_load5,0.46
2023/4/13 5:15,1681334147,cc-cc408-hya,data-node-16,9.9.2.153,elasticsearch_os_load5,0.44
2023/4/13 5:16,1681334207,cc-cc408-hya,data-node-16,9.9.2.153,elasticsearch_os_load5,0.36
2023/4/13 5:17,1681334267,cc-cc408-hya,data-node-16,9.9.2.153,elasticsearch_os_load5,0.32
2023/4/13 5:18,1681334327,cc-cc408-hya,data-node-16,9.9.2.153,elasticsearch_os_load5,0.34
2023/4/13 5:19,1681334387,cc-cc408-hya,data-node-16,9.9.2.153,elasticsearch_os_load5,0.29
2023/4/13 5:20,1681334447,cc-cc408-hya,data-node-16,9.9.2.153,elasticsearch_os_load5,0.25
2023/4/13 5:21,1681334507,cc-cc408-hya,data-node-16,9.9.2.153,elasticsearch_os_load5,0.21
2023/4/13 5:22,1681334567,cc-cc408-hya,data-node-16,9.9.2.153,elasticsearch_os_load5,0.31
2023/4/13 5:23,1681334627,cc-cc408-hya,data-node-16,9.9.2.153,elasticsearch_os_load5,0.28
2023/4/13 5:24,1681334687,cc-cc408-hya,data-node-16,9.9.2.153,elasticsearch_os_load5,0.46
2023/4/13 5:25,1681334747,cc-cc408-hya,data-node-16,9.9.2.153,elasticsearch_os_load5,0.49
2023/4/13 5:26,1681334807,cc-cc408-hya,data-node-16,9.9.2.153,elasticsearch_os_load5,0.46
2023/4/13 5:27,1681334867,cc-cc408-hya,data-node-16,9.9.2.153,elasticsearch_os_load5,0.44
2023/4/13 5:28,1681334927,cc-cc408-hya,data-node-16,9.9.2.153,elasticsearch_os_load5,0.39
2023/4/13 5:29,1681334987,cc-cc408-hya,data-node-16,9.9.2.153,elasticsearch_os_load5,0.38
2023/4/13 5:30,1681335047,cc-cc408-hya,data-node-16,9.9.2.153,elasticsearch_os_load5,0.36
2023/4/13 5:31,1681335107,cc-cc408-hya,data-node-16,9.9.2.153,elasticsearch_os_load5,0.35
2023/4/13 5:32,1681335167,cc-cc408-hya,data-node-16,9.9.2.153,elasticsearch_os_load5,0.35
2023/4/13 5:33,1681335227,cc-cc408-hya,data-node-16,9.9.2.153,elasticsearch_os_load5,0.44
2023/4/13 5:34,1681335287,cc-cc408-hya,data-node-16,9.9.2.153,elasticsearch_os_load5,0.4
2023/4/13 5:35,1681335347,cc-cc408-hya,data-node-16,9.9.2.153,elasticsearch_os_load5,0.39
2023/4/13 5:36,1681335407,cc-cc408-hya,data-node-16,9.9.2.153,elasticsearch_os_load5,0.41
2023/4/13 5:37,1681335467,cc-cc408-hya,data-node-16,9.9.2.153,elasticsearch_os_load5,0.38
2023/4/13 5:38,1681335527,cc-cc408-hya,data-node-16,9.9.2.153,elasticsearch_os_load5,0.42
2023/4/13 5:39,1681335587,cc-cc408-hya,data-node-16,9.9.2.153,elasticsearch_os_load5,0.37
2023/4/13 5:40,1681335647,cc-cc408-hya,data-node-16,9.9.2.153,elasticsearch_os_load5,0.33
2023/4/13 5:41,1681335707,cc-cc408-hya,data-node-16,9.9.2.153,elasticsearch_os_load5,0.38
2023/4/13 5:42,1681335767,cc-cc408-hya,data-node-16,9.9.2.153,elasticsearch_os_load5,0.42
2023/4/13 5:43,1681335827,cc-cc408-hya,data-node-16,9.9.2.153,elasticsearch_os_load5,0.34
2023/4/13 5:44,1681335887,cc-cc408-hya,data-node-16,9.9.2.153,elasticsearch_os_load5,0.42
2023/4/13 5:45,1681335947,cc-cc408-hya,data-node-16,9.9.2.153,elasticsearch_os_load5,0.46
2023/4/13 5:46,1681336007,cc-cc408-hya,data-node-16,9.9.2.153,elasticsearch_os_load5,0.37
2023/4/13 5:47,1681336067,cc-cc408-hya,data-node-16,9.9.2.153,elasticsearch_os_load5,0.33
2023/4/13 5:48,1681336127,cc-cc408-hya,data-node-16,9.9.2.153,elasticsearch_os_load5,0.27
2023/4/13 5:49,1681336187,cc-cc408-hya,data-node-16,9.9.2.153,elasticsearch_os_load5,0.28
2023/4/13 5:50,1681336247,cc-cc408-hya,data-node-16,9.9.2.153,elasticsearch_os_load5,0.28
2023/4/13 5:51,1681336307,cc-cc408-hya,data-node-16,9.9.2.153,elasticsearch_os_load5,0.22
2023/4/13 5:52,1681336367,cc-cc408-hya,data-node-16,9.9.2.153,elasticsearch_os_load5,0.18
2023/4/13 5:53,1681336427,cc-cc408-hya,data-node-16,9.9.2.153,elasticsearch_os_load5,0.21
2023/4/13 5:54,1681336487,cc-cc408-hya,data-node-16,9.9.2.153,elasticsearch_os_load5,0.41
2023/4/13 5:55,1681336547,cc-cc408-hya,data-node-16,9.9.2.153,elasticsearch_os_load5,0.55
2023/4/13 5:56,1681336607,cc-cc408-hya,data-node-16,9.9.2.153,elasticsearch_os_load5,0.46
2023/4/13 5:57,1681336667,cc-cc408-hya,data-node-16,9.9.2.153,elasticsearch_os_load5,0.59
2023/4/13 5:58,1681336727,cc-cc408-hya,data-node-16,9.9.2.153,elasticsearch_os_load5,0.54
2023/4/13 5:59,1681336787,cc-cc408-hya,data-node-16,9.9.2.153,elasticsearch_os_load5,0.58
2023/4/13 6:00,1681336847,cc-cc408-hya,data-node-16,9.9.2.153,elasticsearch_os_load5,0.49
2023/4/13 6:01,1681336907,cc-cc408-hya,data-node-16,9.9.2.153,elasticsearch_os_load5,0.43
2023/4/13 6:02,1681336967,cc-cc408-hya,data-node-16,9.9.2.153,elasticsearch_os_load5,0.39
2023/4/13 6:03,1681337027,cc-cc408-hya,data-node-16,9.9.2.153,elasticsearch_os_load5,0.35
2023/4/13 6:04,1681337087,cc-cc408-hya,data-node-16,9.9.2.153,elasticsearch_os_load5,0.31
2023/4/13 6:05,1681337147,cc-cc408-hya,data-node-16,9.9.2.153,elasticsearch_os_load5,0.31
2023/4/13 6:06,1681337207,cc-cc408-hya,data-node-16,9.9.2.153,elasticsearch_os_load5,0.47
2023/4/13 6:07,1681337267,cc-cc408-hya,data-node-16,9.9.2.153,elasticsearch_os_load5,0.5
2023/4/13 6:08,1681337327,cc-cc408-hya,data-node-16,9.9.2.153,elasticsearch_os_load5,0.52
2023/4/13 6:09,1681337387,cc-cc408-hya,data-node-16,9.9.2.153,elasticsearch_os_load5,0.52
2023/4/13 6:10,1681337447,cc-cc408-hya,data-node-16,9.9.2.153,elasticsearch_os_load5,0.44
2023/4/13 6:11,1681337507,cc-cc408-hya,data-node-16,9.9.2.153,elasticsearch_os_load5,0.45
2023/4/13 6:12,1681337567,cc-cc408-hya,data-node-16,9.9.2.153,elasticsearch_os_load5,0.44
2023/4/13 6:13,1681337627,cc-cc408-hya,data-node-16,9.9.2.153,elasticsearch_os_load5,0.47
2023/4/13 6:14,1681337687,cc-cc408-hya,data-node-16,9.9.2.153,elasticsearch_os_load5,0.43
2023/4/13 6:15,1681337747,cc-cc408-hya,data-node-16,9.9.2.153,elasticsearch_os_load5,0.45
2023/4/13 6:16,1681337807,cc-cc408-hya,data-node-16,9.9.2.153,elasticsearch_os_load5,0.45
2023/4/13 6:17,1681337867,cc-cc408-hya,data-node-16,9.9.2.153,elasticsearch_os_load5,0.38
2023/4/13 6:18,1681337927,cc-cc408-hya,data-node-16,9.9.2.153,elasticsearch_os_load5,0.36
2023/4/13 6:19,1681337987,cc-cc408-hya,data-node-16,9.9.2.153,elasticsearch_os_load5,0.35
2023/4/13 6:20,1681338047,cc-cc408-hya,data-node-16,9.9.2.153,elasticsearch_os_load5,0.32
2023/4/13 6:21,1681338107,cc-cc408-hya,data-node-16,9.9.2.153,elasticsearch_os_load5,0.32
2023/4/13 6:22,1681338167,cc-cc408-hya,data-node-16,9.9.2.153,elasticsearch_os_load5,0.34
2023/4/13 6:23,1681338227,cc-cc408-hya,data-node-16,9.9.2.153,elasticsearch_os_load5,0.34
2023/4/13 6:24,1681338287,cc-cc408-hya,data-node-16,9.9.2.153,elasticsearch_os_load5,0.36
2023/4/13 6:25,1681338347,cc-cc408-hya,data-node-16,9.9.2.153,elasticsearch_os_load5,0.37
2023/4/13 6:26,1681338407,cc-cc408-hya,data-node-16,9.9.2.153,elasticsearch_os_load5,0.33
2023/4/13 6:27,1681338467,cc-cc408-hya,data-node-16,9.9.2.153,elasticsearch_os_load5,0.33
2023/4/13 6:28,1681338527,cc-cc408-hya,data-node-16,9.9.2.153,elasticsearch_os_load5,0.3
2023/4/13 6:29,1681338587,cc-cc408-hya,data-node-16,9.9.2.153,elasticsearch_os_load5,0.26
2023/4/13 6:30,1681338647,cc-cc408-hya,data-node-16,9.9.2.153,elasticsearch_os_load5,0.27
2023/4/13 6:31,1681338707,cc-cc408-hya,data-node-16,9.9.2.153,elasticsearch_os_load5,0.23
2023/4/13 6:32,1681338767,cc-cc408-hya,data-node-16,9.9.2.153,elasticsearch_os_load5,0.25
2023/4/13 6:33,1681338827,cc-cc408-hya,data-node-16,9.9.2.153,elasticsearch_os_load5,0.25
2023/4/13 6:34,1681338887,cc-cc408-hya,data-node-16,9.9.2.153,elasticsearch_os_load5,0.23
2023/4/13 6:35,1681338947,cc-cc408-hya,data-node-16,9.9.2.153,elasticsearch_os_load5,0.22
2023/4/13 6:36,1681339007,cc-cc408-hya,data-node-16,9.9.2.153,elasticsearch_os_load5,0.31
2023/4/13 6:37,1681339067,cc-cc408-hya,data-node-16,9.9.2.153,elasticsearch_os_load5,0.56
2023/4/13 6:38,1681339127,cc-cc408-hya,data-node-16,9.9.2.153,elasticsearch_os_load5,0.55
2023/4/13 6:39,1681339187,cc-cc408-hya,data-node-16,9.9.2.153,elasticsearch_os_load5,0.65
2023/4/13 6:40,1681339247,cc-cc408-hya,data-node-16,9.9.2.153,elasticsearch_os_load5,0.58
2023/4/13 6:41,1681339307,cc-cc408-hya,data-node-16,9.9.2.153,elasticsearch_os_load5,0.49
2023/4/13 6:42,1681339367,cc-cc408-hya,data-node-16,9.9.2.153,elasticsearch_os_load5,0.43
2023/4/13 6:43,1681339427,cc-cc408-hya,data-node-16,9.9.2.153,elasticsearch_os_load5,0.41
2023/4/13 6:44,1681339487,cc-cc408-hya,data-node-16,9.9.2.153,elasticsearch_os_load5,0.36
2023/4/13 6:45,1681339547,cc-cc408-hya,data-node-16,9.9.2.153,elasticsearch_os_load5,0.33
2023/4/13 6:46,1681339607,cc-cc408-hya,data-node-16,9.9.2.153,elasticsearch_os_load5,0.31
2023/4/13 6:47,1681339667,cc-cc408-hya,data-node-16,9.9.2.153,elasticsearch_os_load5,0.3
2023/4/13 6:48,1681339727,cc-cc408-hya,data-node-16,9.9.2.153,elasticsearch_os_load5,0.39
2023/4/13 6:49,1681339787,cc-cc408-hya,data-node-16,9.9.2.153,elasticsearch_os_load5,0.43
2023/4/13 6:50,1681339847,cc-cc408-hya,data-node-16,9.9.2.153,elasticsearch_os_load5,0.49
2023/4/13 6:51,1681339907,cc-cc408-hya,data-node-16,9.9.2.153,elasticsearch_os_load5,0.71
2023/4/13 6:52,1681339967,cc-cc408-hya,data-node-16,9.9.2.153,elasticsearch_os_load5,0.7
2023/4/13 6:53,1681340027,cc-cc408-hya,data-node-16,9.9.2.153,elasticsearch_os_load5,0.8
2023/4/13 6:54,1681340087,cc-cc408-hya,data-node-16,9.9.2.153,elasticsearch_os_load5,0.68
2023/4/13 6:55,1681340147,cc-cc408-hya,data-node-16,9.9.2.153,elasticsearch_os_load5,0.64
2023/4/13 6:56,1681340207,cc-cc408-hya,data-node-16,9.9.2.153,elasticsearch_os_load5,0.58
2023/4/13 6:57,1681340267,cc-cc408-hya,data-node-16,9.9.2.153,elasticsearch_os_load5,0.58
2023/4/13 6:58,1681340327,cc-cc408-hya,data-node-16,9.9.2.153,elasticsearch_os_load5,0.49
2023/4/13 6:59,1681340387,cc-cc408-hya,data-node-16,9.9.2.153,elasticsearch_os_load5,0.44
2023/4/13 7:00,1681340447,cc-cc408-hya,data-node-16,9.9.2.153,elasticsearch_os_load5,0.41
2023/4/13 7:01,1681340507,cc-cc408-hya,data-node-16,9.9.2.153,elasticsearch_os_load5,0.38
2023/4/13 7:02,1681340567,cc-cc408-hya,data-node-16,9.9.2.153,elasticsearch_os_load5,0.42
2023/4/13 7:03,1681340627,cc-cc408-hya,data-node-16,9.9.2.153,elasticsearch_os_load5,0.37
2023/4/13 7:04,1681340687,cc-cc408-hya,data-node-16,9.9.2.153,elasticsearch_os_load5,0.36
2023/4/13 7:05,1681340747,cc-cc408-hya,data-node-16,9.9.2.153,elasticsearch_os_load5,0.36
2023/4/13 7:06,1681340807,cc-cc408-hya,data-node-16,9.9.2.153,elasticsearch_os_load5,0.35
2023/4/13 7:07,1681340867,cc-cc408-hya,data-node-16,9.9.2.153,elasticsearch_os_load5,0.33
2023/4/13 7:08,1681340927,cc-cc408-hya,data-node-16,9.9.2.153,elasticsearch_os_load5,0.33
2023/4/13 7:09,1681340987,cc-cc408-hya,data-node-16,9.9.2.153,elasticsearch_os_load5,0.42
2023/4/13 7:10,1681341047,cc-cc408-hya,data-node-16,9.9.2.153,elasticsearch_os_load5,0.41
2023/4/13 7:11,1681341107,cc-cc408-hya,data-node-16,9.9.2.153,elasticsearch_os_load5,0.38
2023/4/13 7:12,1681341167,cc-cc408-hya,data-node-16,9.9.2.153,elasticsearch_os_load5,0.37
2023/4/13 7:13,1681341227,cc-cc408-hya,data-node-16,9.9.2.153,elasticsearch_os_load5,0.41
2023/4/13 7:14,1681341287,cc-cc408-hya,data-node-16,9.9.2.153,elasticsearch_os_load5,0.46
2023/4/13 7:15,1681341347,cc-cc408-hya,data-node-16,9.9.2.153,elasticsearch_os_load5,0.47
2023/4/13 7:16,1681341407,cc-cc408-hya,data-node-16,9.9.2.153,elasticsearch_os_load5,0.43
2023/4/13 7:17,1681341467,cc-cc408-hya,data-node-16,9.9.2.153,elasticsearch_os_load5,0.47
2023/4/13 7:18,1681341527,cc-cc408-hya,data-node-16,9.9.2.153,elasticsearch_os_load5,0.61
2023/4/13 7:19,1681341587,cc-cc408-hya,data-node-16,9.9.2.153,elasticsearch_os_load5,0.66
2023/4/13 7:20,1681341647,cc-cc408-hya,data-node-16,9.9.2.153,elasticsearch_os_load5,0.65
2023/4/13 7:21,1681341707,cc-cc408-hya,data-node-16,9.9.2.153,elasticsearch_os_load5,0.69
2023/4/13 7:22,1681341767,cc-cc408-hya,data-node-16,9.9.2.153,elasticsearch_os_load5,0.67
2023/4/13 7:23,1681341827,cc-cc408-hya,data-node-16,9.9.2.153,elasticsearch_os_load5,0.65
2023/4/13 7:24,1681341887,cc-cc408-hya,data-node-16,9.9.2.153,elasticsearch_os_load5,0.56
2023/4/13 7:25,1681341947,cc-cc408-hya,data-node-16,9.9.2.153,elasticsearch_os_load5,0.47
2023/4/13 7:26,1681342007,cc-cc408-hya,data-node-16,9.9.2.153,elasticsearch_os_load5,0.45
2023/4/13 7:27,1681342067,cc-cc408-hya,data-node-16,9.9.2.153,elasticsearch_os_load5,0.51
2023/4/13 7:28,1681342127,cc-cc408-hya,data-node-16,9.9.2.153,elasticsearch_os_load5,0.53
2023/4/13 7:29,1681342187,cc-cc408-hya,data-node-16,9.9.2.153,elasticsearch_os_load5,0.55
2023/4/13 7:30,1681342247,cc-cc408-hya,data-node-16,9.9.2.153,elasticsearch_os_load5,0.68
2023/4/13 7:31,1681342307,cc-cc408-hya,data-node-16,9.9.2.153,elasticsearch_os_load5,0.73
2023/4/13 7:32,1681342367,cc-cc408-hya,data-node-16,9.9.2.153,elasticsearch_os_load5,0.67
2023/4/13 7:33,1681342427,cc-cc408-hya,data-node-16,9.9.2.153,elasticsearch_os_load5,0.61
2023/4/13 7:34,1681342487,cc-cc408-hya,data-node-16,9.9.2.153,elasticsearch_os_load5,0.73
2023/4/13 7:35,1681342547,cc-cc408-hya,data-node-16,9.9.2.153,elasticsearch_os_load5,0.7
2023/4/13 7:36,1681342607,cc-cc408-hya,data-node-16,9.9.2.153,elasticsearch_os_load5,0.6
2023/4/13 7:37,1681342667,cc-cc408-hya,data-node-16,9.9.2.153,elasticsearch_os_load5,0.59
2023/4/13 7:38,1681342727,cc-cc408-hya,data-node-16,9.9.2.153,elasticsearch_os_load5,0.56
2023/4/13 7:39,1681342787,cc-cc408-hya,data-node-16,9.9.2.153,elasticsearch_os_load5,0.5
2023/4/13 7:40,1681342847,cc-cc408-hya,data-node-16,9.9.2.153,elasticsearch_os_load5,0.53
2023/4/13 7:41,1681342907,cc-cc408-hya,data-node-16,9.9.2.153,elasticsearch_os_load5,0.6
2023/4/13 7:42,1681342967,cc-cc408-hya,data-node-16,9.9.2.153,elasticsearch_os_load5,0.6
2023/4/13 7:43,1681343027,cc-cc408-hya,data-node-16,9.9.2.153,elasticsearch_os_load5,0.59
2023/4/13 7:44,1681343087,cc-cc408-hya,data-node-16,9.9.2.153,elasticsearch_os_load5,0.56
2023/4/13 7:45,1681343147,cc-cc408-hya,data-node-16,9.9.2.153,elasticsearch_os_load5,0.51
2023/4/13 7:46,1681343207,cc-cc408-hya,data-node-16,9.9.2.153,elasticsearch_os_load5,0.57
2023/4/13 7:47,1681343267,cc-cc408-hya,data-node-16,9.9.2.153,elasticsearch_os_load5,0.55
2023/4/13 7:48,1681343327,cc-cc408-hya,data-node-16,9.9.2.153,elasticsearch_os_load5,0.5
2023/4/13 7:49,1681343387,cc-cc408-hya,data-node-16,9.9.2.153,elasticsearch_os_load5,1.06
2023/4/13 7:50,1681343447,cc-cc408-hya,data-node-16,9.9.2.153,elasticsearch_os_load5,0.94
2023/4/13 7:51,1681343507,cc-cc408-hya,data-node-16,9.9.2.153,elasticsearch_os_load5,0.83
2023/4/13 7:52,1681343567,cc-cc408-hya,data-node-16,9.9.2.153,elasticsearch_os_load5,0.73
2023/4/13 7:53,1681343627,cc-cc408-hya,data-node-16,9.9.2.153,elasticsearch_os_load5,0.69
2023/4/13 7:54,1681343687,cc-cc408-hya,data-node-16,9.9.2.153,elasticsearch_os_load5,0.67
2023/4/13 7:55,1681343747,cc-cc408-hya,data-node-16,9.9.2.153,elasticsearch_os_load5,0.64
2023/4/13 7:56,1681343807,cc-cc408-hya,data-node-16,9.9.2.153,elasticsearch_os_load5,0.59
2023/4/13 7:57,1681343867,cc-cc408-hya,data-node-16,9.9.2.153,elasticsearch_os_load5,0.59
2023/4/13 7:58,1681343927,cc-cc408-hya,data-node-16,9.9.2.153,elasticsearch_os_load5,0.51
2023/4/13 7:59,1681343987,cc-cc408-hya,data-node-16,9.9.2.153,elasticsearch_os_load5,0.49
2023/4/13 8:00,1681344047,cc-cc408-hya,data-node-16,9.9.2.153,elasticsearch_os_load5,0.64
2023/4/13 8:01,1681344107,cc-cc408-hya,data-node-16,9.9.2.153,elasticsearch_os_load5,0.79
2023/4/13 8:02,1681344167,cc-cc408-hya,data-node-16,9.9.2.153,elasticsearch_os_load5,1.06
2023/4/13 8:03,1681344227,cc-cc408-hya,data-node-16,9.9.2.153,elasticsearch_os_load5,1.3
2023/4/13 8:04,1681344287,cc-cc408-hya,data-node-16,9.9.2.153,elasticsearch_os_load5,1.33
2023/4/13 8:05,1681344347,cc-cc408-hya,data-node-16,9.9.2.153,elasticsearch_os_load5,1.46
2023/4/13 8:06,1681344407,cc-cc408-hya,data-node-16,9.9.2.153,elasticsearch_os_load5,1.5
2023/4/13 8:07,1681344467,cc-cc408-hya,data-node-16,9.9.2.153,elasticsearch_os_load5,1.56
2023/4/13 8:08,1681344527,cc-cc408-hya,data-node-16,9.9.2.153,elasticsearch_os_load5,1.8
2023/4/13 8:09,1681344587,cc-cc408-hya,data-node-16,9.9.2.153,elasticsearch_os_load5,2.15
2023/4/13 8:10,1681344647,cc-cc408-hya,data-node-16,9.9.2.153,elasticsearch_os_load5,2.13
2023/4/13 8:11,1681344707,cc-cc408-hya,data-node-16,9.9.2.153,elasticsearch_os_load5,2.19
2023/4/13 8:12,1681344767,cc-cc408-hya,data-node-16,9.9.2.153,elasticsearch_os_load5,2.01
2023/4/13 8:13,1681344827,cc-cc408-hya,data-node-16,9.9.2.153,elasticsearch_os_load5,2.09
2023/4/13 8:14,1681344887,cc-cc408-hya,data-node-16,9.9.2.153,elasticsearch_os_load5,1.87
2023/4/13 8:15,1681344947,cc-cc408-hya,data-node-16,9.9.2.153,elasticsearch_os_load5,1.85
2023/4/13 8:16,1681345007,cc-cc408-hya,data-node-16,9.9.2.153,elasticsearch_os_load5,1.73
2023/4/13 8:17,1681345067,cc-cc408-hya,data-node-16,9.9.2.153,elasticsearch_os_load5,1.63
2023/4/13 8:18,1681345127,cc-cc408-hya,data-node-16,9.9.2.153,elasticsearch_os_load5,1.47
2023/4/13 8:19,1681345187,cc-cc408-hya,data-node-16,9.9.2.153,elasticsearch_os_load5,1.46
2023/4/13 8:20,1681345247,cc-cc408-hya,data-node-16,9.9.2.153,elasticsearch_os_load5,1.44
2023/4/13 8:21,1681345307,cc-cc408-hya,data-node-16,9.9.2.153,elasticsearch_os_load5,1.26
2023/4/13 8:22,1681345367,cc-cc408-hya,data-node-16,9.9.2.153,elasticsearch_os_load5,1.18
2023/4/13 8:23,1681345427,cc-cc408-hya,data-node-16,9.9.2.153,elasticsearch_os_load5,1.13
2023/4/13 8:24,1681345487,cc-cc408-hya,data-node-16,9.9.2.153,elasticsearch_os_load5,1.07
2023/4/13 8:25,1681345547,cc-cc408-hya,data-node-16,9.9.2.153,elasticsearch_os_load5,1.07
2023/4/13 8:26,1681345607,cc-cc408-hya,data-node-16,9.9.2.153,elasticsearch_os_load5,1.05
2023/4/13 8:27,1681345667,cc-cc408-hya,data-node-16,9.9.2.153,elasticsearch_os_load5,1.26
2023/4/13 8:28,1681345727,cc-cc408-hya,data-node-16,9.9.2.153,elasticsearch_os_load5,1.17
2023/4/13 8:29,1681345787,cc-cc408-hya,data-node-16,9.9.2.153,elasticsearch_os_load5,1.22
2023/4/13 8:30,1681345847,cc-cc408-hya,data-node-16,9.9.2.153,elasticsearch_os_load5,1.27
2023/4/13 8:31,1681345907,cc-cc408-hya,data-node-16,9.9.2.153,elasticsearch_os_load5,1.42
2023/4/13 8:32,1681345967,cc-cc408-hya,data-node-16,9.9.2.153,elasticsearch_os_load5,1.24
2023/4/13 8:33,1681346027,cc-cc408-hya,data-node-16,9.9.2.153,elasticsearch_os_load5,1.2
2023/4/13 8:34,1681346087,cc-cc408-hya,data-node-16,9.9.2.153,elasticsearch_os_load5,1.07
2023/4/13 8:35,1681346147,cc-cc408-hya,data-node-16,9.9.2.153,elasticsearch_os_load5,1.18
2023/4/13 8:36,1681346207,cc-cc408-hya,data-node-16,9.9.2.153,elasticsearch_os_load5,1.08
2023/4/13 8:37,1681346267,cc-cc408-hya,data-node-16,9.9.2.153,elasticsearch_os_load5,1.06
2023/4/13 8:38,1681346327,cc-cc408-hya,data-node-16,9.9.2.153,elasticsearch_os_load5,1.26
2023/4/13 8:39,1681346387,cc-cc408-hya,data-node-16,9.9.2.153,elasticsearch_os_load5,1.24
2023/4/13 8:40,1681346447,cc-cc408-hya,data-node-16,9.9.2.153,elasticsearch_os_load5,1.21
2023/4/13 8:41,1681346507,cc-cc408-hya,data-node-16,9.9.2.153,elasticsearch_os_load5,1.19
2023/4/13 8:42,1681346567,cc-cc408-hya,data-node-16,9.9.2.153,elasticsearch_os_load5,1.33
2023/4/13 8:43,1681346627,cc-cc408-hya,data-node-16,9.9.2.153,elasticsearch_os_load5,1.42
2023/4/13 8:44,1681346687,cc-cc408-hya,data-node-16,9.9.2.153,elasticsearch_os_load5,1.74
2023/4/13 8:45,1681346747,cc-cc408-hya,data-node-16,9.9.2.153,elasticsearch_os_load5,1.78
2023/4/13 8:46,1681346807,cc-cc408-hya,data-node-16,9.9.2.153,elasticsearch_os_load5,1.86
2023/4/13 8:47,1681346867,cc-cc408-hya,data-node-16,9.9.2.153,elasticsearch_os_load5,1.82
2023/4/13 8:48,1681346927,cc-cc408-hya,data-node-16,9.9.2.153,elasticsearch_os_load5,1.76
2023/4/13 8:49,1681346987,cc-cc408-hya,data-node-16,9.9.2.153,elasticsearch_os_load5,1.67
2023/4/13 8:50,1681347047,cc-cc408-hya,data-node-16,9.9.2.153,elasticsearch_os_load5,1.74
2023/4/13 8:51,1681347107,cc-cc408-hya,data-node-16,9.9.2.153,elasticsearch_os_load5,1.67
2023/4/13 8:52,1681347167,cc-cc408-hya,data-node-16,9.9.2.153,elasticsearch_os_load5,1.72
2023/4/13 8:53,1681347227,cc-cc408-hya,data-node-16,9.9.2.153,elasticsearch_os_load5,1.77
2023/4/13 8:54,1681347287,cc-cc408-hya,data-node-16,9.9.2.153,elasticsearch_os_load5,2.07
2023/4/13 8:55,1681347347,cc-cc408-hya,data-node-16,9.9.2.153,elasticsearch_os_load5,2.08
2023/4/13 8:56,1681347407,cc-cc408-hya,data-node-16,9.9.2.153,elasticsearch_os_load5,2.17
2023/4/13 8:57,1681347467,cc-cc408-hya,data-node-16,9.9.2.153,elasticsearch_os_load5,2.3
2023/4/13 8:58,1681347527,cc-cc408-hya,data-node-16,9.9.2.153,elasticsearch_os_load5,2.61
2023/4/13 8:59,1681347587,cc-cc408-hya,data-node-16,9.9.2.153,elasticsearch_os_load5,2.53
2023/4/13 9:00,1681347647,cc-cc408-hya,data-node-16,9.9.2.153,elasticsearch_os_load5,2.46
2023/4/13 9:01,1681347707,cc-cc408-hya,data-node-16,9.9.2.153,elasticsearch_os_load5,2.43
2023/4/13 9:02,1681347767,cc-cc408-hya,data-node-16,9.9.2.153,elasticsearch_os_load5,2.42
2023/4/13 9:03,1681347827,cc-cc408-hya,data-node-16,9.9.2.153,elasticsearch_os_load5,2.62
2023/4/13 9:04,1681347887,cc-cc408-hya,data-node-16,9.9.2.153,elasticsearch_os_load5,2.82
2023/4/13 9:05,1681347947,cc-cc408-hya,data-node-16,9.9.2.153,elasticsearch_os_load5,2.78
2023/4/13 9:06,1681348007,cc-cc408-hya,data-node-16,9.9.2.153,elasticsearch_os_load5,2.92
2023/4/13 9:07,1681348067,cc-cc408-hya,data-node-16,9.9.2.153,elasticsearch_os_load5,2.93
2023/4/13 9:08,1681348127,cc-cc408-hya,data-node-16,9.9.2.153,elasticsearch_os_load5,2.89
2023/4/13 9:09,1681348187,cc-cc408-hya,data-node-16,9.9.2.153,elasticsearch_os_load5,2.88
2023/4/13 9:10,1681348247,cc-cc408-hya,data-node-16,9.9.2.153,elasticsearch_os_load5,2.73
2023/4/13 9:11,1681348307,cc-cc408-hya,data-node-16,9.9.2.153,elasticsearch_os_load5,2.94
2023/4/13 9:12,1681348367,cc-cc408-hya,data-node-16,9.9.2.153,elasticsearch_os_load5,3.14
2023/4/13 9:13,1681348427,cc-cc408-hya,data-node-16,9.9.2.153,elasticsearch_os_load5,3.21
2023/4/13 9:14,1681348487,cc-cc408-hya,data-node-16,9.9.2.153,elasticsearch_os_load5,3.37
2023/4/13 9:15,1681348547,cc-cc408-hya,data-node-16,9.9.2.153,elasticsearch_os_load5,3.17
2023/4/13 9:16,1681348607,cc-cc408-hya,data-node-16,9.9.2.153,elasticsearch_os_load5,3.38
2023/4/13 9:17,1681348667,cc-cc408-hya,data-node-16,9.9.2.153,elasticsearch_os_load5,3.22
2023/4/13 9:18,1681348727,cc-cc408-hya,data-node-16,9.9.2.153,elasticsearch_os_load5,3.13
2023/4/13 9:19,1681348787,cc-cc408-hya,data-node-16,9.9.2.153,elasticsearch_os_load5,3.88
2023/4/13 9:20,1681348847,cc-cc408-hya,data-node-16,9.9.2.153,elasticsearch_os_load5,3.83
2023/4/13 9:21,1681348907,cc-cc408-hya,data-node-16,9.9.2.153,elasticsearch_os_load5,3.96
2023/4/13 9:22,1681348967,cc-cc408-hya,data-node-16,9.9.2.153,elasticsearch_os_load5,3.83
2023/4/13 9:23,1681349027,cc-cc408-hya,data-node-16,9.9.2.153,elasticsearch_os_load5,3.76
2023/4/13 9:24,1681349087,cc-cc408-hya,data-node-16,9.9.2.153,elasticsearch_os_load5,3.69
2023/4/13 9:25,1681349147,cc-cc408-hya,data-node-16,9.9.2.153,elasticsearch_os_load5,3.79
2023/4/13 9:26,1681349207,cc-cc408-hya,data-node-16,9.9.2.153,elasticsearch_os_load5,3.91
2023/4/13 9:27,1681349267,cc-cc408-hya,data-node-16,9.9.2.153,elasticsearch_os_load5,3.82
2023/4/13 9:28,1681349327,cc-cc408-hya,data-node-16,9.9.2.153,elasticsearch_os_load5,4.46
2023/4/13 9:29,1681349387,cc-cc408-hya,data-node-16,9.9.2.153,elasticsearch_os_load5,4.39
2023/4/13 9:30,1681349447,cc-cc408-hya,data-node-16,9.9.2.153,elasticsearch_os_load5,4.44
2023/4/13 9:31,1681349507,cc-cc408-hya,data-node-16,9.9.2.153,elasticsearch_os_load5,4.16
2023/4/13 9:32,1681349567,cc-cc408-hya,data-node-16,9.9.2.153,elasticsearch_os_load5,3.88
2023/4/13 9:33,1681349627,cc-cc408-hya,data-node-16,9.9.2.153,elasticsearch_os_load5,3.77
2023/4/13 9:34,1681349687,cc-cc408-hya,data-node-16,9.9.2.153,elasticsearch_os_load5,3.67
2023/4/13 9:35,1681349747,cc-cc408-hya,data-node-16,9.9.2.153,elasticsearch_os_load5,4.25
2023/4/13 9:36,1681349807,cc-cc408-hya,data-node-16,9.9.2.153,elasticsearch_os_load5,4.99
2023/4/13 9:37,1681349867,cc-cc408-hya,data-node-16,9.9.2.153,elasticsearch_os_load5,4.98
2023/4/13 9:38,1681349927,cc-cc408-hya,data-node-16,9.9.2.153,elasticsearch_os_load5,4.82
2023/4/13 9:39,1681349987,cc-cc408-hya,data-node-16,9.9.2.153,elasticsearch_os_load5,4.9
2023/4/13 9:40,1681350047,cc-cc408-hya,data-node-16,9.9.2.153,elasticsearch_os_load5,4.9
2023/4/13 9:41,1681350107,cc-cc408-hya,data-node-16,9.9.2.153,elasticsearch_os_load5,4.57
2023/4/13 9:42,1681350167,cc-cc408-hya,data-node-16,9.9.2.153,elasticsearch_os_load5,4.4
2023/4/13 9:43,1681350227,cc-cc408-hya,data-node-16,9.9.2.153,elasticsearch_os_load5,4.42
2023/4/13 9:44,1681350287,cc-cc408-hya,data-node-16,9.9.2.153,elasticsearch_os_load5,4.16
2023/4/13 9:45,1681350347,cc-cc408-hya,data-node-16,9.9.2.153,elasticsearch_os_load5,4.02
2023/4/13 9:46,1681350407,cc-cc408-hya,data-node-16,9.9.2.153,elasticsearch_os_load5,3.8
2023/4/13 9:47,1681350467,cc-cc408-hya,data-node-16,9.9.2.153,elasticsearch_os_load5,3.99
2023/4/13 9:48,1681350527,cc-cc408-hya,data-node-16,9.9.2.153,elasticsearch_os_load5,4.09
2023/4/13 9:49,1681350587,cc-cc408-hya,data-node-16,9.9.2.153,elasticsearch_os_load5,4.28
2023/4/13 9:50,1681350647,cc-cc408-hya,data-node-16,9.9.2.153,elasticsearch_os_load5,4.64
2023/4/13 9:51,1681350707,cc-cc408-hya,data-node-16,9.9.2.153,elasticsearch_os_load5,5.14
2023/4/13 9:52,1681350767,cc-cc408-hya,data-node-16,9.9.2.153,elasticsearch_os_load5,5.06
2023/4/13 9:53,1681350827,cc-cc408-hya,data-node-16,9.9.2.153,elasticsearch_os_load5,4.94
2023/4/13 9:54,1681350887,cc-cc408-hya,data-node-16,9.9.2.153,elasticsearch_os_load5,4.84
2023/4/13 9:55,1681350947,cc-cc408-hya,data-node-16,9.9.2.153,elasticsearch_os_load5,5.4
2023/4/13 9:56,1681351007,cc-cc408-hya,data-node-16,9.9.2.153,elasticsearch_os_load5,5.28
2023/4/13 9:57,1681351067,cc-cc408-hya,data-node-16,9.9.2.153,elasticsearch_os_load5,4.93
2023/4/13 9:58,1681351127,cc-cc408-hya,data-node-16,9.9.2.153,elasticsearch_os_load5,4.79
2023/4/13 9:59,1681351187,cc-cc408-hya,data-node-16,9.9.2.153,elasticsearch_os_load5,4.87
2023/4/13 10:00,1681351247,cc-cc408-hya,data-node-16,9.9.2.153,elasticsearch_os_load5,4.94
2023/4/13 10:01,1681351307,cc-cc408-hya,data-node-16,9.9.2.153,elasticsearch_os_load5,4.65
2023/4/13 10:02,1681351367,cc-cc408-hya,data-node-16,9.9.2.153,elasticsearch_os_load5,4.65
2023/4/13 10:03,1681351427,cc-cc408-hya,data-node-16,9.9.2.153,elasticsearch_os_load5,4.5
2023/4/13 10:04,1681351487,cc-cc408-hya,data-node-16,9.9.2.153,elasticsearch_os_load5,4.43
2023/4/13 10:05,1681351547,cc-cc408-hya,data-node-16,9.9.2.153,elasticsearch_os_load5,4.54
2023/4/13 10:06,1681351607,cc-cc408-hya,data-node-16,9.9.2.153,elasticsearch_os_load5,4.17
2023/4/13 10:07,1681351667,cc-cc408-hya,data-node-16,9.9.2.153,elasticsearch_os_load5,4.23
2023/4/13 10:08,1681351727,cc-cc408-hya,data-node-16,9.9.2.153,elasticsearch_os_load5,4.17
2023/4/13 10:09,1681351787,cc-cc408-hya,data-node-16,9.9.2.153,elasticsearch_os_load5,5.06
2023/4/13 10:10,1681351847,cc-cc408-hya,data-node-16,9.9.2.153,elasticsearch_os_load5,5.41
2023/4/13 10:11,1681351907,cc-cc408-hya,data-node-16,9.9.2.153,elasticsearch_os_load5,5.02
2023/4/13 10:12,1681351967,cc-cc408-hya,data-node-16,9.9.2.153,elasticsearch_os_load5,4.62
2023/4/13 10:13,1681352027,cc-cc408-hya,data-node-16,9.9.2.153,elasticsearch_os_load5,4.55
2023/4/13 10:14,1681352087,cc-cc408-hya,data-node-16,9.9.2.153,elasticsearch_os_load5,4.85
2023/4/13 10:15,1681352147,cc-cc408-hya,data-node-16,9.9.2.153,elasticsearch_os_load5,4.58
2023/4/13 10:16,1681352207,cc-cc408-hya,data-node-16,9.9.2.153,elasticsearch_os_load5,4.78
2023/4/13 10:17,1681352267,cc-cc408-hya,data-node-16,9.9.2.153,elasticsearch_os_load5,4.58
2023/4/13 10:18,1681352327,cc-cc408-hya,data-node-16,9.9.2.153,elasticsearch_os_load5,4.32
2023/4/13 10:19,1681352387,cc-cc408-hya,data-node-16,9.9.2.153,elasticsearch_os_load5,4.05
2023/4/13 10:20,1681352447,cc-cc408-hya,data-node-16,9.9.2.153,elasticsearch_os_load5,3.97
2023/4/13 10:21,1681352507,cc-cc408-hya,data-node-16,9.9.2.153,elasticsearch_os_load5,4.02
2023/4/13 10:22,1681352567,cc-cc408-hya,data-node-16,9.9.2.153,elasticsearch_os_load5,3.99
2023/4/13 10:23,1681352627,cc-cc408-hya,data-node-16,9.9.2.153,elasticsearch_os_load5,4.31
2023/4/13 10:24,1681352687,cc-cc408-hya,data-node-16,9.9.2.153,elasticsearch_os_load5,4.49
2023/4/13 10:25,1681352747,cc-cc408-hya,data-node-16,9.9.2.153,elasticsearch_os_load5,4.18
2023/4/13 10:26,1681352807,cc-cc408-hya,data-node-16,9.9.2.153,elasticsearch_os_load5,3.94
2023/4/13 10:27,1681352867,cc-cc408-hya,data-node-16,9.9.2.153,elasticsearch_os_load5,3.94
2023/4/13 10:28,1681352927,cc-cc408-hya,data-node-16,9.9.2.153,elasticsearch_os_load5,3.78
2023/4/13 10:29,1681352987,cc-cc408-hya,data-node-16,9.9.2.153,elasticsearch_os_load5,3.92
2023/4/13 10:30,1681353047,cc-cc408-hya,data-node-16,9.9.2.153,elasticsearch_os_load5,4.14
2023/4/13 10:31,1681353107,cc-cc408-hya,data-node-16,9.9.2.153,elasticsearch_os_load5,4.39
2023/4/13 10:32,1681353167,cc-cc408-hya,data-node-16,9.9.2.153,elasticsearch_os_load5,4.79
2023/4/13 10:33,1681353227,cc-cc408-hya,data-node-16,9.9.2.153,elasticsearch_os_load5,5.19
2023/4/13 10:34,1681353287,cc-cc408-hya,data-node-16,9.9.2.153,elasticsearch_os_load5,5.05
2023/4/13 10:35,1681353347,cc-cc408-hya,data-node-16,9.9.2.153,elasticsearch_os_load5,4.93
2023/4/13 10:36,1681353407,cc-cc408-hya,data-node-16,9.9.2.153,elasticsearch_os_load5,5
2023/4/13 10:37,1681353467,cc-cc408-hya,data-node-16,9.9.2.153,elasticsearch_os_load5,4.83
2023/4/13 10:38,1681353527,cc-cc408-hya,data-node-16,9.9.2.153,elasticsearch_os_load5,4.65
2023/4/13 10:39,1681353587,cc-cc408-hya,data-node-16,9.9.2.153,elasticsearch_os_load5,4.5
2023/4/13 10:40,1681353647,cc-cc408-hya,data-node-16,9.9.2.153,elasticsearch_os_load5,4.29
2023/4/13 10:41,1681353707,cc-cc408-hya,data-node-16,9.9.2.153,elasticsearch_os_load5,4.29
2023/4/13 10:42,1681353767,cc-cc408-hya,data-node-16,9.9.2.153,elasticsearch_os_load5,4.4
2023/4/13 10:43,1681353827,cc-cc408-hya,data-node-16,9.9.2.153,elasticsearch_os_load5,4.93
2023/4/13 10:44,1681353887,cc-cc408-hya,data-node-16,9.9.2.153,elasticsearch_os_load5,4.64
2023/4/13 10:45,1681353947,cc-cc408-hya,data-node-16,9.9.2.153,elasticsearch_os_load5,4.43
2023/4/13 10:46,1681354007,cc-cc408-hya,data-node-16,9.9.2.153,elasticsearch_os_load5,4.42
2023/4/13 10:47,1681354067,cc-cc408-hya,data-node-16,9.9.2.153,elasticsearch_os_load5,4.95
2023/4/13 10:48,1681354127,cc-cc408-hya,data-node-16,9.9.2.153,elasticsearch_os_load5,5.23
2023/4/13 10:49,1681354187,cc-cc408-hya,data-node-16,9.9.2.153,elasticsearch_os_load5,4.97
2023/4/13 10:50,1681354247,cc-cc408-hya,data-node-16,9.9.2.153,elasticsearch_os_load5,5.13
2023/4/13 10:51,1681354307,cc-cc408-hya,data-node-16,9.9.2.153,elasticsearch_os_load5,5.12
2023/4/13 10:52,1681354367,cc-cc408-hya,data-node-16,9.9.2.153,elasticsearch_os_load5,5.13
2023/4/13 10:53,1681354427,cc-cc408-hya,data-node-16,9.9.2.153,elasticsearch_os_load5,5.14
2023/4/13 10:54,1681354487,cc-cc408-hya,data-node-16,9.9.2.153,elasticsearch_os_load5,5.13
2023/4/13 10:55,1681354547,cc-cc408-hya,data-node-16,9.9.2.153,elasticsearch_os_load5,4.98
2023/4/13 10:56,1681354607,cc-cc408-hya,data-node-16,9.9.2.153,elasticsearch_os_load5,5.09
2023/4/13 10:57,1681354667,cc-cc408-hya,data-node-16,9.9.2.153,elasticsearch_os_load5,4.97
2023/4/13 10:58,1681354727,cc-cc408-hya,data-node-16,9.9.2.153,elasticsearch_os_load5,5.08
2023/4/13 10:59,1681354787,cc-cc408-hya,data-node-16,9.9.2.153,elasticsearch_os_load5,4.98
2023/4/13 11:00,1681354847,cc-cc408-hya,data-node-16,9.9.2.153,elasticsearch_os_load5,4.81
2023/4/13 11:01,1681354907,cc-cc408-hya,data-node-16,9.9.2.153,elasticsearch_os_load5,4.91
2023/4/13 11:02,1681354967,cc-cc408-hya,data-node-16,9.9.2.153,elasticsearch_os_load5,5.27
2023/4/13 11:03,1681355027,cc-cc408-hya,data-node-16,9.9.2.153,elasticsearch_os_load5,5.16
2023/4/13 11:04,1681355087,cc-cc408-hya,data-node-16,9.9.2.153,elasticsearch_os_load5,4.96
2023/4/13 11:05,1681355147,cc-cc408-hya,data-node-16,9.9.2.153,elasticsearch_os_load5,5.02
2023/4/13 11:06,1681355207,cc-cc408-hya,data-node-16,9.9.2.153,elasticsearch_os_load5,5.25
2023/4/13 11:07,1681355267,cc-cc408-hya,data-node-16,9.9.2.153,elasticsearch_os_load5,5.09
2023/4/13 11:08,1681355327,cc-cc408-hya,data-node-16,9.9.2.153,elasticsearch_os_load5,5.07
2023/4/13 11:09,1681355387,cc-cc408-hya,data-node-16,9.9.2.153,elasticsearch_os_load5,5.02
2023/4/13 11:10,1681355447,cc-cc408-hya,data-node-16,9.9.2.153,elasticsearch_os_load5,4.97
2023/4/13 11:11,1681355507,cc-cc408-hya,data-node-16,9.9.2.153,elasticsearch_os_load5,4.82
2023/4/13 11:12,1681355567,cc-cc408-hya,data-node-16,9.9.2.153,elasticsearch_os_load5,4.88
2023/4/13 11:13,1681355627,cc-cc408-hya,data-node-16,9.9.2.153,elasticsearch_os_load5,4.91
2023/4/13 11:14,1681355687,cc-cc408-hya,data-node-16,9.9.2.153,elasticsearch_os_load5,5.2
2023/4/13 11:15,1681355747,cc-cc408-hya,data-node-16,9.9.2.153,elasticsearch_os_load5,4.7
2023/4/13 11:16,1681355807,cc-cc408-hya,data-node-16,9.9.2.153,elasticsearch_os_load5,4.56
2023/4/13 11:17,1681355867,cc-cc408-hya,data-node-16,9.9.2.153,elasticsearch_os_load5,4.55
2023/4/13 11:18,1681355927,cc-cc408-hya,data-node-16,9.9.2.153,elasticsearch_os_load5,4.34
2023/4/13 11:19,1681355987,cc-cc408-hya,data-node-16,9.9.2.153,elasticsearch_os_load5,4.27
2023/4/13 11:20,1681356047,cc-cc408-hya,data-node-16,9.9.2.153,elasticsearch_os_load5,4.77
2023/4/13 11:21,1681356107,cc-cc408-hya,data-node-16,9.9.2.153,elasticsearch_os_load5,4.73
2023/4/13 11:22,1681356167,cc-cc408-hya,data-node-16,9.9.2.153,elasticsearch_os_load5,4.92
2023/4/13 11:23,1681356227,cc-cc408-hya,data-node-16,9.9.2.153,elasticsearch_os_load5,4.76
2023/4/13 11:24,1681356287,cc-cc408-hya,data-node-16,9.9.2.153,elasticsearch_os_load5,4.61
2023/4/13 11:25,1681356347,cc-cc408-hya,data-node-16,9.9.2.153,elasticsearch_os_load5,4.44
2023/4/13 11:26,1681356407,cc-cc408-hya,data-node-16,9.9.2.153,elasticsearch_os_load5,4.12
2023/4/13 11:27,1681356467,cc-cc408-hya,data-node-16,9.9.2.153,elasticsearch_os_load5,3.98
2023/4/13 11:28,1681356527,cc-cc408-hya,data-node-16,9.9.2.153,elasticsearch_os_load5,4.39
2023/4/13 11:29,1681356587,cc-cc408-hya,data-node-16,9.9.2.153,elasticsearch_os_load5,4.18
2023/4/13 11:30,1681356647,cc-cc408-hya,data-node-16,9.9.2.153,elasticsearch_os_load5,4.42
2023/4/13 11:31,1681356707,cc-cc408-hya,data-node-16,9.9.2.153,elasticsearch_os_load5,4.16
2023/4/13 11:32,1681356767,cc-cc408-hya,data-node-16,9.9.2.153,elasticsearch_os_load5,4.49
2023/4/13 11:33,1681356827,cc-cc408-hya,data-node-16,9.9.2.153,elasticsearch_os_load5,4.65
2023/4/13 11:34,1681356887,cc-cc408-hya,data-node-16,9.9.2.153,elasticsearch_os_load5,4.77
2023/4/13 11:35,1681356947,cc-cc408-hya,data-node-16,9.9.2.153,elasticsearch_os_load5,5.01
2023/4/13 11:36,1681357007,cc-cc408-hya,data-node-16,9.9.2.153,elasticsearch_os_load5,4.77
2023/4/13 11:37,1681357067,cc-cc408-hya,data-node-16,9.9.2.153,elasticsearch_os_load5,4.72
2023/4/13 11:38,1681357127,cc-cc408-hya,data-node-16,9.9.2.153,elasticsearch_os_load5,4.4
2023/4/13 11:39,1681357187,cc-cc408-hya,data-node-16,9.9.2.153,elasticsearch_os_load5,4.2
2023/4/13 11:40,1681357247,cc-cc408-hya,data-node-16,9.9.2.153,elasticsearch_os_load5,4.01
2023/4/13 11:41,1681357307,cc-cc408-hya,data-node-16,9.9.2.153,elasticsearch_os_load5,4.03
2023/4/13 11:42,1681357367,cc-cc408-hya,data-node-16,9.9.2.153,elasticsearch_os_load5,4.3
2023/4/13 11:43,1681357427,cc-cc408-hya,data-node-16,9.9.2.153,elasticsearch_os_load5,4.29
2023/4/13 11:44,1681357487,cc-cc408-hya,data-node-16,9.9.2.153,elasticsearch_os_load5,4.28
2023/4/13 11:45,1681357547,cc-cc408-hya,data-node-16,9.9.2.153,elasticsearch_os_load5,4.54
2023/4/13 11:46,1681357607,cc-cc408-hya,data-node-16,9.9.2.153,elasticsearch_os_load5,4.56
2023/4/13 11:47,1681357667,cc-cc408-hya,data-node-16,9.9.2.153,elasticsearch_os_load5,4.87
2023/4/13 11:48,1681357727,cc-cc408-hya,data-node-16,9.9.2.153,elasticsearch_os_load5,4.97
2023/4/13 11:49,1681357787,cc-cc408-hya,data-node-16,9.9.2.153,elasticsearch_os_load5,5.09
2023/4/13 11:50,1681357847,cc-cc408-hya,data-node-16,9.9.2.153,elasticsearch_os_load5,4.78
2023/4/13 11:51,1681357907,cc-cc408-hya,data-node-16,9.9.2.153,elasticsearch_os_load5,4.69
2023/4/13 11:52,1681357967,cc-cc408-hya,data-node-16,9.9.2.153,elasticsearch_os_load5,4.77
2023/4/13 11:53,1681358027,cc-cc408-hya,data-node-16,9.9.2.153,elasticsearch_os_load5,4.93
2023/4/13 11:54,1681358087,cc-cc408-hya,data-node-16,9.9.2.153,elasticsearch_os_load5,4.91
2023/4/13 11:55,1681358147,cc-cc408-hya,data-node-16,9.9.2.153,elasticsearch_os_load5,4.66
2023/4/13 11:56,1681358207,cc-cc408-hya,data-node-16,9.9.2.153,elasticsearch_os_load5,4.91
2023/4/13 11:57,1681358267,cc-cc408-hya,data-node-16,9.9.2.153,elasticsearch_os_load5,4.5
2023/4/13 11:58,1681358327,cc-cc408-hya,data-node-16,9.9.2.153,elasticsearch_os_load5,4.79
2023/4/13 11:59,1681358387,cc-cc408-hya,data-node-16,9.9.2.153,elasticsearch_os_load5,4.59
2023/4/13 12:00,1681358447,cc-cc408-hya,data-node-16,9.9.2.153,elasticsearch_os_load5,4.51
2023/4/13 12:01,1681358507,cc-cc408-hya,data-node-16,9.9.2.153,elasticsearch_os_load5,4.34
2023/4/13 12:02,1681358567,cc-cc408-hya,data-node-16,9.9.2.153,elasticsearch_os_load5,4.31
2023/4/13 12:03,1681358627,cc-cc408-hya,data-node-16,9.9.2.153,elasticsearch_os_load5,4.54
2023/4/13 12:04,1681358687,cc-cc408-hya,data-node-16,9.9.2.153,elasticsearch_os_load5,4.34
2023/4/13 12:05,1681358747,cc-cc408-hya,data-node-16,9.9.2.153,elasticsearch_os_load5,4.51
2023/4/13 12:06,1681358807,cc-cc408-hya,data-node-16,9.9.2.153,elasticsearch_os_load5,4.17
2023/4/13 12:07,1681358867,cc-cc408-hya,data-node-16,9.9.2.153,elasticsearch_os_load5,3.93
2023/4/13 12:08,1681358927,cc-cc408-hya,data-node-16,9.9.2.153,elasticsearch_os_load5,3.94
2023/4/13 12:09,1681358987,cc-cc408-hya,data-node-16,9.9.2.153,elasticsearch_os_load5,3.79
2023/4/13 12:10,1681359047,cc-cc408-hya,data-node-16,9.9.2.153,elasticsearch_os_load5,3.67
2023/4/13 12:11,1681359107,cc-cc408-hya,data-node-16,9.9.2.153,elasticsearch_os_load5,3.64
2023/4/13 12:12,1681359167,cc-cc408-hya,data-node-16,9.9.2.153,elasticsearch_os_load5,3.61
2023/4/13 12:13,1681359227,cc-cc408-hya,data-node-16,9.9.2.153,elasticsearch_os_load5,3.74
2023/4/13 12:14,1681359287,cc-cc408-hya,data-node-16,9.9.2.153,elasticsearch_os_load5,3.59
2023/4/13 12:15,1681359347,cc-cc408-hya,data-node-16,9.9.2.153,elasticsearch_os_load5,4.06
2023/4/13 12:16,1681359407,cc-cc408-hya,data-node-16,9.9.2.153,elasticsearch_os_load5,4.55
2023/4/13 12:17,1681359467,cc-cc408-hya,data-node-16,9.9.2.153,elasticsearch_os_load5,4.28
2023/4/13 12:18,1681359527,cc-cc408-hya,data-node-16,9.9.2.153,elasticsearch_os_load5,4.05
2023/4/13 12:19,1681359587,cc-cc408-hya,data-node-16,9.9.2.153,elasticsearch_os_load5,3.74
2023/4/13 12:20,1681359647,cc-cc408-hya,data-node-16,9.9.2.153,elasticsearch_os_load5,3.41
2023/4/13 12:21,1681359707,cc-cc408-hya,data-node-16,9.9.2.153,elasticsearch_os_load5,3.44
2023/4/13 12:22,1681359767,cc-cc408-hya,data-node-16,9.9.2.153,elasticsearch_os_load5,3.5
2023/4/13 12:23,1681359827,cc-cc408-hya,data-node-16,9.9.2.153,elasticsearch_os_load5,3.48
2023/4/13 12:24,1681359887,cc-cc408-hya,data-node-16,9.9.2.153,elasticsearch_os_load5,3.38
2023/4/13 12:25,1681359947,cc-cc408-hya,data-node-16,9.9.2.153,elasticsearch_os_load5,3.44
2023/4/13 12:26,1681360007,cc-cc408-hya,data-node-16,9.9.2.153,elasticsearch_os_load5,3.32
2023/4/13 12:27,1681360067,cc-cc408-hya,data-node-16,9.9.2.153,elasticsearch_os_load5,3.32
2023/4/13 12:28,1681360127,cc-cc408-hya,data-node-16,9.9.2.153,elasticsearch_os_load5,3.05
2023/4/13 12:29,1681360187,cc-cc408-hya,data-node-16,9.9.2.153,elasticsearch_os_load5,3.1
2023/4/13 12:30,1681360247,cc-cc408-hya,data-node-16,9.9.2.153,elasticsearch_os_load5,3.06
2023/4/13 12:31,1681360307,cc-cc408-hya,data-node-16,9.9.2.153,elasticsearch_os_load5,3.24
2023/4/13 12:32,1681360367,cc-cc408-hya,data-node-16,9.9.2.153,elasticsearch_os_load5,3.28
2023/4/13 12:33,1681360427,cc-cc408-hya,data-node-16,9.9.2.153,elasticsearch_os_load5,3.09
2023/4/13 12:34,1681360487,cc-cc408-hya,data-node-16,9.9.2.153,elasticsearch_os_load5,3
2023/4/13 12:35,1681360547,cc-cc408-hya,data-node-16,9.9.2.153,elasticsearch_os_load5,3.02
2023/4/13 12:36,1681360607,cc-cc408-hya,data-node-16,9.9.2.153,elasticsearch_os_load5,3.29
2023/4/13 12:37,1681360667,cc-cc408-hya,data-node-16,9.9.2.153,elasticsearch_os_load5,3.32
2023/4/13 12:38,1681360727,cc-cc408-hya,data-node-16,9.9.2.153,elasticsearch_os_load5,3.65
2023/4/13 12:39,1681360787,cc-cc408-hya,data-node-16,9.9.2.153,elasticsearch_os_load5,3.45
2023/4/13 12:40,1681360847,cc-cc408-hya,data-node-16,9.9.2.153,elasticsearch_os_load5,3.3
2023/4/13 12:41,1681360907,cc-cc408-hya,data-node-16,9.9.2.153,elasticsearch_os_load5,3.3
2023/4/13 12:42,1681360967,cc-cc408-hya,data-node-16,9.9.2.153,elasticsearch_os_load5,2.97
2023/4/13 12:43,1681361027,cc-cc408-hya,data-node-16,9.9.2.153,elasticsearch_os_load5,2.76
2023/4/13 12:44,1681361087,cc-cc408-hya,data-node-16,9.9.2.153,elasticsearch_os_load5,2.68
2023/4/13 12:45,1681361147,cc-cc408-hya,data-node-16,9.9.2.153,elasticsearch_os_load5,2.67
2023/4/13 12:46,1681361207,cc-cc408-hya,data-node-16,9.9.2.153,elasticsearch_os_load5,2.68
2023/4/13 12:47,1681361267,cc-cc408-hya,data-node-16,9.9.2.153,elasticsearch_os_load5,2.88
2023/4/13 12:48,1681361327,cc-cc408-hya,data-node-16,9.9.2.153,elasticsearch_os_load5,2.82
2023/4/13 12:49,1681361387,cc-cc408-hya,data-node-16,9.9.2.153,elasticsearch_os_load5,2.85
2023/4/13 12:50,1681361447,cc-cc408-hya,data-node-16,9.9.2.153,elasticsearch_os_load5,2.81
2023/4/13 12:51,1681361507,cc-cc408-hya,data-node-16,9.9.2.153,elasticsearch_os_load5,2.86
2023/4/13 12:52,1681361567,cc-cc408-hya,data-node-16,9.9.2.153,elasticsearch_os_load5,3.12
2023/4/13 12:53,1681361627,cc-cc408-hya,data-node-16,9.9.2.153,elasticsearch_os_load5,3.77
2023/4/13 12:54,1681361687,cc-cc408-hya,data-node-16,9.9.2.153,elasticsearch_os_load5,3.59
2023/4/13 12:55,1681361747,cc-cc408-hya,data-node-16,9.9.2.153,elasticsearch_os_load5,3.54
2023/4/13 12:56,1681361807,cc-cc408-hya,data-node-16,9.9.2.153,elasticsearch_os_load5,3.74
2023/4/13 12:57,1681361867,cc-cc408-hya,data-node-16,9.9.2.153,elasticsearch_os_load5,3.94
2023/4/13 12:58,1681361927,cc-cc408-hya,data-node-16,9.9.2.153,elasticsearch_os_load5,4.1
2023/4/13 12:59,1681361987,cc-cc408-hya,data-node-16,9.9.2.153,elasticsearch_os_load5,4
2023/4/13 13:00,1681362047,cc-cc408-hya,data-node-16,9.9.2.153,elasticsearch_os_load5,3.93
2023/4/13 13:01,1681362107,cc-cc408-hya,data-node-16,9.9.2.153,elasticsearch_os_load5,3.67
2023/4/13 13:02,1681362167,cc-cc408-hya,data-node-16,9.9.2.153,elasticsearch_os_load5,3.38
2023/4/13 13:03,1681362227,cc-cc408-hya,data-node-16,9.9.2.153,elasticsearch_os_load5,3.75
2023/4/13 13:04,1681362287,cc-cc408-hya,data-node-16,9.9.2.153,elasticsearch_os_load5,3.75
2023/4/13 13:05,1681362347,cc-cc408-hya,data-node-16,9.9.2.153,elasticsearch_os_load5,3.5
2023/4/13 13:06,1681362407,cc-cc408-hya,data-node-16,9.9.2.153,elasticsearch_os_load5,3.46
2023/4/13 13:07,1681362467,cc-cc408-hya,data-node-16,9.9.2.153,elasticsearch_os_load5,3.28
2023/4/13 13:08,1681362527,cc-cc408-hya,data-node-16,9.9.2.153,elasticsearch_os_load5,3.07
2023/4/13 13:09,1681362587,cc-cc408-hya,data-node-16,9.9.2.153,elasticsearch_os_load5,3.27
2023/4/13 13:10,1681362647,cc-cc408-hya,data-node-16,9.9.2.153,elasticsearch_os_load5,3.3
2023/4/13 13:11,1681362707,cc-cc408-hya,data-node-16,9.9.2.153,elasticsearch_os_load5,3.17
2023/4/13 13:12,1681362767,cc-cc408-hya,data-node-16,9.9.2.153,elasticsearch_os_load5,3.07
2023/4/13 13:13,1681362827,cc-cc408-hya,data-node-16,9.9.2.153,elasticsearch_os_load5,3.02
2023/4/13 13:14,1681362887,cc-cc408-hya,data-node-16,9.9.2.153,elasticsearch_os_load5,2.92
2023/4/13 13:15,1681362947,cc-cc408-hya,data-node-16,9.9.2.153,elasticsearch_os_load5,2.97
2023/4/13 13:16,1681363007,cc-cc408-hya,data-node-16,9.9.2.153,elasticsearch_os_load5,2.91
2023/4/13 13:17,1681363067,cc-cc408-hya,data-node-16,9.9.2.153,elasticsearch_os_load5,2.76
2023/4/13 13:18,1681363127,cc-cc408-hya,data-node-16,9.9.2.153,elasticsearch_os_load5,2.7
2023/4/13 13:19,1681363187,cc-cc408-hya,data-node-16,9.9.2.153,elasticsearch_os_load5,2.75
2023/4/13 13:20,1681363247,cc-cc408-hya,data-node-16,9.9.2.153,elasticsearch_os_load5,2.71
2023/4/13 13:21,1681363307,cc-cc408-hya,data-node-16,9.9.2.153,elasticsearch_os_load5,2.65
2023/4/13 13:22,1681363367,cc-cc408-hya,data-node-16,9.9.2.153,elasticsearch_os_load5,2.61
2023/4/13 13:23,1681363427,cc-cc408-hya,data-node-16,9.9.2.153,elasticsearch_os_load5,2.57
2023/4/13 13:24,1681363487,cc-cc408-hya,data-node-16,9.9.2.153,elasticsearch_os_load5,2.5
2023/4/13 13:25,1681363547,cc-cc408-hya,data-node-16,9.9.2.153,elasticsearch_os_load5,2.78
2023/4/13 13:26,1681363607,cc-cc408-hya,data-node-16,9.9.2.153,elasticsearch_os_load5,2.67
2023/4/13 13:27,1681363667,cc-cc408-hya,data-node-16,9.9.2.153,elasticsearch_os_load5,2.55
2023/4/13 13:28,1681363727,cc-cc408-hya,data-node-16,9.9.2.153,elasticsearch_os_load5,2.57
2023/4/13 13:29,1681363787,cc-cc408-hya,data-node-16,9.9.2.153,elasticsearch_os_load5,2.57
2023/4/13 13:30,1681363847,cc-cc408-hya,data-node-16,9.9.2.153,elasticsearch_os_load5,2.28
2023/4/13 13:31,1681363907,cc-cc408-hya,data-node-16,9.9.2.153,elasticsearch_os_load5,2.45
2023/4/13 13:32,1681363967,cc-cc408-hya,data-node-16,9.9.2.153,elasticsearch_os_load5,2.54
2023/4/13 13:33,1681364027,cc-cc408-hya,data-node-16,9.9.2.153,elasticsearch_os_load5,2.33
2023/4/13 13:34,1681364087,cc-cc408-hya,data-node-16,9.9.2.153,elasticsearch_os_load5,2.43
2023/4/13 13:35,1681364147,cc-cc408-hya,data-node-16,9.9.2.153,elasticsearch_os_load5,2.5
2023/4/13 13:36,1681364207,cc-cc408-hya,data-node-16,9.9.2.153,elasticsearch_os_load5,2.47
2023/4/13 13:37,1681364267,cc-cc408-hya,data-node-16,9.9.2.153,elasticsearch_os_load5,2.43
2023/4/13 13:38,1681364327,cc-cc408-hya,data-node-16,9.9.2.153,elasticsearch_os_load5,2.34
2023/4/13 13:39,1681364387,cc-cc408-hya,data-node-16,9.9.2.153,elasticsearch_os_load5,2.75
2023/4/13 13:40,1681364447,cc-cc408-hya,data-node-16,9.9.2.153,elasticsearch_os_load5,2.86
2023/4/13 13:41,1681364507,cc-cc408-hya,data-node-16,9.9.2.153,elasticsearch_os_load5,2.86
2023/4/13 13:42,1681364567,cc-cc408-hya,data-node-16,9.9.2.153,elasticsearch_os_load5,2.92
2023/4/13 13:43,1681364627,cc-cc408-hya,data-node-16,9.9.2.153,elasticsearch_os_load5,3.2
2023/4/13 13:44,1681364687,cc-cc408-hya,data-node-16,9.9.2.153,elasticsearch_os_load5,3.43
2023/4/13 13:45,1681364747,cc-cc408-hya,data-node-16,9.9.2.153,elasticsearch_os_load5,3.39
2023/4/13 13:46,1681364807,cc-cc408-hya,data-node-16,9.9.2.153,elasticsearch_os_load5,3.51
2023/4/13 13:47,1681364867,cc-cc408-hya,data-node-16,9.9.2.153,elasticsearch_os_load5,3.67
2023/4/13 13:48,1681364927,cc-cc408-hya,data-node-16,9.9.2.153,elasticsearch_os_load5,3.56
2023/4/13 13:49,1681364987,cc-cc408-hya,data-node-16,9.9.2.153,elasticsearch_os_load5,3.64
2023/4/13 13:50,1681365047,cc-cc408-hya,data-node-16,9.9.2.153,elasticsearch_os_load5,3.72
2023/4/13 13:51,1681365107,cc-cc408-hya,data-node-16,9.9.2.153,elasticsearch_os_load5,4.12
2023/4/13 13:52,1681365167,cc-cc408-hya,data-node-16,9.9.2.153,elasticsearch_os_load5,3.91
2023/4/13 13:53,1681365227,cc-cc408-hya,data-node-16,9.9.2.153,elasticsearch_os_load5,3.85
2023/4/13 13:54,1681365287,cc-cc408-hya,data-node-16,9.9.2.153,elasticsearch_os_load5,3.96
2023/4/13 13:55,1681365347,cc-cc408-hya,data-node-16,9.9.2.153,elasticsearch_os_load5,4
2023/4/13 13:56,1681365407,cc-cc408-hya,data-node-16,9.9.2.153,elasticsearch_os_load5,4.36
2023/4/13 13:57,1681365467,cc-cc408-hya,data-node-16,9.9.2.153,elasticsearch_os_load5,4.38
2023/4/13 13:58,1681365527,cc-cc408-hya,data-node-16,9.9.2.153,elasticsearch_os_load5,4.33
2023/4/13 13:59,1681365587,cc-cc408-hya,data-node-16,9.9.2.153,elasticsearch_os_load5,4.12
2023/4/13 14:00,1681365647,cc-cc408-hya,data-node-16,9.9.2.153,elasticsearch_os_load5,4.24
2023/4/13 14:01,1681365707,cc-cc408-hya,data-node-16,9.9.2.153,elasticsearch_os_load5,4.26
2023/4/13 14:02,1681365767,cc-cc408-hya,data-node-16,9.9.2.153,elasticsearch_os_load5,3.9
2023/4/13 14:03,1681365827,cc-cc408-hya,data-node-16,9.9.2.153,elasticsearch_os_load5,3.85
2023/4/13 14:04,1681365887,cc-cc408-hya,data-node-16,9.9.2.153,elasticsearch_os_load5,3.89
2023/4/13 14:05,1681365947,cc-cc408-hya,data-node-16,9.9.2.153,elasticsearch_os_load5,3.88
2023/4/13 14:06,1681366007,cc-cc408-hya,data-node-16,9.9.2.153,elasticsearch_os_load5,3.79
2023/4/13 14:07,1681366067,cc-cc408-hya,data-node-16,9.9.2.153,elasticsearch_os_load5,3.74
2023/4/13 14:08,1681366127,cc-cc408-hya,data-node-16,9.9.2.153,elasticsearch_os_load5,3.65
2023/4/13 14:09,1681366187,cc-cc408-hya,data-node-16,9.9.2.153,elasticsearch_os_load5,3.74
2023/4/13 14:10,1681366247,cc-cc408-hya,data-node-16,9.9.2.153,elasticsearch_os_load5,3.81
2023/4/13 14:11,1681366307,cc-cc408-hya,data-node-16,9.9.2.153,elasticsearch_os_load5,3.83
2023/4/13 14:12,1681366367,cc-cc408-hya,data-node-16,9.9.2.153,elasticsearch_os_load5,3.77
2023/4/13 14:13,1681366427,cc-cc408-hya,data-node-16,9.9.2.153,elasticsearch_os_load5,3.93
2023/4/13 14:14,1681366487,cc-cc408-hya,data-node-16,9.9.2.153,elasticsearch_os_load5,4.01
2023/4/13 14:15,1681366547,cc-cc408-hya,data-node-16,9.9.2.153,elasticsearch_os_load5,4.16
2023/4/13 14:16,1681366607,cc-cc408-hya,data-node-16,9.9.2.153,elasticsearch_os_load5,4.1
2023/4/13 14:17,1681366667,cc-cc408-hya,data-node-16,9.9.2.153,elasticsearch_os_load5,4.01
2023/4/13 14:18,1681366727,cc-cc408-hya,data-node-16,9.9.2.153,elasticsearch_os_load5,4.11
2023/4/13 14:19,1681366787,cc-cc408-hya,data-node-16,9.9.2.153,elasticsearch_os_load5,3.94
2023/4/13 14:20,1681366847,cc-cc408-hya,data-node-16,9.9.2.153,elasticsearch_os_load5,4
2023/4/13 14:21,1681366907,cc-cc408-hya,data-node-16,9.9.2.153,elasticsearch_os_load5,4.27
2023/4/13 14:22,1681366967,cc-cc408-hya,data-node-16,9.9.2.153,elasticsearch_os_load5,4.39
2023/4/13 14:23,1681367027,cc-cc408-hya,data-node-16,9.9.2.153,elasticsearch_os_load5,4.73
2023/4/13 14:24,1681367087,cc-cc408-hya,data-node-16,9.9.2.153,elasticsearch_os_load5,4.85
2023/4/13 14:25,1681367147,cc-cc408-hya,data-node-16,9.9.2.153,elasticsearch_os_load5,4.69
2023/4/13 14:26,1681367207,cc-cc408-hya,data-node-16,9.9.2.153,elasticsearch_os_load5,4.55
2023/4/13 14:27,1681367267,cc-cc408-hya,data-node-16,9.9.2.153,elasticsearch_os_load5,4.7
2023/4/13 14:28,1681367327,cc-cc408-hya,data-node-16,9.9.2.153,elasticsearch_os_load5,4.65
2023/4/13 14:29,1681367387,cc-cc408-hya,data-node-16,9.9.2.153,elasticsearch_os_load5,4.82
2023/4/13 14:30,1681367447,cc-cc408-hya,data-node-16,9.9.2.153,elasticsearch_os_load5,5.03
2023/4/13 14:31,1681367507,cc-cc408-hya,data-node-16,9.9.2.153,elasticsearch_os_load5,5.17
2023/4/13 14:32,1681367567,cc-cc408-hya,data-node-16,9.9.2.153,elasticsearch_os_load5,6.24
2023/4/13 14:33,1681367627,cc-cc408-hya,data-node-16,9.9.2.153,elasticsearch_os_load5,5.76
2023/4/13 14:34,1681367687,cc-cc408-hya,data-node-16,9.9.2.153,elasticsearch_os_load5,5.84
2023/4/13 14:35,1681367747,cc-cc408-hya,data-node-16,9.9.2.153,elasticsearch_os_load5,5.93
2023/4/13 14:36,1681367807,cc-cc408-hya,data-node-16,9.9.2.153,elasticsearch_os_load5,5.65
2023/4/13 14:37,1681367867,cc-cc408-hya,data-node-16,9.9.2.153,elasticsearch_os_load5,5.63
2023/4/13 14:38,1681367927,cc-cc408-hya,data-node-16,9.9.2.153,elasticsearch_os_load5,5.24
2023/4/13 14:39,1681367987,cc-cc408-hya,data-node-16,9.9.2.153,elasticsearch_os_load5,5.26
2023/4/13 14:40,1681368047,cc-cc408-hya,data-node-16,9.9.2.153,elasticsearch_os_load5,5.1
2023/4/13 14:41,1681368107,cc-cc408-hya,data-node-16,9.9.2.153,elasticsearch_os_load5,4.7
2023/4/13 14:42,1681368167,cc-cc408-hya,data-node-16,9.9.2.153,elasticsearch_os_load5,5.14
2023/4/13 14:43,1681368227,cc-cc408-hya,data-node-16,9.9.2.153,elasticsearch_os_load5,5.21
2023/4/13 14:44,1681368287,cc-cc408-hya,data-node-16,9.9.2.153,elasticsearch_os_load5,4.88
2023/4/13 14:45,1681368347,cc-cc408-hya,data-node-16,9.9.2.153,elasticsearch_os_load5,4.83
2023/4/13 14:46,1681368407,cc-cc408-hya,data-node-16,9.9.2.153,elasticsearch_os_load5,4.89
2023/4/13 14:47,1681368467,cc-cc408-hya,data-node-16,9.9.2.153,elasticsearch_os_load5,5.52
2023/4/13 14:48,1681368527,cc-cc408-hya,data-node-16,9.9.2.153,elasticsearch_os_load5,5.52
2023/4/13 14:49,1681368587,cc-cc408-hya,data-node-16,9.9.2.153,elasticsearch_os_load5,5.4
2023/4/13 14:50,1681368647,cc-cc408-hya,data-node-16,9.9.2.153,elasticsearch_os_load5,5.31
2023/4/13 14:51,1681368707,cc-cc408-hya,data-node-16,9.9.2.153,elasticsearch_os_load5,5.26
2023/4/13 14:52,1681368767,cc-cc408-hya,data-node-16,9.9.2.153,elasticsearch_os_load5,5.3
2023/4/13 14:53,1681368827,cc-cc408-hya,data-node-16,9.9.2.153,elasticsearch_os_load5,5.17
2023/4/13 14:54,1681368887,cc-cc408-hya,data-node-16,9.9.2.153,elasticsearch_os_load5,4.81
2023/4/13 14:55,1681368947,cc-cc408-hya,data-node-16,9.9.2.153,elasticsearch_os_load5,4.63
2023/4/13 14:56,1681369007,cc-cc408-hya,data-node-16,9.9.2.153,elasticsearch_os_load5,4.78
2023/4/13 14:57,1681369067,cc-cc408-hya,data-node-16,9.9.2.153,elasticsearch_os_load5,4.7
2023/4/13 14:58,1681369127,cc-cc408-hya,data-node-16,9.9.2.153,elasticsearch_os_load5,4.65
2023/4/13 14:59,1681369187,cc-cc408-hya,data-node-16,9.9.2.153,elasticsearch_os_load5,4.56
2023/4/13 15:00,1681369247,cc-cc408-hya,data-node-16,9.9.2.153,elasticsearch_os_load5,4.53
2023/4/13 15:01,1681369307,cc-cc408-hya,data-node-16,9.9.2.153,elasticsearch_os_load5,4.49
2023/4/13 15:02,1681369367,cc-cc408-hya,data-node-16,9.9.2.153,elasticsearch_os_load5,4.33
2023/4/13 15:03,1681369427,cc-cc408-hya,data-node-16,9.9.2.153,elasticsearch_os_load5,4.26
2023/4/13 15:04,1681369487,cc-cc408-hya,data-node-16,9.9.2.153,elasticsearch_os_load5,4.29
2023/4/13 15:05,1681369547,cc-cc408-hya,data-node-16,9.9.2.153,elasticsearch_os_load5,4.48
2023/4/13 15:06,1681369607,cc-cc408-hya,data-node-16,9.9.2.153,elasticsearch_os_load5,4.69
2023/4/13 15:07,1681369667,cc-cc408-hya,data-node-16,9.9.2.153,elasticsearch_os_load5,4.6
2023/4/13 15:08,1681369727,cc-cc408-hya,data-node-16,9.9.2.153,elasticsearch_os_load5,4.57
2023/4/13 15:09,1681369787,cc-cc408-hya,data-node-16,9.9.2.153,elasticsearch_os_load5,4.39
2023/4/13 15:10,1681369847,cc-cc408-hya,data-node-16,9.9.2.153,elasticsearch_os_load5,4.5
2023/4/13 15:11,1681369907,cc-cc408-hya,data-node-16,9.9.2.153,elasticsearch_os_load5,4.8
2023/4/13 15:12,1681369967,cc-cc408-hya,data-node-16,9.9.2.153,elasticsearch_os_load5,4.55
2023/4/13 15:13,1681370027,cc-cc408-hya,data-node-16,9.9.2.153,elasticsearch_os_load5,4.66
2023/4/13 15:14,1681370087,cc-cc408-hya,data-node-16,9.9.2.153,elasticsearch_os_load5,4.79
2023/4/13 15:15,1681370147,cc-cc408-hya,data-node-16,9.9.2.153,elasticsearch_os_load5,5.32
2023/4/13 15:16,1681370207,cc-cc408-hya,data-node-16,9.9.2.153,elasticsearch_os_load5,5.12
2023/4/13 15:17,1681370267,cc-cc408-hya,data-node-16,9.9.2.153,elasticsearch_os_load5,5.08
2023/4/13 15:18,1681370327,cc-cc408-hya,data-node-16,9.9.2.153,elasticsearch_os_load5,5.13
2023/4/13 15:19,1681370387,cc-cc408-hya,data-node-16,9.9.2.153,elasticsearch_os_load5,4.97
2023/4/13 15:20,1681370447,cc-cc408-hya,data-node-16,9.9.2.153,elasticsearch_os_load5,4.95
2023/4/13 15:21,1681370507,cc-cc408-hya,data-node-16,9.9.2.153,elasticsearch_os_load5,4.61
2023/4/13 15:22,1681370567,cc-cc408-hya,data-node-16,9.9.2.153,elasticsearch_os_load5,4.57
2023/4/13 15:23,1681370627,cc-cc408-hya,data-node-16,9.9.2.153,elasticsearch_os_load5,4.51
2023/4/13 15:24,1681370687,cc-cc408-hya,data-node-16,9.9.2.153,elasticsearch_os_load5,4.38
2023/4/13 15:25,1681370747,cc-cc408-hya,data-node-16,9.9.2.153,elasticsearch_os_load5,4.29
2023/4/13 15:26,1681370807,cc-cc408-hya,data-node-16,9.9.2.153,elasticsearch_os_load5,4.55
2023/4/13 15:27,1681370867,cc-cc408-hya,data-node-16,9.9.2.153,elasticsearch_os_load5,4.55
2023/4/13 15:28,1681370927,cc-cc408-hya,data-node-16,9.9.2.153,elasticsearch_os_load5,4.82
2023/4/13 15:29,1681370987,cc-cc408-hya,data-node-16,9.9.2.153,elasticsearch_os_load5,4.5
2023/4/13 15:30,1681371047,cc-cc408-hya,data-node-16,9.9.2.153,elasticsearch_os_load5,4.46
2023/4/13 15:31,1681371107,cc-cc408-hya,data-node-16,9.9.2.153,elasticsearch_os_load5,4.37
2023/4/13 15:32,1681371167,cc-cc408-hya,data-node-16,9.9.2.153,elasticsearch_os_load5,4.14
2023/4/13 15:33,1681371227,cc-cc408-hya,data-node-16,9.9.2.153,elasticsearch_os_load5,4.09
2023/4/13 15:34,1681371287,cc-cc408-hya,data-node-16,9.9.2.153,elasticsearch_os_load5,4.01
2023/4/13 15:35,1681371347,cc-cc408-hya,data-node-16,9.9.2.153,elasticsearch_os_load5,3.88
2023/4/13 15:36,1681371407,cc-cc408-hya,data-node-16,9.9.2.153,elasticsearch_os_load5,4.12
2023/4/13 15:37,1681371467,cc-cc408-hya,data-node-16,9.9.2.153,elasticsearch_os_load5,3.98
2023/4/13 15:38,1681371527,cc-cc408-hya,data-node-16,9.9.2.153,elasticsearch_os_load5,4.18
2023/4/13 15:39,1681371587,cc-cc408-hya,data-node-16,9.9.2.153,elasticsearch_os_load5,3.94
2023/4/13 15:40,1681371647,cc-cc408-hya,data-node-16,9.9.2.153,elasticsearch_os_load5,4.22
2023/4/13 15:41,1681371707,cc-cc408-hya,data-node-16,9.9.2.153,elasticsearch_os_load5,4.42
2023/4/13 15:42,1681371767,cc-cc408-hya,data-node-16,9.9.2.153,elasticsearch_os_load5,4.32
2023/4/13 15:43,1681371827,cc-cc408-hya,data-node-16,9.9.2.153,elasticsearch_os_load5,4.59
2023/4/13 15:44,1681371887,cc-cc408-hya,data-node-16,9.9.2.153,elasticsearch_os_load5,4.62
2023/4/13 15:45,1681371947,cc-cc408-hya,data-node-16,9.9.2.153,elasticsearch_os_load5,4.87
2023/4/13 15:46,1681372007,cc-cc408-hya,data-node-16,9.9.2.153,elasticsearch_os_load5,4.8
2023/4/13 15:47,1681372067,cc-cc408-hya,data-node-16,9.9.2.153,elasticsearch_os_load5,4.53
2023/4/13 15:48,1681372127,cc-cc408-hya,data-node-16,9.9.2.153,elasticsearch_os_load5,4.64
2023/4/13 15:49,1681372187,cc-cc408-hya,data-node-16,9.9.2.153,elasticsearch_os_load5,4.73
2023/4/13 15:50,1681372247,cc-cc408-hya,data-node-16,9.9.2.153,elasticsearch_os_load5,5.12
2023/4/13 15:51,1681372307,cc-cc408-hya,data-node-16,9.9.2.153,elasticsearch_os_load5,5.09
2023/4/13 15:52,1681372367,cc-cc408-hya,data-node-16,9.9.2.153,elasticsearch_os_load5,4.96
2023/4/13 15:53,1681372427,cc-cc408-hya,data-node-16,9.9.2.153,elasticsearch_os_load5,5.06
2023/4/13 15:54,1681372487,cc-cc408-hya,data-node-16,9.9.2.153,elasticsearch_os_load5,5.08
2023/4/13 15:55,1681372547,cc-cc408-hya,data-node-16,9.9.2.153,elasticsearch_os_load5,5.21
2023/4/13 15:56,1681372607,cc-cc408-hya,data-node-16,9.9.2.153,elasticsearch_os_load5,4.96
2023/4/13 15:57,1681372667,cc-cc408-hya,data-node-16,9.9.2.153,elasticsearch_os_load5,4.83
2023/4/13 15:58,1681372727,cc-cc408-hya,data-node-16,9.9.2.153,elasticsearch_os_load5,5.18
2023/4/13 15:59,1681372787,cc-cc408-hya,data-node-16,9.9.2.153,elasticsearch_os_load5,5.21
2023/4/13 16:00,1681372847,cc-cc408-hya,data-node-16,9.9.2.153,elasticsearch_os_load5,5.31
2023/4/13 16:01,1681372907,cc-cc408-hya,data-node-16,9.9.2.153,elasticsearch_os_load5,6.15
2023/4/13 16:02,1681372967,cc-cc408-hya,data-node-16,9.9.2.153,elasticsearch_os_load5,6.31
2023/4/13 16:03,1681373027,cc-cc408-hya,data-node-16,9.9.2.153,elasticsearch_os_load5,6.25
2023/4/13 16:04,1681373087,cc-cc408-hya,data-node-16,9.9.2.153,elasticsearch_os_load5,6.05
2023/4/13 16:05,1681373147,cc-cc408-hya,data-node-16,9.9.2.153,elasticsearch_os_load5,5.78
2023/4/13 16:06,1681373207,cc-cc408-hya,data-node-16,9.9.2.153,elasticsearch_os_load5,5.71
2023/4/13 16:07,1681373267,cc-cc408-hya,data-node-16,9.9.2.153,elasticsearch_os_load5,5.79
2023/4/13 16:08,1681373327,cc-cc408-hya,data-node-16,9.9.2.153,elasticsearch_os_load5,6.38
2023/4/13 16:09,1681373387,cc-cc408-hya,data-node-16,9.9.2.153,elasticsearch_os_load5,6
2023/4/13 16:10,1681373447,cc-cc408-hya,data-node-16,9.9.2.153,elasticsearch_os_load5,6.14
2023/4/13 16:11,1681373507,cc-cc408-hya,data-node-16,9.9.2.153,elasticsearch_os_load5,6.05
2023/4/13 16:12,1681373567,cc-cc408-hya,data-node-16,9.9.2.153,elasticsearch_os_load5,5.94
2023/4/13 16:13,1681373627,cc-cc408-hya,data-node-16,9.9.2.153,elasticsearch_os_load5,5.5
2023/4/13 16:14,1681373687,cc-cc408-hya,data-node-16,9.9.2.153,elasticsearch_os_load5,5.83
2023/4/13 16:15,1681373747,cc-cc408-hya,data-node-16,9.9.2.153,elasticsearch_os_load5,5.48
2023/4/13 16:16,1681373807,cc-cc408-hya,data-node-16,9.9.2.153,elasticsearch_os_load5,5.61
2023/4/13 16:17,1681373867,cc-cc408-hya,data-node-16,9.9.2.153,elasticsearch_os_load5,5.44
2023/4/13 16:18,1681373927,cc-cc408-hya,data-node-16,9.9.2.153,elasticsearch_os_load5,5.3
2023/4/13 16:19,1681373987,cc-cc408-hya,data-node-16,9.9.2.153,elasticsearch_os_load5,5.38
2023/4/13 16:20,1681374047,cc-cc408-hya,data-node-16,9.9.2.153,elasticsearch_os_load5,5.54
2023/4/13 16:21,1681374107,cc-cc408-hya,data-node-16,9.9.2.153,elasticsearch_os_load5,5.62
2023/4/13 16:22,1681374167,cc-cc408-hya,data-node-16,9.9.2.153,elasticsearch_os_load5,5.36
2023/4/13 16:23,1681374227,cc-cc408-hya,data-node-16,9.9.2.153,elasticsearch_os_load5,5.11
2023/4/13 16:24,1681374287,cc-cc408-hya,data-node-16,9.9.2.153,elasticsearch_os_load5,5.22
2023/4/13 16:25,1681374347,cc-cc408-hya,data-node-16,9.9.2.153,elasticsearch_os_load5,5.5
2023/4/13 16:26,1681374407,cc-cc408-hya,data-node-16,9.9.2.153,elasticsearch_os_load5,5.97
2023/4/13 16:27,1681374467,cc-cc408-hya,data-node-16,9.9.2.153,elasticsearch_os_load5,5.95
2023/4/13 16:28,1681374527,cc-cc408-hya,data-node-16,9.9.2.153,elasticsearch_os_load5,5.94
2023/4/13 16:29,1681374587,cc-cc408-hya,data-node-16,9.9.2.153,elasticsearch_os_load5,5.8
2023/4/13 16:30,1681374647,cc-cc408-hya,data-node-16,9.9.2.153,elasticsearch_os_load5,5.76
2023/4/13 16:31,1681374707,cc-cc408-hya,data-node-16,9.9.2.153,elasticsearch_os_load5,5.88
2023/4/13 16:32,1681374767,cc-cc408-hya,data-node-16,9.9.2.153,elasticsearch_os_load5,5.95
2023/4/13 16:33,1681374827,cc-cc408-hya,data-node-16,9.9.2.153,elasticsearch_os_load5,6.14
2023/4/13 16:34,1681374887,cc-cc408-hya,data-node-16,9.9.2.153,elasticsearch_os_load5,6.01
2023/4/13 16:35,1681374947,cc-cc408-hya,data-node-16,9.9.2.153,elasticsearch_os_load5,5.93
2023/4/13 16:36,1681375007,cc-cc408-hya,data-node-16,9.9.2.153,elasticsearch_os_load5,5.86
2023/4/13 16:37,1681375067,cc-cc408-hya,data-node-16,9.9.2.153,elasticsearch_os_load5,5.62
2023/4/13 16:38,1681375127,cc-cc408-hya,data-node-16,9.9.2.153,elasticsearch_os_load5,5.76
2023/4/13 16:39,1681375187,cc-cc408-hya,data-node-16,9.9.2.153,elasticsearch_os_load5,5.85
2023/4/13 16:40,1681375247,cc-cc408-hya,data-node-16,9.9.2.153,elasticsearch_os_load5,5.77
2023/4/13 16:41,1681375307,cc-cc408-hya,data-node-16,9.9.2.153,elasticsearch_os_load5,5.55
2023/4/13 16:42,1681375367,cc-cc408-hya,data-node-16,9.9.2.153,elasticsearch_os_load5,5.44
2023/4/13 16:43,1681375427,cc-cc408-hya,data-node-16,9.9.2.153,elasticsearch_os_load5,5.82
2023/4/13 16:44,1681375487,cc-cc408-hya,data-node-16,9.9.2.153,elasticsearch_os_load5,6.24
2023/4/13 16:45,1681375547,cc-cc408-hya,data-node-16,9.9.2.153,elasticsearch_os_load5,6.25
2023/4/13 16:46,1681375607,cc-cc408-hya,data-node-16,9.9.2.153,elasticsearch_os_load5,6.16
2023/4/13 16:47,1681375667,cc-cc408-hya,data-node-16,9.9.2.153,elasticsearch_os_load5,6.02
2023/4/13 16:48,1681375727,cc-cc408-hya,data-node-16,9.9.2.153,elasticsearch_os_load5,5.82
2023/4/13 16:49,1681375787,cc-cc408-hya,data-node-16,9.9.2.153,elasticsearch_os_load5,6.09
2023/4/13 16:50,1681375847,cc-cc408-hya,data-node-16,9.9.2.153,elasticsearch_os_load5,5.82
2023/4/13 16:51,1681375907,cc-cc408-hya,data-node-16,9.9.2.153,elasticsearch_os_load5,6.34
2023/4/13 16:52,1681375967,cc-cc408-hya,data-node-16,9.9.2.153,elasticsearch_os_load5,6.39
2023/4/13 16:53,1681376027,cc-cc408-hya,data-node-16,9.9.2.153,elasticsearch_os_load5,6.11
2023/4/13 16:54,1681376087,cc-cc408-hya,data-node-16,9.9.2.153,elasticsearch_os_load5,5.8
2023/4/13 16:55,1681376147,cc-cc408-hya,data-node-16,9.9.2.153,elasticsearch_os_load5,5.83
2023/4/13 16:56,1681376207,cc-cc408-hya,data-node-16,9.9.2.153,elasticsearch_os_load5,5.68
2023/4/13 16:57,1681376267,cc-cc408-hya,data-node-16,9.9.2.153,elasticsearch_os_load5,6
2023/4/13 16:58,1681376327,cc-cc408-hya,data-node-16,9.9.2.153,elasticsearch_os_load5,6.05
2023/4/13 16:59,1681376387,cc-cc408-hya,data-node-16,9.9.2.153,elasticsearch_os_load5,5.94
2023/4/13 17:00,1681376447,cc-cc408-hya,data-node-16,9.9.2.153,elasticsearch_os_load5,5.7
2023/4/13 17:01,1681376507,cc-cc408-hya,data-node-16,9.9.2.153,elasticsearch_os_load5,5.33
2023/4/13 17:02,1681376567,cc-cc408-hya,data-node-16,9.9.2.153,elasticsearch_os_load5,5.53
2023/4/13 17:03,1681376627,cc-cc408-hya,data-node-16,9.9.2.153,elasticsearch_os_load5,5.59
2023/4/13 17:04,1681376687,cc-cc408-hya,data-node-16,9.9.2.153,elasticsearch_os_load5,5.67
2023/4/13 17:05,1681376747,cc-cc408-hya,data-node-16,9.9.2.153,elasticsearch_os_load5,5.67
2023/4/13 17:06,1681376807,cc-cc408-hya,data-node-16,9.9.2.153,elasticsearch_os_load5,5.38
2023/4/13 17:07,1681376867,cc-cc408-hya,data-node-16,9.9.2.153,elasticsearch_os_load5,5.21
2023/4/13 17:08,1681376927,cc-cc408-hya,data-node-16,9.9.2.153,elasticsearch_os_load5,5.29
2023/4/13 17:09,1681376987,cc-cc408-hya,data-node-16,9.9.2.153,elasticsearch_os_load5,5.2
2023/4/13 17:10,1681377047,cc-cc408-hya,data-node-16,9.9.2.153,elasticsearch_os_load5,5.19
2023/4/13 17:11,1681377107,cc-cc408-hya,data-node-16,9.9.2.153,elasticsearch_os_load5,5.31
2023/4/13 17:12,1681377167,cc-cc408-hya,data-node-16,9.9.2.153,elasticsearch_os_load5,5.63
2023/4/13 17:13,1681377227,cc-cc408-hya,data-node-16,9.9.2.153,elasticsearch_os_load5,5.89
2023/4/13 17:14,1681377287,cc-cc408-hya,data-node-16,9.9.2.153,elasticsearch_os_load5,6.27
2023/4/13 17:15,1681377347,cc-cc408-hya,data-node-16,9.9.2.153,elasticsearch_os_load5,6.12
2023/4/13 17:16,1681377407,cc-cc408-hya,data-node-16,9.9.2.153,elasticsearch_os_load5,6.41
2023/4/13 17:17,1681377467,cc-cc408-hya,data-node-16,9.9.2.153,elasticsearch_os_load5,6.49
2023/4/13 17:18,1681377527,cc-cc408-hya,data-node-16,9.9.2.153,elasticsearch_os_load5,6.46
2023/4/13 17:19,1681377587,cc-cc408-hya,data-node-16,9.9.2.153,elasticsearch_os_load5,6.99
2023/4/13 17:20,1681377647,cc-cc408-hya,data-node-16,9.9.2.153,elasticsearch_os_load5,6.69
2023/4/13 17:21,1681377707,cc-cc408-hya,data-node-16,9.9.2.153,elasticsearch_os_load5,6.43
2023/4/13 17:22,1681377767,cc-cc408-hya,data-node-16,9.9.2.153,elasticsearch_os_load5,6.13
2023/4/13 17:23,1681377827,cc-cc408-hya,data-node-16,9.9.2.153,elasticsearch_os_load5,5.98
2023/4/13 17:24,1681377887,cc-cc408-hya,data-node-16,9.9.2.153,elasticsearch_os_load5,5.66
2023/4/13 17:25,1681377947,cc-cc408-hya,data-node-16,9.9.2.153,elasticsearch_os_load5,5.59
2023/4/13 17:26,1681378007,cc-cc408-hya,data-node-16,9.9.2.153,elasticsearch_os_load5,5.6
2023/4/13 17:27,1681378067,cc-cc408-hya,data-node-16,9.9.2.153,elasticsearch_os_load5,5.48
2023/4/13 17:28,1681378127,cc-cc408-hya,data-node-16,9.9.2.153,elasticsearch_os_load5,5.8
2023/4/13 17:29,1681378187,cc-cc408-hya,data-node-16,9.9.2.153,elasticsearch_os_load5,5.47
2023/4/13 17:30,1681378247,cc-cc408-hya,data-node-16,9.9.2.153,elasticsearch_os_load5,5.36
2023/4/12 17:30,1681291847,cc-cc408-hya,master-vm-01,9.9.3.150,elasticsearch_os_load5,3.44
2023/4/12 17:31,1681291907,cc-cc408-hya,master-vm-01,9.9.3.150,elasticsearch_os_load5,3.36
2023/4/12 17:32,1681291967,cc-cc408-hya,master-vm-01,9.9.3.150,elasticsearch_os_load5,3.61
2023/4/12 17:33,1681292027,cc-cc408-hya,master-vm-01,9.9.3.150,elasticsearch_os_load5,3.54
2023/4/12 17:34,1681292087,cc-cc408-hya,master-vm-01,9.9.3.150,elasticsearch_os_load5,3.51
2023/4/12 17:35,1681292147,cc-cc408-hya,master-vm-01,9.9.3.150,elasticsearch_os_load5,3.57
2023/4/12 17:36,1681292207,cc-cc408-hya,master-vm-01,9.9.3.150,elasticsearch_os_load5,3.49
2023/4/12 17:37,1681292267,cc-cc408-hya,master-vm-01,9.9.3.150,elasticsearch_os_load5,3.44
2023/4/12 17:38,1681292327,cc-cc408-hya,master-vm-01,9.9.3.150,elasticsearch_os_load5,3.45
2023/4/12 17:39,1681292387,cc-cc408-hya,master-vm-01,9.9.3.150,elasticsearch_os_load5,3.41
2023/4/12 17:40,1681292447,cc-cc408-hya,master-vm-01,9.9.3.150,elasticsearch_os_load5,3.47
2023/4/12 17:41,1681292507,cc-cc408-hya,master-vm-01,9.9.3.150,elasticsearch_os_load5,3.43
2023/4/12 17:42,1681292567,cc-cc408-hya,master-vm-01,9.9.3.150,elasticsearch_os_load5,3.36
2023/4/12 17:43,1681292627,cc-cc408-hya,master-vm-01,9.9.3.150,elasticsearch_os_load5,3.31
2023/4/12 17:44,1681292687,cc-cc408-hya,master-vm-01,9.9.3.150,elasticsearch_os_load5,3.25
2023/4/12 17:45,1681292747,cc-cc408-hya,master-vm-01,9.9.3.150,elasticsearch_os_load5,3.37
2023/4/12 17:46,1681292807,cc-cc408-hya,master-vm-01,9.9.3.150,elasticsearch_os_load5,3.32
2023/4/12 17:47,1681292867,cc-cc408-hya,master-vm-01,9.9.3.150,elasticsearch_os_load5,3.26
2023/4/12 17:48,1681292927,cc-cc408-hya,master-vm-01,9.9.3.150,elasticsearch_os_load5,3.21
2023/4/12 17:49,1681292987,cc-cc408-hya,master-vm-01,9.9.3.150,elasticsearch_os_load5,3.24
2023/4/12 17:50,1681293047,cc-cc408-hya,master-vm-01,9.9.3.150,elasticsearch_os_load5,3.21
2023/4/12 17:51,1681293107,cc-cc408-hya,master-vm-01,9.9.3.150,elasticsearch_os_load5,3.17
2023/4/12 17:52,1681293167,cc-cc408-hya,master-vm-01,9.9.3.150,elasticsearch_os_load5,3.14
2023/4/12 17:53,1681293227,cc-cc408-hya,master-vm-01,9.9.3.150,elasticsearch_os_load5,3.12
2023/4/12 17:54,1681293287,cc-cc408-hya,master-vm-01,9.9.3.150,elasticsearch_os_load5,3.18
2023/4/12 17:55,1681293347,cc-cc408-hya,master-vm-01,9.9.3.150,elasticsearch_os_load5,3.17
2023/4/12 17:56,1681293407,cc-cc408-hya,master-vm-01,9.9.3.150,elasticsearch_os_load5,3.22
2023/4/12 17:57,1681293467,cc-cc408-hya,master-vm-01,9.9.3.150,elasticsearch_os_load5,3.2
2023/4/12 17:58,1681293527,cc-cc408-hya,master-vm-01,9.9.3.150,elasticsearch_os_load5,3.18
2023/4/12 17:59,1681293587,cc-cc408-hya,master-vm-01,9.9.3.150,elasticsearch_os_load5,3.18
2023/4/12 18:00,1681293647,cc-cc408-hya,master-vm-01,9.9.3.150,elasticsearch_os_load5,3.18
2023/4/12 18:01,1681293707,cc-cc408-hya,master-vm-01,9.9.3.150,elasticsearch_os_load5,3.24
2023/4/12 18:02,1681293767,cc-cc408-hya,master-vm-01,9.9.3.150,elasticsearch_os_load5,3.34
2023/4/12 18:03,1681293827,cc-cc408-hya,master-vm-01,9.9.3.150,elasticsearch_os_load5,3.42
2023/4/12 18:04,1681293887,cc-cc408-hya,master-vm-01,9.9.3.150,elasticsearch_os_load5,3.75
2023/4/12 18:05,1681293947,cc-cc408-hya,master-vm-01,9.9.3.150,elasticsearch_os_load5,3.72
2023/4/12 18:06,1681294007,cc-cc408-hya,master-vm-01,9.9.3.150,elasticsearch_os_load5,3.69
2023/4/12 18:07,1681294067,cc-cc408-hya,master-vm-01,9.9.3.150,elasticsearch_os_load5,3.66
2023/4/12 18:08,1681294127,cc-cc408-hya,master-vm-01,9.9.3.150,elasticsearch_os_load5,3.66
2023/4/12 18:09,1681294187,cc-cc408-hya,master-vm-01,9.9.3.150,elasticsearch_os_load5,3.65
2023/4/12 18:10,1681294247,cc-cc408-hya,master-vm-01,9.9.3.150,elasticsearch_os_load5,3.62
2023/4/12 18:11,1681294307,cc-cc408-hya,master-vm-01,9.9.3.150,elasticsearch_os_load5,3.66
2023/4/12 18:12,1681294367,cc-cc408-hya,master-vm-01,9.9.3.150,elasticsearch_os_load5,3.66
2023/4/12 18:13,1681294427,cc-cc408-hya,master-vm-01,9.9.3.150,elasticsearch_os_load5,3.57
2023/4/12 18:14,1681294487,cc-cc408-hya,master-vm-01,9.9.3.150,elasticsearch_os_load5,3.48
2023/4/12 18:15,1681294547,cc-cc408-hya,master-vm-01,9.9.3.150,elasticsearch_os_load5,3.54
2023/4/12 18:16,1681294607,cc-cc408-hya,master-vm-01,9.9.3.150,elasticsearch_os_load5,3.52
2023/4/12 18:17,1681294667,cc-cc408-hya,master-vm-01,9.9.3.150,elasticsearch_os_load5,3.63
2023/4/12 18:18,1681294727,cc-cc408-hya,master-vm-01,9.9.3.150,elasticsearch_os_load5,3.59
2023/4/12 18:19,1681294787,cc-cc408-hya,master-vm-01,9.9.3.150,elasticsearch_os_load5,3.54
2023/4/12 18:20,1681294847,cc-cc408-hya,master-vm-01,9.9.3.150,elasticsearch_os_load5,3.49
2023/4/12 18:21,1681294907,cc-cc408-hya,master-vm-01,9.9.3.150,elasticsearch_os_load5,3.41
2023/4/12 18:22,1681294967,cc-cc408-hya,master-vm-01,9.9.3.150,elasticsearch_os_load5,3.36
2023/4/12 18:23,1681295027,cc-cc408-hya,master-vm-01,9.9.3.150,elasticsearch_os_load5,3.32
2023/4/12 18:24,1681295087,cc-cc408-hya,master-vm-01,9.9.3.150,elasticsearch_os_load5,3.31
2023/4/12 18:25,1681295147,cc-cc408-hya,master-vm-01,9.9.3.150,elasticsearch_os_load5,3.32
2023/4/12 18:26,1681295207,cc-cc408-hya,master-vm-01,9.9.3.150,elasticsearch_os_load5,3.27
2023/4/12 18:27,1681295267,cc-cc408-hya,master-vm-01,9.9.3.150,elasticsearch_os_load5,3.24
2023/4/12 18:28,1681295327,cc-cc408-hya,master-vm-01,9.9.3.150,elasticsearch_os_load5,3.23
2023/4/12 18:29,1681295387,cc-cc408-hya,master-vm-01,9.9.3.150,elasticsearch_os_load5,3.18
2023/4/12 18:30,1681295447,cc-cc408-hya,master-vm-01,9.9.3.150,elasticsearch_os_load5,3.2
2023/4/12 18:31,1681295507,cc-cc408-hya,master-vm-01,9.9.3.150,elasticsearch_os_load5,3.18
2023/4/12 18:32,1681295567,cc-cc408-hya,master-vm-01,9.9.3.150,elasticsearch_os_load5,3.16
2023/4/12 18:33,1681295627,cc-cc408-hya,master-vm-01,9.9.3.150,elasticsearch_os_load5,3.13
2023/4/12 18:34,1681295687,cc-cc408-hya,master-vm-01,9.9.3.150,elasticsearch_os_load5,3.1
2023/4/12 18:35,1681295747,cc-cc408-hya,master-vm-01,9.9.3.150,elasticsearch_os_load5,3.13
2023/4/12 18:36,1681295807,cc-cc408-hya,master-vm-01,9.9.3.150,elasticsearch_os_load5,3.1
2023/4/12 18:37,1681295867,cc-cc408-hya,master-vm-01,9.9.3.150,elasticsearch_os_load5,3.15
2023/4/12 18:38,1681295927,cc-cc408-hya,master-vm-01,9.9.3.150,elasticsearch_os_load5,3.14
2023/4/12 18:39,1681295987,cc-cc408-hya,master-vm-01,9.9.3.150,elasticsearch_os_load5,3.13
2023/4/12 18:40,1681296047,cc-cc408-hya,master-vm-01,9.9.3.150,elasticsearch_os_load5,3.17
2023/4/12 18:41,1681296107,cc-cc408-hya,master-vm-01,9.9.3.150,elasticsearch_os_load5,3.13
2023/4/12 18:42,1681296167,cc-cc408-hya,master-vm-01,9.9.3.150,elasticsearch_os_load5,3.24
2023/4/12 18:43,1681296227,cc-cc408-hya,master-vm-01,9.9.3.150,elasticsearch_os_load5,3.2
2023/4/12 18:44,1681296287,cc-cc408-hya,master-vm-01,9.9.3.150,elasticsearch_os_load5,3.23
2023/4/12 18:45,1681296347,cc-cc408-hya,master-vm-01,9.9.3.150,elasticsearch_os_load5,3.35
2023/4/12 18:46,1681296407,cc-cc408-hya,master-vm-01,9.9.3.150,elasticsearch_os_load5,3.79
2023/4/12 18:47,1681296467,cc-cc408-hya,master-vm-01,9.9.3.150,elasticsearch_os_load5,3.72
2023/4/12 18:48,1681296527,cc-cc408-hya,master-vm-01,9.9.3.150,elasticsearch_os_load5,3.72
2023/4/12 18:49,1681296587,cc-cc408-hya,master-vm-01,9.9.3.150,elasticsearch_os_load5,3.68
2023/4/12 18:50,1681296647,cc-cc408-hya,master-vm-01,9.9.3.150,elasticsearch_os_load5,3.65
2023/4/12 18:51,1681296707,cc-cc408-hya,master-vm-01,9.9.3.150,elasticsearch_os_load5,3.74
2023/4/12 18:52,1681296767,cc-cc408-hya,master-vm-01,9.9.3.150,elasticsearch_os_load5,3.71
2023/4/12 18:53,1681296827,cc-cc408-hya,master-vm-01,9.9.3.150,elasticsearch_os_load5,3.62
2023/4/12 18:54,1681296887,cc-cc408-hya,master-vm-01,9.9.3.150,elasticsearch_os_load5,3.65
2023/4/12 18:55,1681296947,cc-cc408-hya,master-vm-01,9.9.3.150,elasticsearch_os_load5,3.79
2023/4/12 18:56,1681297007,cc-cc408-hya,master-vm-01,9.9.3.150,elasticsearch_os_load5,3.69
2023/4/12 18:57,1681297067,cc-cc408-hya,master-vm-01,9.9.3.150,elasticsearch_os_load5,3.67
2023/4/12 18:58,1681297127,cc-cc408-hya,master-vm-01,9.9.3.150,elasticsearch_os_load5,3.67
2023/4/12 18:59,1681297187,cc-cc408-hya,master-vm-01,9.9.3.150,elasticsearch_os_load5,3.61
2023/4/12 19:00,1681297247,cc-cc408-hya,master-vm-01,9.9.3.150,elasticsearch_os_load5,3.55
2023/4/12 19:01,1681297307,cc-cc408-hya,master-vm-01,9.9.3.150,elasticsearch_os_load5,3.47
2023/4/12 19:02,1681297367,cc-cc408-hya,master-vm-01,9.9.3.150,elasticsearch_os_load5,3.41
2023/4/12 19:03,1681297427,cc-cc408-hya,master-vm-01,9.9.3.150,elasticsearch_os_load5,3.5
2023/4/12 19:04,1681297487,cc-cc408-hya,master-vm-01,9.9.3.150,elasticsearch_os_load5,3.42
2023/4/12 19:05,1681297547,cc-cc408-hya,master-vm-01,9.9.3.150,elasticsearch_os_load5,3.38
2023/4/12 19:06,1681297607,cc-cc408-hya,master-vm-01,9.9.3.150,elasticsearch_os_load5,3.35
2023/4/12 19:07,1681297667,cc-cc408-hya,master-vm-01,9.9.3.150,elasticsearch_os_load5,3.36
2023/4/12 19:08,1681297727,cc-cc408-hya,master-vm-01,9.9.3.150,elasticsearch_os_load5,3.29
2023/4/12 19:09,1681297787,cc-cc408-hya,master-vm-01,9.9.3.150,elasticsearch_os_load5,3.35
2023/4/12 19:10,1681297847,cc-cc408-hya,master-vm-01,9.9.3.150,elasticsearch_os_load5,3.3
2023/4/12 19:11,1681297907,cc-cc408-hya,master-vm-01,9.9.3.150,elasticsearch_os_load5,3.26
2023/4/12 19:12,1681297967,cc-cc408-hya,master-vm-01,9.9.3.150,elasticsearch_os_load5,3.23
2023/4/12 19:13,1681298027,cc-cc408-hya,master-vm-01,9.9.3.150,elasticsearch_os_load5,3.24
2023/4/12 19:14,1681298087,cc-cc408-hya,master-vm-01,9.9.3.150,elasticsearch_os_load5,3.21
2023/4/12 19:15,1681298147,cc-cc408-hya,master-vm-01,9.9.3.150,elasticsearch_os_load5,3.17
2023/4/12 19:16,1681298207,cc-cc408-hya,master-vm-01,9.9.3.150,elasticsearch_os_load5,3.17
2023/4/12 19:17,1681298267,cc-cc408-hya,master-vm-01,9.9.3.150,elasticsearch_os_load5,3.16
2023/4/12 19:18,1681298327,cc-cc408-hya,master-vm-01,9.9.3.150,elasticsearch_os_load5,3.19
2023/4/12 19:19,1681298387,cc-cc408-hya,master-vm-01,9.9.3.150,elasticsearch_os_load5,3.17
2023/4/12 19:20,1681298447,cc-cc408-hya,master-vm-01,9.9.3.150,elasticsearch_os_load5,3.14
2023/4/12 19:21,1681298507,cc-cc408-hya,master-vm-01,9.9.3.150,elasticsearch_os_load5,3.13
2023/4/12 19:22,1681298567,cc-cc408-hya,master-vm-01,9.9.3.150,elasticsearch_os_load5,3.1
2023/4/12 19:23,1681298627,cc-cc408-hya,master-vm-01,9.9.3.150,elasticsearch_os_load5,3.11
2023/4/12 19:24,1681298687,cc-cc408-hya,master-vm-01,9.9.3.150,elasticsearch_os_load5,3.12
2023/4/12 19:25,1681298747,cc-cc408-hya,master-vm-01,9.9.3.150,elasticsearch_os_load5,3.11
2023/4/12 19:26,1681298807,cc-cc408-hya,master-vm-01,9.9.3.150,elasticsearch_os_load5,3.25
2023/4/12 19:27,1681298867,cc-cc408-hya,master-vm-01,9.9.3.150,elasticsearch_os_load5,3.37
2023/4/12 19:28,1681298927,cc-cc408-hya,master-vm-01,9.9.3.150,elasticsearch_os_load5,3.47
2023/4/12 19:29,1681298987,cc-cc408-hya,master-vm-01,9.9.3.150,elasticsearch_os_load5,3.52
2023/4/12 19:30,1681299047,cc-cc408-hya,master-vm-01,9.9.3.150,elasticsearch_os_load5,3.53
2023/4/12 19:31,1681299107,cc-cc408-hya,master-vm-01,9.9.3.150,elasticsearch_os_load5,3.52
2023/4/12 19:32,1681299167,cc-cc408-hya,master-vm-01,9.9.3.150,elasticsearch_os_load5,3.55
2023/4/12 19:33,1681299227,cc-cc408-hya,master-vm-01,9.9.3.150,elasticsearch_os_load5,3.55
2023/4/12 19:34,1681299287,cc-cc408-hya,master-vm-01,9.9.3.150,elasticsearch_os_load5,3.57
2023/4/12 19:35,1681299347,cc-cc408-hya,master-vm-01,9.9.3.150,elasticsearch_os_load5,3.54
2023/4/12 19:36,1681299407,cc-cc408-hya,master-vm-01,9.9.3.150,elasticsearch_os_load5,3.47
2023/4/12 19:37,1681299467,cc-cc408-hya,master-vm-01,9.9.3.150,elasticsearch_os_load5,3.56
2023/4/12 19:38,1681299527,cc-cc408-hya,master-vm-01,9.9.3.150,elasticsearch_os_load5,3.48
2023/4/12 19:39,1681299587,cc-cc408-hya,master-vm-01,9.9.3.150,elasticsearch_os_load5,3.49
2023/4/12 19:40,1681299647,cc-cc408-hya,master-vm-01,9.9.3.150,elasticsearch_os_load5,3.46
2023/4/12 19:41,1681299707,cc-cc408-hya,master-vm-01,9.9.3.150,elasticsearch_os_load5,3.44
2023/4/12 19:42,1681299767,cc-cc408-hya,master-vm-01,9.9.3.150,elasticsearch_os_load5,3.4
2023/4/12 19:43,1681299827,cc-cc408-hya,master-vm-01,9.9.3.150,elasticsearch_os_load5,3.36
2023/4/12 19:44,1681299887,cc-cc408-hya,master-vm-01,9.9.3.150,elasticsearch_os_load5,3.4
2023/4/12 19:45,1681299947,cc-cc408-hya,master-vm-01,9.9.3.150,elasticsearch_os_load5,3.37
2023/4/12 19:46,1681300007,cc-cc408-hya,master-vm-01,9.9.3.150,elasticsearch_os_load5,3.31
2023/4/12 19:47,1681300067,cc-cc408-hya,master-vm-01,9.9.3.150,elasticsearch_os_load5,3.31
2023/4/12 19:48,1681300127,cc-cc408-hya,master-vm-01,9.9.3.150,elasticsearch_os_load5,3.27
2023/4/12 19:49,1681300187,cc-cc408-hya,master-vm-01,9.9.3.150,elasticsearch_os_load5,3.35
2023/4/12 19:50,1681300247,cc-cc408-hya,master-vm-01,9.9.3.150,elasticsearch_os_load5,3.3
2023/4/12 19:51,1681300307,cc-cc408-hya,master-vm-01,9.9.3.150,elasticsearch_os_load5,3.26
2023/4/12 19:52,1681300367,cc-cc408-hya,master-vm-01,9.9.3.150,elasticsearch_os_load5,3.22
2023/4/12 19:53,1681300427,cc-cc408-hya,master-vm-01,9.9.3.150,elasticsearch_os_load5,3.28
2023/4/12 19:54,1681300487,cc-cc408-hya,master-vm-01,9.9.3.150,elasticsearch_os_load5,3.24
2023/4/12 19:55,1681300547,cc-cc408-hya,master-vm-01,9.9.3.150,elasticsearch_os_load5,3.2
2023/4/12 19:56,1681300607,cc-cc408-hya,master-vm-01,9.9.3.150,elasticsearch_os_load5,3.21
2023/4/12 19:57,1681300667,cc-cc408-hya,master-vm-01,9.9.3.150,elasticsearch_os_load5,3.19
2023/4/12 19:58,1681300727,cc-cc408-hya,master-vm-01,9.9.3.150,elasticsearch_os_load5,3.17
2023/4/12 19:59,1681300787,cc-cc408-hya,master-vm-01,9.9.3.150,elasticsearch_os_load5,3.15
2023/4/12 20:00,1681300847,cc-cc408-hya,master-vm-01,9.9.3.150,elasticsearch_os_load5,3.13
2023/4/12 20:01,1681300907,cc-cc408-hya,master-vm-01,9.9.3.150,elasticsearch_os_load5,3.12
2023/4/12 20:02,1681300967,cc-cc408-hya,master-vm-01,9.9.3.150,elasticsearch_os_load5,3.11
2023/4/12 20:03,1681301027,cc-cc408-hya,master-vm-01,9.9.3.150,elasticsearch_os_load5,3.12
2023/4/12 20:04,1681301087,cc-cc408-hya,master-vm-01,9.9.3.150,elasticsearch_os_load5,3.13
2023/4/12 20:05,1681301147,cc-cc408-hya,master-vm-01,9.9.3.150,elasticsearch_os_load5,3.12
2023/4/12 20:06,1681301207,cc-cc408-hya,master-vm-01,9.9.3.150,elasticsearch_os_load5,3.14
2023/4/12 20:07,1681301267,cc-cc408-hya,master-vm-01,9.9.3.150,elasticsearch_os_load5,3.25
2023/4/12 20:08,1681301327,cc-cc408-hya,master-vm-01,9.9.3.150,elasticsearch_os_load5,3.6
2023/4/12 20:09,1681301387,cc-cc408-hya,master-vm-01,9.9.3.150,elasticsearch_os_load5,3.7
2023/4/12 20:10,1681301447,cc-cc408-hya,master-vm-01,9.9.3.150,elasticsearch_os_load5,3.67
2023/4/12 20:11,1681301507,cc-cc408-hya,master-vm-01,9.9.3.150,elasticsearch_os_load5,3.65
2023/4/12 20:12,1681301567,cc-cc408-hya,master-vm-01,9.9.3.150,elasticsearch_os_load5,3.67
2023/4/12 20:13,1681301627,cc-cc408-hya,master-vm-01,9.9.3.150,elasticsearch_os_load5,3.73
2023/4/12 20:14,1681301687,cc-cc408-hya,master-vm-01,9.9.3.150,elasticsearch_os_load5,3.74
2023/4/12 20:15,1681301747,cc-cc408-hya,master-vm-01,9.9.3.150,elasticsearch_os_load5,3.72
2023/4/12 20:16,1681301807,cc-cc408-hya,master-vm-01,9.9.3.150,elasticsearch_os_load5,3.7
2023/4/12 20:17,1681301867,cc-cc408-hya,master-vm-01,9.9.3.150,elasticsearch_os_load5,3.67
2023/4/12 20:18,1681301927,cc-cc408-hya,master-vm-01,9.9.3.150,elasticsearch_os_load5,3.61
2023/4/12 20:19,1681301987,cc-cc408-hya,master-vm-01,9.9.3.150,elasticsearch_os_load5,3.55
2023/4/12 20:20,1681302047,cc-cc408-hya,master-vm-01,9.9.3.150,elasticsearch_os_load5,3.69
2023/4/12 20:21,1681302107,cc-cc408-hya,master-vm-01,9.9.3.150,elasticsearch_os_load5,3.7
2023/4/12 20:22,1681302167,cc-cc408-hya,master-vm-01,9.9.3.150,elasticsearch_os_load5,4.19
2023/4/12 20:23,1681302227,cc-cc408-hya,master-vm-01,9.9.3.150,elasticsearch_os_load5,4.04
2023/4/12 20:24,1681302287,cc-cc408-hya,master-vm-01,9.9.3.150,elasticsearch_os_load5,3.92
2023/4/12 20:25,1681302347,cc-cc408-hya,master-vm-01,9.9.3.150,elasticsearch_os_load5,3.93
2023/4/12 20:26,1681302407,cc-cc408-hya,master-vm-01,9.9.3.150,elasticsearch_os_load5,3.79
2023/4/12 20:27,1681302467,cc-cc408-hya,master-vm-01,9.9.3.150,elasticsearch_os_load5,3.65
2023/4/12 20:28,1681302527,cc-cc408-hya,master-vm-01,9.9.3.150,elasticsearch_os_load5,3.6
2023/4/12 20:29,1681302587,cc-cc408-hya,master-vm-01,9.9.3.150,elasticsearch_os_load5,3.5
2023/4/12 20:30,1681302647,cc-cc408-hya,master-vm-01,9.9.3.150,elasticsearch_os_load5,3.52
2023/4/12 20:31,1681302707,cc-cc408-hya,master-vm-01,9.9.3.150,elasticsearch_os_load5,3.53
2023/4/12 20:32,1681302767,cc-cc408-hya,master-vm-01,9.9.3.150,elasticsearch_os_load5,3.61
2023/4/12 20:33,1681302827,cc-cc408-hya,master-vm-01,9.9.3.150,elasticsearch_os_load5,3.66
2023/4/12 20:34,1681302887,cc-cc408-hya,master-vm-01,9.9.3.150,elasticsearch_os_load5,3.59
2023/4/12 20:35,1681302947,cc-cc408-hya,master-vm-01,9.9.3.150,elasticsearch_os_load5,3.54
2023/4/12 20:36,1681303007,cc-cc408-hya,master-vm-01,9.9.3.150,elasticsearch_os_load5,3.61
2023/4/12 20:37,1681303067,cc-cc408-hya,master-vm-01,9.9.3.150,elasticsearch_os_load5,3.54
2023/4/12 20:38,1681303127,cc-cc408-hya,master-vm-01,9.9.3.150,elasticsearch_os_load5,3.44
2023/4/12 20:39,1681303187,cc-cc408-hya,master-vm-01,9.9.3.150,elasticsearch_os_load5,3.4
2023/4/12 20:40,1681303247,cc-cc408-hya,master-vm-01,9.9.3.150,elasticsearch_os_load5,3.36
2023/4/12 20:41,1681303307,cc-cc408-hya,master-vm-01,9.9.3.150,elasticsearch_os_load5,3.31
2023/4/12 20:42,1681303367,cc-cc408-hya,master-vm-01,9.9.3.150,elasticsearch_os_load5,3.27
2023/4/12 20:43,1681303427,cc-cc408-hya,master-vm-01,9.9.3.150,elasticsearch_os_load5,3.23
2023/4/12 20:44,1681303487,cc-cc408-hya,master-vm-01,9.9.3.150,elasticsearch_os_load5,3.18
2023/4/12 20:45,1681303547,cc-cc408-hya,master-vm-01,9.9.3.150,elasticsearch_os_load5,3.19
2023/4/12 20:46,1681303607,cc-cc408-hya,master-vm-01,9.9.3.150,elasticsearch_os_load5,3.16
2023/4/12 20:47,1681303667,cc-cc408-hya,master-vm-01,9.9.3.150,elasticsearch_os_load5,3.14
2023/4/12 20:48,1681303727,cc-cc408-hya,master-vm-01,9.9.3.150,elasticsearch_os_load5,3.14
2023/4/12 20:49,1681303787,cc-cc408-hya,master-vm-01,9.9.3.150,elasticsearch_os_load5,3.19
2023/4/12 20:50,1681303847,cc-cc408-hya,master-vm-01,9.9.3.150,elasticsearch_os_load5,3.32
2023/4/12 20:51,1681303907,cc-cc408-hya,master-vm-01,9.9.3.150,elasticsearch_os_load5,3.41
2023/4/12 20:52,1681303967,cc-cc408-hya,master-vm-01,9.9.3.150,elasticsearch_os_load5,3.53
2023/4/12 20:53,1681304027,cc-cc408-hya,master-vm-01,9.9.3.150,elasticsearch_os_load5,3.61
2023/4/12 20:54,1681304087,cc-cc408-hya,master-vm-01,9.9.3.150,elasticsearch_os_load5,3.62
2023/4/12 20:55,1681304147,cc-cc408-hya,master-vm-01,9.9.3.150,elasticsearch_os_load5,3.61
2023/4/12 20:56,1681304207,cc-cc408-hya,master-vm-01,9.9.3.150,elasticsearch_os_load5,3.62
2023/4/12 20:57,1681304267,cc-cc408-hya,master-vm-01,9.9.3.150,elasticsearch_os_load5,3.6
2023/4/12 20:58,1681304327,cc-cc408-hya,master-vm-01,9.9.3.150,elasticsearch_os_load5,3.67
2023/4/12 20:59,1681304387,cc-cc408-hya,master-vm-01,9.9.3.150,elasticsearch_os_load5,3.68
2023/4/12 21:00,1681304447,cc-cc408-hya,master-vm-01,9.9.3.150,elasticsearch_os_load5,3.66
2023/4/12 21:01,1681304507,cc-cc408-hya,master-vm-01,9.9.3.150,elasticsearch_os_load5,3.7
2023/4/12 21:02,1681304567,cc-cc408-hya,master-vm-01,9.9.3.150,elasticsearch_os_load5,3.61
2023/4/12 21:03,1681304627,cc-cc408-hya,master-vm-01,9.9.3.150,elasticsearch_os_load5,4.29
2023/4/12 21:04,1681304687,cc-cc408-hya,master-vm-01,9.9.3.150,elasticsearch_os_load5,4.29
2023/4/12 21:05,1681304747,cc-cc408-hya,master-vm-01,9.9.3.150,elasticsearch_os_load5,4.1
2023/4/12 21:06,1681304807,cc-cc408-hya,master-vm-01,9.9.3.150,elasticsearch_os_load5,3.99
2023/4/12 21:07,1681304867,cc-cc408-hya,master-vm-01,9.9.3.150,elasticsearch_os_load5,3.82
2023/4/12 21:08,1681304927,cc-cc408-hya,master-vm-01,9.9.3.150,elasticsearch_os_load5,3.7
2023/4/12 21:09,1681304987,cc-cc408-hya,master-vm-01,9.9.3.150,elasticsearch_os_load5,3.6
2023/4/12 21:10,1681305047,cc-cc408-hya,master-vm-01,9.9.3.150,elasticsearch_os_load5,3.5
2023/4/12 21:11,1681305107,cc-cc408-hya,master-vm-01,9.9.3.150,elasticsearch_os_load5,3.44
2023/4/12 21:12,1681305167,cc-cc408-hya,master-vm-01,9.9.3.150,elasticsearch_os_load5,3.4
2023/4/12 21:13,1681305227,cc-cc408-hya,master-vm-01,9.9.3.150,elasticsearch_os_load5,3.38
2023/4/12 21:14,1681305287,cc-cc408-hya,master-vm-01,9.9.3.150,elasticsearch_os_load5,3.34
2023/4/12 21:15,1681305347,cc-cc408-hya,master-vm-01,9.9.3.150,elasticsearch_os_load5,3.29
2023/4/12 21:16,1681305407,cc-cc408-hya,master-vm-01,9.9.3.150,elasticsearch_os_load5,3.4
2023/4/12 21:17,1681305467,cc-cc408-hya,master-vm-01,9.9.3.150,elasticsearch_os_load5,3.43
2023/4/12 21:18,1681305527,cc-cc408-hya,master-vm-01,9.9.3.150,elasticsearch_os_load5,3.36
2023/4/12 21:19,1681305587,cc-cc408-hya,master-vm-01,9.9.3.150,elasticsearch_os_load5,3.29
2023/4/12 21:20,1681305647,cc-cc408-hya,master-vm-01,9.9.3.150,elasticsearch_os_load5,3.27
2023/4/12 21:21,1681305707,cc-cc408-hya,master-vm-01,9.9.3.150,elasticsearch_os_load5,3.22
2023/4/12 21:22,1681305767,cc-cc408-hya,master-vm-01,9.9.3.150,elasticsearch_os_load5,3.19
2023/4/12 21:23,1681305827,cc-cc408-hya,master-vm-01,9.9.3.150,elasticsearch_os_load5,3.17
2023/4/12 21:24,1681305887,cc-cc408-hya,master-vm-01,9.9.3.150,elasticsearch_os_load5,3.23
2023/4/12 21:25,1681305947,cc-cc408-hya,master-vm-01,9.9.3.150,elasticsearch_os_load5,3.19
2023/4/12 21:26,1681306007,cc-cc408-hya,master-vm-01,9.9.3.150,elasticsearch_os_load5,3.84
2023/4/12 21:27,1681306067,cc-cc408-hya,master-vm-01,9.9.3.150,elasticsearch_os_load5,3.68
2023/4/12 21:28,1681306127,cc-cc408-hya,master-vm-01,9.9.3.150,elasticsearch_os_load5,3.56
2023/4/12 21:29,1681306187,cc-cc408-hya,master-vm-01,9.9.3.150,elasticsearch_os_load5,3.54
2023/4/12 21:30,1681306247,cc-cc408-hya,master-vm-01,9.9.3.150,elasticsearch_os_load5,3.44
2023/4/12 21:31,1681306307,cc-cc408-hya,master-vm-01,9.9.3.150,elasticsearch_os_load5,3.42
2023/4/12 21:32,1681306367,cc-cc408-hya,master-vm-01,9.9.3.150,elasticsearch_os_load5,3.49
2023/4/12 21:33,1681306427,cc-cc408-hya,master-vm-01,9.9.3.150,elasticsearch_os_load5,3.6
2023/4/12 21:34,1681306487,cc-cc408-hya,master-vm-01,9.9.3.150,elasticsearch_os_load5,3.71
2023/4/12 21:35,1681306547,cc-cc408-hya,master-vm-01,9.9.3.150,elasticsearch_os_load5,3.82
2023/4/12 21:36,1681306607,cc-cc408-hya,master-vm-01,9.9.3.150,elasticsearch_os_load5,3.76
2023/4/12 21:37,1681306667,cc-cc408-hya,master-vm-01,9.9.3.150,elasticsearch_os_load5,3.79
2023/4/12 21:38,1681306727,cc-cc408-hya,master-vm-01,9.9.3.150,elasticsearch_os_load5,3.87
2023/4/12 21:39,1681306787,cc-cc408-hya,master-vm-01,9.9.3.150,elasticsearch_os_load5,3.83
2023/4/12 21:40,1681306847,cc-cc408-hya,master-vm-01,9.9.3.150,elasticsearch_os_load5,3.81
2023/4/12 21:41,1681306907,cc-cc408-hya,master-vm-01,9.9.3.150,elasticsearch_os_load5,3.77
2023/4/12 21:42,1681306967,cc-cc408-hya,master-vm-01,9.9.3.150,elasticsearch_os_load5,3.89
2023/4/12 21:43,1681307027,cc-cc408-hya,master-vm-01,9.9.3.150,elasticsearch_os_load5,3.87
2023/4/12 21:44,1681307087,cc-cc408-hya,master-vm-01,9.9.3.150,elasticsearch_os_load5,3.75
2023/4/12 21:45,1681307147,cc-cc408-hya,master-vm-01,9.9.3.150,elasticsearch_os_load5,3.65
2023/4/12 21:46,1681307207,cc-cc408-hya,master-vm-01,9.9.3.150,elasticsearch_os_load5,3.59
2023/4/12 21:47,1681307267,cc-cc408-hya,master-vm-01,9.9.3.150,elasticsearch_os_load5,3.54
2023/4/12 21:48,1681307327,cc-cc408-hya,master-vm-01,9.9.3.150,elasticsearch_os_load5,3.56
2023/4/12 21:49,1681307387,cc-cc408-hya,master-vm-01,9.9.3.150,elasticsearch_os_load5,3.49
2023/4/12 21:50,1681307447,cc-cc408-hya,master-vm-01,9.9.3.150,elasticsearch_os_load5,3.44
2023/4/12 21:51,1681307507,cc-cc408-hya,master-vm-01,9.9.3.150,elasticsearch_os_load5,3.39
2023/4/12 21:52,1681307567,cc-cc408-hya,master-vm-01,9.9.3.150,elasticsearch_os_load5,3.35
2023/4/12 21:53,1681307627,cc-cc408-hya,master-vm-01,9.9.3.150,elasticsearch_os_load5,3.29
2023/4/12 21:54,1681307687,cc-cc408-hya,master-vm-01,9.9.3.150,elasticsearch_os_load5,3.26
2023/4/12 21:55,1681307747,cc-cc408-hya,master-vm-01,9.9.3.150,elasticsearch_os_load5,3.21
2023/4/12 21:56,1681307807,cc-cc408-hya,master-vm-01,9.9.3.150,elasticsearch_os_load5,3.23
2023/4/12 21:57,1681307867,cc-cc408-hya,master-vm-01,9.9.3.150,elasticsearch_os_load5,3.24
2023/4/12 21:58,1681307927,cc-cc408-hya,master-vm-01,9.9.3.150,elasticsearch_os_load5,3.19
2023/4/12 21:59,1681307987,cc-cc408-hya,master-vm-01,9.9.3.150,elasticsearch_os_load5,3.16
2023/4/12 22:00,1681308047,cc-cc408-hya,master-vm-01,9.9.3.150,elasticsearch_os_load5,3.17
2023/4/12 22:01,1681308107,cc-cc408-hya,master-vm-01,9.9.3.150,elasticsearch_os_load5,3.13
2023/4/12 22:02,1681308167,cc-cc408-hya,master-vm-01,9.9.3.150,elasticsearch_os_load5,3.12
2023/4/12 22:03,1681308227,cc-cc408-hya,master-vm-01,9.9.3.150,elasticsearch_os_load5,3.13
2023/4/12 22:04,1681308287,cc-cc408-hya,master-vm-01,9.9.3.150,elasticsearch_os_load5,3.1
2023/4/12 22:05,1681308347,cc-cc408-hya,master-vm-01,9.9.3.150,elasticsearch_os_load5,3.08
2023/4/12 22:06,1681308407,cc-cc408-hya,master-vm-01,9.9.3.150,elasticsearch_os_load5,3.09
2023/4/12 22:07,1681308467,cc-cc408-hya,master-vm-01,9.9.3.150,elasticsearch_os_load5,3.07
2023/4/12 22:08,1681308527,cc-cc408-hya,master-vm-01,9.9.3.150,elasticsearch_os_load5,3.06
2023/4/12 22:09,1681308587,cc-cc408-hya,master-vm-01,9.9.3.150,elasticsearch_os_load5,3.05
2023/4/12 22:10,1681308647,cc-cc408-hya,master-vm-01,9.9.3.150,elasticsearch_os_load5,3.03
2023/4/12 22:11,1681308707,cc-cc408-hya,master-vm-01,9.9.3.150,elasticsearch_os_load5,3.07
2023/4/12 22:12,1681308767,cc-cc408-hya,master-vm-01,9.9.3.150,elasticsearch_os_load5,3.1
2023/4/12 22:13,1681308827,cc-cc408-hya,master-vm-01,9.9.3.150,elasticsearch_os_load5,3.11
2023/4/12 22:14,1681308887,cc-cc408-hya,master-vm-01,9.9.3.150,elasticsearch_os_load5,3.19
2023/4/12 22:15,1681308947,cc-cc408-hya,master-vm-01,9.9.3.150,elasticsearch_os_load5,3.28
2023/4/12 22:16,1681309007,cc-cc408-hya,master-vm-01,9.9.3.150,elasticsearch_os_load5,3.29
2023/4/12 22:17,1681309067,cc-cc408-hya,master-vm-01,9.9.3.150,elasticsearch_os_load5,3.36
2023/4/12 22:18,1681309127,cc-cc408-hya,master-vm-01,9.9.3.150,elasticsearch_os_load5,3.4
2023/4/12 22:19,1681309187,cc-cc408-hya,master-vm-01,9.9.3.150,elasticsearch_os_load5,3.45
2023/4/12 22:20,1681309247,cc-cc408-hya,master-vm-01,9.9.3.150,elasticsearch_os_load5,3.47
2023/4/12 22:21,1681309307,cc-cc408-hya,master-vm-01,9.9.3.150,elasticsearch_os_load5,3.59
2023/4/12 22:22,1681309367,cc-cc408-hya,master-vm-01,9.9.3.150,elasticsearch_os_load5,3.71
2023/4/12 22:23,1681309427,cc-cc408-hya,master-vm-01,9.9.3.150,elasticsearch_os_load5,3.68
2023/4/12 22:24,1681309487,cc-cc408-hya,master-vm-01,9.9.3.150,elasticsearch_os_load5,3.81
2023/4/12 22:25,1681309547,cc-cc408-hya,master-vm-01,9.9.3.150,elasticsearch_os_load5,3.73
2023/4/12 22:26,1681309607,cc-cc408-hya,master-vm-01,9.9.3.150,elasticsearch_os_load5,3.72
2023/4/12 22:27,1681309667,cc-cc408-hya,master-vm-01,9.9.3.150,elasticsearch_os_load5,3.71
2023/4/12 22:28,1681309727,cc-cc408-hya,master-vm-01,9.9.3.150,elasticsearch_os_load5,3.68
2023/4/12 22:29,1681309787,cc-cc408-hya,master-vm-01,9.9.3.150,elasticsearch_os_load5,3.61
2023/4/12 22:30,1681309847,cc-cc408-hya,master-vm-01,9.9.3.150,elasticsearch_os_load5,3.58
2023/4/12 22:31,1681309907,cc-cc408-hya,master-vm-01,9.9.3.150,elasticsearch_os_load5,3.55
2023/4/12 22:32,1681309967,cc-cc408-hya,master-vm-01,9.9.3.150,elasticsearch_os_load5,3.49
2023/4/12 22:33,1681310027,cc-cc408-hya,master-vm-01,9.9.3.150,elasticsearch_os_load5,3.45
2023/4/12 22:34,1681310087,cc-cc408-hya,master-vm-01,9.9.3.150,elasticsearch_os_load5,3.41
2023/4/12 22:35,1681310147,cc-cc408-hya,master-vm-01,9.9.3.150,elasticsearch_os_load5,3.36
2023/4/12 22:36,1681310207,cc-cc408-hya,master-vm-01,9.9.3.150,elasticsearch_os_load5,3.44
2023/4/12 22:37,1681310267,cc-cc408-hya,master-vm-01,9.9.3.150,elasticsearch_os_load5,3.4
2023/4/12 22:38,1681310327,cc-cc408-hya,master-vm-01,9.9.3.150,elasticsearch_os_load5,3.36
2023/4/12 22:39,1681310387,cc-cc408-hya,master-vm-01,9.9.3.150,elasticsearch_os_load5,3.29
2023/4/12 22:40,1681310447,cc-cc408-hya,master-vm-01,9.9.3.150,elasticsearch_os_load5,3.32
2023/4/12 22:41,1681310507,cc-cc408-hya,master-vm-01,9.9.3.150,elasticsearch_os_load5,3.29
2023/4/12 22:42,1681310567,cc-cc408-hya,master-vm-01,9.9.3.150,elasticsearch_os_load5,3.27
2023/4/12 22:43,1681310627,cc-cc408-hya,master-vm-01,9.9.3.150,elasticsearch_os_load5,3.22
2023/4/12 22:44,1681310687,cc-cc408-hya,master-vm-01,9.9.3.150,elasticsearch_os_load5,3.19
2023/4/12 22:45,1681310747,cc-cc408-hya,master-vm-01,9.9.3.150,elasticsearch_os_load5,3.15
2023/4/12 22:46,1681310807,cc-cc408-hya,master-vm-01,9.9.3.150,elasticsearch_os_load5,3.12
2023/4/12 22:47,1681310867,cc-cc408-hya,master-vm-01,9.9.3.150,elasticsearch_os_load5,3.1
2023/4/12 22:48,1681310927,cc-cc408-hya,master-vm-01,9.9.3.150,elasticsearch_os_load5,3.09
2023/4/12 22:49,1681310987,cc-cc408-hya,master-vm-01,9.9.3.150,elasticsearch_os_load5,3.07
2023/4/12 22:50,1681311047,cc-cc408-hya,master-vm-01,9.9.3.150,elasticsearch_os_load5,3.07
2023/4/12 22:51,1681311107,cc-cc408-hya,master-vm-01,9.9.3.150,elasticsearch_os_load5,3.06
2023/4/12 22:52,1681311167,cc-cc408-hya,master-vm-01,9.9.3.150,elasticsearch_os_load5,3.04
2023/4/12 22:53,1681311227,cc-cc408-hya,master-vm-01,9.9.3.150,elasticsearch_os_load5,3.05
2023/4/12 22:54,1681311287,cc-cc408-hya,master-vm-01,9.9.3.150,elasticsearch_os_load5,3.04
2023/4/12 22:55,1681311347,cc-cc408-hya,master-vm-01,9.9.3.150,elasticsearch_os_load5,3.12
2023/4/12 22:56,1681311407,cc-cc408-hya,master-vm-01,9.9.3.150,elasticsearch_os_load5,3.24
2023/4/12 22:57,1681311467,cc-cc408-hya,master-vm-01,9.9.3.150,elasticsearch_os_load5,3.26
2023/4/12 22:58,1681311527,cc-cc408-hya,master-vm-01,9.9.3.150,elasticsearch_os_load5,3.29
2023/4/12 22:59,1681311587,cc-cc408-hya,master-vm-01,9.9.3.150,elasticsearch_os_load5,3.34
2023/4/12 23:00,1681311647,cc-cc408-hya,master-vm-01,9.9.3.150,elasticsearch_os_load5,3.56
2023/4/12 23:01,1681311707,cc-cc408-hya,master-vm-01,9.9.3.150,elasticsearch_os_load5,3.56
2023/4/12 23:02,1681311767,cc-cc408-hya,master-vm-01,9.9.3.150,elasticsearch_os_load5,3.58
2023/4/12 23:03,1681311827,cc-cc408-hya,master-vm-01,9.9.3.150,elasticsearch_os_load5,3.61
2023/4/12 23:04,1681311887,cc-cc408-hya,master-vm-01,9.9.3.150,elasticsearch_os_load5,3.62
2023/4/12 23:05,1681311947,cc-cc408-hya,master-vm-01,9.9.3.150,elasticsearch_os_load5,3.61
2023/4/12 23:06,1681312007,cc-cc408-hya,master-vm-01,9.9.3.150,elasticsearch_os_load5,3.79
2023/4/12 23:07,1681312067,cc-cc408-hya,master-vm-01,9.9.3.150,elasticsearch_os_load5,3.69
2023/4/12 23:08,1681312127,cc-cc408-hya,master-vm-01,9.9.3.150,elasticsearch_os_load5,3.59
2023/4/12 23:09,1681312187,cc-cc408-hya,master-vm-01,9.9.3.150,elasticsearch_os_load5,3.52
2023/4/12 23:10,1681312247,cc-cc408-hya,master-vm-01,9.9.3.150,elasticsearch_os_load5,3.47
2023/4/12 23:11,1681312307,cc-cc408-hya,master-vm-01,9.9.3.150,elasticsearch_os_load5,3.41
2023/4/12 23:12,1681312367,cc-cc408-hya,master-vm-01,9.9.3.150,elasticsearch_os_load5,3.37
2023/4/12 23:13,1681312427,cc-cc408-hya,master-vm-01,9.9.3.150,elasticsearch_os_load5,3.33
2023/4/12 23:14,1681312487,cc-cc408-hya,master-vm-01,9.9.3.150,elasticsearch_os_load5,3.35
2023/4/12 23:15,1681312547,cc-cc408-hya,master-vm-01,9.9.3.150,elasticsearch_os_load5,3.34
2023/4/12 23:16,1681312607,cc-cc408-hya,master-vm-01,9.9.3.150,elasticsearch_os_load5,3.42
2023/4/12 23:17,1681312667,cc-cc408-hya,master-vm-01,9.9.3.150,elasticsearch_os_load5,3.46
2023/4/12 23:18,1681312727,cc-cc408-hya,master-vm-01,9.9.3.150,elasticsearch_os_load5,3.4
2023/4/12 23:19,1681312787,cc-cc408-hya,master-vm-01,9.9.3.150,elasticsearch_os_load5,3.34
2023/4/12 23:20,1681312847,cc-cc408-hya,master-vm-01,9.9.3.150,elasticsearch_os_load5,3.31
2023/4/12 23:21,1681312907,cc-cc408-hya,master-vm-01,9.9.3.150,elasticsearch_os_load5,3.37
2023/4/12 23:22,1681312967,cc-cc408-hya,master-vm-01,9.9.3.150,elasticsearch_os_load5,3.34
2023/4/12 23:23,1681313027,cc-cc408-hya,master-vm-01,9.9.3.150,elasticsearch_os_load5,3.27
2023/4/12 23:24,1681313087,cc-cc408-hya,master-vm-01,9.9.3.150,elasticsearch_os_load5,3.25
2023/4/12 23:25,1681313147,cc-cc408-hya,master-vm-01,9.9.3.150,elasticsearch_os_load5,3.27
2023/4/12 23:26,1681313207,cc-cc408-hya,master-vm-01,9.9.3.150,elasticsearch_os_load5,3.25
2023/4/12 23:27,1681313267,cc-cc408-hya,master-vm-01,9.9.3.150,elasticsearch_os_load5,3.22
2023/4/12 23:28,1681313327,cc-cc408-hya,master-vm-01,9.9.3.150,elasticsearch_os_load5,3.21
2023/4/12 23:29,1681313387,cc-cc408-hya,master-vm-01,9.9.3.150,elasticsearch_os_load5,3.17
2023/4/12 23:30,1681313447,cc-cc408-hya,master-vm-01,9.9.3.150,elasticsearch_os_load5,3.13
2023/4/12 23:31,1681313507,cc-cc408-hya,master-vm-01,9.9.3.150,elasticsearch_os_load5,3.11
2023/4/12 23:32,1681313567,cc-cc408-hya,master-vm-01,9.9.3.150,elasticsearch_os_load5,3.1
2023/4/12 23:33,1681313627,cc-cc408-hya,master-vm-01,9.9.3.150,elasticsearch_os_load5,3.08
2023/4/12 23:34,1681313687,cc-cc408-hya,master-vm-01,9.9.3.150,elasticsearch_os_load5,3.08
2023/4/12 23:35,1681313747,cc-cc408-hya,master-vm-01,9.9.3.150,elasticsearch_os_load5,3.09
2023/4/12 23:36,1681313807,cc-cc408-hya,master-vm-01,9.9.3.150,elasticsearch_os_load5,3.07
2023/4/12 23:37,1681313867,cc-cc408-hya,master-vm-01,9.9.3.150,elasticsearch_os_load5,3.13
2023/4/12 23:38,1681313927,cc-cc408-hya,master-vm-01,9.9.3.150,elasticsearch_os_load5,3.12
2023/4/12 23:39,1681313987,cc-cc408-hya,master-vm-01,9.9.3.150,elasticsearch_os_load5,3.27
2023/4/12 23:40,1681314047,cc-cc408-hya,master-vm-01,9.9.3.150,elasticsearch_os_load5,3.28
2023/4/12 23:41,1681314107,cc-cc408-hya,master-vm-01,9.9.3.150,elasticsearch_os_load5,3.47
2023/4/12 23:42,1681314167,cc-cc408-hya,master-vm-01,9.9.3.150,elasticsearch_os_load5,3.69
2023/4/12 23:43,1681314227,cc-cc408-hya,master-vm-01,9.9.3.150,elasticsearch_os_load5,3.74
2023/4/12 23:44,1681314287,cc-cc408-hya,master-vm-01,9.9.3.150,elasticsearch_os_load5,3.68
2023/4/12 23:45,1681314347,cc-cc408-hya,master-vm-01,9.9.3.150,elasticsearch_os_load5,3.68
2023/4/12 23:46,1681314407,cc-cc408-hya,master-vm-01,9.9.3.150,elasticsearch_os_load5,3.66
2023/4/12 23:47,1681314467,cc-cc408-hya,master-vm-01,9.9.3.150,elasticsearch_os_load5,3.84
2023/4/12 23:48,1681314527,cc-cc408-hya,master-vm-01,9.9.3.150,elasticsearch_os_load5,3.85
2023/4/12 23:49,1681314587,cc-cc408-hya,master-vm-01,9.9.3.150,elasticsearch_os_load5,3.9
2023/4/12 23:50,1681314647,cc-cc408-hya,master-vm-01,9.9.3.150,elasticsearch_os_load5,3.95
2023/4/12 23:51,1681314707,cc-cc408-hya,master-vm-01,9.9.3.150,elasticsearch_os_load5,3.81
2023/4/12 23:52,1681314767,cc-cc408-hya,master-vm-01,9.9.3.150,elasticsearch_os_load5,3.72
2023/4/12 23:53,1681314827,cc-cc408-hya,master-vm-01,9.9.3.150,elasticsearch_os_load5,3.62
2023/4/12 23:54,1681314887,cc-cc408-hya,master-vm-01,9.9.3.150,elasticsearch_os_load5,3.72
2023/4/12 23:55,1681314947,cc-cc408-hya,master-vm-01,9.9.3.150,elasticsearch_os_load5,3.63
2023/4/12 23:56,1681315007,cc-cc408-hya,master-vm-01,9.9.3.150,elasticsearch_os_load5,3.53
2023/4/12 23:57,1681315067,cc-cc408-hya,master-vm-01,9.9.3.150,elasticsearch_os_load5,3.46
2023/4/12 23:58,1681315127,cc-cc408-hya,master-vm-01,9.9.3.150,elasticsearch_os_load5,3.42
2023/4/12 23:59,1681315187,cc-cc408-hya,master-vm-01,9.9.3.150,elasticsearch_os_load5,3.39
2023/4/13 0:00,1681315247,cc-cc408-hya,master-vm-01,9.9.3.150,elasticsearch_os_load5,3.33
2023/4/13 0:01,1681315307,cc-cc408-hya,master-vm-01,9.9.3.150,elasticsearch_os_load5,3.32
2023/4/13 0:02,1681315367,cc-cc408-hya,master-vm-01,9.9.3.150,elasticsearch_os_load5,3.26
2023/4/13 0:03,1681315427,cc-cc408-hya,master-vm-01,9.9.3.150,elasticsearch_os_load5,3.21
2023/4/13 0:04,1681315487,cc-cc408-hya,master-vm-01,9.9.3.150,elasticsearch_os_load5,3.17
2023/4/13 0:05,1681315547,cc-cc408-hya,master-vm-01,9.9.3.150,elasticsearch_os_load5,3.22
2023/4/13 0:06,1681315607,cc-cc408-hya,master-vm-01,9.9.3.150,elasticsearch_os_load5,3.19
2023/4/13 0:07,1681315667,cc-cc408-hya,master-vm-01,9.9.3.150,elasticsearch_os_load5,3.16
2023/4/13 0:08,1681315727,cc-cc408-hya,master-vm-01,9.9.3.150,elasticsearch_os_load5,3.15
2023/4/13 0:09,1681315787,cc-cc408-hya,master-vm-01,9.9.3.150,elasticsearch_os_load5,3.12
2023/4/13 0:10,1681315847,cc-cc408-hya,master-vm-01,9.9.3.150,elasticsearch_os_load5,3.11
2023/4/13 0:11,1681315907,cc-cc408-hya,master-vm-01,9.9.3.150,elasticsearch_os_load5,3.11
2023/4/13 0:12,1681315967,cc-cc408-hya,master-vm-01,9.9.3.150,elasticsearch_os_load5,3.08
2023/4/13 0:13,1681316027,cc-cc408-hya,master-vm-01,9.9.3.150,elasticsearch_os_load5,3.07
2023/4/13 0:14,1681316087,cc-cc408-hya,master-vm-01,9.9.3.150,elasticsearch_os_load5,3.05
2023/4/13 0:15,1681316147,cc-cc408-hya,master-vm-01,9.9.3.150,elasticsearch_os_load5,3.12
2023/4/13 0:16,1681316207,cc-cc408-hya,master-vm-01,9.9.3.150,elasticsearch_os_load5,3.1
2023/4/13 0:17,1681316267,cc-cc408-hya,master-vm-01,9.9.3.150,elasticsearch_os_load5,3.11
2023/4/13 0:18,1681316327,cc-cc408-hya,master-vm-01,9.9.3.150,elasticsearch_os_load5,3.14
2023/4/13 0:19,1681316387,cc-cc408-hya,master-vm-01,9.9.3.150,elasticsearch_os_load5,3.13
2023/4/13 0:20,1681316447,cc-cc408-hya,master-vm-01,9.9.3.150,elasticsearch_os_load5,3.2
2023/4/13 0:21,1681316507,cc-cc408-hya,master-vm-01,9.9.3.150,elasticsearch_os_load5,3.35
2023/4/13 0:22,1681316567,cc-cc408-hya,master-vm-01,9.9.3.150,elasticsearch_os_load5,3.53
2023/4/13 0:23,1681316627,cc-cc408-hya,master-vm-01,9.9.3.150,elasticsearch_os_load5,3.67
2023/4/13 0:24,1681316687,cc-cc408-hya,master-vm-01,9.9.3.150,elasticsearch_os_load5,3.73
2023/4/13 0:25,1681316747,cc-cc408-hya,master-vm-01,9.9.3.150,elasticsearch_os_load5,3.85
2023/4/13 0:26,1681316807,cc-cc408-hya,master-vm-01,9.9.3.150,elasticsearch_os_load5,3.81
2023/4/13 0:27,1681316867,cc-cc408-hya,master-vm-01,9.9.3.150,elasticsearch_os_load5,3.97
2023/4/13 0:28,1681316927,cc-cc408-hya,master-vm-01,9.9.3.150,elasticsearch_os_load5,4.07
2023/4/13 0:29,1681316987,cc-cc408-hya,master-vm-01,9.9.3.150,elasticsearch_os_load5,4.24
2023/4/13 0:30,1681317047,cc-cc408-hya,master-vm-01,9.9.3.150,elasticsearch_os_load5,4.3
2023/4/13 0:31,1681317107,cc-cc408-hya,master-vm-01,9.9.3.150,elasticsearch_os_load5,4.36
2023/4/13 0:32,1681317167,cc-cc408-hya,master-vm-01,9.9.3.150,elasticsearch_os_load5,4.36
2023/4/13 0:33,1681317227,cc-cc408-hya,master-vm-01,9.9.3.150,elasticsearch_os_load5,4.36
2023/4/13 0:34,1681317287,cc-cc408-hya,master-vm-01,9.9.3.150,elasticsearch_os_load5,4.25
2023/4/13 0:35,1681317347,cc-cc408-hya,master-vm-01,9.9.3.150,elasticsearch_os_load5,4.1
2023/4/13 0:36,1681317407,cc-cc408-hya,master-vm-01,9.9.3.150,elasticsearch_os_load5,4.09
2023/4/13 0:37,1681317467,cc-cc408-hya,master-vm-01,9.9.3.150,elasticsearch_os_load5,3.95
2023/4/13 0:38,1681317527,cc-cc408-hya,master-vm-01,9.9.3.150,elasticsearch_os_load5,3.83
2023/4/13 0:39,1681317587,cc-cc408-hya,master-vm-01,9.9.3.150,elasticsearch_os_load5,3.74
2023/4/13 0:40,1681317647,cc-cc408-hya,master-vm-01,9.9.3.150,elasticsearch_os_load5,3.73
2023/4/13 0:41,1681317707,cc-cc408-hya,master-vm-01,9.9.3.150,elasticsearch_os_load5,3.82
2023/4/13 0:42,1681317767,cc-cc408-hya,master-vm-01,9.9.3.150,elasticsearch_os_load5,3.72
2023/4/13 0:43,1681317827,cc-cc408-hya,master-vm-01,9.9.3.150,elasticsearch_os_load5,3.63
2023/4/13 0:44,1681317887,cc-cc408-hya,master-vm-01,9.9.3.150,elasticsearch_os_load5,3.6
2023/4/13 0:45,1681317947,cc-cc408-hya,master-vm-01,9.9.3.150,elasticsearch_os_load5,3.63
2023/4/13 0:46,1681318007,cc-cc408-hya,master-vm-01,9.9.3.150,elasticsearch_os_load5,3.54
2023/4/13 0:47,1681318067,cc-cc408-hya,master-vm-01,9.9.3.150,elasticsearch_os_load5,3.53
2023/4/13 0:48,1681318127,cc-cc408-hya,master-vm-01,9.9.3.150,elasticsearch_os_load5,3.54
2023/4/13 0:49,1681318187,cc-cc408-hya,master-vm-01,9.9.3.150,elasticsearch_os_load5,3.52
2023/4/13 0:50,1681318247,cc-cc408-hya,master-vm-01,9.9.3.150,elasticsearch_os_load5,3.5
2023/4/13 0:51,1681318307,cc-cc408-hya,master-vm-01,9.9.3.150,elasticsearch_os_load5,3.45
2023/4/13 0:52,1681318367,cc-cc408-hya,master-vm-01,9.9.3.150,elasticsearch_os_load5,3.4
2023/4/13 0:53,1681318427,cc-cc408-hya,master-vm-01,9.9.3.150,elasticsearch_os_load5,3.37
2023/4/13 0:54,1681318487,cc-cc408-hya,master-vm-01,9.9.3.150,elasticsearch_os_load5,3.47
2023/4/13 0:55,1681318547,cc-cc408-hya,master-vm-01,9.9.3.150,elasticsearch_os_load5,3.5
2023/4/13 0:56,1681318607,cc-cc408-hya,master-vm-01,9.9.3.150,elasticsearch_os_load5,3.46
2023/4/13 0:57,1681318667,cc-cc408-hya,master-vm-01,9.9.3.150,elasticsearch_os_load5,3.48
2023/4/13 0:58,1681318727,cc-cc408-hya,master-vm-01,9.9.3.150,elasticsearch_os_load5,3.42
2023/4/13 0:59,1681318787,cc-cc408-hya,master-vm-01,9.9.3.150,elasticsearch_os_load5,3.36
2023/4/13 1:00,1681318847,cc-cc408-hya,master-vm-01,9.9.3.150,elasticsearch_os_load5,3.41
2023/4/13 1:01,1681318907,cc-cc408-hya,master-vm-01,9.9.3.150,elasticsearch_os_load5,3.48
2023/4/13 1:02,1681318967,cc-cc408-hya,master-vm-01,9.9.3.150,elasticsearch_os_load5,3.43
2023/4/13 1:03,1681319027,cc-cc408-hya,master-vm-01,9.9.3.150,elasticsearch_os_load5,3.43
2023/4/13 1:04,1681319087,cc-cc408-hya,master-vm-01,9.9.3.150,elasticsearch_os_load5,3.49
2023/4/13 1:05,1681319147,cc-cc408-hya,master-vm-01,9.9.3.150,elasticsearch_os_load5,3.94
2023/4/13 1:06,1681319207,cc-cc408-hya,master-vm-01,9.9.3.150,elasticsearch_os_load5,3.89
2023/4/13 1:07,1681319267,cc-cc408-hya,master-vm-01,9.9.3.150,elasticsearch_os_load5,4.03
2023/4/13 1:08,1681319327,cc-cc408-hya,master-vm-01,9.9.3.150,elasticsearch_os_load5,3.99
2023/4/13 1:09,1681319387,cc-cc408-hya,master-vm-01,9.9.3.150,elasticsearch_os_load5,3.96
2023/4/13 1:10,1681319447,cc-cc408-hya,master-vm-01,9.9.3.150,elasticsearch_os_load5,4.77
2023/4/13 1:11,1681319507,cc-cc408-hya,master-vm-01,9.9.3.150,elasticsearch_os_load5,4.97
2023/4/13 1:12,1681319567,cc-cc408-hya,master-vm-01,9.9.3.150,elasticsearch_os_load5,4.86
2023/4/13 1:13,1681319627,cc-cc408-hya,master-vm-01,9.9.3.150,elasticsearch_os_load5,4.78
2023/4/13 1:14,1681319687,cc-cc408-hya,master-vm-01,9.9.3.150,elasticsearch_os_load5,4.7
2023/4/13 1:15,1681319747,cc-cc408-hya,master-vm-01,9.9.3.150,elasticsearch_os_load5,4.46
2023/4/13 1:16,1681319807,cc-cc408-hya,master-vm-01,9.9.3.150,elasticsearch_os_load5,4.3
2023/4/13 1:17,1681319867,cc-cc408-hya,master-vm-01,9.9.3.150,elasticsearch_os_load5,4.18
2023/4/13 1:18,1681319927,cc-cc408-hya,master-vm-01,9.9.3.150,elasticsearch_os_load5,4.03
2023/4/13 1:19,1681319987,cc-cc408-hya,master-vm-01,9.9.3.150,elasticsearch_os_load5,3.89
2023/4/13 1:20,1681320047,cc-cc408-hya,master-vm-01,9.9.3.150,elasticsearch_os_load5,3.84
2023/4/13 1:21,1681320107,cc-cc408-hya,master-vm-01,9.9.3.150,elasticsearch_os_load5,3.71
2023/4/13 1:22,1681320167,cc-cc408-hya,master-vm-01,9.9.3.150,elasticsearch_os_load5,3.72
2023/4/13 1:23,1681320227,cc-cc408-hya,master-vm-01,9.9.3.150,elasticsearch_os_load5,3.65
2023/4/13 1:24,1681320287,cc-cc408-hya,master-vm-01,9.9.3.150,elasticsearch_os_load5,3.58
2023/4/13 1:25,1681320347,cc-cc408-hya,master-vm-01,9.9.3.150,elasticsearch_os_load5,3.51
2023/4/13 1:26,1681320407,cc-cc408-hya,master-vm-01,9.9.3.150,elasticsearch_os_load5,3.42
2023/4/13 1:27,1681320467,cc-cc408-hya,master-vm-01,9.9.3.150,elasticsearch_os_load5,3.36
2023/4/13 1:28,1681320527,cc-cc408-hya,master-vm-01,9.9.3.150,elasticsearch_os_load5,3.29
2023/4/13 1:29,1681320587,cc-cc408-hya,master-vm-01,9.9.3.150,elasticsearch_os_load5,3.23
2023/4/13 1:30,1681320647,cc-cc408-hya,master-vm-01,9.9.3.150,elasticsearch_os_load5,3.2
2023/4/13 1:31,1681320707,cc-cc408-hya,master-vm-01,9.9.3.150,elasticsearch_os_load5,3.18
2023/4/13 1:32,1681320767,cc-cc408-hya,master-vm-01,9.9.3.150,elasticsearch_os_load5,3.21
2023/4/13 1:33,1681320827,cc-cc408-hya,master-vm-01,9.9.3.150,elasticsearch_os_load5,3.17
2023/4/13 1:34,1681320887,cc-cc408-hya,master-vm-01,9.9.3.150,elasticsearch_os_load5,3.14
2023/4/13 1:35,1681320947,cc-cc408-hya,master-vm-01,9.9.3.150,elasticsearch_os_load5,3.24
2023/4/13 1:36,1681321007,cc-cc408-hya,master-vm-01,9.9.3.150,elasticsearch_os_load5,3.22
2023/4/13 1:37,1681321067,cc-cc408-hya,master-vm-01,9.9.3.150,elasticsearch_os_load5,3.21
2023/4/13 1:38,1681321127,cc-cc408-hya,master-vm-01,9.9.3.150,elasticsearch_os_load5,3.18
2023/4/13 1:39,1681321187,cc-cc408-hya,master-vm-01,9.9.3.150,elasticsearch_os_load5,3.18
2023/4/13 1:40,1681321247,cc-cc408-hya,master-vm-01,9.9.3.150,elasticsearch_os_load5,3.16
2023/4/13 1:41,1681321307,cc-cc408-hya,master-vm-01,9.9.3.150,elasticsearch_os_load5,3.12
2023/4/13 1:42,1681321367,cc-cc408-hya,master-vm-01,9.9.3.150,elasticsearch_os_load5,3.11
2023/4/13 1:43,1681321427,cc-cc408-hya,master-vm-01,9.9.3.150,elasticsearch_os_load5,3.09
2023/4/13 1:44,1681321487,cc-cc408-hya,master-vm-01,9.9.3.150,elasticsearch_os_load5,3.1
2023/4/13 1:45,1681321547,cc-cc408-hya,master-vm-01,9.9.3.150,elasticsearch_os_load5,3.11
2023/4/13 1:46,1681321607,cc-cc408-hya,master-vm-01,9.9.3.150,elasticsearch_os_load5,3.18
2023/4/13 1:47,1681321667,cc-cc408-hya,master-vm-01,9.9.3.150,elasticsearch_os_load5,3.28
2023/4/13 1:48,1681321727,cc-cc408-hya,master-vm-01,9.9.3.150,elasticsearch_os_load5,3.3
2023/4/13 1:49,1681321787,cc-cc408-hya,master-vm-01,9.9.3.150,elasticsearch_os_load5,3.4
2023/4/13 1:50,1681321847,cc-cc408-hya,master-vm-01,9.9.3.150,elasticsearch_os_load5,3.62
2023/4/13 1:51,1681321907,cc-cc408-hya,master-vm-01,9.9.3.150,elasticsearch_os_load5,3.61
2023/4/13 1:52,1681321967,cc-cc408-hya,master-vm-01,9.9.3.150,elasticsearch_os_load5,3.61
2023/4/13 1:53,1681322027,cc-cc408-hya,master-vm-01,9.9.3.150,elasticsearch_os_load5,3.75
2023/4/13 1:54,1681322087,cc-cc408-hya,master-vm-01,9.9.3.150,elasticsearch_os_load5,3.76
2023/4/13 1:55,1681322147,cc-cc408-hya,master-vm-01,9.9.3.150,elasticsearch_os_load5,3.8
2023/4/13 1:56,1681322207,cc-cc408-hya,master-vm-01,9.9.3.150,elasticsearch_os_load5,3.87
2023/4/13 1:57,1681322267,cc-cc408-hya,master-vm-01,9.9.3.150,elasticsearch_os_load5,3.77
2023/4/13 1:58,1681322327,cc-cc408-hya,master-vm-01,9.9.3.150,elasticsearch_os_load5,3.74
2023/4/13 1:59,1681322387,cc-cc408-hya,master-vm-01,9.9.3.150,elasticsearch_os_load5,3.75
2023/4/13 2:00,1681322447,cc-cc408-hya,master-vm-01,9.9.3.150,elasticsearch_os_load5,3.64
2023/4/13 2:01,1681322507,cc-cc408-hya,master-vm-01,9.9.3.150,elasticsearch_os_load5,3.55
2023/4/13 2:02,1681322567,cc-cc408-hya,master-vm-01,9.9.3.150,elasticsearch_os_load5,3.51
2023/4/13 2:03,1681322627,cc-cc408-hya,master-vm-01,9.9.3.150,elasticsearch_os_load5,3.48
2023/4/13 2:04,1681322687,cc-cc408-hya,master-vm-01,9.9.3.150,elasticsearch_os_load5,3.44
2023/4/13 2:05,1681322747,cc-cc408-hya,master-vm-01,9.9.3.150,elasticsearch_os_load5,3.4
2023/4/13 2:06,1681322807,cc-cc408-hya,master-vm-01,9.9.3.150,elasticsearch_os_load5,3.33
2023/4/13 2:07,1681322867,cc-cc408-hya,master-vm-01,9.9.3.150,elasticsearch_os_load5,3.26
2023/4/13 2:08,1681322927,cc-cc408-hya,master-vm-01,9.9.3.150,elasticsearch_os_load5,3.21
2023/4/13 2:09,1681322987,cc-cc408-hya,master-vm-01,9.9.3.150,elasticsearch_os_load5,3.19
2023/4/13 2:10,1681323047,cc-cc408-hya,master-vm-01,9.9.3.150,elasticsearch_os_load5,3.23
2023/4/13 2:11,1681323107,cc-cc408-hya,master-vm-01,9.9.3.150,elasticsearch_os_load5,3.2
2023/4/13 2:12,1681323167,cc-cc408-hya,master-vm-01,9.9.3.150,elasticsearch_os_load5,3.16
2023/4/13 2:13,1681323227,cc-cc408-hya,master-vm-01,9.9.3.150,elasticsearch_os_load5,3.13
2023/4/13 2:14,1681323287,cc-cc408-hya,master-vm-01,9.9.3.150,elasticsearch_os_load5,3.1
2023/4/13 2:15,1681323347,cc-cc408-hya,master-vm-01,9.9.3.150,elasticsearch_os_load5,3.1
2023/4/13 2:16,1681323407,cc-cc408-hya,master-vm-01,9.9.3.150,elasticsearch_os_load5,3.09
2023/4/13 2:17,1681323467,cc-cc408-hya,master-vm-01,9.9.3.150,elasticsearch_os_load5,3.07
2023/4/13 2:18,1681323527,cc-cc408-hya,master-vm-01,9.9.3.150,elasticsearch_os_load5,3.06
2023/4/13 2:19,1681323587,cc-cc408-hya,master-vm-01,9.9.3.150,elasticsearch_os_load5,3.05
2023/4/13 2:20,1681323647,cc-cc408-hya,master-vm-01,9.9.3.150,elasticsearch_os_load5,3.08
2023/4/13 2:21,1681323707,cc-cc408-hya,master-vm-01,9.9.3.150,elasticsearch_os_load5,3.06
2023/4/13 2:22,1681323767,cc-cc408-hya,master-vm-01,9.9.3.150,elasticsearch_os_load5,3.07
2023/4/13 2:23,1681323827,cc-cc408-hya,master-vm-01,9.9.3.150,elasticsearch_os_load5,3.05
2023/4/13 2:24,1681323887,cc-cc408-hya,master-vm-01,9.9.3.150,elasticsearch_os_load5,3.04
2023/4/13 2:25,1681323947,cc-cc408-hya,master-vm-01,9.9.3.150,elasticsearch_os_load5,3.03
2023/4/13 2:26,1681324007,cc-cc408-hya,master-vm-01,9.9.3.150,elasticsearch_os_load5,3.04
2023/4/13 2:27,1681324067,cc-cc408-hya,master-vm-01,9.9.3.150,elasticsearch_os_load5,3.04
2023/4/13 2:28,1681324127,cc-cc408-hya,master-vm-01,9.9.3.150,elasticsearch_os_load5,3.13
2023/4/13 2:29,1681324187,cc-cc408-hya,master-vm-01,9.9.3.150,elasticsearch_os_load5,3.18
2023/4/13 2:30,1681324247,cc-cc408-hya,master-vm-01,9.9.3.150,elasticsearch_os_load5,3.21
2023/4/13 2:31,1681324307,cc-cc408-hya,master-vm-01,9.9.3.150,elasticsearch_os_load5,3.24
2023/4/13 2:32,1681324367,cc-cc408-hya,master-vm-01,9.9.3.150,elasticsearch_os_load5,3.36
2023/4/13 2:33,1681324427,cc-cc408-hya,master-vm-01,9.9.3.150,elasticsearch_os_load5,3.4
2023/4/13 2:34,1681324487,cc-cc408-hya,master-vm-01,9.9.3.150,elasticsearch_os_load5,3.43
2023/4/13 2:35,1681324547,cc-cc408-hya,master-vm-01,9.9.3.150,elasticsearch_os_load5,3.47
2023/4/13 2:36,1681324607,cc-cc408-hya,master-vm-01,9.9.3.150,elasticsearch_os_load5,3.59
2023/4/13 2:37,1681324667,cc-cc408-hya,master-vm-01,9.9.3.150,elasticsearch_os_load5,3.68
2023/4/13 2:38,1681324727,cc-cc408-hya,master-vm-01,9.9.3.150,elasticsearch_os_load5,3.81
2023/4/13 2:39,1681324787,cc-cc408-hya,master-vm-01,9.9.3.150,elasticsearch_os_load5,3.73
2023/4/13 2:40,1681324847,cc-cc408-hya,master-vm-01,9.9.3.150,elasticsearch_os_load5,3.66
2023/4/13 2:41,1681324907,cc-cc408-hya,master-vm-01,9.9.3.150,elasticsearch_os_load5,3.62
2023/4/13 2:42,1681324967,cc-cc408-hya,master-vm-01,9.9.3.150,elasticsearch_os_load5,3.52
2023/4/13 2:43,1681325027,cc-cc408-hya,master-vm-01,9.9.3.150,elasticsearch_os_load5,3.44
2023/4/13 2:44,1681325087,cc-cc408-hya,master-vm-01,9.9.3.150,elasticsearch_os_load5,3.4
2023/4/13 2:45,1681325147,cc-cc408-hya,master-vm-01,9.9.3.150,elasticsearch_os_load5,3.45
2023/4/13 2:46,1681325207,cc-cc408-hya,master-vm-01,9.9.3.150,elasticsearch_os_load5,3.36
2023/4/13 2:47,1681325267,cc-cc408-hya,master-vm-01,9.9.3.150,elasticsearch_os_load5,3.34
2023/4/13 2:48,1681325327,cc-cc408-hya,master-vm-01,9.9.3.150,elasticsearch_os_load5,3.31
2023/4/13 2:49,1681325387,cc-cc408-hya,master-vm-01,9.9.3.150,elasticsearch_os_load5,3.26
2023/4/13 2:50,1681325447,cc-cc408-hya,master-vm-01,9.9.3.150,elasticsearch_os_load5,3.23
2023/4/13 2:51,1681325507,cc-cc408-hya,master-vm-01,9.9.3.150,elasticsearch_os_load5,3.3
2023/4/13 2:52,1681325567,cc-cc408-hya,master-vm-01,9.9.3.150,elasticsearch_os_load5,3.24
2023/4/13 2:53,1681325627,cc-cc408-hya,master-vm-01,9.9.3.150,elasticsearch_os_load5,3.2
2023/4/13 2:54,1681325687,cc-cc408-hya,master-vm-01,9.9.3.150,elasticsearch_os_load5,3.16
2023/4/13 2:55,1681325747,cc-cc408-hya,master-vm-01,9.9.3.150,elasticsearch_os_load5,3.13
2023/4/13 2:56,1681325807,cc-cc408-hya,master-vm-01,9.9.3.150,elasticsearch_os_load5,3.1
2023/4/13 2:57,1681325867,cc-cc408-hya,master-vm-01,9.9.3.150,elasticsearch_os_load5,3.12
2023/4/13 2:58,1681325927,cc-cc408-hya,master-vm-01,9.9.3.150,elasticsearch_os_load5,3.13
2023/4/13 2:59,1681325987,cc-cc408-hya,master-vm-01,9.9.3.150,elasticsearch_os_load5,3.13
2023/4/13 3:00,1681326047,cc-cc408-hya,master-vm-01,9.9.3.150,elasticsearch_os_load5,3.11
2023/4/13 3:01,1681326107,cc-cc408-hya,master-vm-01,9.9.3.150,elasticsearch_os_load5,3.11
2023/4/13 3:02,1681326167,cc-cc408-hya,master-vm-01,9.9.3.150,elasticsearch_os_load5,3.09
2023/4/13 3:03,1681326227,cc-cc408-hya,master-vm-01,9.9.3.150,elasticsearch_os_load5,3.07
2023/4/13 3:04,1681326287,cc-cc408-hya,master-vm-01,9.9.3.150,elasticsearch_os_load5,3.06
2023/4/13 3:05,1681326347,cc-cc408-hya,master-vm-01,9.9.3.150,elasticsearch_os_load5,3.1
2023/4/13 3:06,1681326407,cc-cc408-hya,master-vm-01,9.9.3.150,elasticsearch_os_load5,3.09
2023/4/13 3:07,1681326467,cc-cc408-hya,master-vm-01,9.9.3.150,elasticsearch_os_load5,3.1
2023/4/13 3:08,1681326527,cc-cc408-hya,master-vm-01,9.9.3.150,elasticsearch_os_load5,3.08
2023/4/13 3:09,1681326587,cc-cc408-hya,master-vm-01,9.9.3.150,elasticsearch_os_load5,3.11
2023/4/13 3:10,1681326647,cc-cc408-hya,master-vm-01,9.9.3.150,elasticsearch_os_load5,3.17
2023/4/13 3:11,1681326707,cc-cc408-hya,master-vm-01,9.9.3.150,elasticsearch_os_load5,3.32
2023/4/13 3:12,1681326767,cc-cc408-hya,master-vm-01,9.9.3.150,elasticsearch_os_load5,3.34
2023/4/13 3:13,1681326827,cc-cc408-hya,master-vm-01,9.9.3.150,elasticsearch_os_load5,3.45
2023/4/13 3:14,1681326887,cc-cc408-hya,master-vm-01,9.9.3.150,elasticsearch_os_load5,3.58
2023/4/13 3:15,1681326947,cc-cc408-hya,master-vm-01,9.9.3.150,elasticsearch_os_load5,3.62
2023/4/13 3:16,1681327007,cc-cc408-hya,master-vm-01,9.9.3.150,elasticsearch_os_load5,3.87
2023/4/13 3:17,1681327067,cc-cc408-hya,master-vm-01,9.9.3.150,elasticsearch_os_load5,3.85
2023/4/13 3:18,1681327127,cc-cc408-hya,master-vm-01,9.9.3.150,elasticsearch_os_load5,3.95
2023/4/13 3:19,1681327187,cc-cc408-hya,master-vm-01,9.9.3.150,elasticsearch_os_load5,4.14
2023/4/13 3:20,1681327247,cc-cc408-hya,master-vm-01,9.9.3.150,elasticsearch_os_load5,4.06
2023/4/13 3:21,1681327307,cc-cc408-hya,master-vm-01,9.9.3.150,elasticsearch_os_load5,3.94
2023/4/13 3:22,1681327367,cc-cc408-hya,master-vm-01,9.9.3.150,elasticsearch_os_load5,3.89
2023/4/13 3:23,1681327427,cc-cc408-hya,master-vm-01,9.9.3.150,elasticsearch_os_load5,3.76
2023/4/13 3:24,1681327487,cc-cc408-hya,master-vm-01,9.9.3.150,elasticsearch_os_load5,3.66
2023/4/13 3:25,1681327547,cc-cc408-hya,master-vm-01,9.9.3.150,elasticsearch_os_load5,3.58
2023/4/13 3:26,1681327607,cc-cc408-hya,master-vm-01,9.9.3.150,elasticsearch_os_load5,3.5
2023/4/13 3:27,1681327667,cc-cc408-hya,master-vm-01,9.9.3.150,elasticsearch_os_load5,3.43
2023/4/13 3:28,1681327727,cc-cc408-hya,master-vm-01,9.9.3.150,elasticsearch_os_load5,3.37
2023/4/13 3:29,1681327787,cc-cc408-hya,master-vm-01,9.9.3.150,elasticsearch_os_load5,3.37
2023/4/13 3:30,1681327847,cc-cc408-hya,master-vm-01,9.9.3.150,elasticsearch_os_load5,3.32
2023/4/13 3:31,1681327907,cc-cc408-hya,master-vm-01,9.9.3.150,elasticsearch_os_load5,3.29
2023/4/13 3:32,1681327967,cc-cc408-hya,master-vm-01,9.9.3.150,elasticsearch_os_load5,3.26
2023/4/13 3:33,1681328027,cc-cc408-hya,master-vm-01,9.9.3.150,elasticsearch_os_load5,3.27
2023/4/13 3:34,1681328087,cc-cc408-hya,master-vm-01,9.9.3.150,elasticsearch_os_load5,3.23
2023/4/13 3:35,1681328147,cc-cc408-hya,master-vm-01,9.9.3.150,elasticsearch_os_load5,3.25
2023/4/13 3:36,1681328207,cc-cc408-hya,master-vm-01,9.9.3.150,elasticsearch_os_load5,3.22
2023/4/13 3:37,1681328267,cc-cc408-hya,master-vm-01,9.9.3.150,elasticsearch_os_load5,3.18
2023/4/13 3:38,1681328327,cc-cc408-hya,master-vm-01,9.9.3.150,elasticsearch_os_load5,3.17
2023/4/13 3:39,1681328387,cc-cc408-hya,master-vm-01,9.9.3.150,elasticsearch_os_load5,3.15
2023/4/13 3:40,1681328447,cc-cc408-hya,master-vm-01,9.9.3.150,elasticsearch_os_load5,3.14
2023/4/13 3:41,1681328507,cc-cc408-hya,master-vm-01,9.9.3.150,elasticsearch_os_load5,3.13
2023/4/13 3:42,1681328567,cc-cc408-hya,master-vm-01,9.9.3.150,elasticsearch_os_load5,3.1
2023/4/13 3:43,1681328627,cc-cc408-hya,master-vm-01,9.9.3.150,elasticsearch_os_load5,3.08
2023/4/13 3:44,1681328687,cc-cc408-hya,master-vm-01,9.9.3.150,elasticsearch_os_load5,3.06
2023/4/13 3:45,1681328747,cc-cc408-hya,master-vm-01,9.9.3.150,elasticsearch_os_load5,3.06
2023/4/13 3:46,1681328807,cc-cc408-hya,master-vm-01,9.9.3.150,elasticsearch_os_load5,3.05
2023/4/13 3:47,1681328867,cc-cc408-hya,master-vm-01,9.9.3.150,elasticsearch_os_load5,3.05
2023/4/13 3:48,1681328927,cc-cc408-hya,master-vm-01,9.9.3.150,elasticsearch_os_load5,3.06
2023/4/13 3:49,1681328987,cc-cc408-hya,master-vm-01,9.9.3.150,elasticsearch_os_load5,3.07
2023/4/13 3:50,1681329047,cc-cc408-hya,master-vm-01,9.9.3.150,elasticsearch_os_load5,3.06
2023/4/13 3:51,1681329107,cc-cc408-hya,master-vm-01,9.9.3.150,elasticsearch_os_load5,3.09
2023/4/13 3:52,1681329167,cc-cc408-hya,master-vm-01,9.9.3.150,elasticsearch_os_load5,3.09
2023/4/13 3:53,1681329227,cc-cc408-hya,master-vm-01,9.9.3.150,elasticsearch_os_load5,3.28
2023/4/13 3:54,1681329287,cc-cc408-hya,master-vm-01,9.9.3.150,elasticsearch_os_load5,3.36
2023/4/13 3:55,1681329347,cc-cc408-hya,master-vm-01,9.9.3.150,elasticsearch_os_load5,3.47
2023/4/13 3:56,1681329407,cc-cc408-hya,master-vm-01,9.9.3.150,elasticsearch_os_load5,3.55
2023/4/13 3:57,1681329467,cc-cc408-hya,master-vm-01,9.9.3.150,elasticsearch_os_load5,3.65
2023/4/13 3:58,1681329527,cc-cc408-hya,master-vm-01,9.9.3.150,elasticsearch_os_load5,4.03
2023/4/13 3:59,1681329587,cc-cc408-hya,master-vm-01,9.9.3.150,elasticsearch_os_load5,4.08
2023/4/13 4:00,1681329647,cc-cc408-hya,master-vm-01,9.9.3.150,elasticsearch_os_load5,4.09
2023/4/13 4:01,1681329707,cc-cc408-hya,master-vm-01,9.9.3.150,elasticsearch_os_load5,4.07
2023/4/13 4:02,1681329767,cc-cc408-hya,master-vm-01,9.9.3.150,elasticsearch_os_load5,3.99
2023/4/13 4:03,1681329827,cc-cc408-hya,master-vm-01,9.9.3.150,elasticsearch_os_load5,3.87
2023/4/13 4:04,1681329887,cc-cc408-hya,master-vm-01,9.9.3.150,elasticsearch_os_load5,3.84
2023/4/13 4:05,1681329947,cc-cc408-hya,master-vm-01,9.9.3.150,elasticsearch_os_load5,3.7
2023/4/13 4:06,1681330007,cc-cc408-hya,master-vm-01,9.9.3.150,elasticsearch_os_load5,3.6
2023/4/13 4:07,1681330067,cc-cc408-hya,master-vm-01,9.9.3.150,elasticsearch_os_load5,3.5
2023/4/13 4:08,1681330127,cc-cc408-hya,master-vm-01,9.9.3.150,elasticsearch_os_load5,3.42
2023/4/13 4:09,1681330187,cc-cc408-hya,master-vm-01,9.9.3.150,elasticsearch_os_load5,3.43
2023/4/13 4:10,1681330247,cc-cc408-hya,master-vm-01,9.9.3.150,elasticsearch_os_load5,3.37
2023/4/13 4:11,1681330307,cc-cc408-hya,master-vm-01,9.9.3.150,elasticsearch_os_load5,3.37
2023/4/13 4:12,1681330367,cc-cc408-hya,master-vm-01,9.9.3.150,elasticsearch_os_load5,3.32
2023/4/13 4:13,1681330427,cc-cc408-hya,master-vm-01,9.9.3.150,elasticsearch_os_load5,3.28
2023/4/13 4:14,1681330487,cc-cc408-hya,master-vm-01,9.9.3.150,elasticsearch_os_load5,3.3
2023/4/13 4:15,1681330547,cc-cc408-hya,master-vm-01,9.9.3.150,elasticsearch_os_load5,3.3
2023/4/13 4:16,1681330607,cc-cc408-hya,master-vm-01,9.9.3.150,elasticsearch_os_load5,3.26
2023/4/13 4:17,1681330667,cc-cc408-hya,master-vm-01,9.9.3.150,elasticsearch_os_load5,3.21
2023/4/13 4:18,1681330727,cc-cc408-hya,master-vm-01,9.9.3.150,elasticsearch_os_load5,3.2
2023/4/13 4:19,1681330787,cc-cc408-hya,master-vm-01,9.9.3.150,elasticsearch_os_load5,3.19
2023/4/13 4:20,1681330847,cc-cc408-hya,master-vm-01,9.9.3.150,elasticsearch_os_load5,3.16
2023/4/13 4:21,1681330907,cc-cc408-hya,master-vm-01,9.9.3.150,elasticsearch_os_load5,3.14
2023/4/13 4:22,1681330967,cc-cc408-hya,master-vm-01,9.9.3.150,elasticsearch_os_load5,3.13
2023/4/13 4:23,1681331027,cc-cc408-hya,master-vm-01,9.9.3.150,elasticsearch_os_load5,3.1
2023/4/13 4:24,1681331087,cc-cc408-hya,master-vm-01,9.9.3.150,elasticsearch_os_load5,3.47
2023/4/13 4:25,1681331147,cc-cc408-hya,master-vm-01,9.9.3.150,elasticsearch_os_load5,3.38
2023/4/13 4:26,1681331207,cc-cc408-hya,master-vm-01,9.9.3.150,elasticsearch_os_load5,3.31
2023/4/13 4:27,1681331267,cc-cc408-hya,master-vm-01,9.9.3.150,elasticsearch_os_load5,3.31
2023/4/13 4:28,1681331327,cc-cc408-hya,master-vm-01,9.9.3.150,elasticsearch_os_load5,3.31
2023/4/13 4:29,1681331387,cc-cc408-hya,master-vm-01,9.9.3.150,elasticsearch_os_load5,3.28
2023/4/13 4:30,1681331447,cc-cc408-hya,master-vm-01,9.9.3.150,elasticsearch_os_load5,3.22
2023/4/13 4:31,1681331507,cc-cc408-hya,master-vm-01,9.9.3.150,elasticsearch_os_load5,3.18
2023/4/13 4:32,1681331567,cc-cc408-hya,master-vm-01,9.9.3.150,elasticsearch_os_load5,3.14
2023/4/13 4:33,1681331627,cc-cc408-hya,master-vm-01,9.9.3.150,elasticsearch_os_load5,3.15
2023/4/13 4:34,1681331687,cc-cc408-hya,master-vm-01,9.9.3.150,elasticsearch_os_load5,3.13
2023/4/13 4:35,1681331747,cc-cc408-hya,master-vm-01,9.9.3.150,elasticsearch_os_load5,3.26
2023/4/13 4:36,1681331807,cc-cc408-hya,master-vm-01,9.9.3.150,elasticsearch_os_load5,3.42
2023/4/13 4:37,1681331867,cc-cc408-hya,master-vm-01,9.9.3.150,elasticsearch_os_load5,3.56
2023/4/13 4:38,1681331927,cc-cc408-hya,master-vm-01,9.9.3.150,elasticsearch_os_load5,3.68
2023/4/13 4:39,1681331987,cc-cc408-hya,master-vm-01,9.9.3.150,elasticsearch_os_load5,3.83
2023/4/13 4:40,1681332047,cc-cc408-hya,master-vm-01,9.9.3.150,elasticsearch_os_load5,3.83
2023/4/13 4:41,1681332107,cc-cc408-hya,master-vm-01,9.9.3.150,elasticsearch_os_load5,3.96
2023/4/13 4:42,1681332167,cc-cc408-hya,master-vm-01,9.9.3.150,elasticsearch_os_load5,3.99
2023/4/13 4:43,1681332227,cc-cc408-hya,master-vm-01,9.9.3.150,elasticsearch_os_load5,4.11
2023/4/13 4:44,1681332287,cc-cc408-hya,master-vm-01,9.9.3.150,elasticsearch_os_load5,4.04
2023/4/13 4:45,1681332347,cc-cc408-hya,master-vm-01,9.9.3.150,elasticsearch_os_load5,3.95
2023/4/13 4:46,1681332407,cc-cc408-hya,master-vm-01,9.9.3.150,elasticsearch_os_load5,3.92
2023/4/13 4:47,1681332467,cc-cc408-hya,master-vm-01,9.9.3.150,elasticsearch_os_load5,4.51
2023/4/13 4:48,1681332527,cc-cc408-hya,master-vm-01,9.9.3.150,elasticsearch_os_load5,4.24
2023/4/13 4:49,1681332587,cc-cc408-hya,master-vm-01,9.9.3.150,elasticsearch_os_load5,4.04
2023/4/13 4:50,1681332647,cc-cc408-hya,master-vm-01,9.9.3.150,elasticsearch_os_load5,3.86
2023/4/13 4:51,1681332707,cc-cc408-hya,master-vm-01,9.9.3.150,elasticsearch_os_load5,4.04
2023/4/13 4:52,1681332767,cc-cc408-hya,master-vm-01,9.9.3.150,elasticsearch_os_load5,3.86
2023/4/13 4:53,1681332827,cc-cc408-hya,master-vm-01,9.9.3.150,elasticsearch_os_load5,3.72
2023/4/13 4:54,1681332887,cc-cc408-hya,master-vm-01,9.9.3.150,elasticsearch_os_load5,3.73
2023/4/13 4:55,1681332947,cc-cc408-hya,master-vm-01,9.9.3.150,elasticsearch_os_load5,3.65
2023/4/13 4:56,1681333007,cc-cc408-hya,master-vm-01,9.9.3.150,elasticsearch_os_load5,3.53
2023/4/13 4:57,1681333067,cc-cc408-hya,master-vm-01,9.9.3.150,elasticsearch_os_load5,3.43
2023/4/13 4:58,1681333127,cc-cc408-hya,master-vm-01,9.9.3.150,elasticsearch_os_load5,3.35
2023/4/13 4:59,1681333187,cc-cc408-hya,master-vm-01,9.9.3.150,elasticsearch_os_load5,3.28
2023/4/13 5:00,1681333247,cc-cc408-hya,master-vm-01,9.9.3.150,elasticsearch_os_load5,3.23
2023/4/13 5:01,1681333307,cc-cc408-hya,master-vm-01,9.9.3.150,elasticsearch_os_load5,3.22
2023/4/13 5:02,1681333367,cc-cc408-hya,master-vm-01,9.9.3.150,elasticsearch_os_load5,3.19
2023/4/13 5:03,1681333427,cc-cc408-hya,master-vm-01,9.9.3.150,elasticsearch_os_load5,3.15
2023/4/13 5:04,1681333487,cc-cc408-hya,master-vm-01,9.9.3.150,elasticsearch_os_load5,3.14
2023/4/13 5:05,1681333547,cc-cc408-hya,master-vm-01,9.9.3.150,elasticsearch_os_load5,3.11
2023/4/13 5:06,1681333607,cc-cc408-hya,master-vm-01,9.9.3.150,elasticsearch_os_load5,3.09
2023/4/13 5:07,1681333667,cc-cc408-hya,master-vm-01,9.9.3.150,elasticsearch_os_load5,3.1
2023/4/13 5:08,1681333727,cc-cc408-hya,master-vm-01,9.9.3.150,elasticsearch_os_load5,3.1
2023/4/13 5:09,1681333787,cc-cc408-hya,master-vm-01,9.9.3.150,elasticsearch_os_load5,3.11
2023/4/13 5:10,1681333847,cc-cc408-hya,master-vm-01,9.9.3.150,elasticsearch_os_load5,3.1
2023/4/13 5:11,1681333907,cc-cc408-hya,master-vm-01,9.9.3.150,elasticsearch_os_load5,3.08
2023/4/13 5:12,1681333967,cc-cc408-hya,master-vm-01,9.9.3.150,elasticsearch_os_load5,3.08
2023/4/13 5:13,1681334027,cc-cc408-hya,master-vm-01,9.9.3.150,elasticsearch_os_load5,3.06
2023/4/13 5:14,1681334087,cc-cc408-hya,master-vm-01,9.9.3.150,elasticsearch_os_load5,3.06
2023/4/13 5:15,1681334147,cc-cc408-hya,master-vm-01,9.9.3.150,elasticsearch_os_load5,3.08
2023/4/13 5:16,1681334207,cc-cc408-hya,master-vm-01,9.9.3.150,elasticsearch_os_load5,3.06
2023/4/13 5:17,1681334267,cc-cc408-hya,master-vm-01,9.9.3.150,elasticsearch_os_load5,3.16
2023/4/13 5:18,1681334327,cc-cc408-hya,master-vm-01,9.9.3.150,elasticsearch_os_load5,3.24
2023/4/13 5:19,1681334387,cc-cc408-hya,master-vm-01,9.9.3.150,elasticsearch_os_load5,3.4
2023/4/13 5:20,1681334447,cc-cc408-hya,master-vm-01,9.9.3.150,elasticsearch_os_load5,3.53
2023/4/13 5:21,1681334507,cc-cc408-hya,master-vm-01,9.9.3.150,elasticsearch_os_load5,3.67
2023/4/13 5:22,1681334567,cc-cc408-hya,master-vm-01,9.9.3.150,elasticsearch_os_load5,3.77
2023/4/13 5:23,1681334627,cc-cc408-hya,master-vm-01,9.9.3.150,elasticsearch_os_load5,3.83
2023/4/13 5:24,1681334687,cc-cc408-hya,master-vm-01,9.9.3.150,elasticsearch_os_load5,3.81
2023/4/13 5:25,1681334747,cc-cc408-hya,master-vm-01,9.9.3.150,elasticsearch_os_load5,3.82
2023/4/13 5:26,1681334807,cc-cc408-hya,master-vm-01,9.9.3.150,elasticsearch_os_load5,3.82
2023/4/13 5:27,1681334867,cc-cc408-hya,master-vm-01,9.9.3.150,elasticsearch_os_load5,3.75
2023/4/13 5:28,1681334927,cc-cc408-hya,master-vm-01,9.9.3.150,elasticsearch_os_load5,3.69
2023/4/13 5:29,1681334987,cc-cc408-hya,master-vm-01,9.9.3.150,elasticsearch_os_load5,3.59
2023/4/13 5:30,1681335047,cc-cc408-hya,master-vm-01,9.9.3.150,elasticsearch_os_load5,3.58
2023/4/13 5:31,1681335107,cc-cc408-hya,master-vm-01,9.9.3.150,elasticsearch_os_load5,3.51
2023/4/13 5:32,1681335167,cc-cc408-hya,master-vm-01,9.9.3.150,elasticsearch_os_load5,3.45
2023/4/13 5:33,1681335227,cc-cc408-hya,master-vm-01,9.9.3.150,elasticsearch_os_load5,3.39
2023/4/13 5:34,1681335287,cc-cc408-hya,master-vm-01,9.9.3.150,elasticsearch_os_load5,3.32
2023/4/13 5:35,1681335347,cc-cc408-hya,master-vm-01,9.9.3.150,elasticsearch_os_load5,3.27
2023/4/13 5:36,1681335407,cc-cc408-hya,master-vm-01,9.9.3.150,elasticsearch_os_load5,3.29
2023/4/13 5:37,1681335467,cc-cc408-hya,master-vm-01,9.9.3.150,elasticsearch_os_load5,3.32
2023/4/13 5:38,1681335527,cc-cc408-hya,master-vm-01,9.9.3.150,elasticsearch_os_load5,3.26
2023/4/13 5:39,1681335587,cc-cc408-hya,master-vm-01,9.9.3.150,elasticsearch_os_load5,3.29
2023/4/13 5:40,1681335647,cc-cc408-hya,master-vm-01,9.9.3.150,elasticsearch_os_load5,3.34
2023/4/13 5:41,1681335707,cc-cc408-hya,master-vm-01,9.9.3.150,elasticsearch_os_load5,3.27
2023/4/13 5:42,1681335767,cc-cc408-hya,master-vm-01,9.9.3.150,elasticsearch_os_load5,3.24
2023/4/13 5:43,1681335827,cc-cc408-hya,master-vm-01,9.9.3.150,elasticsearch_os_load5,3.21
2023/4/13 5:44,1681335887,cc-cc408-hya,master-vm-01,9.9.3.150,elasticsearch_os_load5,3.21
2023/4/13 5:45,1681335947,cc-cc408-hya,master-vm-01,9.9.3.150,elasticsearch_os_load5,3.19
2023/4/13 5:46,1681336007,cc-cc408-hya,master-vm-01,9.9.3.150,elasticsearch_os_load5,3.18
2023/4/13 5:47,1681336067,cc-cc408-hya,master-vm-01,9.9.3.150,elasticsearch_os_load5,3.15
2023/4/13 5:48,1681336127,cc-cc408-hya,master-vm-01,9.9.3.150,elasticsearch_os_load5,3.13
2023/4/13 5:49,1681336187,cc-cc408-hya,master-vm-01,9.9.3.150,elasticsearch_os_load5,3.11
2023/4/13 5:50,1681336247,cc-cc408-hya,master-vm-01,9.9.3.150,elasticsearch_os_load5,3.08
2023/4/13 5:51,1681336307,cc-cc408-hya,master-vm-01,9.9.3.150,elasticsearch_os_load5,3.07
2023/4/13 5:52,1681336367,cc-cc408-hya,master-vm-01,9.9.3.150,elasticsearch_os_load5,3.1
2023/4/13 5:53,1681336427,cc-cc408-hya,master-vm-01,9.9.3.150,elasticsearch_os_load5,3.16
2023/4/13 5:54,1681336487,cc-cc408-hya,master-vm-01,9.9.3.150,elasticsearch_os_load5,3.14
2023/4/13 5:55,1681336547,cc-cc408-hya,master-vm-01,9.9.3.150,elasticsearch_os_load5,3.11
2023/4/13 5:56,1681336607,cc-cc408-hya,master-vm-01,9.9.3.150,elasticsearch_os_load5,3.09
2023/4/13 5:57,1681336667,cc-cc408-hya,master-vm-01,9.9.3.150,elasticsearch_os_load5,3.1
2023/4/13 5:58,1681336727,cc-cc408-hya,master-vm-01,9.9.3.150,elasticsearch_os_load5,3.08
2023/4/13 5:59,1681336787,cc-cc408-hya,master-vm-01,9.9.3.150,elasticsearch_os_load5,3.14
2023/4/13 6:00,1681336847,cc-cc408-hya,master-vm-01,9.9.3.150,elasticsearch_os_load5,3.24
2023/4/13 6:01,1681336907,cc-cc408-hya,master-vm-01,9.9.3.150,elasticsearch_os_load5,3.3
2023/4/13 6:02,1681336967,cc-cc408-hya,master-vm-01,9.9.3.150,elasticsearch_os_load5,3.4
2023/4/13 6:03,1681337027,cc-cc408-hya,master-vm-01,9.9.3.150,elasticsearch_os_load5,3.92
2023/4/13 6:04,1681337087,cc-cc408-hya,master-vm-01,9.9.3.150,elasticsearch_os_load5,4
2023/4/13 6:05,1681337147,cc-cc408-hya,master-vm-01,9.9.3.150,elasticsearch_os_load5,4.01
2023/4/13 6:06,1681337207,cc-cc408-hya,master-vm-01,9.9.3.150,elasticsearch_os_load5,4.03
2023/4/13 6:07,1681337267,cc-cc408-hya,master-vm-01,9.9.3.150,elasticsearch_os_load5,4.14
2023/4/13 6:08,1681337327,cc-cc408-hya,master-vm-01,9.9.3.150,elasticsearch_os_load5,4.07
2023/4/13 6:09,1681337387,cc-cc408-hya,master-vm-01,9.9.3.150,elasticsearch_os_load5,3.99
2023/4/13 6:10,1681337447,cc-cc408-hya,master-vm-01,9.9.3.150,elasticsearch_os_load5,3.85
2023/4/13 6:11,1681337507,cc-cc408-hya,master-vm-01,9.9.3.150,elasticsearch_os_load5,3.72
2023/4/13 6:12,1681337567,cc-cc408-hya,master-vm-01,9.9.3.150,elasticsearch_os_load5,3.63
2023/4/13 6:13,1681337627,cc-cc408-hya,master-vm-01,9.9.3.150,elasticsearch_os_load5,3.56
2023/4/13 6:14,1681337687,cc-cc408-hya,master-vm-01,9.9.3.150,elasticsearch_os_load5,3.47
2023/4/13 6:15,1681337747,cc-cc408-hya,master-vm-01,9.9.3.150,elasticsearch_os_load5,3.41
2023/4/13 6:16,1681337807,cc-cc408-hya,master-vm-01,9.9.3.150,elasticsearch_os_load5,3.33
2023/4/13 6:17,1681337867,cc-cc408-hya,master-vm-01,9.9.3.150,elasticsearch_os_load5,3.37
2023/4/13 6:18,1681337927,cc-cc408-hya,master-vm-01,9.9.3.150,elasticsearch_os_load5,3.3
2023/4/13 6:19,1681337987,cc-cc408-hya,master-vm-01,9.9.3.150,elasticsearch_os_load5,3.29
2023/4/13 6:20,1681338047,cc-cc408-hya,master-vm-01,9.9.3.150,elasticsearch_os_load5,3.23
2023/4/13 6:21,1681338107,cc-cc408-hya,master-vm-01,9.9.3.150,elasticsearch_os_load5,3.34
2023/4/13 6:22,1681338167,cc-cc408-hya,master-vm-01,9.9.3.150,elasticsearch_os_load5,3.29
2023/4/13 6:23,1681338227,cc-cc408-hya,master-vm-01,9.9.3.150,elasticsearch_os_load5,3.24
2023/4/13 6:24,1681338287,cc-cc408-hya,master-vm-01,9.9.3.150,elasticsearch_os_load5,3.25
2023/4/13 6:25,1681338347,cc-cc408-hya,master-vm-01,9.9.3.150,elasticsearch_os_load5,3.24
2023/4/13 6:26,1681338407,cc-cc408-hya,master-vm-01,9.9.3.150,elasticsearch_os_load5,3.21
2023/4/13 6:27,1681338467,cc-cc408-hya,master-vm-01,9.9.3.150,elasticsearch_os_load5,3.2
2023/4/13 6:28,1681338527,cc-cc408-hya,master-vm-01,9.9.3.150,elasticsearch_os_load5,3.2
2023/4/13 6:29,1681338587,cc-cc408-hya,master-vm-01,9.9.3.150,elasticsearch_os_load5,3.23
2023/4/13 6:30,1681338647,cc-cc408-hya,master-vm-01,9.9.3.150,elasticsearch_os_load5,3.18
2023/4/13 6:31,1681338707,cc-cc408-hya,master-vm-01,9.9.3.150,elasticsearch_os_load5,3.15
2023/4/13 6:32,1681338767,cc-cc408-hya,master-vm-01,9.9.3.150,elasticsearch_os_load5,3.13
2023/4/13 6:33,1681338827,cc-cc408-hya,master-vm-01,9.9.3.150,elasticsearch_os_load5,3.12
2023/4/13 6:34,1681338887,cc-cc408-hya,master-vm-01,9.9.3.150,elasticsearch_os_load5,3.13
2023/4/13 6:35,1681338947,cc-cc408-hya,master-vm-01,9.9.3.150,elasticsearch_os_load5,3.11
2023/4/13 6:36,1681339007,cc-cc408-hya,master-vm-01,9.9.3.150,elasticsearch_os_load5,3.11
2023/4/13 6:37,1681339067,cc-cc408-hya,master-vm-01,9.9.3.150,elasticsearch_os_load5,3.1
2023/4/13 6:38,1681339127,cc-cc408-hya,master-vm-01,9.9.3.150,elasticsearch_os_load5,3.1
2023/4/13 6:39,1681339187,cc-cc408-hya,master-vm-01,9.9.3.150,elasticsearch_os_load5,3.08
2023/4/13 6:40,1681339247,cc-cc408-hya,master-vm-01,9.9.3.150,elasticsearch_os_load5,3.08
2023/4/13 6:41,1681339307,cc-cc408-hya,master-vm-01,9.9.3.150,elasticsearch_os_load5,3.06
2023/4/13 6:42,1681339367,cc-cc408-hya,master-vm-01,9.9.3.150,elasticsearch_os_load5,3.2
2023/4/13 6:43,1681339427,cc-cc408-hya,master-vm-01,9.9.3.150,elasticsearch_os_load5,3.38
2023/4/13 6:44,1681339487,cc-cc408-hya,master-vm-01,9.9.3.150,elasticsearch_os_load5,3.54
2023/4/13 6:45,1681339547,cc-cc408-hya,master-vm-01,9.9.3.150,elasticsearch_os_load5,4
2023/4/13 6:46,1681339607,cc-cc408-hya,master-vm-01,9.9.3.150,elasticsearch_os_load5,3.95
2023/4/13 6:47,1681339667,cc-cc408-hya,master-vm-01,9.9.3.150,elasticsearch_os_load5,3.97
2023/4/13 6:48,1681339727,cc-cc408-hya,master-vm-01,9.9.3.150,elasticsearch_os_load5,4.14
2023/4/13 6:49,1681339787,cc-cc408-hya,master-vm-01,9.9.3.150,elasticsearch_os_load5,4.09
2023/4/13 6:50,1681339847,cc-cc408-hya,master-vm-01,9.9.3.150,elasticsearch_os_load5,4.1
2023/4/13 6:51,1681339907,cc-cc408-hya,master-vm-01,9.9.3.150,elasticsearch_os_load5,4.1
2023/4/13 6:52,1681339967,cc-cc408-hya,master-vm-01,9.9.3.150,elasticsearch_os_load5,3.96
2023/4/13 6:53,1681340027,cc-cc408-hya,master-vm-01,9.9.3.150,elasticsearch_os_load5,3.79
2023/4/13 6:54,1681340087,cc-cc408-hya,master-vm-01,9.9.3.150,elasticsearch_os_load5,3.77
2023/4/13 6:55,1681340147,cc-cc408-hya,master-vm-01,9.9.3.150,elasticsearch_os_load5,3.67
2023/4/13 6:56,1681340207,cc-cc408-hya,master-vm-01,9.9.3.150,elasticsearch_os_load5,3.59
2023/4/13 6:57,1681340267,cc-cc408-hya,master-vm-01,9.9.3.150,elasticsearch_os_load5,3.55
2023/4/13 6:58,1681340327,cc-cc408-hya,master-vm-01,9.9.3.150,elasticsearch_os_load5,3.45
2023/4/13 6:59,1681340387,cc-cc408-hya,master-vm-01,9.9.3.150,elasticsearch_os_load5,3.48
2023/4/13 7:00,1681340447,cc-cc408-hya,master-vm-01,9.9.3.150,elasticsearch_os_load5,3.4
2023/4/13 7:01,1681340507,cc-cc408-hya,master-vm-01,9.9.3.150,elasticsearch_os_load5,3.33
2023/4/13 7:02,1681340567,cc-cc408-hya,master-vm-01,9.9.3.150,elasticsearch_os_load5,3.6
2023/4/13 7:03,1681340627,cc-cc408-hya,master-vm-01,9.9.3.150,elasticsearch_os_load5,3.52
2023/4/13 7:04,1681340687,cc-cc408-hya,master-vm-01,9.9.3.150,elasticsearch_os_load5,3.44
2023/4/13 7:05,1681340747,cc-cc408-hya,master-vm-01,9.9.3.150,elasticsearch_os_load5,3.38
2023/4/13 7:06,1681340807,cc-cc408-hya,master-vm-01,9.9.3.150,elasticsearch_os_load5,3.33
2023/4/13 7:07,1681340867,cc-cc408-hya,master-vm-01,9.9.3.150,elasticsearch_os_load5,3.31
2023/4/13 7:08,1681340927,cc-cc408-hya,master-vm-01,9.9.3.150,elasticsearch_os_load5,3.25
2023/4/13 7:09,1681340987,cc-cc408-hya,master-vm-01,9.9.3.150,elasticsearch_os_load5,3.22
2023/4/13 7:10,1681341047,cc-cc408-hya,master-vm-01,9.9.3.150,elasticsearch_os_load5,3.18
2023/4/13 7:11,1681341107,cc-cc408-hya,master-vm-01,9.9.3.150,elasticsearch_os_load5,3.14
2023/4/13 7:12,1681341167,cc-cc408-hya,master-vm-01,9.9.3.150,elasticsearch_os_load5,3.11
2023/4/13 7:13,1681341227,cc-cc408-hya,master-vm-01,9.9.3.150,elasticsearch_os_load5,3.11
2023/4/13 7:14,1681341287,cc-cc408-hya,master-vm-01,9.9.3.150,elasticsearch_os_load5,3.1
2023/4/13 7:15,1681341347,cc-cc408-hya,master-vm-01,9.9.3.150,elasticsearch_os_load5,3.15
2023/4/13 7:16,1681341407,cc-cc408-hya,master-vm-01,9.9.3.150,elasticsearch_os_load5,3.16
2023/4/13 7:17,1681341467,cc-cc408-hya,master-vm-01,9.9.3.150,elasticsearch_os_load5,3.14
2023/4/13 7:18,1681341527,cc-cc408-hya,master-vm-01,9.9.3.150,elasticsearch_os_load5,3.14
2023/4/13 7:19,1681341587,cc-cc408-hya,master-vm-01,9.9.3.150,elasticsearch_os_load5,3.18
2023/4/13 7:20,1681341647,cc-cc408-hya,master-vm-01,9.9.3.150,elasticsearch_os_load5,3.14
2023/4/13 7:21,1681341707,cc-cc408-hya,master-vm-01,9.9.3.150,elasticsearch_os_load5,3.13
2023/4/13 7:22,1681341767,cc-cc408-hya,master-vm-01,9.9.3.150,elasticsearch_os_load5,3.1
2023/4/13 7:23,1681341827,cc-cc408-hya,master-vm-01,9.9.3.150,elasticsearch_os_load5,3.11
2023/4/13 7:24,1681341887,cc-cc408-hya,master-vm-01,9.9.3.150,elasticsearch_os_load5,3.18
2023/4/13 7:25,1681341947,cc-cc408-hya,master-vm-01,9.9.3.150,elasticsearch_os_load5,3.22
2023/4/13 7:26,1681342007,cc-cc408-hya,master-vm-01,9.9.3.150,elasticsearch_os_load5,3.3
2023/4/13 7:27,1681342067,cc-cc408-hya,master-vm-01,9.9.3.150,elasticsearch_os_load5,3.45
2023/4/13 7:28,1681342127,cc-cc408-hya,master-vm-01,9.9.3.150,elasticsearch_os_load5,3.66
2023/4/13 7:29,1681342187,cc-cc408-hya,master-vm-01,9.9.3.150,elasticsearch_os_load5,3.76
2023/4/13 7:30,1681342247,cc-cc408-hya,master-vm-01,9.9.3.150,elasticsearch_os_load5,3.77
2023/4/13 7:31,1681342307,cc-cc408-hya,master-vm-01,9.9.3.150,elasticsearch_os_load5,3.75
2023/4/13 7:32,1681342367,cc-cc408-hya,master-vm-01,9.9.3.150,elasticsearch_os_load5,3.76
2023/4/13 7:33,1681342427,cc-cc408-hya,master-vm-01,9.9.3.150,elasticsearch_os_load5,3.77
2023/4/13 7:34,1681342487,cc-cc408-hya,master-vm-01,9.9.3.150,elasticsearch_os_load5,3.67
2023/4/13 7:35,1681342547,cc-cc408-hya,master-vm-01,9.9.3.150,elasticsearch_os_load5,3.56
2023/4/13 7:36,1681342607,cc-cc408-hya,master-vm-01,9.9.3.150,elasticsearch_os_load5,3.56
2023/4/13 7:37,1681342667,cc-cc408-hya,master-vm-01,9.9.3.150,elasticsearch_os_load5,3.5
2023/4/13 7:38,1681342727,cc-cc408-hya,master-vm-01,9.9.3.150,elasticsearch_os_load5,3.43
2023/4/13 7:39,1681342787,cc-cc408-hya,master-vm-01,9.9.3.150,elasticsearch_os_load5,3.35
2023/4/13 7:40,1681342847,cc-cc408-hya,master-vm-01,9.9.3.150,elasticsearch_os_load5,3.28
2023/4/13 7:41,1681342907,cc-cc408-hya,master-vm-01,9.9.3.150,elasticsearch_os_load5,3.26
2023/4/13 7:42,1681342967,cc-cc408-hya,master-vm-01,9.9.3.150,elasticsearch_os_load5,3.24
2023/4/13 7:43,1681343027,cc-cc408-hya,master-vm-01,9.9.3.150,elasticsearch_os_load5,3.24
2023/4/13 7:44,1681343087,cc-cc408-hya,master-vm-01,9.9.3.150,elasticsearch_os_load5,3.21
2023/4/13 7:45,1681343147,cc-cc408-hya,master-vm-01,9.9.3.150,elasticsearch_os_load5,3.34
2023/4/13 7:46,1681343207,cc-cc408-hya,master-vm-01,9.9.3.150,elasticsearch_os_load5,3.34
2023/4/13 7:47,1681343267,cc-cc408-hya,master-vm-01,9.9.3.150,elasticsearch_os_load5,3.34
2023/4/13 7:48,1681343327,cc-cc408-hya,master-vm-01,9.9.3.150,elasticsearch_os_load5,3.28
2023/4/13 7:49,1681343387,cc-cc408-hya,master-vm-01,9.9.3.150,elasticsearch_os_load5,3.24
2023/4/13 7:50,1681343447,cc-cc408-hya,master-vm-01,9.9.3.150,elasticsearch_os_load5,3.19
2023/4/13 7:51,1681343507,cc-cc408-hya,master-vm-01,9.9.3.150,elasticsearch_os_load5,3.15
2023/4/13 7:52,1681343567,cc-cc408-hya,master-vm-01,9.9.3.150,elasticsearch_os_load5,3.15
2023/4/13 7:53,1681343627,cc-cc408-hya,master-vm-01,9.9.3.150,elasticsearch_os_load5,3.14
2023/4/13 7:54,1681343687,cc-cc408-hya,master-vm-01,9.9.3.150,elasticsearch_os_load5,3.11
2023/4/13 7:55,1681343747,cc-cc408-hya,master-vm-01,9.9.3.150,elasticsearch_os_load5,3.09
2023/4/13 7:56,1681343807,cc-cc408-hya,master-vm-01,9.9.3.150,elasticsearch_os_load5,3.08
2023/4/13 7:57,1681343867,cc-cc408-hya,master-vm-01,9.9.3.150,elasticsearch_os_load5,3.1
2023/4/13 7:58,1681343927,cc-cc408-hya,master-vm-01,9.9.3.150,elasticsearch_os_load5,3.09
2023/4/13 7:59,1681343987,cc-cc408-hya,master-vm-01,9.9.3.150,elasticsearch_os_load5,3.12
2023/4/13 8:00,1681344047,cc-cc408-hya,master-vm-01,9.9.3.150,elasticsearch_os_load5,3.22
2023/4/13 8:01,1681344107,cc-cc408-hya,master-vm-01,9.9.3.150,elasticsearch_os_load5,3.19
2023/4/13 8:02,1681344167,cc-cc408-hya,master-vm-01,9.9.3.150,elasticsearch_os_load5,3.21
2023/4/13 8:03,1681344227,cc-cc408-hya,master-vm-01,9.9.3.150,elasticsearch_os_load5,3.27
2023/4/13 8:04,1681344287,cc-cc408-hya,master-vm-01,9.9.3.150,elasticsearch_os_load5,3.25
2023/4/13 8:05,1681344347,cc-cc408-hya,master-vm-01,9.9.3.150,elasticsearch_os_load5,3.29
2023/4/13 8:06,1681344407,cc-cc408-hya,master-vm-01,9.9.3.150,elasticsearch_os_load5,3.44
2023/4/13 8:07,1681344467,cc-cc408-hya,master-vm-01,9.9.3.150,elasticsearch_os_load5,3.48
2023/4/13 8:08,1681344527,cc-cc408-hya,master-vm-01,9.9.3.150,elasticsearch_os_load5,3.45
2023/4/13 8:09,1681344587,cc-cc408-hya,master-vm-01,9.9.3.150,elasticsearch_os_load5,3.67
2023/4/13 8:10,1681344647,cc-cc408-hya,master-vm-01,9.9.3.150,elasticsearch_os_load5,3.93
2023/4/13 8:11,1681344707,cc-cc408-hya,master-vm-01,9.9.3.150,elasticsearch_os_load5,3.92
2023/4/13 8:12,1681344767,cc-cc408-hya,master-vm-01,9.9.3.150,elasticsearch_os_load5,3.95
2023/4/13 8:13,1681344827,cc-cc408-hya,master-vm-01,9.9.3.150,elasticsearch_os_load5,3.91
2023/4/13 8:14,1681344887,cc-cc408-hya,master-vm-01,9.9.3.150,elasticsearch_os_load5,3.86
2023/4/13 8:15,1681344947,cc-cc408-hya,master-vm-01,9.9.3.150,elasticsearch_os_load5,3.84
2023/4/13 8:16,1681345007,cc-cc408-hya,master-vm-01,9.9.3.150,elasticsearch_os_load5,3.83
2023/4/13 8:17,1681345067,cc-cc408-hya,master-vm-01,9.9.3.150,elasticsearch_os_load5,3.76
2023/4/13 8:18,1681345127,cc-cc408-hya,master-vm-01,9.9.3.150,elasticsearch_os_load5,3.64
2023/4/13 8:19,1681345187,cc-cc408-hya,master-vm-01,9.9.3.150,elasticsearch_os_load5,3.55
2023/4/13 8:20,1681345247,cc-cc408-hya,master-vm-01,9.9.3.150,elasticsearch_os_load5,3.52
2023/4/13 8:21,1681345307,cc-cc408-hya,master-vm-01,9.9.3.150,elasticsearch_os_load5,3.42
2023/4/13 8:22,1681345367,cc-cc408-hya,master-vm-01,9.9.3.150,elasticsearch_os_load5,3.37
2023/4/13 8:23,1681345427,cc-cc408-hya,master-vm-01,9.9.3.150,elasticsearch_os_load5,3.3
2023/4/13 8:24,1681345487,cc-cc408-hya,master-vm-01,9.9.3.150,elasticsearch_os_load5,3.29
2023/4/13 8:25,1681345547,cc-cc408-hya,master-vm-01,9.9.3.150,elasticsearch_os_load5,3.31
2023/4/13 8:26,1681345607,cc-cc408-hya,master-vm-01,9.9.3.150,elasticsearch_os_load5,3.28
2023/4/13 8:27,1681345667,cc-cc408-hya,master-vm-01,9.9.3.150,elasticsearch_os_load5,3.24
2023/4/13 8:28,1681345727,cc-cc408-hya,master-vm-01,9.9.3.150,elasticsearch_os_load5,3.2
2023/4/13 8:29,1681345787,cc-cc408-hya,master-vm-01,9.9.3.150,elasticsearch_os_load5,3.16
2023/4/13 8:30,1681345847,cc-cc408-hya,master-vm-01,9.9.3.150,elasticsearch_os_load5,3.13
2023/4/13 8:31,1681345907,cc-cc408-hya,master-vm-01,9.9.3.150,elasticsearch_os_load5,3.1
2023/4/13 8:32,1681345967,cc-cc408-hya,master-vm-01,9.9.3.150,elasticsearch_os_load5,3.09
2023/4/13 8:33,1681346027,cc-cc408-hya,master-vm-01,9.9.3.150,elasticsearch_os_load5,3.09
2023/4/13 8:34,1681346087,cc-cc408-hya,master-vm-01,9.9.3.150,elasticsearch_os_load5,3.14
2023/4/13 8:35,1681346147,cc-cc408-hya,master-vm-01,9.9.3.150,elasticsearch_os_load5,3.11
2023/4/13 8:36,1681346207,cc-cc408-hya,master-vm-01,9.9.3.150,elasticsearch_os_load5,3.12
2023/4/13 8:37,1681346267,cc-cc408-hya,master-vm-01,9.9.3.150,elasticsearch_os_load5,3.09
2023/4/13 8:38,1681346327,cc-cc408-hya,master-vm-01,9.9.3.150,elasticsearch_os_load5,3.12
2023/4/13 8:39,1681346387,cc-cc408-hya,master-vm-01,9.9.3.150,elasticsearch_os_load5,3.11
2023/4/13 8:40,1681346447,cc-cc408-hya,master-vm-01,9.9.3.150,elasticsearch_os_load5,3.1
2023/4/13 8:41,1681346507,cc-cc408-hya,master-vm-01,9.9.3.150,elasticsearch_os_load5,3.12
2023/4/13 8:42,1681346567,cc-cc408-hya,master-vm-01,9.9.3.150,elasticsearch_os_load5,3.1
2023/4/13 8:43,1681346627,cc-cc408-hya,master-vm-01,9.9.3.150,elasticsearch_os_load5,3.13
2023/4/13 8:44,1681346687,cc-cc408-hya,master-vm-01,9.9.3.150,elasticsearch_os_load5,3.2
2023/4/13 8:45,1681346747,cc-cc408-hya,master-vm-01,9.9.3.150,elasticsearch_os_load5,3.16
2023/4/13 8:46,1681346807,cc-cc408-hya,master-vm-01,9.9.3.150,elasticsearch_os_load5,3.14
2023/4/13 8:47,1681346867,cc-cc408-hya,master-vm-01,9.9.3.150,elasticsearch_os_load5,3.12
2023/4/13 8:48,1681346927,cc-cc408-hya,master-vm-01,9.9.3.150,elasticsearch_os_load5,3.14
2023/4/13 8:49,1681346987,cc-cc408-hya,master-vm-01,9.9.3.150,elasticsearch_os_load5,3.22
2023/4/13 8:50,1681347047,cc-cc408-hya,master-vm-01,9.9.3.150,elasticsearch_os_load5,3.53
2023/4/13 8:51,1681347107,cc-cc408-hya,master-vm-01,9.9.3.150,elasticsearch_os_load5,3.57
2023/4/13 8:52,1681347167,cc-cc408-hya,master-vm-01,9.9.3.150,elasticsearch_os_load5,3.85
2023/4/13 8:53,1681347227,cc-cc408-hya,master-vm-01,9.9.3.150,elasticsearch_os_load5,4.07
2023/4/13 8:54,1681347287,cc-cc408-hya,master-vm-01,9.9.3.150,elasticsearch_os_load5,4.18
2023/4/13 8:55,1681347347,cc-cc408-hya,master-vm-01,9.9.3.150,elasticsearch_os_load5,4.1
2023/4/13 8:56,1681347407,cc-cc408-hya,master-vm-01,9.9.3.150,elasticsearch_os_load5,4.13
2023/4/13 8:57,1681347467,cc-cc408-hya,master-vm-01,9.9.3.150,elasticsearch_os_load5,4.04
2023/4/13 8:58,1681347527,cc-cc408-hya,master-vm-01,9.9.3.150,elasticsearch_os_load5,3.97
2023/4/13 8:59,1681347587,cc-cc408-hya,master-vm-01,9.9.3.150,elasticsearch_os_load5,3.94
2023/4/13 9:00,1681347647,cc-cc408-hya,master-vm-01,9.9.3.150,elasticsearch_os_load5,3.87
2023/4/13 9:01,1681347707,cc-cc408-hya,master-vm-01,9.9.3.150,elasticsearch_os_load5,3.74
2023/4/13 9:02,1681347767,cc-cc408-hya,master-vm-01,9.9.3.150,elasticsearch_os_load5,3.65
2023/4/13 9:03,1681347827,cc-cc408-hya,master-vm-01,9.9.3.150,elasticsearch_os_load5,3.56
2023/4/13 9:04,1681347887,cc-cc408-hya,master-vm-01,9.9.3.150,elasticsearch_os_load5,3.49
2023/4/13 9:05,1681347947,cc-cc408-hya,master-vm-01,9.9.3.150,elasticsearch_os_load5,3.41
2023/4/13 9:06,1681348007,cc-cc408-hya,master-vm-01,9.9.3.150,elasticsearch_os_load5,3.38
2023/4/13 9:07,1681348067,cc-cc408-hya,master-vm-01,9.9.3.150,elasticsearch_os_load5,3.33
2023/4/13 9:08,1681348127,cc-cc408-hya,master-vm-01,9.9.3.150,elasticsearch_os_load5,3.29
2023/4/13 9:09,1681348187,cc-cc408-hya,master-vm-01,9.9.3.150,elasticsearch_os_load5,3.25
2023/4/13 9:10,1681348247,cc-cc408-hya,master-vm-01,9.9.3.150,elasticsearch_os_load5,3.23
2023/4/13 9:11,1681348307,cc-cc408-hya,master-vm-01,9.9.3.150,elasticsearch_os_load5,3.26
2023/4/13 9:12,1681348367,cc-cc408-hya,master-vm-01,9.9.3.150,elasticsearch_os_load5,3.26
2023/4/13 9:13,1681348427,cc-cc408-hya,master-vm-01,9.9.3.150,elasticsearch_os_load5,3.22
2023/4/13 9:14,1681348487,cc-cc408-hya,master-vm-01,9.9.3.150,elasticsearch_os_load5,3.18
2023/4/13 9:15,1681348547,cc-cc408-hya,master-vm-01,9.9.3.150,elasticsearch_os_load5,3.16
2023/4/13 9:16,1681348607,cc-cc408-hya,master-vm-01,9.9.3.150,elasticsearch_os_load5,3.13
2023/4/13 9:17,1681348667,cc-cc408-hya,master-vm-01,9.9.3.150,elasticsearch_os_load5,3.1
2023/4/13 9:18,1681348727,cc-cc408-hya,master-vm-01,9.9.3.150,elasticsearch_os_load5,3.1
2023/4/13 9:19,1681348787,cc-cc408-hya,master-vm-01,9.9.3.150,elasticsearch_os_load5,3.09
2023/4/13 9:20,1681348847,cc-cc408-hya,master-vm-01,9.9.3.150,elasticsearch_os_load5,3.1
2023/4/13 9:21,1681348907,cc-cc408-hya,master-vm-01,9.9.3.150,elasticsearch_os_load5,3.1
2023/4/13 9:22,1681348967,cc-cc408-hya,master-vm-01,9.9.3.150,elasticsearch_os_load5,3.15
2023/4/13 9:23,1681349027,cc-cc408-hya,master-vm-01,9.9.3.150,elasticsearch_os_load5,3.25
2023/4/13 9:24,1681349087,cc-cc408-hya,master-vm-01,9.9.3.150,elasticsearch_os_load5,3.2
2023/4/13 9:25,1681349147,cc-cc408-hya,master-vm-01,9.9.3.150,elasticsearch_os_load5,3.19
2023/4/13 9:26,1681349207,cc-cc408-hya,master-vm-01,9.9.3.150,elasticsearch_os_load5,3.15
2023/4/13 9:27,1681349267,cc-cc408-hya,master-vm-01,9.9.3.150,elasticsearch_os_load5,3.2
2023/4/13 9:28,1681349327,cc-cc408-hya,master-vm-01,9.9.3.150,elasticsearch_os_load5,3.17
2023/4/13 9:29,1681349387,cc-cc408-hya,master-vm-01,9.9.3.150,elasticsearch_os_load5,3.21
2023/4/13 9:30,1681349447,cc-cc408-hya,master-vm-01,9.9.3.150,elasticsearch_os_load5,3.19
2023/4/13 9:31,1681349507,cc-cc408-hya,master-vm-01,9.9.3.150,elasticsearch_os_load5,3.23
2023/4/13 9:32,1681349567,cc-cc408-hya,master-vm-01,9.9.3.150,elasticsearch_os_load5,3.49
2023/4/13 9:33,1681349627,cc-cc408-hya,master-vm-01,9.9.3.150,elasticsearch_os_load5,3.65
2023/4/13 9:34,1681349687,cc-cc408-hya,master-vm-01,9.9.3.150,elasticsearch_os_load5,3.79
2023/4/13 9:35,1681349747,cc-cc408-hya,master-vm-01,9.9.3.150,elasticsearch_os_load5,4.04
2023/4/13 9:36,1681349807,cc-cc408-hya,master-vm-01,9.9.3.150,elasticsearch_os_load5,3.97
2023/4/13 9:37,1681349867,cc-cc408-hya,master-vm-01,9.9.3.150,elasticsearch_os_load5,3.93
2023/4/13 9:38,1681349927,cc-cc408-hya,master-vm-01,9.9.3.150,elasticsearch_os_load5,3.9
2023/4/13 9:39,1681349987,cc-cc408-hya,master-vm-01,9.9.3.150,elasticsearch_os_load5,3.96
2023/4/13 9:40,1681350047,cc-cc408-hya,master-vm-01,9.9.3.150,elasticsearch_os_load5,3.89
2023/4/13 9:41,1681350107,cc-cc408-hya,master-vm-01,9.9.3.150,elasticsearch_os_load5,3.97
2023/4/13 9:42,1681350167,cc-cc408-hya,master-vm-01,9.9.3.150,elasticsearch_os_load5,3.86
2023/4/13 9:43,1681350227,cc-cc408-hya,master-vm-01,9.9.3.150,elasticsearch_os_load5,3.95
2023/4/13 9:44,1681350287,cc-cc408-hya,master-vm-01,9.9.3.150,elasticsearch_os_load5,3.77
2023/4/13 9:45,1681350347,cc-cc408-hya,master-vm-01,9.9.3.150,elasticsearch_os_load5,3.71
2023/4/13 9:46,1681350407,cc-cc408-hya,master-vm-01,9.9.3.150,elasticsearch_os_load5,3.63
2023/4/13 9:47,1681350467,cc-cc408-hya,master-vm-01,9.9.3.150,elasticsearch_os_load5,3.58
2023/4/13 9:48,1681350527,cc-cc408-hya,master-vm-01,9.9.3.150,elasticsearch_os_load5,3.52
2023/4/13 9:49,1681350587,cc-cc408-hya,master-vm-01,9.9.3.150,elasticsearch_os_load5,3.42
2023/4/13 9:50,1681350647,cc-cc408-hya,master-vm-01,9.9.3.150,elasticsearch_os_load5,3.36
2023/4/13 9:51,1681350707,cc-cc408-hya,master-vm-01,9.9.3.150,elasticsearch_os_load5,3.32
2023/4/13 9:52,1681350767,cc-cc408-hya,master-vm-01,9.9.3.150,elasticsearch_os_load5,3.26
2023/4/13 9:53,1681350827,cc-cc408-hya,master-vm-01,9.9.3.150,elasticsearch_os_load5,3.24
2023/4/13 9:54,1681350887,cc-cc408-hya,master-vm-01,9.9.3.150,elasticsearch_os_load5,3.36
2023/4/13 9:55,1681350947,cc-cc408-hya,master-vm-01,9.9.3.150,elasticsearch_os_load5,3.29
2023/4/13 9:56,1681351007,cc-cc408-hya,master-vm-01,9.9.3.150,elasticsearch_os_load5,3.26
2023/4/13 9:57,1681351067,cc-cc408-hya,master-vm-01,9.9.3.150,elasticsearch_os_load5,3.21
2023/4/13 9:58,1681351127,cc-cc408-hya,master-vm-01,9.9.3.150,elasticsearch_os_load5,3.2
2023/4/13 9:59,1681351187,cc-cc408-hya,master-vm-01,9.9.3.150,elasticsearch_os_load5,3.16
2023/4/13 10:00,1681351247,cc-cc408-hya,master-vm-01,9.9.3.150,elasticsearch_os_load5,3.13
2023/4/13 10:01,1681351307,cc-cc408-hya,master-vm-01,9.9.3.150,elasticsearch_os_load5,3.15
2023/4/13 10:02,1681351367,cc-cc408-hya,master-vm-01,9.9.3.150,elasticsearch_os_load5,3.15
2023/4/13 10:03,1681351427,cc-cc408-hya,master-vm-01,9.9.3.150,elasticsearch_os_load5,3.18
2023/4/13 10:04,1681351487,cc-cc408-hya,master-vm-01,9.9.3.150,elasticsearch_os_load5,3.14
2023/4/13 10:05,1681351547,cc-cc408-hya,master-vm-01,9.9.3.150,elasticsearch_os_load5,3.13
2023/4/13 10:06,1681351607,cc-cc408-hya,master-vm-01,9.9.3.150,elasticsearch_os_load5,3.12
2023/4/13 10:07,1681351667,cc-cc408-hya,master-vm-01,9.9.3.150,elasticsearch_os_load5,3.19
2023/4/13 10:08,1681351727,cc-cc408-hya,master-vm-01,9.9.3.150,elasticsearch_os_load5,3.16
2023/4/13 10:09,1681351787,cc-cc408-hya,master-vm-01,9.9.3.150,elasticsearch_os_load5,3.13
2023/4/13 10:10,1681351847,cc-cc408-hya,master-vm-01,9.9.3.150,elasticsearch_os_load5,3.12
2023/4/13 10:11,1681351907,cc-cc408-hya,master-vm-01,9.9.3.150,elasticsearch_os_load5,3.13
2023/4/13 10:12,1681351967,cc-cc408-hya,master-vm-01,9.9.3.150,elasticsearch_os_load5,3.19
2023/4/13 10:13,1681352027,cc-cc408-hya,master-vm-01,9.9.3.150,elasticsearch_os_load5,3.25
2023/4/13 10:14,1681352087,cc-cc408-hya,master-vm-01,9.9.3.150,elasticsearch_os_load5,3.58
2023/4/13 10:15,1681352147,cc-cc408-hya,master-vm-01,9.9.3.150,elasticsearch_os_load5,3.56
2023/4/13 10:16,1681352207,cc-cc408-hya,master-vm-01,9.9.3.150,elasticsearch_os_load5,3.62
2023/4/13 10:17,1681352267,cc-cc408-hya,master-vm-01,9.9.3.150,elasticsearch_os_load5,3.73
2023/4/13 10:18,1681352327,cc-cc408-hya,master-vm-01,9.9.3.150,elasticsearch_os_load5,3.9
2023/4/13 10:19,1681352387,cc-cc408-hya,master-vm-01,9.9.3.150,elasticsearch_os_load5,3.84
2023/4/13 10:20,1681352447,cc-cc408-hya,master-vm-01,9.9.3.150,elasticsearch_os_load5,4
2023/4/13 10:21,1681352507,cc-cc408-hya,master-vm-01,9.9.3.150,elasticsearch_os_load5,3.95
2023/4/13 10:22,1681352567,cc-cc408-hya,master-vm-01,9.9.3.150,elasticsearch_os_load5,3.89
2023/4/13 10:23,1681352627,cc-cc408-hya,master-vm-01,9.9.3.150,elasticsearch_os_load5,3.93
2023/4/13 10:24,1681352687,cc-cc408-hya,master-vm-01,9.9.3.150,elasticsearch_os_load5,3.88
2023/4/13 10:25,1681352747,cc-cc408-hya,master-vm-01,9.9.3.150,elasticsearch_os_load5,3.8
2023/4/13 10:26,1681352807,cc-cc408-hya,master-vm-01,9.9.3.150,elasticsearch_os_load5,3.68
2023/4/13 10:27,1681352867,cc-cc408-hya,master-vm-01,9.9.3.150,elasticsearch_os_load5,3.59
2023/4/13 10:28,1681352927,cc-cc408-hya,master-vm-01,9.9.3.150,elasticsearch_os_load5,3.49
2023/4/13 10:29,1681352987,cc-cc408-hya,master-vm-01,9.9.3.150,elasticsearch_os_load5,3.56
2023/4/13 10:30,1681353047,cc-cc408-hya,master-vm-01,9.9.3.150,elasticsearch_os_load5,3.45
2023/4/13 10:31,1681353107,cc-cc408-hya,master-vm-01,9.9.3.150,elasticsearch_os_load5,3.37
2023/4/13 10:32,1681353167,cc-cc408-hya,master-vm-01,9.9.3.150,elasticsearch_os_load5,3.38
2023/4/13 10:33,1681353227,cc-cc408-hya,master-vm-01,9.9.3.150,elasticsearch_os_load5,3.32
2023/4/13 10:34,1681353287,cc-cc408-hya,master-vm-01,9.9.3.150,elasticsearch_os_load5,3.26
2023/4/13 10:35,1681353347,cc-cc408-hya,master-vm-01,9.9.3.150,elasticsearch_os_load5,3.23
2023/4/13 10:36,1681353407,cc-cc408-hya,master-vm-01,9.9.3.150,elasticsearch_os_load5,3.28
2023/4/13 10:37,1681353467,cc-cc408-hya,master-vm-01,9.9.3.150,elasticsearch_os_load5,3.23
2023/4/13 10:38,1681353527,cc-cc408-hya,master-vm-01,9.9.3.150,elasticsearch_os_load5,3.22
2023/4/13 10:39,1681353587,cc-cc408-hya,master-vm-01,9.9.3.150,elasticsearch_os_load5,3.19
2023/4/13 10:40,1681353647,cc-cc408-hya,master-vm-01,9.9.3.150,elasticsearch_os_load5,3.15
2023/4/13 10:41,1681353707,cc-cc408-hya,master-vm-01,9.9.3.150,elasticsearch_os_load5,3.12
2023/4/13 10:42,1681353767,cc-cc408-hya,master-vm-01,9.9.3.150,elasticsearch_os_load5,3.1
2023/4/13 10:43,1681353827,cc-cc408-hya,master-vm-01,9.9.3.150,elasticsearch_os_load5,3.09
2023/4/13 10:44,1681353887,cc-cc408-hya,master-vm-01,9.9.3.150,elasticsearch_os_load5,3.07
2023/4/13 10:45,1681353947,cc-cc408-hya,master-vm-01,9.9.3.150,elasticsearch_os_load5,3.08
2023/4/13 10:46,1681354007,cc-cc408-hya,master-vm-01,9.9.3.150,elasticsearch_os_load5,3.08
2023/4/13 10:47,1681354067,cc-cc408-hya,master-vm-01,9.9.3.150,elasticsearch_os_load5,3.06
2023/4/13 10:48,1681354127,cc-cc408-hya,master-vm-01,9.9.3.150,elasticsearch_os_load5,3.05
2023/4/13 10:49,1681354187,cc-cc408-hya,master-vm-01,9.9.3.150,elasticsearch_os_load5,3.06
2023/4/13 10:50,1681354247,cc-cc408-hya,master-vm-01,9.9.3.150,elasticsearch_os_load5,3.1
2023/4/13 10:51,1681354307,cc-cc408-hya,master-vm-01,9.9.3.150,elasticsearch_os_load5,3.08
2023/4/13 10:52,1681354367,cc-cc408-hya,master-vm-01,9.9.3.150,elasticsearch_os_load5,3.09
2023/4/13 10:53,1681354427,cc-cc408-hya,master-vm-01,9.9.3.150,elasticsearch_os_load5,3.09
2023/4/13 10:54,1681354487,cc-cc408-hya,master-vm-01,9.9.3.150,elasticsearch_os_load5,3.12
2023/4/13 10:55,1681354547,cc-cc408-hya,master-vm-01,9.9.3.150,elasticsearch_os_load5,3.12
2023/4/13 10:56,1681354607,cc-cc408-hya,master-vm-01,9.9.3.150,elasticsearch_os_load5,3.14
2023/4/13 10:57,1681354667,cc-cc408-hya,master-vm-01,9.9.3.150,elasticsearch_os_load5,3.32
2023/4/13 10:58,1681354727,cc-cc408-hya,master-vm-01,9.9.3.150,elasticsearch_os_load5,3.41
2023/4/13 10:59,1681354787,cc-cc408-hya,master-vm-01,9.9.3.150,elasticsearch_os_load5,3.57
2023/4/13 11:00,1681354847,cc-cc408-hya,master-vm-01,9.9.3.150,elasticsearch_os_load5,3.68
2023/4/13 11:01,1681354907,cc-cc408-hya,master-vm-01,9.9.3.150,elasticsearch_os_load5,4.03
2023/4/13 11:02,1681354967,cc-cc408-hya,master-vm-01,9.9.3.150,elasticsearch_os_load5,4
2023/4/13 11:03,1681355027,cc-cc408-hya,master-vm-01,9.9.3.150,elasticsearch_os_load5,3.95
2023/4/13 11:04,1681355087,cc-cc408-hya,master-vm-01,9.9.3.150,elasticsearch_os_load5,4.03
2023/4/13 11:05,1681355147,cc-cc408-hya,master-vm-01,9.9.3.150,elasticsearch_os_load5,3.94
2023/4/13 11:06,1681355207,cc-cc408-hya,master-vm-01,9.9.3.150,elasticsearch_os_load5,4.04
2023/4/13 11:07,1681355267,cc-cc408-hya,master-vm-01,9.9.3.150,elasticsearch_os_load5,3.99
2023/4/13 11:08,1681355327,cc-cc408-hya,master-vm-01,9.9.3.150,elasticsearch_os_load5,3.84
2023/4/13 11:09,1681355387,cc-cc408-hya,master-vm-01,9.9.3.150,elasticsearch_os_load5,3.69
2023/4/13 11:10,1681355447,cc-cc408-hya,master-vm-01,9.9.3.150,elasticsearch_os_load5,3.59
2023/4/13 11:11,1681355507,cc-cc408-hya,master-vm-01,9.9.3.150,elasticsearch_os_load5,3.62
2023/4/13 11:12,1681355567,cc-cc408-hya,master-vm-01,9.9.3.150,elasticsearch_os_load5,3.52
2023/4/13 11:13,1681355627,cc-cc408-hya,master-vm-01,9.9.3.150,elasticsearch_os_load5,3.44
2023/4/13 11:14,1681355687,cc-cc408-hya,master-vm-01,9.9.3.150,elasticsearch_os_load5,3.68
2023/4/13 11:15,1681355747,cc-cc408-hya,master-vm-01,9.9.3.150,elasticsearch_os_load5,3.55
2023/4/13 11:16,1681355807,cc-cc408-hya,master-vm-01,9.9.3.150,elasticsearch_os_load5,3.45
2023/4/13 11:17,1681355867,cc-cc408-hya,master-vm-01,9.9.3.150,elasticsearch_os_load5,3.38
2023/4/13 11:18,1681355927,cc-cc408-hya,master-vm-01,9.9.3.150,elasticsearch_os_load5,3.31
2023/4/13 11:19,1681355987,cc-cc408-hya,master-vm-01,9.9.3.150,elasticsearch_os_load5,3.25
2023/4/13 11:20,1681356047,cc-cc408-hya,master-vm-01,9.9.3.150,elasticsearch_os_load5,3.23
2023/4/13 11:21,1681356107,cc-cc408-hya,master-vm-01,9.9.3.150,elasticsearch_os_load5,3.19
2023/4/13 11:22,1681356167,cc-cc408-hya,master-vm-01,9.9.3.150,elasticsearch_os_load5,3.15
2023/4/13 11:23,1681356227,cc-cc408-hya,master-vm-01,9.9.3.150,elasticsearch_os_load5,3.12
2023/4/13 11:24,1681356287,cc-cc408-hya,master-vm-01,9.9.3.150,elasticsearch_os_load5,3.1
2023/4/13 11:25,1681356347,cc-cc408-hya,master-vm-01,9.9.3.150,elasticsearch_os_load5,3.12
2023/4/13 11:26,1681356407,cc-cc408-hya,master-vm-01,9.9.3.150,elasticsearch_os_load5,3.17
2023/4/13 11:27,1681356467,cc-cc408-hya,master-vm-01,9.9.3.150,elasticsearch_os_load5,3.15
2023/4/13 11:28,1681356527,cc-cc408-hya,master-vm-01,9.9.3.150,elasticsearch_os_load5,3.16
2023/4/13 11:29,1681356587,cc-cc408-hya,master-vm-01,9.9.3.150,elasticsearch_os_load5,3.17
2023/4/13 11:30,1681356647,cc-cc408-hya,master-vm-01,9.9.3.150,elasticsearch_os_load5,3.14
2023/4/13 11:31,1681356707,cc-cc408-hya,master-vm-01,9.9.3.150,elasticsearch_os_load5,3.11
2023/4/13 11:32,1681356767,cc-cc408-hya,master-vm-01,9.9.3.150,elasticsearch_os_load5,3.09
2023/4/13 11:33,1681356827,cc-cc408-hya,master-vm-01,9.9.3.150,elasticsearch_os_load5,3.07
2023/4/13 11:34,1681356887,cc-cc408-hya,master-vm-01,9.9.3.150,elasticsearch_os_load5,3.05
2023/4/13 11:35,1681356947,cc-cc408-hya,master-vm-01,9.9.3.150,elasticsearch_os_load5,3.07
2023/4/13 11:36,1681357007,cc-cc408-hya,master-vm-01,9.9.3.150,elasticsearch_os_load5,3.09
2023/4/13 11:37,1681357067,cc-cc408-hya,master-vm-01,9.9.3.150,elasticsearch_os_load5,3.25
2023/4/13 11:38,1681357127,cc-cc408-hya,master-vm-01,9.9.3.150,elasticsearch_os_load5,3.3
2023/4/13 11:39,1681357187,cc-cc408-hya,master-vm-01,9.9.3.150,elasticsearch_os_load5,3.51
2023/4/13 11:40,1681357247,cc-cc408-hya,master-vm-01,9.9.3.150,elasticsearch_os_load5,3.62
2023/4/13 11:41,1681357307,cc-cc408-hya,master-vm-01,9.9.3.150,elasticsearch_os_load5,3.66
2023/4/13 11:42,1681357367,cc-cc408-hya,master-vm-01,9.9.3.150,elasticsearch_os_load5,3.69
2023/4/13 11:43,1681357427,cc-cc408-hya,master-vm-01,9.9.3.150,elasticsearch_os_load5,3.77
2023/4/13 11:44,1681357487,cc-cc408-hya,master-vm-01,9.9.3.150,elasticsearch_os_load5,3.72
2023/4/13 11:45,1681357547,cc-cc408-hya,master-vm-01,9.9.3.150,elasticsearch_os_load5,3.7
2023/4/13 11:46,1681357607,cc-cc408-hya,master-vm-01,9.9.3.150,elasticsearch_os_load5,3.68
2023/4/13 11:47,1681357667,cc-cc408-hya,master-vm-01,9.9.3.150,elasticsearch_os_load5,3.67
2023/4/13 11:48,1681357727,cc-cc408-hya,master-vm-01,9.9.3.150,elasticsearch_os_load5,3.66
2023/4/13 11:49,1681357787,cc-cc408-hya,master-vm-01,9.9.3.150,elasticsearch_os_load5,3.65
2023/4/13 11:50,1681357847,cc-cc408-hya,master-vm-01,9.9.3.150,elasticsearch_os_load5,3.63
2023/4/13 11:51,1681357907,cc-cc408-hya,master-vm-01,9.9.3.150,elasticsearch_os_load5,3.58
2023/4/13 11:52,1681357967,cc-cc408-hya,master-vm-01,9.9.3.150,elasticsearch_os_load5,3.52
2023/4/13 11:53,1681358027,cc-cc408-hya,master-vm-01,9.9.3.150,elasticsearch_os_load5,3.49
2023/4/13 11:54,1681358087,cc-cc408-hya,master-vm-01,9.9.3.150,elasticsearch_os_load5,3.4
2023/4/13 11:55,1681358147,cc-cc408-hya,master-vm-01,9.9.3.150,elasticsearch_os_load5,3.33
2023/4/13 11:56,1681358207,cc-cc408-hya,master-vm-01,9.9.3.150,elasticsearch_os_load5,3.28
2023/4/13 11:57,1681358267,cc-cc408-hya,master-vm-01,9.9.3.150,elasticsearch_os_load5,3.23
2023/4/13 11:58,1681358327,cc-cc408-hya,master-vm-01,9.9.3.150,elasticsearch_os_load5,3.2
2023/4/13 11:59,1681358387,cc-cc408-hya,master-vm-01,9.9.3.150,elasticsearch_os_load5,3.17
2023/4/13 12:00,1681358447,cc-cc408-hya,master-vm-01,9.9.3.150,elasticsearch_os_load5,3.15
2023/4/13 12:01,1681358507,cc-cc408-hya,master-vm-01,9.9.3.150,elasticsearch_os_load5,3.12
2023/4/13 12:02,1681358567,cc-cc408-hya,master-vm-01,9.9.3.150,elasticsearch_os_load5,3.14
2023/4/13 12:03,1681358627,cc-cc408-hya,master-vm-01,9.9.3.150,elasticsearch_os_load5,3.11
2023/4/13 12:04,1681358687,cc-cc408-hya,master-vm-01,9.9.3.150,elasticsearch_os_load5,3.11
2023/4/13 12:05,1681358747,cc-cc408-hya,master-vm-01,9.9.3.150,elasticsearch_os_load5,3.08
2023/4/13 12:06,1681358807,cc-cc408-hya,master-vm-01,9.9.3.150,elasticsearch_os_load5,3.08
2023/4/13 12:07,1681358867,cc-cc408-hya,master-vm-01,9.9.3.150,elasticsearch_os_load5,3.13
2023/4/13 12:08,1681358927,cc-cc408-hya,master-vm-01,9.9.3.150,elasticsearch_os_load5,3.12
2023/4/13 12:09,1681358987,cc-cc408-hya,master-vm-01,9.9.3.150,elasticsearch_os_load5,3.09
2023/4/13 12:10,1681359047,cc-cc408-hya,master-vm-01,9.9.3.150,elasticsearch_os_load5,3.07
2023/4/13 12:11,1681359107,cc-cc408-hya,master-vm-01,9.9.3.150,elasticsearch_os_load5,3.07
2023/4/13 12:12,1681359167,cc-cc408-hya,master-vm-01,9.9.3.150,elasticsearch_os_load5,3.07
2023/4/13 12:13,1681359227,cc-cc408-hya,master-vm-01,9.9.3.150,elasticsearch_os_load5,3.06
2023/4/13 12:14,1681359287,cc-cc408-hya,master-vm-01,9.9.3.150,elasticsearch_os_load5,3.06
2023/4/13 12:15,1681359347,cc-cc408-hya,master-vm-01,9.9.3.150,elasticsearch_os_load5,3.05
2023/4/13 12:16,1681359407,cc-cc408-hya,master-vm-01,9.9.3.150,elasticsearch_os_load5,3.14
2023/4/13 12:17,1681359467,cc-cc408-hya,master-vm-01,9.9.3.150,elasticsearch_os_load5,3.13
2023/4/13 12:18,1681359527,cc-cc408-hya,master-vm-01,9.9.3.150,elasticsearch_os_load5,3.11
2023/4/13 12:19,1681359587,cc-cc408-hya,master-vm-01,9.9.3.150,elasticsearch_os_load5,3.51
2023/4/13 12:20,1681359647,cc-cc408-hya,master-vm-01,9.9.3.150,elasticsearch_os_load5,3.47
2023/4/13 12:21,1681359707,cc-cc408-hya,master-vm-01,9.9.3.150,elasticsearch_os_load5,3.48
2023/4/13 12:22,1681359767,cc-cc408-hya,master-vm-01,9.9.3.150,elasticsearch_os_load5,3.6
2023/4/13 12:23,1681359827,cc-cc408-hya,master-vm-01,9.9.3.150,elasticsearch_os_load5,3.66
2023/4/13 12:24,1681359887,cc-cc408-hya,master-vm-01,9.9.3.150,elasticsearch_os_load5,3.72
2023/4/13 12:25,1681359947,cc-cc408-hya,master-vm-01,9.9.3.150,elasticsearch_os_load5,3.81
2023/4/13 12:26,1681360007,cc-cc408-hya,master-vm-01,9.9.3.150,elasticsearch_os_load5,3.77
2023/4/13 12:27,1681360067,cc-cc408-hya,master-vm-01,9.9.3.150,elasticsearch_os_load5,3.76
2023/4/13 12:28,1681360127,cc-cc408-hya,master-vm-01,9.9.3.150,elasticsearch_os_load5,3.74
2023/4/13 12:29,1681360187,cc-cc408-hya,master-vm-01,9.9.3.150,elasticsearch_os_load5,3.78
2023/4/13 12:30,1681360247,cc-cc408-hya,master-vm-01,9.9.3.150,elasticsearch_os_load5,3.92
2023/4/13 12:31,1681360307,cc-cc408-hya,master-vm-01,9.9.3.150,elasticsearch_os_load5,3.86
2023/4/13 12:32,1681360367,cc-cc408-hya,master-vm-01,9.9.3.150,elasticsearch_os_load5,3.76
2023/4/13 12:33,1681360427,cc-cc408-hya,master-vm-01,9.9.3.150,elasticsearch_os_load5,3.65
2023/4/13 12:34,1681360487,cc-cc408-hya,master-vm-01,9.9.3.150,elasticsearch_os_load5,3.64
2023/4/13 12:35,1681360547,cc-cc408-hya,master-vm-01,9.9.3.150,elasticsearch_os_load5,3.54
2023/4/13 12:36,1681360607,cc-cc408-hya,master-vm-01,9.9.3.150,elasticsearch_os_load5,3.51
2023/4/13 12:37,1681360667,cc-cc408-hya,master-vm-01,9.9.3.150,elasticsearch_os_load5,3.41
2023/4/13 12:38,1681360727,cc-cc408-hya,master-vm-01,9.9.3.150,elasticsearch_os_load5,3.35
2023/4/13 12:39,1681360787,cc-cc408-hya,master-vm-01,9.9.3.150,elasticsearch_os_load5,3.3
2023/4/13 12:40,1681360847,cc-cc408-hya,master-vm-01,9.9.3.150,elasticsearch_os_load5,3.27
2023/4/13 12:41,1681360907,cc-cc408-hya,master-vm-01,9.9.3.150,elasticsearch_os_load5,3.25
2023/4/13 12:42,1681360967,cc-cc408-hya,master-vm-01,9.9.3.150,elasticsearch_os_load5,3.29
2023/4/13 12:43,1681361027,cc-cc408-hya,master-vm-01,9.9.3.150,elasticsearch_os_load5,3.32
2023/4/13 12:44,1681361087,cc-cc408-hya,master-vm-01,9.9.3.150,elasticsearch_os_load5,3.27
2023/4/13 12:45,1681361147,cc-cc408-hya,master-vm-01,9.9.3.150,elasticsearch_os_load5,3.25
2023/4/13 12:46,1681361207,cc-cc408-hya,master-vm-01,9.9.3.150,elasticsearch_os_load5,3.2
2023/4/13 12:47,1681361267,cc-cc408-hya,master-vm-01,9.9.3.150,elasticsearch_os_load5,3.16
2023/4/13 12:48,1681361327,cc-cc408-hya,master-vm-01,9.9.3.150,elasticsearch_os_load5,3.15
2023/4/13 12:49,1681361387,cc-cc408-hya,master-vm-01,9.9.3.150,elasticsearch_os_load5,3.12
2023/4/13 12:50,1681361447,cc-cc408-hya,master-vm-01,9.9.3.150,elasticsearch_os_load5,3.15
2023/4/13 12:51,1681361507,cc-cc408-hya,master-vm-01,9.9.3.150,elasticsearch_os_load5,3.15
2023/4/13 12:52,1681361567,cc-cc408-hya,master-vm-01,9.9.3.150,elasticsearch_os_load5,3.12
2023/4/13 12:53,1681361627,cc-cc408-hya,master-vm-01,9.9.3.150,elasticsearch_os_load5,3.13
2023/4/13 12:54,1681361687,cc-cc408-hya,master-vm-01,9.9.3.150,elasticsearch_os_load5,3.1
2023/4/13 12:55,1681361747,cc-cc408-hya,master-vm-01,9.9.3.150,elasticsearch_os_load5,3.1
2023/4/13 12:56,1681361807,cc-cc408-hya,master-vm-01,9.9.3.150,elasticsearch_os_load5,3.08
2023/4/13 12:57,1681361867,cc-cc408-hya,master-vm-01,9.9.3.150,elasticsearch_os_load5,3.06
2023/4/13 12:58,1681361927,cc-cc408-hya,master-vm-01,9.9.3.150,elasticsearch_os_load5,3.06
2023/4/13 12:59,1681361987,cc-cc408-hya,master-vm-01,9.9.3.150,elasticsearch_os_load5,3.16
2023/4/13 13:00,1681362047,cc-cc408-hya,master-vm-01,9.9.3.150,elasticsearch_os_load5,3.17
2023/4/13 13:01,1681362107,cc-cc408-hya,master-vm-01,9.9.3.150,elasticsearch_os_load5,3.2
2023/4/13 13:02,1681362167,cc-cc408-hya,master-vm-01,9.9.3.150,elasticsearch_os_load5,3.43
2023/4/13 13:03,1681362227,cc-cc408-hya,master-vm-01,9.9.3.150,elasticsearch_os_load5,3.56
2023/4/13 13:04,1681362287,cc-cc408-hya,master-vm-01,9.9.3.150,elasticsearch_os_load5,3.65
2023/4/13 13:05,1681362347,cc-cc408-hya,master-vm-01,9.9.3.150,elasticsearch_os_load5,3.75
2023/4/13 13:06,1681362407,cc-cc408-hya,master-vm-01,9.9.3.150,elasticsearch_os_load5,3.76
2023/4/13 13:07,1681362467,cc-cc408-hya,master-vm-01,9.9.3.150,elasticsearch_os_load5,3.77
2023/4/13 13:08,1681362527,cc-cc408-hya,master-vm-01,9.9.3.150,elasticsearch_os_load5,3.83
2023/4/13 13:09,1681362587,cc-cc408-hya,master-vm-01,9.9.3.150,elasticsearch_os_load5,3.79
2023/4/13 13:10,1681362647,cc-cc408-hya,master-vm-01,9.9.3.150,elasticsearch_os_load5,3.83
2023/4/13 13:11,1681362707,cc-cc408-hya,master-vm-01,9.9.3.150,elasticsearch_os_load5,3.78
2023/4/13 13:12,1681362767,cc-cc408-hya,master-vm-01,9.9.3.150,elasticsearch_os_load5,3.73
2023/4/13 13:13,1681362827,cc-cc408-hya,master-vm-01,9.9.3.150,elasticsearch_os_load5,3.69
2023/4/13 13:14,1681362887,cc-cc408-hya,master-vm-01,9.9.3.150,elasticsearch_os_load5,3.65
2023/4/13 13:15,1681362947,cc-cc408-hya,master-vm-01,9.9.3.150,elasticsearch_os_load5,3.55
2023/4/13 13:16,1681363007,cc-cc408-hya,master-vm-01,9.9.3.150,elasticsearch_os_load5,3.54
2023/4/13 13:17,1681363067,cc-cc408-hya,master-vm-01,9.9.3.150,elasticsearch_os_load5,3.49
2023/4/13 13:18,1681363127,cc-cc408-hya,master-vm-01,9.9.3.150,elasticsearch_os_load5,3.42
2023/4/13 13:19,1681363187,cc-cc408-hya,master-vm-01,9.9.3.150,elasticsearch_os_load5,3.34
2023/4/13 13:20,1681363247,cc-cc408-hya,master-vm-01,9.9.3.150,elasticsearch_os_load5,3.28
2023/4/13 13:21,1681363307,cc-cc408-hya,master-vm-01,9.9.3.150,elasticsearch_os_load5,3.23
2023/4/13 13:22,1681363367,cc-cc408-hya,master-vm-01,9.9.3.150,elasticsearch_os_load5,3.18
2023/4/13 13:23,1681363427,cc-cc408-hya,master-vm-01,9.9.3.150,elasticsearch_os_load5,3.16
2023/4/13 13:24,1681363487,cc-cc408-hya,master-vm-01,9.9.3.150,elasticsearch_os_load5,3.16
2023/4/13 13:25,1681363547,cc-cc408-hya,master-vm-01,9.9.3.150,elasticsearch_os_load5,3.13
2023/4/13 13:26,1681363607,cc-cc408-hya,master-vm-01,9.9.3.150,elasticsearch_os_load5,3.12
2023/4/13 13:27,1681363667,cc-cc408-hya,master-vm-01,9.9.3.150,elasticsearch_os_load5,3.11
2023/4/13 13:28,1681363727,cc-cc408-hya,master-vm-01,9.9.3.150,elasticsearch_os_load5,3.1
2023/4/13 13:29,1681363787,cc-cc408-hya,master-vm-01,9.9.3.150,elasticsearch_os_load5,3.08
2023/4/13 13:30,1681363847,cc-cc408-hya,master-vm-01,9.9.3.150,elasticsearch_os_load5,3.09
2023/4/13 13:31,1681363907,cc-cc408-hya,master-vm-01,9.9.3.150,elasticsearch_os_load5,3.16
2023/4/13 13:32,1681363967,cc-cc408-hya,master-vm-01,9.9.3.150,elasticsearch_os_load5,3.3
2023/4/13 13:33,1681364027,cc-cc408-hya,master-vm-01,9.9.3.150,elasticsearch_os_load5,3.29
2023/4/13 13:34,1681364087,cc-cc408-hya,master-vm-01,9.9.3.150,elasticsearch_os_load5,3.25
2023/4/13 13:35,1681364147,cc-cc408-hya,master-vm-01,9.9.3.150,elasticsearch_os_load5,3.2
2023/4/13 13:36,1681364207,cc-cc408-hya,master-vm-01,9.9.3.150,elasticsearch_os_load5,3.16
2023/4/13 13:37,1681364267,cc-cc408-hya,master-vm-01,9.9.3.150,elasticsearch_os_load5,3.14
2023/4/13 13:38,1681364327,cc-cc408-hya,master-vm-01,9.9.3.150,elasticsearch_os_load5,3.12
2023/4/13 13:39,1681364387,cc-cc408-hya,master-vm-01,9.9.3.150,elasticsearch_os_load5,3.09
2023/4/13 13:40,1681364447,cc-cc408-hya,master-vm-01,9.9.3.150,elasticsearch_os_load5,3.09
2023/4/13 13:41,1681364507,cc-cc408-hya,master-vm-01,9.9.3.150,elasticsearch_os_load5,3.15
2023/4/13 13:42,1681364567,cc-cc408-hya,master-vm-01,9.9.3.150,elasticsearch_os_load5,3.14
2023/4/13 13:43,1681364627,cc-cc408-hya,master-vm-01,9.9.3.150,elasticsearch_os_load5,3.13
2023/4/13 13:44,1681364687,cc-cc408-hya,master-vm-01,9.9.3.150,elasticsearch_os_load5,3.24
2023/4/13 13:45,1681364747,cc-cc408-hya,master-vm-01,9.9.3.150,elasticsearch_os_load5,3.26
2023/4/13 13:46,1681364807,cc-cc408-hya,master-vm-01,9.9.3.150,elasticsearch_os_load5,3.37
2023/4/13 13:47,1681364867,cc-cc408-hya,master-vm-01,9.9.3.150,elasticsearch_os_load5,3.52
2023/4/13 13:48,1681364927,cc-cc408-hya,master-vm-01,9.9.3.150,elasticsearch_os_load5,3.51
2023/4/13 13:49,1681364987,cc-cc408-hya,master-vm-01,9.9.3.150,elasticsearch_os_load5,3.54
2023/4/13 13:50,1681365047,cc-cc408-hya,master-vm-01,9.9.3.150,elasticsearch_os_load5,3.67
2023/4/13 13:51,1681365107,cc-cc408-hya,master-vm-01,9.9.3.150,elasticsearch_os_load5,3.67
2023/4/13 13:52,1681365167,cc-cc408-hya,master-vm-01,9.9.3.150,elasticsearch_os_load5,3.68
2023/4/13 13:53,1681365227,cc-cc408-hya,master-vm-01,9.9.3.150,elasticsearch_os_load5,3.69
2023/4/13 13:54,1681365287,cc-cc408-hya,master-vm-01,9.9.3.150,elasticsearch_os_load5,3.77
2023/4/13 13:55,1681365347,cc-cc408-hya,master-vm-01,9.9.3.150,elasticsearch_os_load5,3.8
2023/4/13 13:56,1681365407,cc-cc408-hya,master-vm-01,9.9.3.150,elasticsearch_os_load5,3.75
2023/4/13 13:57,1681365467,cc-cc408-hya,master-vm-01,9.9.3.150,elasticsearch_os_load5,3.64
2023/4/13 13:58,1681365527,cc-cc408-hya,master-vm-01,9.9.3.150,elasticsearch_os_load5,3.52
2023/4/13 13:59,1681365587,cc-cc408-hya,master-vm-01,9.9.3.150,elasticsearch_os_load5,3.51
2023/4/13 14:00,1681365647,cc-cc408-hya,master-vm-01,9.9.3.150,elasticsearch_os_load5,3.43
2023/4/13 14:01,1681365707,cc-cc408-hya,master-vm-01,9.9.3.150,elasticsearch_os_load5,3.36
2023/4/13 14:02,1681365767,cc-cc408-hya,master-vm-01,9.9.3.150,elasticsearch_os_load5,3.58
2023/4/13 14:03,1681365827,cc-cc408-hya,master-vm-01,9.9.3.150,elasticsearch_os_load5,3.51
2023/4/13 14:04,1681365887,cc-cc408-hya,master-vm-01,9.9.3.150,elasticsearch_os_load5,3.42
2023/4/13 14:05,1681365947,cc-cc408-hya,master-vm-01,9.9.3.150,elasticsearch_os_load5,3.36
2023/4/13 14:06,1681366007,cc-cc408-hya,master-vm-01,9.9.3.150,elasticsearch_os_load5,3.3
2023/4/13 14:07,1681366067,cc-cc408-hya,master-vm-01,9.9.3.150,elasticsearch_os_load5,3.25
2023/4/13 14:08,1681366127,cc-cc408-hya,master-vm-01,9.9.3.150,elasticsearch_os_load5,3.25
2023/4/13 14:09,1681366187,cc-cc408-hya,master-vm-01,9.9.3.150,elasticsearch_os_load5,3.2
2023/4/13 14:10,1681366247,cc-cc408-hya,master-vm-01,9.9.3.150,elasticsearch_os_load5,3.22
2023/4/13 14:11,1681366307,cc-cc408-hya,master-vm-01,9.9.3.150,elasticsearch_os_load5,3.2
2023/4/13 14:12,1681366367,cc-cc408-hya,master-vm-01,9.9.3.150,elasticsearch_os_load5,3.16
2023/4/13 14:13,1681366427,cc-cc408-hya,master-vm-01,9.9.3.150,elasticsearch_os_load5,3.14
2023/4/13 14:14,1681366487,cc-cc408-hya,master-vm-01,9.9.3.150,elasticsearch_os_load5,3.13
2023/4/13 14:15,1681366547,cc-cc408-hya,master-vm-01,9.9.3.150,elasticsearch_os_load5,3.12
2023/4/13 14:16,1681366607,cc-cc408-hya,master-vm-01,9.9.3.150,elasticsearch_os_load5,3.09
2023/4/13 14:17,1681366667,cc-cc408-hya,master-vm-01,9.9.3.150,elasticsearch_os_load5,3.15
2023/4/13 14:18,1681366727,cc-cc408-hya,master-vm-01,9.9.3.150,elasticsearch_os_load5,3.12
2023/4/13 14:19,1681366787,cc-cc408-hya,master-vm-01,9.9.3.150,elasticsearch_os_load5,3.13
2023/4/13 14:20,1681366847,cc-cc408-hya,master-vm-01,9.9.3.150,elasticsearch_os_load5,3.11
2023/4/13 14:21,1681366907,cc-cc408-hya,master-vm-01,9.9.3.150,elasticsearch_os_load5,3.15
2023/4/13 14:22,1681366967,cc-cc408-hya,master-vm-01,9.9.3.150,elasticsearch_os_load5,3.2
2023/4/13 14:23,1681367027,cc-cc408-hya,master-vm-01,9.9.3.150,elasticsearch_os_load5,3.89
2023/4/13 14:24,1681367087,cc-cc408-hya,master-vm-01,9.9.3.150,elasticsearch_os_load5,3.95
2023/4/13 14:25,1681367147,cc-cc408-hya,master-vm-01,9.9.3.150,elasticsearch_os_load5,3.91
2023/4/13 14:26,1681367207,cc-cc408-hya,master-vm-01,9.9.3.150,elasticsearch_os_load5,3.92
2023/4/13 14:27,1681367267,cc-cc408-hya,master-vm-01,9.9.3.150,elasticsearch_os_load5,3.81
2023/4/13 14:28,1681367327,cc-cc408-hya,master-vm-01,9.9.3.150,elasticsearch_os_load5,3.78
2023/4/13 14:29,1681367387,cc-cc408-hya,master-vm-01,9.9.3.150,elasticsearch_os_load5,3.8
2023/4/13 14:30,1681367447,cc-cc408-hya,master-vm-01,9.9.3.150,elasticsearch_os_load5,3.85
2023/4/13 14:31,1681367507,cc-cc408-hya,master-vm-01,9.9.3.150,elasticsearch_os_load5,3.93
2023/4/13 14:32,1681367567,cc-cc408-hya,master-vm-01,9.9.3.150,elasticsearch_os_load5,3.94
2023/4/13 14:33,1681367627,cc-cc408-hya,master-vm-01,9.9.3.150,elasticsearch_os_load5,3.93
2023/4/13 14:34,1681367687,cc-cc408-hya,master-vm-01,9.9.3.150,elasticsearch_os_load5,3.94
2023/4/13 14:35,1681367747,cc-cc408-hya,master-vm-01,9.9.3.150,elasticsearch_os_load5,4.02
2023/4/13 14:36,1681367807,cc-cc408-hya,master-vm-01,9.9.3.150,elasticsearch_os_load5,3.96
2023/4/13 14:37,1681367867,cc-cc408-hya,master-vm-01,9.9.3.150,elasticsearch_os_load5,3.92
2023/4/13 14:38,1681367927,cc-cc408-hya,master-vm-01,9.9.3.150,elasticsearch_os_load5,3.86
2023/4/13 14:39,1681367987,cc-cc408-hya,master-vm-01,9.9.3.150,elasticsearch_os_load5,3.76
2023/4/13 14:40,1681368047,cc-cc408-hya,master-vm-01,9.9.3.150,elasticsearch_os_load5,3.68
2023/4/13 14:41,1681368107,cc-cc408-hya,master-vm-01,9.9.3.150,elasticsearch_os_load5,3.73
2023/4/13 14:42,1681368167,cc-cc408-hya,master-vm-01,9.9.3.150,elasticsearch_os_load5,3.66
2023/4/13 14:43,1681368227,cc-cc408-hya,master-vm-01,9.9.3.150,elasticsearch_os_load5,3.57
2023/4/13 14:44,1681368287,cc-cc408-hya,master-vm-01,9.9.3.150,elasticsearch_os_load5,3.51
2023/4/13 14:45,1681368347,cc-cc408-hya,master-vm-01,9.9.3.150,elasticsearch_os_load5,3.41
2023/4/13 14:46,1681368407,cc-cc408-hya,master-vm-01,9.9.3.150,elasticsearch_os_load5,3.33
2023/4/13 14:47,1681368467,cc-cc408-hya,master-vm-01,9.9.3.150,elasticsearch_os_load5,3.27
2023/4/13 14:48,1681368527,cc-cc408-hya,master-vm-01,9.9.3.150,elasticsearch_os_load5,3.25
2023/4/13 14:49,1681368587,cc-cc408-hya,master-vm-01,9.9.3.150,elasticsearch_os_load5,3.22
2023/4/13 14:50,1681368647,cc-cc408-hya,master-vm-01,9.9.3.150,elasticsearch_os_load5,3.19
2023/4/13 14:51,1681368707,cc-cc408-hya,master-vm-01,9.9.3.150,elasticsearch_os_load5,3.18
2023/4/13 14:52,1681368767,cc-cc408-hya,master-vm-01,9.9.3.150,elasticsearch_os_load5,3.15
2023/4/13 14:53,1681368827,cc-cc408-hya,master-vm-01,9.9.3.150,elasticsearch_os_load5,3.13
2023/4/13 14:54,1681368887,cc-cc408-hya,master-vm-01,9.9.3.150,elasticsearch_os_load5,3.11
2023/4/13 14:55,1681368947,cc-cc408-hya,master-vm-01,9.9.3.150,elasticsearch_os_load5,3.14
2023/4/13 14:56,1681369007,cc-cc408-hya,master-vm-01,9.9.3.150,elasticsearch_os_load5,3.16
2023/4/13 14:57,1681369067,cc-cc408-hya,master-vm-01,9.9.3.150,elasticsearch_os_load5,3.12
2023/4/13 14:58,1681369127,cc-cc408-hya,master-vm-01,9.9.3.150,elasticsearch_os_load5,3.1
2023/4/13 14:59,1681369187,cc-cc408-hya,master-vm-01,9.9.3.150,elasticsearch_os_load5,3.08
2023/4/13 15:00,1681369247,cc-cc408-hya,master-vm-01,9.9.3.150,elasticsearch_os_load5,3.06
2023/4/13 15:01,1681369307,cc-cc408-hya,master-vm-01,9.9.3.150,elasticsearch_os_load5,3.05
2023/4/13 15:02,1681369367,cc-cc408-hya,master-vm-01,9.9.3.150,elasticsearch_os_load5,3.04
2023/4/13 15:03,1681369427,cc-cc408-hya,master-vm-01,9.9.3.150,elasticsearch_os_load5,3.04
2023/4/13 15:04,1681369487,cc-cc408-hya,master-vm-01,9.9.3.150,elasticsearch_os_load5,3.18
2023/4/13 15:05,1681369547,cc-cc408-hya,master-vm-01,9.9.3.150,elasticsearch_os_load5,3.27
2023/4/13 15:06,1681369607,cc-cc408-hya,master-vm-01,9.9.3.150,elasticsearch_os_load5,4.02
2023/4/13 15:07,1681369667,cc-cc408-hya,master-vm-01,9.9.3.150,elasticsearch_os_load5,3.89
2023/4/13 15:08,1681369727,cc-cc408-hya,master-vm-01,9.9.3.150,elasticsearch_os_load5,3.83
2023/4/13 15:09,1681369787,cc-cc408-hya,master-vm-01,9.9.3.150,elasticsearch_os_load5,3.82
2023/4/13 15:10,1681369847,cc-cc408-hya,master-vm-01,9.9.3.150,elasticsearch_os_load5,3.85
2023/4/13 15:11,1681369907,cc-cc408-hya,master-vm-01,9.9.3.150,elasticsearch_os_load5,3.83
2023/4/13 15:12,1681369967,cc-cc408-hya,master-vm-01,9.9.3.150,elasticsearch_os_load5,3.82
2023/4/13 15:13,1681370027,cc-cc408-hya,master-vm-01,9.9.3.150,elasticsearch_os_load5,3.79
2023/4/13 15:14,1681370087,cc-cc408-hya,master-vm-01,9.9.3.150,elasticsearch_os_load5,3.93
2023/4/13 15:15,1681370147,cc-cc408-hya,master-vm-01,9.9.3.150,elasticsearch_os_load5,3.89
2023/4/13 15:16,1681370207,cc-cc408-hya,master-vm-01,9.9.3.150,elasticsearch_os_load5,3.85
2023/4/13 15:17,1681370267,cc-cc408-hya,master-vm-01,9.9.3.150,elasticsearch_os_load5,3.84
2023/4/13 15:18,1681370327,cc-cc408-hya,master-vm-01,9.9.3.150,elasticsearch_os_load5,3.8
2023/4/13 15:19,1681370387,cc-cc408-hya,master-vm-01,9.9.3.150,elasticsearch_os_load5,3.74
2023/4/13 15:20,1681370447,cc-cc408-hya,master-vm-01,9.9.3.150,elasticsearch_os_load5,3.71
2023/4/13 15:21,1681370507,cc-cc408-hya,master-vm-01,9.9.3.150,elasticsearch_os_load5,3.76
2023/4/13 15:22,1681370567,cc-cc408-hya,master-vm-01,9.9.3.150,elasticsearch_os_load5,3.7
2023/4/13 15:23,1681370627,cc-cc408-hya,master-vm-01,9.9.3.150,elasticsearch_os_load5,3.6
2023/4/13 15:24,1681370687,cc-cc408-hya,master-vm-01,9.9.3.150,elasticsearch_os_load5,3.52
2023/4/13 15:25,1681370747,cc-cc408-hya,master-vm-01,9.9.3.150,elasticsearch_os_load5,3.43
2023/4/13 15:26,1681370807,cc-cc408-hya,master-vm-01,9.9.3.150,elasticsearch_os_load5,3.35
2023/4/13 15:27,1681370867,cc-cc408-hya,master-vm-01,9.9.3.150,elasticsearch_os_load5,3.29
2023/4/13 15:28,1681370927,cc-cc408-hya,master-vm-01,9.9.3.150,elasticsearch_os_load5,3.23
2023/4/13 15:29,1681370987,cc-cc408-hya,master-vm-01,9.9.3.150,elasticsearch_os_load5,3.36
2023/4/13 15:30,1681371047,cc-cc408-hya,master-vm-01,9.9.3.150,elasticsearch_os_load5,3.36
2023/4/13 15:31,1681371107,cc-cc408-hya,master-vm-01,9.9.3.150,elasticsearch_os_load5,3.34
2023/4/13 15:32,1681371167,cc-cc408-hya,master-vm-01,9.9.3.150,elasticsearch_os_load5,3.36
2023/4/13 15:33,1681371227,cc-cc408-hya,master-vm-01,9.9.3.150,elasticsearch_os_load5,3.34
2023/4/13 15:34,1681371287,cc-cc408-hya,master-vm-01,9.9.3.150,elasticsearch_os_load5,3.27
2023/4/13 15:35,1681371347,cc-cc408-hya,master-vm-01,9.9.3.150,elasticsearch_os_load5,3.24
2023/4/13 15:36,1681371407,cc-cc408-hya,master-vm-01,9.9.3.150,elasticsearch_os_load5,3.22
2023/4/13 15:37,1681371467,cc-cc408-hya,master-vm-01,9.9.3.150,elasticsearch_os_load5,3.23
2023/4/13 15:38,1681371527,cc-cc408-hya,master-vm-01,9.9.3.150,elasticsearch_os_load5,3.2
2023/4/13 15:39,1681371587,cc-cc408-hya,master-vm-01,9.9.3.150,elasticsearch_os_load5,3.19
2023/4/13 15:40,1681371647,cc-cc408-hya,master-vm-01,9.9.3.150,elasticsearch_os_load5,3.17
2023/4/13 15:41,1681371707,cc-cc408-hya,master-vm-01,9.9.3.150,elasticsearch_os_load5,3.14
2023/4/13 15:42,1681371767,cc-cc408-hya,master-vm-01,9.9.3.150,elasticsearch_os_load5,3.55
2023/4/13 15:43,1681371827,cc-cc408-hya,master-vm-01,9.9.3.150,elasticsearch_os_load5,3.47
2023/4/13 15:44,1681371887,cc-cc408-hya,master-vm-01,9.9.3.150,elasticsearch_os_load5,3.39
2023/4/13 15:45,1681371947,cc-cc408-hya,master-vm-01,9.9.3.150,elasticsearch_os_load5,3.41
2023/4/13 15:46,1681372007,cc-cc408-hya,master-vm-01,9.9.3.150,elasticsearch_os_load5,3.38
2023/4/13 15:47,1681372067,cc-cc408-hya,master-vm-01,9.9.3.150,elasticsearch_os_load5,3.37
2023/4/13 15:48,1681372127,cc-cc408-hya,master-vm-01,9.9.3.150,elasticsearch_os_load5,3.56
2023/4/13 15:49,1681372187,cc-cc408-hya,master-vm-01,9.9.3.150,elasticsearch_os_load5,3.58
2023/4/13 15:50,1681372247,cc-cc408-hya,master-vm-01,9.9.3.150,elasticsearch_os_load5,3.54
2023/4/13 15:51,1681372307,cc-cc408-hya,master-vm-01,9.9.3.150,elasticsearch_os_load5,3.62
2023/4/13 15:52,1681372367,cc-cc408-hya,master-vm-01,9.9.3.150,elasticsearch_os_load5,3.75
2023/4/13 15:53,1681372427,cc-cc408-hya,master-vm-01,9.9.3.150,elasticsearch_os_load5,3.73
2023/4/13 15:54,1681372487,cc-cc408-hya,master-vm-01,9.9.3.150,elasticsearch_os_load5,3.79
2023/4/13 15:55,1681372547,cc-cc408-hya,master-vm-01,9.9.3.150,elasticsearch_os_load5,3.77
2023/4/13 15:56,1681372607,cc-cc408-hya,master-vm-01,9.9.3.150,elasticsearch_os_load5,3.76
2023/4/13 15:57,1681372667,cc-cc408-hya,master-vm-01,9.9.3.150,elasticsearch_os_load5,3.82
2023/4/13 15:58,1681372727,cc-cc408-hya,master-vm-01,9.9.3.150,elasticsearch_os_load5,3.84
2023/4/13 15:59,1681372787,cc-cc408-hya,master-vm-01,9.9.3.150,elasticsearch_os_load5,3.86
2023/4/13 16:00,1681372847,cc-cc408-hya,master-vm-01,9.9.3.150,elasticsearch_os_load5,3.8
2023/4/13 16:01,1681372907,cc-cc408-hya,master-vm-01,9.9.3.150,elasticsearch_os_load5,3.77
2023/4/13 16:02,1681372967,cc-cc408-hya,master-vm-01,9.9.3.150,elasticsearch_os_load5,3.79
2023/4/13 16:03,1681373027,cc-cc408-hya,master-vm-01,9.9.3.150,elasticsearch_os_load5,3.72
2023/4/13 16:04,1681373087,cc-cc408-hya,master-vm-01,9.9.3.150,elasticsearch_os_load5,3.67
2023/4/13 16:05,1681373147,cc-cc408-hya,master-vm-01,9.9.3.150,elasticsearch_os_load5,3.64
2023/4/13 16:06,1681373207,cc-cc408-hya,master-vm-01,9.9.3.150,elasticsearch_os_load5,3.52
2023/4/13 16:07,1681373267,cc-cc408-hya,master-vm-01,9.9.3.150,elasticsearch_os_load5,3.42
2023/4/13 16:08,1681373327,cc-cc408-hya,master-vm-01,9.9.3.150,elasticsearch_os_load5,3.36
2023/4/13 16:09,1681373387,cc-cc408-hya,master-vm-01,9.9.3.150,elasticsearch_os_load5,3.32
2023/4/13 16:10,1681373447,cc-cc408-hya,master-vm-01,9.9.3.150,elasticsearch_os_load5,3.31
2023/4/13 16:11,1681373507,cc-cc408-hya,master-vm-01,9.9.3.150,elasticsearch_os_load5,3.25
2023/4/13 16:12,1681373567,cc-cc408-hya,master-vm-01,9.9.3.150,elasticsearch_os_load5,3.22
2023/4/13 16:13,1681373627,cc-cc408-hya,master-vm-01,9.9.3.150,elasticsearch_os_load5,3.17
2023/4/13 16:14,1681373687,cc-cc408-hya,master-vm-01,9.9.3.150,elasticsearch_os_load5,3.16
2023/4/13 16:15,1681373747,cc-cc408-hya,master-vm-01,9.9.3.150,elasticsearch_os_load5,3.13
2023/4/13 16:16,1681373807,cc-cc408-hya,master-vm-01,9.9.3.150,elasticsearch_os_load5,3.17
2023/4/13 16:17,1681373867,cc-cc408-hya,master-vm-01,9.9.3.150,elasticsearch_os_load5,3.13
2023/4/13 16:18,1681373927,cc-cc408-hya,master-vm-01,9.9.3.150,elasticsearch_os_load5,3.2
2023/4/13 16:19,1681373987,cc-cc408-hya,master-vm-01,9.9.3.150,elasticsearch_os_load5,3.19
2023/4/13 16:20,1681374047,cc-cc408-hya,master-vm-01,9.9.3.150,elasticsearch_os_load5,3.17
2023/4/13 16:21,1681374107,cc-cc408-hya,master-vm-01,9.9.3.150,elasticsearch_os_load5,3.13
2023/4/13 16:22,1681374167,cc-cc408-hya,master-vm-01,9.9.3.150,elasticsearch_os_load5,3.11
2023/4/13 16:23,1681374227,cc-cc408-hya,master-vm-01,9.9.3.150,elasticsearch_os_load5,3.1
2023/4/13 16:24,1681374287,cc-cc408-hya,master-vm-01,9.9.3.150,elasticsearch_os_load5,3.08
2023/4/13 16:25,1681374347,cc-cc408-hya,master-vm-01,9.9.3.150,elasticsearch_os_load5,3.09
2023/4/13 16:26,1681374407,cc-cc408-hya,master-vm-01,9.9.3.150,elasticsearch_os_load5,3.07
2023/4/13 16:27,1681374467,cc-cc408-hya,master-vm-01,9.9.3.150,elasticsearch_os_load5,3.14
2023/4/13 16:28,1681374527,cc-cc408-hya,master-vm-01,9.9.3.150,elasticsearch_os_load5,3.12
2023/4/13 16:29,1681374587,cc-cc408-hya,master-vm-01,9.9.3.150,elasticsearch_os_load5,3.11
2023/4/13 16:30,1681374647,cc-cc408-hya,master-vm-01,9.9.3.150,elasticsearch_os_load5,3.14
2023/4/13 16:31,1681374707,cc-cc408-hya,master-vm-01,9.9.3.150,elasticsearch_os_load5,3.32
2023/4/13 16:32,1681374767,cc-cc408-hya,master-vm-01,9.9.3.150,elasticsearch_os_load5,3.41
2023/4/13 16:33,1681374827,cc-cc408-hya,master-vm-01,9.9.3.150,elasticsearch_os_load5,3.41
2023/4/13 16:34,1681374887,cc-cc408-hya,master-vm-01,9.9.3.150,elasticsearch_os_load5,3.37
2023/4/13 16:35,1681374947,cc-cc408-hya,master-vm-01,9.9.3.150,elasticsearch_os_load5,3.37
2023/4/13 16:36,1681375007,cc-cc408-hya,master-vm-01,9.9.3.150,elasticsearch_os_load5,3.45
2023/4/13 16:37,1681375067,cc-cc408-hya,master-vm-01,9.9.3.150,elasticsearch_os_load5,3.6
2023/4/13 16:38,1681375127,cc-cc408-hya,master-vm-01,9.9.3.150,elasticsearch_os_load5,3.66
2023/4/13 16:39,1681375187,cc-cc408-hya,master-vm-01,9.9.3.150,elasticsearch_os_load5,3.66
2023/4/13 16:40,1681375247,cc-cc408-hya,master-vm-01,9.9.3.150,elasticsearch_os_load5,3.97
2023/4/13 16:41,1681375307,cc-cc408-hya,master-vm-01,9.9.3.150,elasticsearch_os_load5,3.91
2023/4/13 16:42,1681375367,cc-cc408-hya,master-vm-01,9.9.3.150,elasticsearch_os_load5,3.85
2023/4/13 16:43,1681375427,cc-cc408-hya,master-vm-01,9.9.3.150,elasticsearch_os_load5,3.84
2023/4/13 16:44,1681375487,cc-cc408-hya,master-vm-01,9.9.3.150,elasticsearch_os_load5,3.78
2023/4/13 16:45,1681375547,cc-cc408-hya,master-vm-01,9.9.3.150,elasticsearch_os_load5,3.76
2023/4/13 16:46,1681375607,cc-cc408-hya,master-vm-01,9.9.3.150,elasticsearch_os_load5,3.83
2023/4/13 16:47,1681375667,cc-cc408-hya,master-vm-01,9.9.3.150,elasticsearch_os_load5,3.83
2023/4/13 16:48,1681375727,cc-cc408-hya,master-vm-01,9.9.3.150,elasticsearch_os_load5,3.71
2023/4/13 16:49,1681375787,cc-cc408-hya,master-vm-01,9.9.3.150,elasticsearch_os_load5,3.59
2023/4/13 16:50,1681375847,cc-cc408-hya,master-vm-01,9.9.3.150,elasticsearch_os_load5,3.48
2023/4/13 16:51,1681375907,cc-cc408-hya,master-vm-01,9.9.3.150,elasticsearch_os_load5,3.39
2023/4/13 16:52,1681375967,cc-cc408-hya,master-vm-01,9.9.3.150,elasticsearch_os_load5,3.37
2023/4/13 16:53,1681376027,cc-cc408-hya,master-vm-01,9.9.3.150,elasticsearch_os_load5,3.3
2023/4/13 16:54,1681376087,cc-cc408-hya,master-vm-01,9.9.3.150,elasticsearch_os_load5,3.3
2023/4/13 16:55,1681376147,cc-cc408-hya,master-vm-01,9.9.3.150,elasticsearch_os_load5,3.26
2023/4/13 16:56,1681376207,cc-cc408-hya,master-vm-01,9.9.3.150,elasticsearch_os_load5,3.24
2023/4/13 16:57,1681376267,cc-cc408-hya,master-vm-01,9.9.3.150,elasticsearch_os_load5,3.21
2023/4/13 16:58,1681376327,cc-cc408-hya,master-vm-01,9.9.3.150,elasticsearch_os_load5,3.2
2023/4/13 16:59,1681376387,cc-cc408-hya,master-vm-01,9.9.3.150,elasticsearch_os_load5,3.18
2023/4/13 17:00,1681376447,cc-cc408-hya,master-vm-01,9.9.3.150,elasticsearch_os_load5,3.16
2023/4/13 17:01,1681376507,cc-cc408-hya,master-vm-01,9.9.3.150,elasticsearch_os_load5,3.25
2023/4/13 17:02,1681376567,cc-cc408-hya,master-vm-01,9.9.3.150,elasticsearch_os_load5,3.21
2023/4/13 17:03,1681376627,cc-cc408-hya,master-vm-01,9.9.3.150,elasticsearch_os_load5,3.17
2023/4/13 17:04,1681376687,cc-cc408-hya,master-vm-01,9.9.3.150,elasticsearch_os_load5,3.16
2023/4/13 17:05,1681376747,cc-cc408-hya,master-vm-01,9.9.3.150,elasticsearch_os_load5,3.16
2023/4/13 17:06,1681376807,cc-cc408-hya,master-vm-01,9.9.3.150,elasticsearch_os_load5,3.14
2023/4/13 17:07,1681376867,cc-cc408-hya,master-vm-01,9.9.3.150,elasticsearch_os_load5,3.13
2023/4/13 17:08,1681376927,cc-cc408-hya,master-vm-01,9.9.3.150,elasticsearch_os_load5,3.14
2023/4/13 17:09,1681376987,cc-cc408-hya,master-vm-01,9.9.3.150,elasticsearch_os_load5,3.12
2023/4/13 17:10,1681377047,cc-cc408-hya,master-vm-01,9.9.3.150,elasticsearch_os_load5,3.13
2023/4/13 17:11,1681377107,cc-cc408-hya,master-vm-01,9.9.3.150,elasticsearch_os_load5,3.32
2023/4/13 17:12,1681377167,cc-cc408-hya,master-vm-01,9.9.3.150,elasticsearch_os_load5,3.39
2023/4/13 17:13,1681377227,cc-cc408-hya,master-vm-01,9.9.3.150,elasticsearch_os_load5,3.47
2023/4/13 17:14,1681377287,cc-cc408-hya,master-vm-01,9.9.3.150,elasticsearch_os_load5,3.44
2023/4/13 17:15,1681377347,cc-cc408-hya,master-vm-01,9.9.3.150,elasticsearch_os_load5,3.43
2023/4/13 17:16,1681377407,cc-cc408-hya,master-vm-01,9.9.3.150,elasticsearch_os_load5,3.44
2023/4/13 17:17,1681377467,cc-cc408-hya,master-vm-01,9.9.3.150,elasticsearch_os_load5,3.39
2023/4/13 17:18,1681377527,cc-cc408-hya,master-vm-01,9.9.3.150,elasticsearch_os_load5,3.43
2023/4/13 17:19,1681377587,cc-cc408-hya,master-vm-01,9.9.3.150,elasticsearch_os_load5,3.41
2023/4/13 17:20,1681377647,cc-cc408-hya,master-vm-01,9.9.3.150,elasticsearch_os_load5,3.43
2023/4/13 17:21,1681377707,cc-cc408-hya,master-vm-01,9.9.3.150,elasticsearch_os_load5,3.56
2023/4/13 17:22,1681377767,cc-cc408-hya,master-vm-01,9.9.3.150,elasticsearch_os_load5,3.66
2023/4/13 17:23,1681377827,cc-cc408-hya,master-vm-01,9.9.3.150,elasticsearch_os_load5,3.71
2023/4/13 17:24,1681377887,cc-cc408-hya,master-vm-01,9.9.3.150,elasticsearch_os_load5,3.77
2023/4/13 17:25,1681377947,cc-cc408-hya,master-vm-01,9.9.3.150,elasticsearch_os_load5,3.72
2023/4/13 17:26,1681378007,cc-cc408-hya,master-vm-01,9.9.3.150,elasticsearch_os_load5,3.72
2023/4/13 17:27,1681378067,cc-cc408-hya,master-vm-01,9.9.3.150,elasticsearch_os_load5,3.75
2023/4/13 17:28,1681378127,cc-cc408-hya,master-vm-01,9.9.3.150,elasticsearch_os_load5,3.72
2023/4/13 17:29,1681378187,cc-cc408-hya,master-vm-01,9.9.3.150,elasticsearch_os_load5,3.71
2023/4/13 17:30,1681378247,cc-cc408-hya,master-vm-01,9.9.3.150,elasticsearch_os_load5,3.67
2023/4/12 17:30,1681291847,cc-cc408-hya,master-vm-02,9.9.3.151,elasticsearch_os_load5,0.12
2023/4/12 17:31,1681291907,cc-cc408-hya,master-vm-02,9.9.3.151,elasticsearch_os_load5,0.18
2023/4/12 17:32,1681291967,cc-cc408-hya,master-vm-02,9.9.3.151,elasticsearch_os_load5,0.22
2023/4/12 17:33,1681292027,cc-cc408-hya,master-vm-02,9.9.3.151,elasticsearch_os_load5,0.22
2023/4/12 17:34,1681292087,cc-cc408-hya,master-vm-02,9.9.3.151,elasticsearch_os_load5,0.18
2023/4/12 17:35,1681292147,cc-cc408-hya,master-vm-02,9.9.3.151,elasticsearch_os_load5,0.17
2023/4/12 17:36,1681292207,cc-cc408-hya,master-vm-02,9.9.3.151,elasticsearch_os_load5,0.15
2023/4/12 17:37,1681292267,cc-cc408-hya,master-vm-02,9.9.3.151,elasticsearch_os_load5,0.12
2023/4/12 17:38,1681292327,cc-cc408-hya,master-vm-02,9.9.3.151,elasticsearch_os_load5,0.1
2023/4/12 17:39,1681292387,cc-cc408-hya,master-vm-02,9.9.3.151,elasticsearch_os_load5,0.08
2023/4/12 17:40,1681292447,cc-cc408-hya,master-vm-02,9.9.3.151,elasticsearch_os_load5,0.06
2023/4/12 17:41,1681292507,cc-cc408-hya,master-vm-02,9.9.3.151,elasticsearch_os_load5,0.05
2023/4/12 17:42,1681292567,cc-cc408-hya,master-vm-02,9.9.3.151,elasticsearch_os_load5,0.05
2023/4/12 17:43,1681292627,cc-cc408-hya,master-vm-02,9.9.3.151,elasticsearch_os_load5,0.04
2023/4/12 17:44,1681292687,cc-cc408-hya,master-vm-02,9.9.3.151,elasticsearch_os_load5,0.03
2023/4/12 17:45,1681292747,cc-cc408-hya,master-vm-02,9.9.3.151,elasticsearch_os_load5,0.04
2023/4/12 17:46,1681292807,cc-cc408-hya,master-vm-02,9.9.3.151,elasticsearch_os_load5,0.04
2023/4/12 17:47,1681292867,cc-cc408-hya,master-vm-02,9.9.3.151,elasticsearch_os_load5,0.03
2023/4/12 17:48,1681292927,cc-cc408-hya,master-vm-02,9.9.3.151,elasticsearch_os_load5,0.02
2023/4/12 17:49,1681292987,cc-cc408-hya,master-vm-02,9.9.3.151,elasticsearch_os_load5,0.05
2023/4/12 17:50,1681293047,cc-cc408-hya,master-vm-02,9.9.3.151,elasticsearch_os_load5,0.04
2023/4/12 17:51,1681293107,cc-cc408-hya,master-vm-02,9.9.3.151,elasticsearch_os_load5,0.03
2023/4/12 17:52,1681293167,cc-cc408-hya,master-vm-02,9.9.3.151,elasticsearch_os_load5,0.02
2023/4/12 17:53,1681293227,cc-cc408-hya,master-vm-02,9.9.3.151,elasticsearch_os_load5,0.03
2023/4/12 17:54,1681293287,cc-cc408-hya,master-vm-02,9.9.3.151,elasticsearch_os_load5,0.02
2023/4/12 17:55,1681293347,cc-cc408-hya,master-vm-02,9.9.3.151,elasticsearch_os_load5,0.02
2023/4/12 17:56,1681293407,cc-cc408-hya,master-vm-02,9.9.3.151,elasticsearch_os_load5,0.01
2023/4/12 17:57,1681293467,cc-cc408-hya,master-vm-02,9.9.3.151,elasticsearch_os_load5,0.01
2023/4/12 17:58,1681293527,cc-cc408-hya,master-vm-02,9.9.3.151,elasticsearch_os_load5,0
2023/4/12 17:59,1681293587,cc-cc408-hya,master-vm-02,9.9.3.151,elasticsearch_os_load5,0
2023/4/12 18:00,1681293647,cc-cc408-hya,master-vm-02,9.9.3.151,elasticsearch_os_load5,0.03
2023/4/12 18:01,1681293707,cc-cc408-hya,master-vm-02,9.9.3.151,elasticsearch_os_load5,0.02
2023/4/12 18:02,1681293767,cc-cc408-hya,master-vm-02,9.9.3.151,elasticsearch_os_load5,0.01
2023/4/12 18:03,1681293827,cc-cc408-hya,master-vm-02,9.9.3.151,elasticsearch_os_load5,0.02
2023/4/12 18:04,1681293887,cc-cc408-hya,master-vm-02,9.9.3.151,elasticsearch_os_load5,0.04
2023/4/12 18:05,1681293947,cc-cc408-hya,master-vm-02,9.9.3.151,elasticsearch_os_load5,0.03
2023/4/12 18:06,1681294007,cc-cc408-hya,master-vm-02,9.9.3.151,elasticsearch_os_load5,0.05
2023/4/12 18:07,1681294067,cc-cc408-hya,master-vm-02,9.9.3.151,elasticsearch_os_load5,0.04
2023/4/12 18:08,1681294127,cc-cc408-hya,master-vm-02,9.9.3.151,elasticsearch_os_load5,0.03
2023/4/12 18:09,1681294187,cc-cc408-hya,master-vm-02,9.9.3.151,elasticsearch_os_load5,0.12
2023/4/12 18:10,1681294247,cc-cc408-hya,master-vm-02,9.9.3.151,elasticsearch_os_load5,0.11
2023/4/12 18:11,1681294307,cc-cc408-hya,master-vm-02,9.9.3.151,elasticsearch_os_load5,0.09
2023/4/12 18:12,1681294367,cc-cc408-hya,master-vm-02,9.9.3.151,elasticsearch_os_load5,0.09
2023/4/12 18:13,1681294427,cc-cc408-hya,master-vm-02,9.9.3.151,elasticsearch_os_load5,0.08
2023/4/12 18:14,1681294487,cc-cc408-hya,master-vm-02,9.9.3.151,elasticsearch_os_load5,0.27
2023/4/12 18:15,1681294547,cc-cc408-hya,master-vm-02,9.9.3.151,elasticsearch_os_load5,0.35
2023/4/12 18:16,1681294607,cc-cc408-hya,master-vm-02,9.9.3.151,elasticsearch_os_load5,0.28
2023/4/12 18:17,1681294667,cc-cc408-hya,master-vm-02,9.9.3.151,elasticsearch_os_load5,0.23
2023/4/12 18:18,1681294727,cc-cc408-hya,master-vm-02,9.9.3.151,elasticsearch_os_load5,0.22
2023/4/12 18:19,1681294787,cc-cc408-hya,master-vm-02,9.9.3.151,elasticsearch_os_load5,0.18
2023/4/12 18:20,1681294847,cc-cc408-hya,master-vm-02,9.9.3.151,elasticsearch_os_load5,0.16
2023/4/12 18:21,1681294907,cc-cc408-hya,master-vm-02,9.9.3.151,elasticsearch_os_load5,0.15
2023/4/12 18:22,1681294967,cc-cc408-hya,master-vm-02,9.9.3.151,elasticsearch_os_load5,0.15
2023/4/12 18:23,1681295027,cc-cc408-hya,master-vm-02,9.9.3.151,elasticsearch_os_load5,0.12
2023/4/12 18:24,1681295087,cc-cc408-hya,master-vm-02,9.9.3.151,elasticsearch_os_load5,0.1
2023/4/12 18:25,1681295147,cc-cc408-hya,master-vm-02,9.9.3.151,elasticsearch_os_load5,0.12
2023/4/12 18:26,1681295207,cc-cc408-hya,master-vm-02,9.9.3.151,elasticsearch_os_load5,0.1
2023/4/12 18:27,1681295267,cc-cc408-hya,master-vm-02,9.9.3.151,elasticsearch_os_load5,0.08
2023/4/12 18:28,1681295327,cc-cc408-hya,master-vm-02,9.9.3.151,elasticsearch_os_load5,0.06
2023/4/12 18:29,1681295387,cc-cc408-hya,master-vm-02,9.9.3.151,elasticsearch_os_load5,0.08
2023/4/12 18:30,1681295447,cc-cc408-hya,master-vm-02,9.9.3.151,elasticsearch_os_load5,0.06
2023/4/12 18:31,1681295507,cc-cc408-hya,master-vm-02,9.9.3.151,elasticsearch_os_load5,0.05
2023/4/12 18:32,1681295567,cc-cc408-hya,master-vm-02,9.9.3.151,elasticsearch_os_load5,0.03
2023/4/12 18:33,1681295627,cc-cc408-hya,master-vm-02,9.9.3.151,elasticsearch_os_load5,0.03
2023/4/12 18:34,1681295687,cc-cc408-hya,master-vm-02,9.9.3.151,elasticsearch_os_load5,0.02
2023/4/12 18:35,1681295747,cc-cc408-hya,master-vm-02,9.9.3.151,elasticsearch_os_load5,0.03
2023/4/12 18:36,1681295807,cc-cc408-hya,master-vm-02,9.9.3.151,elasticsearch_os_load5,0.02
2023/4/12 18:37,1681295867,cc-cc408-hya,master-vm-02,9.9.3.151,elasticsearch_os_load5,0.05
2023/4/12 18:38,1681295927,cc-cc408-hya,master-vm-02,9.9.3.151,elasticsearch_os_load5,0.03
2023/4/12 18:39,1681295987,cc-cc408-hya,master-vm-02,9.9.3.151,elasticsearch_os_load5,0.03
2023/4/12 18:40,1681296047,cc-cc408-hya,master-vm-02,9.9.3.151,elasticsearch_os_load5,0.05
2023/4/12 18:41,1681296107,cc-cc408-hya,master-vm-02,9.9.3.151,elasticsearch_os_load5,0.07
2023/4/12 18:42,1681296167,cc-cc408-hya,master-vm-02,9.9.3.151,elasticsearch_os_load5,0.11
2023/4/12 18:43,1681296227,cc-cc408-hya,master-vm-02,9.9.3.151,elasticsearch_os_load5,0.09
2023/4/12 18:44,1681296287,cc-cc408-hya,master-vm-02,9.9.3.151,elasticsearch_os_load5,0.07
2023/4/12 18:45,1681296347,cc-cc408-hya,master-vm-02,9.9.3.151,elasticsearch_os_load5,0.05
2023/4/12 18:46,1681296407,cc-cc408-hya,master-vm-02,9.9.3.151,elasticsearch_os_load5,0.04
2023/4/12 18:47,1681296467,cc-cc408-hya,master-vm-02,9.9.3.151,elasticsearch_os_load5,0.03
2023/4/12 18:48,1681296527,cc-cc408-hya,master-vm-02,9.9.3.151,elasticsearch_os_load5,0.02
2023/4/12 18:49,1681296587,cc-cc408-hya,master-vm-02,9.9.3.151,elasticsearch_os_load5,0.74
2023/4/12 18:50,1681296647,cc-cc408-hya,master-vm-02,9.9.3.151,elasticsearch_os_load5,0.6
2023/4/12 18:51,1681296707,cc-cc408-hya,master-vm-02,9.9.3.151,elasticsearch_os_load5,0.49
2023/4/12 18:52,1681296767,cc-cc408-hya,master-vm-02,9.9.3.151,elasticsearch_os_load5,0.42
2023/4/12 18:53,1681296827,cc-cc408-hya,master-vm-02,9.9.3.151,elasticsearch_os_load5,0.43
2023/4/12 18:54,1681296887,cc-cc408-hya,master-vm-02,9.9.3.151,elasticsearch_os_load5,0.35
2023/4/12 18:55,1681296947,cc-cc408-hya,master-vm-02,9.9.3.151,elasticsearch_os_load5,0.43
2023/4/12 18:56,1681297007,cc-cc408-hya,master-vm-02,9.9.3.151,elasticsearch_os_load5,0.38
2023/4/12 18:57,1681297067,cc-cc408-hya,master-vm-02,9.9.3.151,elasticsearch_os_load5,0.31
2023/4/12 18:58,1681297127,cc-cc408-hya,master-vm-02,9.9.3.151,elasticsearch_os_load5,0.25
2023/4/12 18:59,1681297187,cc-cc408-hya,master-vm-02,9.9.3.151,elasticsearch_os_load5,0.2
2023/4/12 19:00,1681297247,cc-cc408-hya,master-vm-02,9.9.3.151,elasticsearch_os_load5,0.16
2023/4/12 19:01,1681297307,cc-cc408-hya,master-vm-02,9.9.3.151,elasticsearch_os_load5,0.16
2023/4/12 19:02,1681297367,cc-cc408-hya,master-vm-02,9.9.3.151,elasticsearch_os_load5,0.13
2023/4/12 19:03,1681297427,cc-cc408-hya,master-vm-02,9.9.3.151,elasticsearch_os_load5,0.12
2023/4/12 19:04,1681297487,cc-cc408-hya,master-vm-02,9.9.3.151,elasticsearch_os_load5,0.09
2023/4/12 19:05,1681297547,cc-cc408-hya,master-vm-02,9.9.3.151,elasticsearch_os_load5,0.07
2023/4/12 19:06,1681297607,cc-cc408-hya,master-vm-02,9.9.3.151,elasticsearch_os_load5,0.06
2023/4/12 19:07,1681297667,cc-cc408-hya,master-vm-02,9.9.3.151,elasticsearch_os_load5,0.05
2023/4/12 19:08,1681297727,cc-cc408-hya,master-vm-02,9.9.3.151,elasticsearch_os_load5,0.05
2023/4/12 19:09,1681297787,cc-cc408-hya,master-vm-02,9.9.3.151,elasticsearch_os_load5,0.04
2023/4/12 19:10,1681297847,cc-cc408-hya,master-vm-02,9.9.3.151,elasticsearch_os_load5,0.03
2023/4/12 19:11,1681297907,cc-cc408-hya,master-vm-02,9.9.3.151,elasticsearch_os_load5,0.02
2023/4/12 19:12,1681297967,cc-cc408-hya,master-vm-02,9.9.3.151,elasticsearch_os_load5,0.02
2023/4/12 19:13,1681298027,cc-cc408-hya,master-vm-02,9.9.3.151,elasticsearch_os_load5,0.01
2023/4/12 19:14,1681298087,cc-cc408-hya,master-vm-02,9.9.3.151,elasticsearch_os_load5,0
2023/4/12 19:15,1681298147,cc-cc408-hya,master-vm-02,9.9.3.151,elasticsearch_os_load5,0
2023/4/12 19:16,1681298207,cc-cc408-hya,master-vm-02,9.9.3.151,elasticsearch_os_load5,0
2023/4/12 19:17,1681298267,cc-cc408-hya,master-vm-02,9.9.3.151,elasticsearch_os_load5,0
2023/4/12 19:18,1681298327,cc-cc408-hya,master-vm-02,9.9.3.151,elasticsearch_os_load5,0
2023/4/12 19:19,1681298387,cc-cc408-hya,master-vm-02,9.9.3.151,elasticsearch_os_load5,0
2023/4/12 19:20,1681298447,cc-cc408-hya,master-vm-02,9.9.3.151,elasticsearch_os_load5,0
2023/4/12 19:21,1681298507,cc-cc408-hya,master-vm-02,9.9.3.151,elasticsearch_os_load5,0
2023/4/12 19:22,1681298567,cc-cc408-hya,master-vm-02,9.9.3.151,elasticsearch_os_load5,0
2023/4/12 19:23,1681298627,cc-cc408-hya,master-vm-02,9.9.3.151,elasticsearch_os_load5,0
2023/4/12 19:24,1681298687,cc-cc408-hya,master-vm-02,9.9.3.151,elasticsearch_os_load5,0
2023/4/12 19:25,1681298747,cc-cc408-hya,master-vm-02,9.9.3.151,elasticsearch_os_load5,0.02
2023/4/12 19:26,1681298807,cc-cc408-hya,master-vm-02,9.9.3.151,elasticsearch_os_load5,0.01
2023/4/12 19:27,1681298867,cc-cc408-hya,master-vm-02,9.9.3.151,elasticsearch_os_load5,0
2023/4/12 19:28,1681298927,cc-cc408-hya,master-vm-02,9.9.3.151,elasticsearch_os_load5,0.02
2023/4/12 19:29,1681298987,cc-cc408-hya,master-vm-02,9.9.3.151,elasticsearch_os_load5,0.04
2023/4/12 19:30,1681299047,cc-cc408-hya,master-vm-02,9.9.3.151,elasticsearch_os_load5,0.03
2023/4/12 19:31,1681299107,cc-cc408-hya,master-vm-02,9.9.3.151,elasticsearch_os_load5,0.02
2023/4/12 19:32,1681299167,cc-cc408-hya,master-vm-02,9.9.3.151,elasticsearch_os_load5,0.05
2023/4/12 19:33,1681299227,cc-cc408-hya,master-vm-02,9.9.3.151,elasticsearch_os_load5,0.05
2023/4/12 19:34,1681299287,cc-cc408-hya,master-vm-02,9.9.3.151,elasticsearch_os_load5,0.07
2023/4/12 19:35,1681299347,cc-cc408-hya,master-vm-02,9.9.3.151,elasticsearch_os_load5,0.11
2023/4/12 19:36,1681299407,cc-cc408-hya,master-vm-02,9.9.3.151,elasticsearch_os_load5,0.11
2023/4/12 19:37,1681299467,cc-cc408-hya,master-vm-02,9.9.3.151,elasticsearch_os_load5,0.2
2023/4/12 19:38,1681299527,cc-cc408-hya,master-vm-02,9.9.3.151,elasticsearch_os_load5,0.19
2023/4/12 19:39,1681299587,cc-cc408-hya,master-vm-02,9.9.3.151,elasticsearch_os_load5,0.17
2023/4/12 19:40,1681299647,cc-cc408-hya,master-vm-02,9.9.3.151,elasticsearch_os_load5,0.13
2023/4/12 19:41,1681299707,cc-cc408-hya,master-vm-02,9.9.3.151,elasticsearch_os_load5,0.12
2023/4/12 19:42,1681299767,cc-cc408-hya,master-vm-02,9.9.3.151,elasticsearch_os_load5,0.1
2023/4/12 19:43,1681299827,cc-cc408-hya,master-vm-02,9.9.3.151,elasticsearch_os_load5,0.08
2023/4/12 19:44,1681299887,cc-cc408-hya,master-vm-02,9.9.3.151,elasticsearch_os_load5,0.06
2023/4/12 19:45,1681299947,cc-cc408-hya,master-vm-02,9.9.3.151,elasticsearch_os_load5,0.05
2023/4/12 19:46,1681300007,cc-cc408-hya,master-vm-02,9.9.3.151,elasticsearch_os_load5,0.04
2023/4/12 19:47,1681300067,cc-cc408-hya,master-vm-02,9.9.3.151,elasticsearch_os_load5,0.03
2023/4/12 19:48,1681300127,cc-cc408-hya,master-vm-02,9.9.3.151,elasticsearch_os_load5,0.02
2023/4/12 19:49,1681300187,cc-cc408-hya,master-vm-02,9.9.3.151,elasticsearch_os_load5,0.01
2023/4/12 19:50,1681300247,cc-cc408-hya,master-vm-02,9.9.3.151,elasticsearch_os_load5,0.01
2023/4/12 19:51,1681300307,cc-cc408-hya,master-vm-02,9.9.3.151,elasticsearch_os_load5,0
2023/4/12 19:52,1681300367,cc-cc408-hya,master-vm-02,9.9.3.151,elasticsearch_os_load5,0
2023/4/12 19:53,1681300427,cc-cc408-hya,master-vm-02,9.9.3.151,elasticsearch_os_load5,0
2023/4/12 19:54,1681300487,cc-cc408-hya,master-vm-02,9.9.3.151,elasticsearch_os_load5,0
2023/4/12 19:55,1681300547,cc-cc408-hya,master-vm-02,9.9.3.151,elasticsearch_os_load5,0
2023/4/12 19:56,1681300607,cc-cc408-hya,master-vm-02,9.9.3.151,elasticsearch_os_load5,0
2023/4/12 19:57,1681300667,cc-cc408-hya,master-vm-02,9.9.3.151,elasticsearch_os_load5,0
2023/4/12 19:58,1681300727,cc-cc408-hya,master-vm-02,9.9.3.151,elasticsearch_os_load5,0
2023/4/12 19:59,1681300787,cc-cc408-hya,master-vm-02,9.9.3.151,elasticsearch_os_load5,0.01
2023/4/12 20:00,1681300847,cc-cc408-hya,master-vm-02,9.9.3.151,elasticsearch_os_load5,0.01
2023/4/12 20:01,1681300907,cc-cc408-hya,master-vm-02,9.9.3.151,elasticsearch_os_load5,0.03
2023/4/12 20:02,1681300967,cc-cc408-hya,master-vm-02,9.9.3.151,elasticsearch_os_load5,0.02
2023/4/12 20:03,1681301027,cc-cc408-hya,master-vm-02,9.9.3.151,elasticsearch_os_load5,0.02
2023/4/12 20:04,1681301087,cc-cc408-hya,master-vm-02,9.9.3.151,elasticsearch_os_load5,0.01
2023/4/12 20:05,1681301147,cc-cc408-hya,master-vm-02,9.9.3.151,elasticsearch_os_load5,0.02
2023/4/12 20:06,1681301207,cc-cc408-hya,master-vm-02,9.9.3.151,elasticsearch_os_load5,0.6
2023/4/12 20:07,1681301267,cc-cc408-hya,master-vm-02,9.9.3.151,elasticsearch_os_load5,0.49
2023/4/12 20:08,1681301327,cc-cc408-hya,master-vm-02,9.9.3.151,elasticsearch_os_load5,0.4
2023/4/12 20:09,1681301387,cc-cc408-hya,master-vm-02,9.9.3.151,elasticsearch_os_load5,0.34
2023/4/12 20:10,1681301447,cc-cc408-hya,master-vm-02,9.9.3.151,elasticsearch_os_load5,0.31
2023/4/12 20:11,1681301507,cc-cc408-hya,master-vm-02,9.9.3.151,elasticsearch_os_load5,0.25
2023/4/12 20:12,1681301567,cc-cc408-hya,master-vm-02,9.9.3.151,elasticsearch_os_load5,0.2
2023/4/12 20:13,1681301627,cc-cc408-hya,master-vm-02,9.9.3.151,elasticsearch_os_load5,0.16
2023/4/12 20:14,1681301687,cc-cc408-hya,master-vm-02,9.9.3.151,elasticsearch_os_load5,0.16
2023/4/12 20:15,1681301747,cc-cc408-hya,master-vm-02,9.9.3.151,elasticsearch_os_load5,0.13
2023/4/12 20:16,1681301807,cc-cc408-hya,master-vm-02,9.9.3.151,elasticsearch_os_load5,0.1
2023/4/12 20:17,1681301867,cc-cc408-hya,master-vm-02,9.9.3.151,elasticsearch_os_load5,0.1
2023/4/12 20:18,1681301927,cc-cc408-hya,master-vm-02,9.9.3.151,elasticsearch_os_load5,0.08
2023/4/12 20:19,1681301987,cc-cc408-hya,master-vm-02,9.9.3.151,elasticsearch_os_load5,0.34
2023/4/12 20:20,1681302047,cc-cc408-hya,master-vm-02,9.9.3.151,elasticsearch_os_load5,0.33
2023/4/12 20:21,1681302107,cc-cc408-hya,master-vm-02,9.9.3.151,elasticsearch_os_load5,0.27
2023/4/12 20:22,1681302167,cc-cc408-hya,master-vm-02,9.9.3.151,elasticsearch_os_load5,0.22
2023/4/12 20:23,1681302227,cc-cc408-hya,master-vm-02,9.9.3.151,elasticsearch_os_load5,0.17
2023/4/12 20:24,1681302287,cc-cc408-hya,master-vm-02,9.9.3.151,elasticsearch_os_load5,0.14
2023/4/12 20:25,1681302347,cc-cc408-hya,master-vm-02,9.9.3.151,elasticsearch_os_load5,0.14
2023/4/12 20:26,1681302407,cc-cc408-hya,master-vm-02,9.9.3.151,elasticsearch_os_load5,0.11
2023/4/12 20:27,1681302467,cc-cc408-hya,master-vm-02,9.9.3.151,elasticsearch_os_load5,0.09
2023/4/12 20:28,1681302527,cc-cc408-hya,master-vm-02,9.9.3.151,elasticsearch_os_load5,0.09
2023/4/12 20:29,1681302587,cc-cc408-hya,master-vm-02,9.9.3.151,elasticsearch_os_load5,0.07
2023/4/12 20:30,1681302647,cc-cc408-hya,master-vm-02,9.9.3.151,elasticsearch_os_load5,0.05
2023/4/12 20:31,1681302707,cc-cc408-hya,master-vm-02,9.9.3.151,elasticsearch_os_load5,0.06
2023/4/12 20:32,1681302767,cc-cc408-hya,master-vm-02,9.9.3.151,elasticsearch_os_load5,0.05
2023/4/12 20:33,1681302827,cc-cc408-hya,master-vm-02,9.9.3.151,elasticsearch_os_load5,0.04
2023/4/12 20:34,1681302887,cc-cc408-hya,master-vm-02,9.9.3.151,elasticsearch_os_load5,0.03
2023/4/12 20:35,1681302947,cc-cc408-hya,master-vm-02,9.9.3.151,elasticsearch_os_load5,0.02
2023/4/12 20:36,1681303007,cc-cc408-hya,master-vm-02,9.9.3.151,elasticsearch_os_load5,0.04
2023/4/12 20:37,1681303067,cc-cc408-hya,master-vm-02,9.9.3.151,elasticsearch_os_load5,0.03
2023/4/12 20:38,1681303127,cc-cc408-hya,master-vm-02,9.9.3.151,elasticsearch_os_load5,0.02
2023/4/12 20:39,1681303187,cc-cc408-hya,master-vm-02,9.9.3.151,elasticsearch_os_load5,0.03
2023/4/12 20:40,1681303247,cc-cc408-hya,master-vm-02,9.9.3.151,elasticsearch_os_load5,0.03
2023/4/12 20:41,1681303307,cc-cc408-hya,master-vm-02,9.9.3.151,elasticsearch_os_load5,0.02
2023/4/12 20:42,1681303367,cc-cc408-hya,master-vm-02,9.9.3.151,elasticsearch_os_load5,0.03
2023/4/12 20:43,1681303427,cc-cc408-hya,master-vm-02,9.9.3.151,elasticsearch_os_load5,0.02
2023/4/12 20:44,1681303487,cc-cc408-hya,master-vm-02,9.9.3.151,elasticsearch_os_load5,0.04
2023/4/12 20:45,1681303547,cc-cc408-hya,master-vm-02,9.9.3.151,elasticsearch_os_load5,0.03
2023/4/12 20:46,1681303607,cc-cc408-hya,master-vm-02,9.9.3.151,elasticsearch_os_load5,0.02
2023/4/12 20:47,1681303667,cc-cc408-hya,master-vm-02,9.9.3.151,elasticsearch_os_load5,0.05
2023/4/12 20:48,1681303727,cc-cc408-hya,master-vm-02,9.9.3.151,elasticsearch_os_load5,0.05
2023/4/12 20:49,1681303787,cc-cc408-hya,master-vm-02,9.9.3.151,elasticsearch_os_load5,0.05
2023/4/12 20:50,1681303847,cc-cc408-hya,master-vm-02,9.9.3.151,elasticsearch_os_load5,0.04
2023/4/12 20:51,1681303907,cc-cc408-hya,master-vm-02,9.9.3.151,elasticsearch_os_load5,0.05
2023/4/12 20:52,1681303967,cc-cc408-hya,master-vm-02,9.9.3.151,elasticsearch_os_load5,0.07
2023/4/12 20:53,1681304027,cc-cc408-hya,master-vm-02,9.9.3.151,elasticsearch_os_load5,0.05
2023/4/12 20:54,1681304087,cc-cc408-hya,master-vm-02,9.9.3.151,elasticsearch_os_load5,0.07
2023/4/12 20:55,1681304147,cc-cc408-hya,master-vm-02,9.9.3.151,elasticsearch_os_load5,0.11
2023/4/12 20:56,1681304207,cc-cc408-hya,master-vm-02,9.9.3.151,elasticsearch_os_load5,0.09
2023/4/12 20:57,1681304267,cc-cc408-hya,master-vm-02,9.9.3.151,elasticsearch_os_load5,0.07
2023/4/12 20:58,1681304327,cc-cc408-hya,master-vm-02,9.9.3.151,elasticsearch_os_load5,0.08
2023/4/12 20:59,1681304387,cc-cc408-hya,master-vm-02,9.9.3.151,elasticsearch_os_load5,0.08
2023/4/12 21:00,1681304447,cc-cc408-hya,master-vm-02,9.9.3.151,elasticsearch_os_load5,0.06
2023/4/12 21:01,1681304507,cc-cc408-hya,master-vm-02,9.9.3.151,elasticsearch_os_load5,0.14
2023/4/12 21:02,1681304567,cc-cc408-hya,master-vm-02,9.9.3.151,elasticsearch_os_load5,0.11
2023/4/12 21:03,1681304627,cc-cc408-hya,master-vm-02,9.9.3.151,elasticsearch_os_load5,0.1
2023/4/12 21:04,1681304687,cc-cc408-hya,master-vm-02,9.9.3.151,elasticsearch_os_load5,0.1
2023/4/12 21:05,1681304747,cc-cc408-hya,master-vm-02,9.9.3.151,elasticsearch_os_load5,0.08
2023/4/12 21:06,1681304807,cc-cc408-hya,master-vm-02,9.9.3.151,elasticsearch_os_load5,0.08
2023/4/12 21:07,1681304867,cc-cc408-hya,master-vm-02,9.9.3.151,elasticsearch_os_load5,0.06
2023/4/12 21:08,1681304927,cc-cc408-hya,master-vm-02,9.9.3.151,elasticsearch_os_load5,0.05
2023/4/12 21:09,1681304987,cc-cc408-hya,master-vm-02,9.9.3.151,elasticsearch_os_load5,0.04
2023/4/12 21:10,1681305047,cc-cc408-hya,master-vm-02,9.9.3.151,elasticsearch_os_load5,0.03
2023/4/12 21:11,1681305107,cc-cc408-hya,master-vm-02,9.9.3.151,elasticsearch_os_load5,0.02
2023/4/12 21:12,1681305167,cc-cc408-hya,master-vm-02,9.9.3.151,elasticsearch_os_load5,0.02
2023/4/12 21:13,1681305227,cc-cc408-hya,master-vm-02,9.9.3.151,elasticsearch_os_load5,0.03
2023/4/12 21:14,1681305287,cc-cc408-hya,master-vm-02,9.9.3.151,elasticsearch_os_load5,0.03
2023/4/12 21:15,1681305347,cc-cc408-hya,master-vm-02,9.9.3.151,elasticsearch_os_load5,0.04
2023/4/12 21:16,1681305407,cc-cc408-hya,master-vm-02,9.9.3.151,elasticsearch_os_load5,0.03
2023/4/12 21:17,1681305467,cc-cc408-hya,master-vm-02,9.9.3.151,elasticsearch_os_load5,0.02
2023/4/12 21:18,1681305527,cc-cc408-hya,master-vm-02,9.9.3.151,elasticsearch_os_load5,0.02
2023/4/12 21:19,1681305587,cc-cc408-hya,master-vm-02,9.9.3.151,elasticsearch_os_load5,0.01
2023/4/12 21:20,1681305647,cc-cc408-hya,master-vm-02,9.9.3.151,elasticsearch_os_load5,0.01
2023/4/12 21:21,1681305707,cc-cc408-hya,master-vm-02,9.9.3.151,elasticsearch_os_load5,0
2023/4/12 21:22,1681305767,cc-cc408-hya,master-vm-02,9.9.3.151,elasticsearch_os_load5,0
2023/4/12 21:23,1681305827,cc-cc408-hya,master-vm-02,9.9.3.151,elasticsearch_os_load5,0
2023/4/12 21:24,1681305887,cc-cc408-hya,master-vm-02,9.9.3.151,elasticsearch_os_load5,0
2023/4/12 21:25,1681305947,cc-cc408-hya,master-vm-02,9.9.3.151,elasticsearch_os_load5,0
2023/4/12 21:26,1681306007,cc-cc408-hya,master-vm-02,9.9.3.151,elasticsearch_os_load5,0
2023/4/12 21:27,1681306067,cc-cc408-hya,master-vm-02,9.9.3.151,elasticsearch_os_load5,0.01
2023/4/12 21:28,1681306127,cc-cc408-hya,master-vm-02,9.9.3.151,elasticsearch_os_load5,0.04
2023/4/12 21:29,1681306187,cc-cc408-hya,master-vm-02,9.9.3.151,elasticsearch_os_load5,0.09
2023/4/12 21:30,1681306247,cc-cc408-hya,master-vm-02,9.9.3.151,elasticsearch_os_load5,0.07
2023/4/12 21:31,1681306307,cc-cc408-hya,master-vm-02,9.9.3.151,elasticsearch_os_load5,0.05
2023/4/12 21:32,1681306367,cc-cc408-hya,master-vm-02,9.9.3.151,elasticsearch_os_load5,0.04
2023/4/12 21:33,1681306427,cc-cc408-hya,master-vm-02,9.9.3.151,elasticsearch_os_load5,0.03
2023/4/12 21:34,1681306487,cc-cc408-hya,master-vm-02,9.9.3.151,elasticsearch_os_load5,0.02
2023/4/12 21:35,1681306547,cc-cc408-hya,master-vm-02,9.9.3.151,elasticsearch_os_load5,0.09
2023/4/12 21:36,1681306607,cc-cc408-hya,master-vm-02,9.9.3.151,elasticsearch_os_load5,0.07
2023/4/12 21:37,1681306667,cc-cc408-hya,master-vm-02,9.9.3.151,elasticsearch_os_load5,0.05
2023/4/12 21:38,1681306727,cc-cc408-hya,master-vm-02,9.9.3.151,elasticsearch_os_load5,0.04
2023/4/12 21:39,1681306787,cc-cc408-hya,master-vm-02,9.9.3.151,elasticsearch_os_load5,0.05
2023/4/12 21:40,1681306847,cc-cc408-hya,master-vm-02,9.9.3.151,elasticsearch_os_load5,0.06
2023/4/12 21:41,1681306907,cc-cc408-hya,master-vm-02,9.9.3.151,elasticsearch_os_load5,0.14
2023/4/12 21:42,1681306967,cc-cc408-hya,master-vm-02,9.9.3.151,elasticsearch_os_load5,0.24
2023/4/12 21:43,1681307027,cc-cc408-hya,master-vm-02,9.9.3.151,elasticsearch_os_load5,0.33
2023/4/12 21:44,1681307087,cc-cc408-hya,master-vm-02,9.9.3.151,elasticsearch_os_load5,0.28
2023/4/12 21:45,1681307147,cc-cc408-hya,master-vm-02,9.9.3.151,elasticsearch_os_load5,0.23
2023/4/12 21:46,1681307207,cc-cc408-hya,master-vm-02,9.9.3.151,elasticsearch_os_load5,0.2
2023/4/12 21:47,1681307267,cc-cc408-hya,master-vm-02,9.9.3.151,elasticsearch_os_load5,0.17
2023/4/12 21:48,1681307327,cc-cc408-hya,master-vm-02,9.9.3.151,elasticsearch_os_load5,0.14
2023/4/12 21:49,1681307387,cc-cc408-hya,master-vm-02,9.9.3.151,elasticsearch_os_load5,0.11
2023/4/12 21:50,1681307447,cc-cc408-hya,master-vm-02,9.9.3.151,elasticsearch_os_load5,0.09
2023/4/12 21:51,1681307507,cc-cc408-hya,master-vm-02,9.9.3.151,elasticsearch_os_load5,0.07
2023/4/12 21:52,1681307567,cc-cc408-hya,master-vm-02,9.9.3.151,elasticsearch_os_load5,0.05
2023/4/12 21:53,1681307627,cc-cc408-hya,master-vm-02,9.9.3.151,elasticsearch_os_load5,0.06
2023/4/12 21:54,1681307687,cc-cc408-hya,master-vm-02,9.9.3.151,elasticsearch_os_load5,0.05
2023/4/12 21:55,1681307747,cc-cc408-hya,master-vm-02,9.9.3.151,elasticsearch_os_load5,0.03
2023/4/12 21:56,1681307807,cc-cc408-hya,master-vm-02,9.9.3.151,elasticsearch_os_load5,0.03
2023/4/12 21:57,1681307867,cc-cc408-hya,master-vm-02,9.9.3.151,elasticsearch_os_load5,0.02
2023/4/12 21:58,1681307927,cc-cc408-hya,master-vm-02,9.9.3.151,elasticsearch_os_load5,0.01
2023/4/12 21:59,1681307987,cc-cc408-hya,master-vm-02,9.9.3.151,elasticsearch_os_load5,0.01
2023/4/12 22:00,1681308047,cc-cc408-hya,master-vm-02,9.9.3.151,elasticsearch_os_load5,0.02
2023/4/12 22:01,1681308107,cc-cc408-hya,master-vm-02,9.9.3.151,elasticsearch_os_load5,0.01
2023/4/12 22:02,1681308167,cc-cc408-hya,master-vm-02,9.9.3.151,elasticsearch_os_load5,0.04
2023/4/12 22:03,1681308227,cc-cc408-hya,master-vm-02,9.9.3.151,elasticsearch_os_load5,0.04
2023/4/12 22:04,1681308287,cc-cc408-hya,master-vm-02,9.9.3.151,elasticsearch_os_load5,0.03
2023/4/12 22:05,1681308347,cc-cc408-hya,master-vm-02,9.9.3.151,elasticsearch_os_load5,0.02
2023/4/12 22:06,1681308407,cc-cc408-hya,master-vm-02,9.9.3.151,elasticsearch_os_load5,0.03
2023/4/12 22:07,1681308467,cc-cc408-hya,master-vm-02,9.9.3.151,elasticsearch_os_load5,0.04
2023/4/12 22:08,1681308527,cc-cc408-hya,master-vm-02,9.9.3.151,elasticsearch_os_load5,0.04
2023/4/12 22:09,1681308587,cc-cc408-hya,master-vm-02,9.9.3.151,elasticsearch_os_load5,0.03
2023/4/12 22:10,1681308647,cc-cc408-hya,master-vm-02,9.9.3.151,elasticsearch_os_load5,0.04
2023/4/12 22:11,1681308707,cc-cc408-hya,master-vm-02,9.9.3.151,elasticsearch_os_load5,0.1
2023/4/12 22:12,1681308767,cc-cc408-hya,master-vm-02,9.9.3.151,elasticsearch_os_load5,0.08
2023/4/12 22:13,1681308827,cc-cc408-hya,master-vm-02,9.9.3.151,elasticsearch_os_load5,0.06
2023/4/12 22:14,1681308887,cc-cc408-hya,master-vm-02,9.9.3.151,elasticsearch_os_load5,0.05
2023/4/12 22:15,1681308947,cc-cc408-hya,master-vm-02,9.9.3.151,elasticsearch_os_load5,0.05
2023/4/12 22:16,1681309007,cc-cc408-hya,master-vm-02,9.9.3.151,elasticsearch_os_load5,0.11
2023/4/12 22:17,1681309067,cc-cc408-hya,master-vm-02,9.9.3.151,elasticsearch_os_load5,0.2
2023/4/12 22:18,1681309127,cc-cc408-hya,master-vm-02,9.9.3.151,elasticsearch_os_load5,0.18
2023/4/12 22:19,1681309187,cc-cc408-hya,master-vm-02,9.9.3.151,elasticsearch_os_load5,0.14
2023/4/12 22:20,1681309247,cc-cc408-hya,master-vm-02,9.9.3.151,elasticsearch_os_load5,0.11
2023/4/12 22:21,1681309307,cc-cc408-hya,master-vm-02,9.9.3.151,elasticsearch_os_load5,0.13
2023/4/12 22:22,1681309367,cc-cc408-hya,master-vm-02,9.9.3.151,elasticsearch_os_load5,0.11
2023/4/12 22:23,1681309427,cc-cc408-hya,master-vm-02,9.9.3.151,elasticsearch_os_load5,0.09
2023/4/12 22:24,1681309487,cc-cc408-hya,master-vm-02,9.9.3.151,elasticsearch_os_load5,0.14
2023/4/12 22:25,1681309547,cc-cc408-hya,master-vm-02,9.9.3.151,elasticsearch_os_load5,0.22
2023/4/12 22:26,1681309607,cc-cc408-hya,master-vm-02,9.9.3.151,elasticsearch_os_load5,0.22
2023/4/12 22:27,1681309667,cc-cc408-hya,master-vm-02,9.9.3.151,elasticsearch_os_load5,0.18
2023/4/12 22:28,1681309727,cc-cc408-hya,master-vm-02,9.9.3.151,elasticsearch_os_load5,0.14
2023/4/12 22:29,1681309787,cc-cc408-hya,master-vm-02,9.9.3.151,elasticsearch_os_load5,0.12
2023/4/12 22:30,1681309847,cc-cc408-hya,master-vm-02,9.9.3.151,elasticsearch_os_load5,0.09
2023/4/12 22:31,1681309907,cc-cc408-hya,master-vm-02,9.9.3.151,elasticsearch_os_load5,0.07
2023/4/12 22:32,1681309967,cc-cc408-hya,master-vm-02,9.9.3.151,elasticsearch_os_load5,0.06
2023/4/12 22:33,1681310027,cc-cc408-hya,master-vm-02,9.9.3.151,elasticsearch_os_load5,0.04
2023/4/12 22:34,1681310087,cc-cc408-hya,master-vm-02,9.9.3.151,elasticsearch_os_load5,0.03
2023/4/12 22:35,1681310147,cc-cc408-hya,master-vm-02,9.9.3.151,elasticsearch_os_load5,0.03
2023/4/12 22:36,1681310207,cc-cc408-hya,master-vm-02,9.9.3.151,elasticsearch_os_load5,0.02
2023/4/12 22:37,1681310267,cc-cc408-hya,master-vm-02,9.9.3.151,elasticsearch_os_load5,0.01
2023/4/12 22:38,1681310327,cc-cc408-hya,master-vm-02,9.9.3.151,elasticsearch_os_load5,0.01
2023/4/12 22:39,1681310387,cc-cc408-hya,master-vm-02,9.9.3.151,elasticsearch_os_load5,0.02
2023/4/12 22:40,1681310447,cc-cc408-hya,master-vm-02,9.9.3.151,elasticsearch_os_load5,0.01
2023/4/12 22:41,1681310507,cc-cc408-hya,master-vm-02,9.9.3.151,elasticsearch_os_load5,0.01
2023/4/12 22:42,1681310567,cc-cc408-hya,master-vm-02,9.9.3.151,elasticsearch_os_load5,0
2023/4/12 22:43,1681310627,cc-cc408-hya,master-vm-02,9.9.3.151,elasticsearch_os_load5,0
2023/4/12 22:44,1681310687,cc-cc408-hya,master-vm-02,9.9.3.151,elasticsearch_os_load5,0
2023/4/12 22:45,1681310747,cc-cc408-hya,master-vm-02,9.9.3.151,elasticsearch_os_load5,0.01
2023/4/12 22:46,1681310807,cc-cc408-hya,master-vm-02,9.9.3.151,elasticsearch_os_load5,0.01
2023/4/12 22:47,1681310867,cc-cc408-hya,master-vm-02,9.9.3.151,elasticsearch_os_load5,0.02
2023/4/12 22:48,1681310927,cc-cc408-hya,master-vm-02,9.9.3.151,elasticsearch_os_load5,0.03
2023/4/12 22:49,1681310987,cc-cc408-hya,master-vm-02,9.9.3.151,elasticsearch_os_load5,0.02
2023/4/12 22:50,1681311047,cc-cc408-hya,master-vm-02,9.9.3.151,elasticsearch_os_load5,0.01
2023/4/12 22:51,1681311107,cc-cc408-hya,master-vm-02,9.9.3.151,elasticsearch_os_load5,0.01
2023/4/12 22:52,1681311167,cc-cc408-hya,master-vm-02,9.9.3.151,elasticsearch_os_load5,0
2023/4/12 22:53,1681311227,cc-cc408-hya,master-vm-02,9.9.3.151,elasticsearch_os_load5,0.01
2023/4/12 22:54,1681311287,cc-cc408-hya,master-vm-02,9.9.3.151,elasticsearch_os_load5,0.01
2023/4/12 22:55,1681311347,cc-cc408-hya,master-vm-02,9.9.3.151,elasticsearch_os_load5,0
2023/4/12 22:56,1681311407,cc-cc408-hya,master-vm-02,9.9.3.151,elasticsearch_os_load5,0
2023/4/12 22:57,1681311467,cc-cc408-hya,master-vm-02,9.9.3.151,elasticsearch_os_load5,0
2023/4/12 22:58,1681311527,cc-cc408-hya,master-vm-02,9.9.3.151,elasticsearch_os_load5,0
2023/4/12 22:59,1681311587,cc-cc408-hya,master-vm-02,9.9.3.151,elasticsearch_os_load5,0.01
2023/4/12 23:00,1681311647,cc-cc408-hya,master-vm-02,9.9.3.151,elasticsearch_os_load5,0.02
2023/4/12 23:01,1681311707,cc-cc408-hya,master-vm-02,9.9.3.151,elasticsearch_os_load5,0.08
2023/4/12 23:02,1681311767,cc-cc408-hya,master-vm-02,9.9.3.151,elasticsearch_os_load5,0.08
2023/4/12 23:03,1681311827,cc-cc408-hya,master-vm-02,9.9.3.151,elasticsearch_os_load5,0.08
2023/4/12 23:04,1681311887,cc-cc408-hya,master-vm-02,9.9.3.151,elasticsearch_os_load5,0.08
2023/4/12 23:05,1681311947,cc-cc408-hya,master-vm-02,9.9.3.151,elasticsearch_os_load5,0.06
2023/4/12 23:06,1681312007,cc-cc408-hya,master-vm-02,9.9.3.151,elasticsearch_os_load5,0.12
2023/4/12 23:07,1681312067,cc-cc408-hya,master-vm-02,9.9.3.151,elasticsearch_os_load5,0.18
2023/4/12 23:08,1681312127,cc-cc408-hya,master-vm-02,9.9.3.151,elasticsearch_os_load5,0.14
2023/4/12 23:09,1681312187,cc-cc408-hya,master-vm-02,9.9.3.151,elasticsearch_os_load5,0.11
2023/4/12 23:10,1681312247,cc-cc408-hya,master-vm-02,9.9.3.151,elasticsearch_os_load5,0.09
2023/4/12 23:11,1681312307,cc-cc408-hya,master-vm-02,9.9.3.151,elasticsearch_os_load5,0.07
2023/4/12 23:12,1681312367,cc-cc408-hya,master-vm-02,9.9.3.151,elasticsearch_os_load5,0.07
2023/4/12 23:13,1681312427,cc-cc408-hya,master-vm-02,9.9.3.151,elasticsearch_os_load5,0.06
2023/4/12 23:14,1681312487,cc-cc408-hya,master-vm-02,9.9.3.151,elasticsearch_os_load5,0.04
2023/4/12 23:15,1681312547,cc-cc408-hya,master-vm-02,9.9.3.151,elasticsearch_os_load5,0.05
2023/4/12 23:16,1681312607,cc-cc408-hya,master-vm-02,9.9.3.151,elasticsearch_os_load5,0.04
2023/4/12 23:17,1681312667,cc-cc408-hya,master-vm-02,9.9.3.151,elasticsearch_os_load5,0.03
2023/4/12 23:18,1681312727,cc-cc408-hya,master-vm-02,9.9.3.151,elasticsearch_os_load5,0.02
2023/4/12 23:19,1681312787,cc-cc408-hya,master-vm-02,9.9.3.151,elasticsearch_os_load5,0.02
2023/4/12 23:20,1681312847,cc-cc408-hya,master-vm-02,9.9.3.151,elasticsearch_os_load5,0.01
2023/4/12 23:21,1681312907,cc-cc408-hya,master-vm-02,9.9.3.151,elasticsearch_os_load5,0
2023/4/12 23:22,1681312967,cc-cc408-hya,master-vm-02,9.9.3.151,elasticsearch_os_load5,0
2023/4/12 23:23,1681313027,cc-cc408-hya,master-vm-02,9.9.3.151,elasticsearch_os_load5,0.11
2023/4/12 23:24,1681313087,cc-cc408-hya,master-vm-02,9.9.3.151,elasticsearch_os_load5,0.08
2023/4/12 23:25,1681313147,cc-cc408-hya,master-vm-02,9.9.3.151,elasticsearch_os_load5,0.07
2023/4/12 23:26,1681313207,cc-cc408-hya,master-vm-02,9.9.3.151,elasticsearch_os_load5,0.05
2023/4/12 23:27,1681313267,cc-cc408-hya,master-vm-02,9.9.3.151,elasticsearch_os_load5,0.04
2023/4/12 23:28,1681313327,cc-cc408-hya,master-vm-02,9.9.3.151,elasticsearch_os_load5,0.03
2023/4/12 23:29,1681313387,cc-cc408-hya,master-vm-02,9.9.3.151,elasticsearch_os_load5,0.04
2023/4/12 23:30,1681313447,cc-cc408-hya,master-vm-02,9.9.3.151,elasticsearch_os_load5,0.03
2023/4/12 23:31,1681313507,cc-cc408-hya,master-vm-02,9.9.3.151,elasticsearch_os_load5,0.02
2023/4/12 23:32,1681313567,cc-cc408-hya,master-vm-02,9.9.3.151,elasticsearch_os_load5,0.03
2023/4/12 23:33,1681313627,cc-cc408-hya,master-vm-02,9.9.3.151,elasticsearch_os_load5,0.02
2023/4/12 23:34,1681313687,cc-cc408-hya,master-vm-02,9.9.3.151,elasticsearch_os_load5,0.05
2023/4/12 23:35,1681313747,cc-cc408-hya,master-vm-02,9.9.3.151,elasticsearch_os_load5,0.06
2023/4/12 23:36,1681313807,cc-cc408-hya,master-vm-02,9.9.3.151,elasticsearch_os_load5,0.06
2023/4/12 23:37,1681313867,cc-cc408-hya,master-vm-02,9.9.3.151,elasticsearch_os_load5,0.05
2023/4/12 23:38,1681313927,cc-cc408-hya,master-vm-02,9.9.3.151,elasticsearch_os_load5,0.04
2023/4/12 23:39,1681313987,cc-cc408-hya,master-vm-02,9.9.3.151,elasticsearch_os_load5,0.04
2023/4/12 23:40,1681314047,cc-cc408-hya,master-vm-02,9.9.3.151,elasticsearch_os_load5,0.03
2023/4/12 23:41,1681314107,cc-cc408-hya,master-vm-02,9.9.3.151,elasticsearch_os_load5,0.02
2023/4/12 23:42,1681314167,cc-cc408-hya,master-vm-02,9.9.3.151,elasticsearch_os_load5,0.05
2023/4/12 23:43,1681314227,cc-cc408-hya,master-vm-02,9.9.3.151,elasticsearch_os_load5,0.04
2023/4/12 23:44,1681314287,cc-cc408-hya,master-vm-02,9.9.3.151,elasticsearch_os_load5,0.03
2023/4/12 23:45,1681314347,cc-cc408-hya,master-vm-02,9.9.3.151,elasticsearch_os_load5,0.02
2023/4/12 23:46,1681314407,cc-cc408-hya,master-vm-02,9.9.3.151,elasticsearch_os_load5,0.01
2023/4/12 23:47,1681314467,cc-cc408-hya,master-vm-02,9.9.3.151,elasticsearch_os_load5,0.03
2023/4/12 23:48,1681314527,cc-cc408-hya,master-vm-02,9.9.3.151,elasticsearch_os_load5,0.13
2023/4/12 23:49,1681314587,cc-cc408-hya,master-vm-02,9.9.3.151,elasticsearch_os_load5,0.18
2023/4/12 23:50,1681314647,cc-cc408-hya,master-vm-02,9.9.3.151,elasticsearch_os_load5,0.16
2023/4/12 23:51,1681314707,cc-cc408-hya,master-vm-02,9.9.3.151,elasticsearch_os_load5,0.16
2023/4/12 23:52,1681314767,cc-cc408-hya,master-vm-02,9.9.3.151,elasticsearch_os_load5,0.14
2023/4/12 23:53,1681314827,cc-cc408-hya,master-vm-02,9.9.3.151,elasticsearch_os_load5,0.11
2023/4/12 23:54,1681314887,cc-cc408-hya,master-vm-02,9.9.3.151,elasticsearch_os_load5,0.09
2023/4/12 23:55,1681314947,cc-cc408-hya,master-vm-02,9.9.3.151,elasticsearch_os_load5,0.07
2023/4/12 23:56,1681315007,cc-cc408-hya,master-vm-02,9.9.3.151,elasticsearch_os_load5,0.07
2023/4/12 23:57,1681315067,cc-cc408-hya,master-vm-02,9.9.3.151,elasticsearch_os_load5,0.07
2023/4/12 23:58,1681315127,cc-cc408-hya,master-vm-02,9.9.3.151,elasticsearch_os_load5,0.06
2023/4/12 23:59,1681315187,cc-cc408-hya,master-vm-02,9.9.3.151,elasticsearch_os_load5,0.04
2023/4/13 0:00,1681315247,cc-cc408-hya,master-vm-02,9.9.3.151,elasticsearch_os_load5,0.03
2023/4/13 0:01,1681315307,cc-cc408-hya,master-vm-02,9.9.3.151,elasticsearch_os_load5,0.02
2023/4/13 0:02,1681315367,cc-cc408-hya,master-vm-02,9.9.3.151,elasticsearch_os_load5,0.03
2023/4/13 0:03,1681315427,cc-cc408-hya,master-vm-02,9.9.3.151,elasticsearch_os_load5,0.04
2023/4/13 0:04,1681315487,cc-cc408-hya,master-vm-02,9.9.3.151,elasticsearch_os_load5,0.06
2023/4/13 0:05,1681315547,cc-cc408-hya,master-vm-02,9.9.3.151,elasticsearch_os_load5,0.05
2023/4/13 0:06,1681315607,cc-cc408-hya,master-vm-02,9.9.3.151,elasticsearch_os_load5,0.04
2023/4/13 0:07,1681315667,cc-cc408-hya,master-vm-02,9.9.3.151,elasticsearch_os_load5,0.03
2023/4/13 0:08,1681315727,cc-cc408-hya,master-vm-02,9.9.3.151,elasticsearch_os_load5,0.04
2023/4/13 0:09,1681315787,cc-cc408-hya,master-vm-02,9.9.3.151,elasticsearch_os_load5,0.03
2023/4/13 0:10,1681315847,cc-cc408-hya,master-vm-02,9.9.3.151,elasticsearch_os_load5,0.02
2023/4/13 0:11,1681315907,cc-cc408-hya,master-vm-02,9.9.3.151,elasticsearch_os_load5,0.01
2023/4/13 0:12,1681315967,cc-cc408-hya,master-vm-02,9.9.3.151,elasticsearch_os_load5,0.01
2023/4/13 0:13,1681316027,cc-cc408-hya,master-vm-02,9.9.3.151,elasticsearch_os_load5,0
2023/4/13 0:14,1681316087,cc-cc408-hya,master-vm-02,9.9.3.151,elasticsearch_os_load5,0.02
2023/4/13 0:15,1681316147,cc-cc408-hya,master-vm-02,9.9.3.151,elasticsearch_os_load5,0.01
2023/4/13 0:16,1681316207,cc-cc408-hya,master-vm-02,9.9.3.151,elasticsearch_os_load5,0.08
2023/4/13 0:17,1681316267,cc-cc408-hya,master-vm-02,9.9.3.151,elasticsearch_os_load5,0.09
2023/4/13 0:18,1681316327,cc-cc408-hya,master-vm-02,9.9.3.151,elasticsearch_os_load5,0.07
2023/4/13 0:19,1681316387,cc-cc408-hya,master-vm-02,9.9.3.151,elasticsearch_os_load5,0.07
2023/4/13 0:20,1681316447,cc-cc408-hya,master-vm-02,9.9.3.151,elasticsearch_os_load5,0.06
2023/4/13 0:21,1681316507,cc-cc408-hya,master-vm-02,9.9.3.151,elasticsearch_os_load5,0.06
2023/4/13 0:22,1681316567,cc-cc408-hya,master-vm-02,9.9.3.151,elasticsearch_os_load5,0.05
2023/4/13 0:23,1681316627,cc-cc408-hya,master-vm-02,9.9.3.151,elasticsearch_os_load5,0.04
2023/4/13 0:24,1681316687,cc-cc408-hya,master-vm-02,9.9.3.151,elasticsearch_os_load5,0.03
2023/4/13 0:25,1681316747,cc-cc408-hya,master-vm-02,9.9.3.151,elasticsearch_os_load5,0.03
2023/4/13 0:26,1681316807,cc-cc408-hya,master-vm-02,9.9.3.151,elasticsearch_os_load5,0.02
2023/4/13 0:27,1681316867,cc-cc408-hya,master-vm-02,9.9.3.151,elasticsearch_os_load5,0.02
2023/4/13 0:28,1681316927,cc-cc408-hya,master-vm-02,9.9.3.151,elasticsearch_os_load5,0.23
2023/4/13 0:29,1681316987,cc-cc408-hya,master-vm-02,9.9.3.151,elasticsearch_os_load5,0.19
2023/4/13 0:30,1681317047,cc-cc408-hya,master-vm-02,9.9.3.151,elasticsearch_os_load5,0.25
2023/4/13 0:31,1681317107,cc-cc408-hya,master-vm-02,9.9.3.151,elasticsearch_os_load5,0.25
2023/4/13 0:32,1681317167,cc-cc408-hya,master-vm-02,9.9.3.151,elasticsearch_os_load5,0.58
2023/4/13 0:33,1681317227,cc-cc408-hya,master-vm-02,9.9.3.151,elasticsearch_os_load5,0.49
2023/4/13 0:34,1681317287,cc-cc408-hya,master-vm-02,9.9.3.151,elasticsearch_os_load5,0.4
2023/4/13 0:35,1681317347,cc-cc408-hya,master-vm-02,9.9.3.151,elasticsearch_os_load5,0.32
2023/4/13 0:36,1681317407,cc-cc408-hya,master-vm-02,9.9.3.151,elasticsearch_os_load5,0.26
2023/4/13 0:37,1681317467,cc-cc408-hya,master-vm-02,9.9.3.151,elasticsearch_os_load5,0.23
2023/4/13 0:38,1681317527,cc-cc408-hya,master-vm-02,9.9.3.151,elasticsearch_os_load5,0.18
2023/4/13 0:39,1681317587,cc-cc408-hya,master-vm-02,9.9.3.151,elasticsearch_os_load5,0.15
2023/4/13 0:40,1681317647,cc-cc408-hya,master-vm-02,9.9.3.151,elasticsearch_os_load5,0.12
2023/4/13 0:41,1681317707,cc-cc408-hya,master-vm-02,9.9.3.151,elasticsearch_os_load5,0.09
2023/4/13 0:42,1681317767,cc-cc408-hya,master-vm-02,9.9.3.151,elasticsearch_os_load5,0.07
2023/4/13 0:43,1681317827,cc-cc408-hya,master-vm-02,9.9.3.151,elasticsearch_os_load5,0.07
2023/4/13 0:44,1681317887,cc-cc408-hya,master-vm-02,9.9.3.151,elasticsearch_os_load5,0.06
2023/4/13 0:45,1681317947,cc-cc408-hya,master-vm-02,9.9.3.151,elasticsearch_os_load5,0.06
2023/4/13 0:46,1681318007,cc-cc408-hya,master-vm-02,9.9.3.151,elasticsearch_os_load5,0.08
2023/4/13 0:47,1681318067,cc-cc408-hya,master-vm-02,9.9.3.151,elasticsearch_os_load5,0.09
2023/4/13 0:48,1681318127,cc-cc408-hya,master-vm-02,9.9.3.151,elasticsearch_os_load5,0.07
2023/4/13 0:49,1681318187,cc-cc408-hya,master-vm-02,9.9.3.151,elasticsearch_os_load5,0.06
2023/4/13 0:50,1681318247,cc-cc408-hya,master-vm-02,9.9.3.151,elasticsearch_os_load5,0.04
2023/4/13 0:51,1681318307,cc-cc408-hya,master-vm-02,9.9.3.151,elasticsearch_os_load5,0.05
2023/4/13 0:52,1681318367,cc-cc408-hya,master-vm-02,9.9.3.151,elasticsearch_os_load5,0.06
2023/4/13 0:53,1681318427,cc-cc408-hya,master-vm-02,9.9.3.151,elasticsearch_os_load5,0.04
2023/4/13 0:54,1681318487,cc-cc408-hya,master-vm-02,9.9.3.151,elasticsearch_os_load5,0.03
2023/4/13 0:55,1681318547,cc-cc408-hya,master-vm-02,9.9.3.151,elasticsearch_os_load5,0.05
2023/4/13 0:56,1681318607,cc-cc408-hya,master-vm-02,9.9.3.151,elasticsearch_os_load5,0.06
2023/4/13 0:57,1681318667,cc-cc408-hya,master-vm-02,9.9.3.151,elasticsearch_os_load5,0.06
2023/4/13 0:58,1681318727,cc-cc408-hya,master-vm-02,9.9.3.151,elasticsearch_os_load5,0.09
2023/4/13 0:59,1681318787,cc-cc408-hya,master-vm-02,9.9.3.151,elasticsearch_os_load5,0.07
2023/4/13 1:00,1681318847,cc-cc408-hya,master-vm-02,9.9.3.151,elasticsearch_os_load5,0.05
2023/4/13 1:01,1681318907,cc-cc408-hya,master-vm-02,9.9.3.151,elasticsearch_os_load5,0.06
2023/4/13 1:02,1681318967,cc-cc408-hya,master-vm-02,9.9.3.151,elasticsearch_os_load5,0.04
2023/4/13 1:03,1681319027,cc-cc408-hya,master-vm-02,9.9.3.151,elasticsearch_os_load5,0.03
2023/4/13 1:04,1681319087,cc-cc408-hya,master-vm-02,9.9.3.151,elasticsearch_os_load5,0.02
2023/4/13 1:05,1681319147,cc-cc408-hya,master-vm-02,9.9.3.151,elasticsearch_os_load5,0.02
2023/4/13 1:06,1681319207,cc-cc408-hya,master-vm-02,9.9.3.151,elasticsearch_os_load5,0.08
2023/4/13 1:07,1681319267,cc-cc408-hya,master-vm-02,9.9.3.151,elasticsearch_os_load5,0.15
2023/4/13 1:08,1681319327,cc-cc408-hya,master-vm-02,9.9.3.151,elasticsearch_os_load5,0.14
2023/4/13 1:09,1681319387,cc-cc408-hya,master-vm-02,9.9.3.151,elasticsearch_os_load5,0.12
2023/4/13 1:10,1681319447,cc-cc408-hya,master-vm-02,9.9.3.151,elasticsearch_os_load5,0.1
2023/4/13 1:11,1681319507,cc-cc408-hya,master-vm-02,9.9.3.151,elasticsearch_os_load5,0.23
2023/4/13 1:12,1681319567,cc-cc408-hya,master-vm-02,9.9.3.151,elasticsearch_os_load5,0.2
2023/4/13 1:13,1681319627,cc-cc408-hya,master-vm-02,9.9.3.151,elasticsearch_os_load5,0.19
2023/4/13 1:14,1681319687,cc-cc408-hya,master-vm-02,9.9.3.151,elasticsearch_os_load5,0.16
2023/4/13 1:15,1681319747,cc-cc408-hya,master-vm-02,9.9.3.151,elasticsearch_os_load5,0.14
2023/4/13 1:16,1681319807,cc-cc408-hya,master-vm-02,9.9.3.151,elasticsearch_os_load5,0.11
2023/4/13 1:17,1681319867,cc-cc408-hya,master-vm-02,9.9.3.151,elasticsearch_os_load5,0.09
2023/4/13 1:18,1681319927,cc-cc408-hya,master-vm-02,9.9.3.151,elasticsearch_os_load5,0.07
2023/4/13 1:19,1681319987,cc-cc408-hya,master-vm-02,9.9.3.151,elasticsearch_os_load5,0.06
2023/4/13 1:20,1681320047,cc-cc408-hya,master-vm-02,9.9.3.151,elasticsearch_os_load5,0.04
2023/4/13 1:21,1681320107,cc-cc408-hya,master-vm-02,9.9.3.151,elasticsearch_os_load5,0.03
2023/4/13 1:22,1681320167,cc-cc408-hya,master-vm-02,9.9.3.151,elasticsearch_os_load5,0.02
2023/4/13 1:23,1681320227,cc-cc408-hya,master-vm-02,9.9.3.151,elasticsearch_os_load5,0.02
2023/4/13 1:24,1681320287,cc-cc408-hya,master-vm-02,9.9.3.151,elasticsearch_os_load5,0.12
2023/4/13 1:25,1681320347,cc-cc408-hya,master-vm-02,9.9.3.151,elasticsearch_os_load5,0.1
2023/4/13 1:26,1681320407,cc-cc408-hya,master-vm-02,9.9.3.151,elasticsearch_os_load5,0.09
2023/4/13 1:27,1681320467,cc-cc408-hya,master-vm-02,9.9.3.151,elasticsearch_os_load5,0.07
2023/4/13 1:28,1681320527,cc-cc408-hya,master-vm-02,9.9.3.151,elasticsearch_os_load5,0.06
2023/4/13 1:29,1681320587,cc-cc408-hya,master-vm-02,9.9.3.151,elasticsearch_os_load5,0.35
2023/4/13 1:30,1681320647,cc-cc408-hya,master-vm-02,9.9.3.151,elasticsearch_os_load5,0.3
2023/4/13 1:31,1681320707,cc-cc408-hya,master-vm-02,9.9.3.151,elasticsearch_os_load5,0.24
2023/4/13 1:32,1681320767,cc-cc408-hya,master-vm-02,9.9.3.151,elasticsearch_os_load5,0.2
2023/4/13 1:33,1681320827,cc-cc408-hya,master-vm-02,9.9.3.151,elasticsearch_os_load5,0.16
2023/4/13 1:34,1681320887,cc-cc408-hya,master-vm-02,9.9.3.151,elasticsearch_os_load5,0.13
2023/4/13 1:35,1681320947,cc-cc408-hya,master-vm-02,9.9.3.151,elasticsearch_os_load5,0.1
2023/4/13 1:36,1681321007,cc-cc408-hya,master-vm-02,9.9.3.151,elasticsearch_os_load5,0.08
2023/4/13 1:37,1681321067,cc-cc408-hya,master-vm-02,9.9.3.151,elasticsearch_os_load5,0.06
2023/4/13 1:38,1681321127,cc-cc408-hya,master-vm-02,9.9.3.151,elasticsearch_os_load5,0.08
2023/4/13 1:39,1681321187,cc-cc408-hya,master-vm-02,9.9.3.151,elasticsearch_os_load5,0.12
2023/4/13 1:40,1681321247,cc-cc408-hya,master-vm-02,9.9.3.151,elasticsearch_os_load5,0.11
2023/4/13 1:41,1681321307,cc-cc408-hya,master-vm-02,9.9.3.151,elasticsearch_os_load5,0.09
2023/4/13 1:42,1681321367,cc-cc408-hya,master-vm-02,9.9.3.151,elasticsearch_os_load5,0.07
2023/4/13 1:43,1681321427,cc-cc408-hya,master-vm-02,9.9.3.151,elasticsearch_os_load5,0.05
2023/4/13 1:44,1681321487,cc-cc408-hya,master-vm-02,9.9.3.151,elasticsearch_os_load5,0.04
2023/4/13 1:45,1681321547,cc-cc408-hya,master-vm-02,9.9.3.151,elasticsearch_os_load5,0.03
2023/4/13 1:46,1681321607,cc-cc408-hya,master-vm-02,9.9.3.151,elasticsearch_os_load5,0.02
2023/4/13 1:47,1681321667,cc-cc408-hya,master-vm-02,9.9.3.151,elasticsearch_os_load5,0.02
2023/4/13 1:48,1681321727,cc-cc408-hya,master-vm-02,9.9.3.151,elasticsearch_os_load5,0.05
2023/4/13 1:49,1681321787,cc-cc408-hya,master-vm-02,9.9.3.151,elasticsearch_os_load5,0.08
2023/4/13 1:50,1681321847,cc-cc408-hya,master-vm-02,9.9.3.151,elasticsearch_os_load5,0.07
2023/4/13 1:51,1681321907,cc-cc408-hya,master-vm-02,9.9.3.151,elasticsearch_os_load5,0.05
2023/4/13 1:52,1681321967,cc-cc408-hya,master-vm-02,9.9.3.151,elasticsearch_os_load5,0.04
2023/4/13 1:53,1681322027,cc-cc408-hya,master-vm-02,9.9.3.151,elasticsearch_os_load5,0.18
2023/4/13 1:54,1681322087,cc-cc408-hya,master-vm-02,9.9.3.151,elasticsearch_os_load5,0.19
2023/4/13 1:55,1681322147,cc-cc408-hya,master-vm-02,9.9.3.151,elasticsearch_os_load5,0.17
2023/4/13 1:56,1681322207,cc-cc408-hya,master-vm-02,9.9.3.151,elasticsearch_os_load5,0.16
2023/4/13 1:57,1681322267,cc-cc408-hya,master-vm-02,9.9.3.151,elasticsearch_os_load5,0.13
2023/4/13 1:58,1681322327,cc-cc408-hya,master-vm-02,9.9.3.151,elasticsearch_os_load5,0.1
2023/4/13 1:59,1681322387,cc-cc408-hya,master-vm-02,9.9.3.151,elasticsearch_os_load5,0.08
2023/4/13 2:00,1681322447,cc-cc408-hya,master-vm-02,9.9.3.151,elasticsearch_os_load5,0.08
2023/4/13 2:01,1681322507,cc-cc408-hya,master-vm-02,9.9.3.151,elasticsearch_os_load5,0.06
2023/4/13 2:02,1681322567,cc-cc408-hya,master-vm-02,9.9.3.151,elasticsearch_os_load5,0.06
2023/4/13 2:03,1681322627,cc-cc408-hya,master-vm-02,9.9.3.151,elasticsearch_os_load5,0.06
2023/4/13 2:04,1681322687,cc-cc408-hya,master-vm-02,9.9.3.151,elasticsearch_os_load5,0.05
2023/4/13 2:05,1681322747,cc-cc408-hya,master-vm-02,9.9.3.151,elasticsearch_os_load5,0.04
2023/4/13 2:06,1681322807,cc-cc408-hya,master-vm-02,9.9.3.151,elasticsearch_os_load5,0.03
2023/4/13 2:07,1681322867,cc-cc408-hya,master-vm-02,9.9.3.151,elasticsearch_os_load5,0.02
2023/4/13 2:08,1681322927,cc-cc408-hya,master-vm-02,9.9.3.151,elasticsearch_os_load5,0.02
2023/4/13 2:09,1681322987,cc-cc408-hya,master-vm-02,9.9.3.151,elasticsearch_os_load5,0.01
2023/4/13 2:10,1681323047,cc-cc408-hya,master-vm-02,9.9.3.151,elasticsearch_os_load5,0
2023/4/13 2:11,1681323107,cc-cc408-hya,master-vm-02,9.9.3.151,elasticsearch_os_load5,0.05
2023/4/13 2:12,1681323167,cc-cc408-hya,master-vm-02,9.9.3.151,elasticsearch_os_load5,0.03
2023/4/13 2:13,1681323227,cc-cc408-hya,master-vm-02,9.9.3.151,elasticsearch_os_load5,0.04
2023/4/13 2:14,1681323287,cc-cc408-hya,master-vm-02,9.9.3.151,elasticsearch_os_load5,0.03
2023/4/13 2:15,1681323347,cc-cc408-hya,master-vm-02,9.9.3.151,elasticsearch_os_load5,0.02
2023/4/13 2:16,1681323407,cc-cc408-hya,master-vm-02,9.9.3.151,elasticsearch_os_load5,0.03
2023/4/13 2:17,1681323467,cc-cc408-hya,master-vm-02,9.9.3.151,elasticsearch_os_load5,0.03
2023/4/13 2:18,1681323527,cc-cc408-hya,master-vm-02,9.9.3.151,elasticsearch_os_load5,0.02
2023/4/13 2:19,1681323587,cc-cc408-hya,master-vm-02,9.9.3.151,elasticsearch_os_load5,0.01
2023/4/13 2:20,1681323647,cc-cc408-hya,master-vm-02,9.9.3.151,elasticsearch_os_load5,0.01
2023/4/13 2:21,1681323707,cc-cc408-hya,master-vm-02,9.9.3.151,elasticsearch_os_load5,0.06
2023/4/13 2:22,1681323767,cc-cc408-hya,master-vm-02,9.9.3.151,elasticsearch_os_load5,0.05
2023/4/13 2:23,1681323827,cc-cc408-hya,master-vm-02,9.9.3.151,elasticsearch_os_load5,0.05
2023/4/13 2:24,1681323887,cc-cc408-hya,master-vm-02,9.9.3.151,elasticsearch_os_load5,0.04
2023/4/13 2:25,1681323947,cc-cc408-hya,master-vm-02,9.9.3.151,elasticsearch_os_load5,0.06
2023/4/13 2:26,1681324007,cc-cc408-hya,master-vm-02,9.9.3.151,elasticsearch_os_load5,0.04
2023/4/13 2:27,1681324067,cc-cc408-hya,master-vm-02,9.9.3.151,elasticsearch_os_load5,0.08
2023/4/13 2:28,1681324127,cc-cc408-hya,master-vm-02,9.9.3.151,elasticsearch_os_load5,0.06
2023/4/13 2:29,1681324187,cc-cc408-hya,master-vm-02,9.9.3.151,elasticsearch_os_load5,0.06
2023/4/13 2:30,1681324247,cc-cc408-hya,master-vm-02,9.9.3.151,elasticsearch_os_load5,0.05
2023/4/13 2:31,1681324307,cc-cc408-hya,master-vm-02,9.9.3.151,elasticsearch_os_load5,0.04
2023/4/13 2:32,1681324367,cc-cc408-hya,master-vm-02,9.9.3.151,elasticsearch_os_load5,0.06
2023/4/13 2:33,1681324427,cc-cc408-hya,master-vm-02,9.9.3.151,elasticsearch_os_load5,0.04
2023/4/13 2:34,1681324487,cc-cc408-hya,master-vm-02,9.9.3.151,elasticsearch_os_load5,0.03
2023/4/13 2:35,1681324547,cc-cc408-hya,master-vm-02,9.9.3.151,elasticsearch_os_load5,0.11
2023/4/13 2:36,1681324607,cc-cc408-hya,master-vm-02,9.9.3.151,elasticsearch_os_load5,0.16
2023/4/13 2:37,1681324667,cc-cc408-hya,master-vm-02,9.9.3.151,elasticsearch_os_load5,0.13
2023/4/13 2:38,1681324727,cc-cc408-hya,master-vm-02,9.9.3.151,elasticsearch_os_load5,0.1
2023/4/13 2:39,1681324787,cc-cc408-hya,master-vm-02,9.9.3.151,elasticsearch_os_load5,0.08
2023/4/13 2:40,1681324847,cc-cc408-hya,master-vm-02,9.9.3.151,elasticsearch_os_load5,0.06
2023/4/13 2:41,1681324907,cc-cc408-hya,master-vm-02,9.9.3.151,elasticsearch_os_load5,0.05
2023/4/13 2:42,1681324967,cc-cc408-hya,master-vm-02,9.9.3.151,elasticsearch_os_load5,0.04
2023/4/13 2:43,1681325027,cc-cc408-hya,master-vm-02,9.9.3.151,elasticsearch_os_load5,0.03
2023/4/13 2:44,1681325087,cc-cc408-hya,master-vm-02,9.9.3.151,elasticsearch_os_load5,0.02
2023/4/13 2:45,1681325147,cc-cc408-hya,master-vm-02,9.9.3.151,elasticsearch_os_load5,0.02
2023/4/13 2:46,1681325207,cc-cc408-hya,master-vm-02,9.9.3.151,elasticsearch_os_load5,0.01
2023/4/13 2:47,1681325267,cc-cc408-hya,master-vm-02,9.9.3.151,elasticsearch_os_load5,0
2023/4/13 2:48,1681325327,cc-cc408-hya,master-vm-02,9.9.3.151,elasticsearch_os_load5,0
2023/4/13 2:49,1681325387,cc-cc408-hya,master-vm-02,9.9.3.151,elasticsearch_os_load5,0.01
2023/4/13 2:50,1681325447,cc-cc408-hya,master-vm-02,9.9.3.151,elasticsearch_os_load5,0.02
2023/4/13 2:51,1681325507,cc-cc408-hya,master-vm-02,9.9.3.151,elasticsearch_os_load5,0.02
2023/4/13 2:52,1681325567,cc-cc408-hya,master-vm-02,9.9.3.151,elasticsearch_os_load5,0.01
2023/4/13 2:53,1681325627,cc-cc408-hya,master-vm-02,9.9.3.151,elasticsearch_os_load5,0.02
2023/4/13 2:54,1681325687,cc-cc408-hya,master-vm-02,9.9.3.151,elasticsearch_os_load5,0.02
2023/4/13 2:55,1681325747,cc-cc408-hya,master-vm-02,9.9.3.151,elasticsearch_os_load5,0.01
2023/4/13 2:56,1681325807,cc-cc408-hya,master-vm-02,9.9.3.151,elasticsearch_os_load5,0.02
2023/4/13 2:57,1681325867,cc-cc408-hya,master-vm-02,9.9.3.151,elasticsearch_os_load5,0.02
2023/4/13 2:58,1681325927,cc-cc408-hya,master-vm-02,9.9.3.151,elasticsearch_os_load5,0.01
2023/4/13 2:59,1681325987,cc-cc408-hya,master-vm-02,9.9.3.151,elasticsearch_os_load5,0
2023/4/13 3:00,1681326047,cc-cc408-hya,master-vm-02,9.9.3.151,elasticsearch_os_load5,0
2023/4/13 3:01,1681326107,cc-cc408-hya,master-vm-02,9.9.3.151,elasticsearch_os_load5,0
2023/4/13 3:02,1681326167,cc-cc408-hya,master-vm-02,9.9.3.151,elasticsearch_os_load5,0
2023/4/13 3:03,1681326227,cc-cc408-hya,master-vm-02,9.9.3.151,elasticsearch_os_load5,0.03
2023/4/13 3:04,1681326287,cc-cc408-hya,master-vm-02,9.9.3.151,elasticsearch_os_load5,0.04
2023/4/13 3:05,1681326347,cc-cc408-hya,master-vm-02,9.9.3.151,elasticsearch_os_load5,0.79
2023/4/13 3:06,1681326407,cc-cc408-hya,master-vm-02,9.9.3.151,elasticsearch_os_load5,0.64
2023/4/13 3:07,1681326467,cc-cc408-hya,master-vm-02,9.9.3.151,elasticsearch_os_load5,0.52
2023/4/13 3:08,1681326527,cc-cc408-hya,master-vm-02,9.9.3.151,elasticsearch_os_load5,0.43
2023/4/13 3:09,1681326587,cc-cc408-hya,master-vm-02,9.9.3.151,elasticsearch_os_load5,0.39
2023/4/13 3:10,1681326647,cc-cc408-hya,master-vm-02,9.9.3.151,elasticsearch_os_load5,0.32
2023/4/13 3:11,1681326707,cc-cc408-hya,master-vm-02,9.9.3.151,elasticsearch_os_load5,0.27
2023/4/13 3:12,1681326767,cc-cc408-hya,master-vm-02,9.9.3.151,elasticsearch_os_load5,0.22
2023/4/13 3:13,1681326827,cc-cc408-hya,master-vm-02,9.9.3.151,elasticsearch_os_load5,0.2
2023/4/13 3:14,1681326887,cc-cc408-hya,master-vm-02,9.9.3.151,elasticsearch_os_load5,0.19
2023/4/13 3:15,1681326947,cc-cc408-hya,master-vm-02,9.9.3.151,elasticsearch_os_load5,0.31
2023/4/13 3:16,1681327007,cc-cc408-hya,master-vm-02,9.9.3.151,elasticsearch_os_load5,0.27
2023/4/13 3:17,1681327067,cc-cc408-hya,master-vm-02,9.9.3.151,elasticsearch_os_load5,0.27
2023/4/13 3:18,1681327127,cc-cc408-hya,master-vm-02,9.9.3.151,elasticsearch_os_load5,0.23
2023/4/13 3:19,1681327187,cc-cc408-hya,master-vm-02,9.9.3.151,elasticsearch_os_load5,0.23
2023/4/13 3:20,1681327247,cc-cc408-hya,master-vm-02,9.9.3.151,elasticsearch_os_load5,0.22
2023/4/13 3:21,1681327307,cc-cc408-hya,master-vm-02,9.9.3.151,elasticsearch_os_load5,0.17
2023/4/13 3:22,1681327367,cc-cc408-hya,master-vm-02,9.9.3.151,elasticsearch_os_load5,0.14
2023/4/13 3:23,1681327427,cc-cc408-hya,master-vm-02,9.9.3.151,elasticsearch_os_load5,0.11
2023/4/13 3:24,1681327487,cc-cc408-hya,master-vm-02,9.9.3.151,elasticsearch_os_load5,0.09
2023/4/13 3:25,1681327547,cc-cc408-hya,master-vm-02,9.9.3.151,elasticsearch_os_load5,0.07
2023/4/13 3:26,1681327607,cc-cc408-hya,master-vm-02,9.9.3.151,elasticsearch_os_load5,0.05
2023/4/13 3:27,1681327667,cc-cc408-hya,master-vm-02,9.9.3.151,elasticsearch_os_load5,0.04
2023/4/13 3:28,1681327727,cc-cc408-hya,master-vm-02,9.9.3.151,elasticsearch_os_load5,0.03
2023/4/13 3:29,1681327787,cc-cc408-hya,master-vm-02,9.9.3.151,elasticsearch_os_load5,0.02
2023/4/13 3:30,1681327847,cc-cc408-hya,master-vm-02,9.9.3.151,elasticsearch_os_load5,0.02
2023/4/13 3:31,1681327907,cc-cc408-hya,master-vm-02,9.9.3.151,elasticsearch_os_load5,0.03
2023/4/13 3:32,1681327967,cc-cc408-hya,master-vm-02,9.9.3.151,elasticsearch_os_load5,0.02
2023/4/13 3:33,1681328027,cc-cc408-hya,master-vm-02,9.9.3.151,elasticsearch_os_load5,0.02
2023/4/13 3:34,1681328087,cc-cc408-hya,master-vm-02,9.9.3.151,elasticsearch_os_load5,0.01
2023/4/13 3:35,1681328147,cc-cc408-hya,master-vm-02,9.9.3.151,elasticsearch_os_load5,0.04
2023/4/13 3:36,1681328207,cc-cc408-hya,master-vm-02,9.9.3.151,elasticsearch_os_load5,0.04
2023/4/13 3:37,1681328267,cc-cc408-hya,master-vm-02,9.9.3.151,elasticsearch_os_load5,0.03
2023/4/13 3:38,1681328327,cc-cc408-hya,master-vm-02,9.9.3.151,elasticsearch_os_load5,0.04
2023/4/13 3:39,1681328387,cc-cc408-hya,master-vm-02,9.9.3.151,elasticsearch_os_load5,0.03
2023/4/13 3:40,1681328447,cc-cc408-hya,master-vm-02,9.9.3.151,elasticsearch_os_load5,0.02
2023/4/13 3:41,1681328507,cc-cc408-hya,master-vm-02,9.9.3.151,elasticsearch_os_load5,0.02
2023/4/13 3:42,1681328567,cc-cc408-hya,master-vm-02,9.9.3.151,elasticsearch_os_load5,0.01
2023/4/13 3:43,1681328627,cc-cc408-hya,master-vm-02,9.9.3.151,elasticsearch_os_load5,0.01
2023/4/13 3:44,1681328687,cc-cc408-hya,master-vm-02,9.9.3.151,elasticsearch_os_load5,0
2023/4/13 3:45,1681328747,cc-cc408-hya,master-vm-02,9.9.3.151,elasticsearch_os_load5,0
2023/4/13 3:46,1681328807,cc-cc408-hya,master-vm-02,9.9.3.151,elasticsearch_os_load5,0.02
2023/4/13 3:47,1681328867,cc-cc408-hya,master-vm-02,9.9.3.151,elasticsearch_os_load5,0.01
2023/4/13 3:48,1681328927,cc-cc408-hya,master-vm-02,9.9.3.151,elasticsearch_os_load5,0
2023/4/13 3:49,1681328987,cc-cc408-hya,master-vm-02,9.9.3.151,elasticsearch_os_load5,0
2023/4/13 3:50,1681329047,cc-cc408-hya,master-vm-02,9.9.3.151,elasticsearch_os_load5,0
2023/4/13 3:51,1681329107,cc-cc408-hya,master-vm-02,9.9.3.151,elasticsearch_os_load5,0.05
2023/4/13 3:52,1681329167,cc-cc408-hya,master-vm-02,9.9.3.151,elasticsearch_os_load5,0.06
2023/4/13 3:53,1681329227,cc-cc408-hya,master-vm-02,9.9.3.151,elasticsearch_os_load5,0.04
2023/4/13 3:54,1681329287,cc-cc408-hya,master-vm-02,9.9.3.151,elasticsearch_os_load5,0.03
2023/4/13 3:55,1681329347,cc-cc408-hya,master-vm-02,9.9.3.151,elasticsearch_os_load5,0.04
2023/4/13 3:56,1681329407,cc-cc408-hya,master-vm-02,9.9.3.151,elasticsearch_os_load5,0.04
2023/4/13 3:57,1681329467,cc-cc408-hya,master-vm-02,9.9.3.151,elasticsearch_os_load5,0.03
2023/4/13 3:58,1681329527,cc-cc408-hya,master-vm-02,9.9.3.151,elasticsearch_os_load5,0.08
2023/4/13 3:59,1681329587,cc-cc408-hya,master-vm-02,9.9.3.151,elasticsearch_os_load5,0.09
2023/4/13 4:00,1681329647,cc-cc408-hya,master-vm-02,9.9.3.151,elasticsearch_os_load5,0.07
2023/4/13 4:01,1681329707,cc-cc408-hya,master-vm-02,9.9.3.151,elasticsearch_os_load5,0.06
2023/4/13 4:02,1681329767,cc-cc408-hya,master-vm-02,9.9.3.151,elasticsearch_os_load5,0.06
2023/4/13 4:03,1681329827,cc-cc408-hya,master-vm-02,9.9.3.151,elasticsearch_os_load5,0.04
2023/4/13 4:04,1681329887,cc-cc408-hya,master-vm-02,9.9.3.151,elasticsearch_os_load5,0.05
2023/4/13 4:05,1681329947,cc-cc408-hya,master-vm-02,9.9.3.151,elasticsearch_os_load5,0.04
2023/4/13 4:06,1681330007,cc-cc408-hya,master-vm-02,9.9.3.151,elasticsearch_os_load5,0.03
2023/4/13 4:07,1681330067,cc-cc408-hya,master-vm-02,9.9.3.151,elasticsearch_os_load5,0.02
2023/4/13 4:08,1681330127,cc-cc408-hya,master-vm-02,9.9.3.151,elasticsearch_os_load5,0.03
2023/4/13 4:09,1681330187,cc-cc408-hya,master-vm-02,9.9.3.151,elasticsearch_os_load5,0.02
2023/4/13 4:10,1681330247,cc-cc408-hya,master-vm-02,9.9.3.151,elasticsearch_os_load5,0.02
2023/4/13 4:11,1681330307,cc-cc408-hya,master-vm-02,9.9.3.151,elasticsearch_os_load5,0.01
2023/4/13 4:12,1681330367,cc-cc408-hya,master-vm-02,9.9.3.151,elasticsearch_os_load5,0.01
2023/4/13 4:13,1681330427,cc-cc408-hya,master-vm-02,9.9.3.151,elasticsearch_os_load5,0
2023/4/13 4:14,1681330487,cc-cc408-hya,master-vm-02,9.9.3.151,elasticsearch_os_load5,0
2023/4/13 4:15,1681330547,cc-cc408-hya,master-vm-02,9.9.3.151,elasticsearch_os_load5,0
2023/4/13 4:16,1681330607,cc-cc408-hya,master-vm-02,9.9.3.151,elasticsearch_os_load5,0.02
2023/4/13 4:17,1681330667,cc-cc408-hya,master-vm-02,9.9.3.151,elasticsearch_os_load5,0.01
2023/4/13 4:18,1681330727,cc-cc408-hya,master-vm-02,9.9.3.151,elasticsearch_os_load5,0
2023/4/13 4:19,1681330787,cc-cc408-hya,master-vm-02,9.9.3.151,elasticsearch_os_load5,0
2023/4/13 4:20,1681330847,cc-cc408-hya,master-vm-02,9.9.3.151,elasticsearch_os_load5,0
2023/4/13 4:21,1681330907,cc-cc408-hya,master-vm-02,9.9.3.151,elasticsearch_os_load5,0
2023/4/13 4:22,1681330967,cc-cc408-hya,master-vm-02,9.9.3.151,elasticsearch_os_load5,0
2023/4/13 4:23,1681331027,cc-cc408-hya,master-vm-02,9.9.3.151,elasticsearch_os_load5,0.01
2023/4/13 4:24,1681331087,cc-cc408-hya,master-vm-02,9.9.3.151,elasticsearch_os_load5,0.02
2023/4/13 4:25,1681331147,cc-cc408-hya,master-vm-02,9.9.3.151,elasticsearch_os_load5,0.02
2023/4/13 4:26,1681331207,cc-cc408-hya,master-vm-02,9.9.3.151,elasticsearch_os_load5,0.08
2023/4/13 4:27,1681331267,cc-cc408-hya,master-vm-02,9.9.3.151,elasticsearch_os_load5,0.07
2023/4/13 4:28,1681331327,cc-cc408-hya,master-vm-02,9.9.3.151,elasticsearch_os_load5,0.05
2023/4/13 4:29,1681331387,cc-cc408-hya,master-vm-02,9.9.3.151,elasticsearch_os_load5,0.04
2023/4/13 4:30,1681331447,cc-cc408-hya,master-vm-02,9.9.3.151,elasticsearch_os_load5,0.03
2023/4/13 4:31,1681331507,cc-cc408-hya,master-vm-02,9.9.3.151,elasticsearch_os_load5,0.02
2023/4/13 4:32,1681331567,cc-cc408-hya,master-vm-02,9.9.3.151,elasticsearch_os_load5,0.02
2023/4/13 4:33,1681331627,cc-cc408-hya,master-vm-02,9.9.3.151,elasticsearch_os_load5,0.07
2023/4/13 4:34,1681331687,cc-cc408-hya,master-vm-02,9.9.3.151,elasticsearch_os_load5,0.05
2023/4/13 4:35,1681331747,cc-cc408-hya,master-vm-02,9.9.3.151,elasticsearch_os_load5,0.06
2023/4/13 4:36,1681331807,cc-cc408-hya,master-vm-02,9.9.3.151,elasticsearch_os_load5,0.06
2023/4/13 4:37,1681331867,cc-cc408-hya,master-vm-02,9.9.3.151,elasticsearch_os_load5,0.05
2023/4/13 4:38,1681331927,cc-cc408-hya,master-vm-02,9.9.3.151,elasticsearch_os_load5,0.06
2023/4/13 4:39,1681331987,cc-cc408-hya,master-vm-02,9.9.3.151,elasticsearch_os_load5,0.05
2023/4/13 4:40,1681332047,cc-cc408-hya,master-vm-02,9.9.3.151,elasticsearch_os_load5,0.1
2023/4/13 4:41,1681332107,cc-cc408-hya,master-vm-02,9.9.3.151,elasticsearch_os_load5,0.13
2023/4/13 4:42,1681332167,cc-cc408-hya,master-vm-02,9.9.3.151,elasticsearch_os_load5,0.1
2023/4/13 4:43,1681332227,cc-cc408-hya,master-vm-02,9.9.3.151,elasticsearch_os_load5,0.1
2023/4/13 4:44,1681332287,cc-cc408-hya,master-vm-02,9.9.3.151,elasticsearch_os_load5,0.08
2023/4/13 4:45,1681332347,cc-cc408-hya,master-vm-02,9.9.3.151,elasticsearch_os_load5,0.06
2023/4/13 4:46,1681332407,cc-cc408-hya,master-vm-02,9.9.3.151,elasticsearch_os_load5,0.05
2023/4/13 4:47,1681332467,cc-cc408-hya,master-vm-02,9.9.3.151,elasticsearch_os_load5,0.04
2023/4/13 4:48,1681332527,cc-cc408-hya,master-vm-02,9.9.3.151,elasticsearch_os_load5,0.03
2023/4/13 4:49,1681332587,cc-cc408-hya,master-vm-02,9.9.3.151,elasticsearch_os_load5,0.02
2023/4/13 4:50,1681332647,cc-cc408-hya,master-vm-02,9.9.3.151,elasticsearch_os_load5,0.62
2023/4/13 4:51,1681332707,cc-cc408-hya,master-vm-02,9.9.3.151,elasticsearch_os_load5,0.5
2023/4/13 4:52,1681332767,cc-cc408-hya,master-vm-02,9.9.3.151,elasticsearch_os_load5,0.41
2023/4/13 4:53,1681332827,cc-cc408-hya,master-vm-02,9.9.3.151,elasticsearch_os_load5,0.33
2023/4/13 4:54,1681332887,cc-cc408-hya,master-vm-02,9.9.3.151,elasticsearch_os_load5,0.27
2023/4/13 4:55,1681332947,cc-cc408-hya,master-vm-02,9.9.3.151,elasticsearch_os_load5,0.22
2023/4/13 4:56,1681333007,cc-cc408-hya,master-vm-02,9.9.3.151,elasticsearch_os_load5,0.19
2023/4/13 4:57,1681333067,cc-cc408-hya,master-vm-02,9.9.3.151,elasticsearch_os_load5,0.15
2023/4/13 4:58,1681333127,cc-cc408-hya,master-vm-02,9.9.3.151,elasticsearch_os_load5,0.12
2023/4/13 4:59,1681333187,cc-cc408-hya,master-vm-02,9.9.3.151,elasticsearch_os_load5,0.1
2023/4/13 5:00,1681333247,cc-cc408-hya,master-vm-02,9.9.3.151,elasticsearch_os_load5,0.25
2023/4/13 5:01,1681333307,cc-cc408-hya,master-vm-02,9.9.3.151,elasticsearch_os_load5,0.2
2023/4/13 5:02,1681333367,cc-cc408-hya,master-vm-02,9.9.3.151,elasticsearch_os_load5,0.16
2023/4/13 5:03,1681333427,cc-cc408-hya,master-vm-02,9.9.3.151,elasticsearch_os_load5,0.13
2023/4/13 5:04,1681333487,cc-cc408-hya,master-vm-02,9.9.3.151,elasticsearch_os_load5,0.1
2023/4/13 5:05,1681333547,cc-cc408-hya,master-vm-02,9.9.3.151,elasticsearch_os_load5,0.08
2023/4/13 5:06,1681333607,cc-cc408-hya,master-vm-02,9.9.3.151,elasticsearch_os_load5,0.06
2023/4/13 5:07,1681333667,cc-cc408-hya,master-vm-02,9.9.3.151,elasticsearch_os_load5,0.05
2023/4/13 5:08,1681333727,cc-cc408-hya,master-vm-02,9.9.3.151,elasticsearch_os_load5,0.05
2023/4/13 5:09,1681333787,cc-cc408-hya,master-vm-02,9.9.3.151,elasticsearch_os_load5,0.05
2023/4/13 5:10,1681333847,cc-cc408-hya,master-vm-02,9.9.3.151,elasticsearch_os_load5,0.06
2023/4/13 5:11,1681333907,cc-cc408-hya,master-vm-02,9.9.3.151,elasticsearch_os_load5,0.06
2023/4/13 5:12,1681333967,cc-cc408-hya,master-vm-02,9.9.3.151,elasticsearch_os_load5,0.05
2023/4/13 5:13,1681334027,cc-cc408-hya,master-vm-02,9.9.3.151,elasticsearch_os_load5,0.04
2023/4/13 5:14,1681334087,cc-cc408-hya,master-vm-02,9.9.3.151,elasticsearch_os_load5,0.03
2023/4/13 5:15,1681334147,cc-cc408-hya,master-vm-02,9.9.3.151,elasticsearch_os_load5,0.03
2023/4/13 5:16,1681334207,cc-cc408-hya,master-vm-02,9.9.3.151,elasticsearch_os_load5,0.04
2023/4/13 5:17,1681334267,cc-cc408-hya,master-vm-02,9.9.3.151,elasticsearch_os_load5,0.03
2023/4/13 5:18,1681334327,cc-cc408-hya,master-vm-02,9.9.3.151,elasticsearch_os_load5,0.02
2023/4/13 5:19,1681334387,cc-cc408-hya,master-vm-02,9.9.3.151,elasticsearch_os_load5,0.1
2023/4/13 5:20,1681334447,cc-cc408-hya,master-vm-02,9.9.3.151,elasticsearch_os_load5,0.08
2023/4/13 5:21,1681334507,cc-cc408-hya,master-vm-02,9.9.3.151,elasticsearch_os_load5,0.06
2023/4/13 5:22,1681334567,cc-cc408-hya,master-vm-02,9.9.3.151,elasticsearch_os_load5,0.08
2023/4/13 5:23,1681334627,cc-cc408-hya,master-vm-02,9.9.3.151,elasticsearch_os_load5,0.15
2023/4/13 5:24,1681334687,cc-cc408-hya,master-vm-02,9.9.3.151,elasticsearch_os_load5,0.12
2023/4/13 5:25,1681334747,cc-cc408-hya,master-vm-02,9.9.3.151,elasticsearch_os_load5,0.09
2023/4/13 5:26,1681334807,cc-cc408-hya,master-vm-02,9.9.3.151,elasticsearch_os_load5,0.09
2023/4/13 5:27,1681334867,cc-cc408-hya,master-vm-02,9.9.3.151,elasticsearch_os_load5,0.07
2023/4/13 5:28,1681334927,cc-cc408-hya,master-vm-02,9.9.3.151,elasticsearch_os_load5,0.05
2023/4/13 5:29,1681334987,cc-cc408-hya,master-vm-02,9.9.3.151,elasticsearch_os_load5,0.04
2023/4/13 5:30,1681335047,cc-cc408-hya,master-vm-02,9.9.3.151,elasticsearch_os_load5,0.03
2023/4/13 5:31,1681335107,cc-cc408-hya,master-vm-02,9.9.3.151,elasticsearch_os_load5,0.02
2023/4/13 5:32,1681335167,cc-cc408-hya,master-vm-02,9.9.3.151,elasticsearch_os_load5,0.02
2023/4/13 5:33,1681335227,cc-cc408-hya,master-vm-02,9.9.3.151,elasticsearch_os_load5,0.01
2023/4/13 5:34,1681335287,cc-cc408-hya,master-vm-02,9.9.3.151,elasticsearch_os_load5,0.05
2023/4/13 5:35,1681335347,cc-cc408-hya,master-vm-02,9.9.3.151,elasticsearch_os_load5,0.04
2023/4/13 5:36,1681335407,cc-cc408-hya,master-vm-02,9.9.3.151,elasticsearch_os_load5,0.03
2023/4/13 5:37,1681335467,cc-cc408-hya,master-vm-02,9.9.3.151,elasticsearch_os_load5,0.04
2023/4/13 5:38,1681335527,cc-cc408-hya,master-vm-02,9.9.3.151,elasticsearch_os_load5,0.03
2023/4/13 5:39,1681335587,cc-cc408-hya,master-vm-02,9.9.3.151,elasticsearch_os_load5,0.04
2023/4/13 5:40,1681335647,cc-cc408-hya,master-vm-02,9.9.3.151,elasticsearch_os_load5,0.04
2023/4/13 5:41,1681335707,cc-cc408-hya,master-vm-02,9.9.3.151,elasticsearch_os_load5,0.03
2023/4/13 5:42,1681335767,cc-cc408-hya,master-vm-02,9.9.3.151,elasticsearch_os_load5,0.04
2023/4/13 5:43,1681335827,cc-cc408-hya,master-vm-02,9.9.3.151,elasticsearch_os_load5,0.03
2023/4/13 5:44,1681335887,cc-cc408-hya,master-vm-02,9.9.3.151,elasticsearch_os_load5,0.04
2023/4/13 5:45,1681335947,cc-cc408-hya,master-vm-02,9.9.3.151,elasticsearch_os_load5,0.03
2023/4/13 5:46,1681336007,cc-cc408-hya,master-vm-02,9.9.3.151,elasticsearch_os_load5,0.02
2023/4/13 5:47,1681336067,cc-cc408-hya,master-vm-02,9.9.3.151,elasticsearch_os_load5,0.03
2023/4/13 5:48,1681336127,cc-cc408-hya,master-vm-02,9.9.3.151,elasticsearch_os_load5,0.02
2023/4/13 5:49,1681336187,cc-cc408-hya,master-vm-02,9.9.3.151,elasticsearch_os_load5,0.02
2023/4/13 5:50,1681336247,cc-cc408-hya,master-vm-02,9.9.3.151,elasticsearch_os_load5,0.08
2023/4/13 5:51,1681336307,cc-cc408-hya,master-vm-02,9.9.3.151,elasticsearch_os_load5,0.06
2023/4/13 5:52,1681336367,cc-cc408-hya,master-vm-02,9.9.3.151,elasticsearch_os_load5,0.05
2023/4/13 5:53,1681336427,cc-cc408-hya,master-vm-02,9.9.3.151,elasticsearch_os_load5,0.04
2023/4/13 5:54,1681336487,cc-cc408-hya,master-vm-02,9.9.3.151,elasticsearch_os_load5,0.03
2023/4/13 5:55,1681336547,cc-cc408-hya,master-vm-02,9.9.3.151,elasticsearch_os_load5,0.08
2023/4/13 5:56,1681336607,cc-cc408-hya,master-vm-02,9.9.3.151,elasticsearch_os_load5,0.06
2023/4/13 5:57,1681336667,cc-cc408-hya,master-vm-02,9.9.3.151,elasticsearch_os_load5,0.06
2023/4/13 5:58,1681336727,cc-cc408-hya,master-vm-02,9.9.3.151,elasticsearch_os_load5,0.05
2023/4/13 5:59,1681336787,cc-cc408-hya,master-vm-02,9.9.3.151,elasticsearch_os_load5,0.04
2023/4/13 6:00,1681336847,cc-cc408-hya,master-vm-02,9.9.3.151,elasticsearch_os_load5,0.05
2023/4/13 6:01,1681336907,cc-cc408-hya,master-vm-02,9.9.3.151,elasticsearch_os_load5,0.04
2023/4/13 6:02,1681336967,cc-cc408-hya,master-vm-02,9.9.3.151,elasticsearch_os_load5,0.23
2023/4/13 6:03,1681337027,cc-cc408-hya,master-vm-02,9.9.3.151,elasticsearch_os_load5,0.28
2023/4/13 6:04,1681337087,cc-cc408-hya,master-vm-02,9.9.3.151,elasticsearch_os_load5,0.36
2023/4/13 6:05,1681337147,cc-cc408-hya,master-vm-02,9.9.3.151,elasticsearch_os_load5,0.3
2023/4/13 6:06,1681337207,cc-cc408-hya,master-vm-02,9.9.3.151,elasticsearch_os_load5,0.24
2023/4/13 6:07,1681337267,cc-cc408-hya,master-vm-02,9.9.3.151,elasticsearch_os_load5,0.21
2023/4/13 6:08,1681337327,cc-cc408-hya,master-vm-02,9.9.3.151,elasticsearch_os_load5,0.17
2023/4/13 6:09,1681337387,cc-cc408-hya,master-vm-02,9.9.3.151,elasticsearch_os_load5,0.14
2023/4/13 6:10,1681337447,cc-cc408-hya,master-vm-02,9.9.3.151,elasticsearch_os_load5,0.12
2023/4/13 6:11,1681337507,cc-cc408-hya,master-vm-02,9.9.3.151,elasticsearch_os_load5,0.11
2023/4/13 6:12,1681337567,cc-cc408-hya,master-vm-02,9.9.3.151,elasticsearch_os_load5,0.09
2023/4/13 6:13,1681337627,cc-cc408-hya,master-vm-02,9.9.3.151,elasticsearch_os_load5,0.07
2023/4/13 6:14,1681337687,cc-cc408-hya,master-vm-02,9.9.3.151,elasticsearch_os_load5,0.06
2023/4/13 6:15,1681337747,cc-cc408-hya,master-vm-02,9.9.3.151,elasticsearch_os_load5,0.04
2023/4/13 6:16,1681337807,cc-cc408-hya,master-vm-02,9.9.3.151,elasticsearch_os_load5,0.03
2023/4/13 6:17,1681337867,cc-cc408-hya,master-vm-02,9.9.3.151,elasticsearch_os_load5,0.02
2023/4/13 6:18,1681337927,cc-cc408-hya,master-vm-02,9.9.3.151,elasticsearch_os_load5,0.02
2023/4/13 6:19,1681337987,cc-cc408-hya,master-vm-02,9.9.3.151,elasticsearch_os_load5,0.01
2023/4/13 6:20,1681338047,cc-cc408-hya,master-vm-02,9.9.3.151,elasticsearch_os_load5,0.01
2023/4/13 6:21,1681338107,cc-cc408-hya,master-vm-02,9.9.3.151,elasticsearch_os_load5,0
2023/4/13 6:22,1681338167,cc-cc408-hya,master-vm-02,9.9.3.151,elasticsearch_os_load5,0
2023/4/13 6:23,1681338227,cc-cc408-hya,master-vm-02,9.9.3.151,elasticsearch_os_load5,0
2023/4/13 6:24,1681338287,cc-cc408-hya,master-vm-02,9.9.3.151,elasticsearch_os_load5,0
2023/4/13 6:25,1681338347,cc-cc408-hya,master-vm-02,9.9.3.151,elasticsearch_os_load5,0
2023/4/13 6:26,1681338407,cc-cc408-hya,master-vm-02,9.9.3.151,elasticsearch_os_load5,0.02
2023/4/13 6:27,1681338467,cc-cc408-hya,master-vm-02,9.9.3.151,elasticsearch_os_load5,0.01
2023/4/13 6:28,1681338527,cc-cc408-hya,master-vm-02,9.9.3.151,elasticsearch_os_load5,0
2023/4/13 6:29,1681338587,cc-cc408-hya,master-vm-02,9.9.3.151,elasticsearch_os_load5,0
2023/4/13 6:30,1681338647,cc-cc408-hya,master-vm-02,9.9.3.151,elasticsearch_os_load5,0
2023/4/13 6:31,1681338707,cc-cc408-hya,master-vm-02,9.9.3.151,elasticsearch_os_load5,0.01
2023/4/13 6:32,1681338767,cc-cc408-hya,master-vm-02,9.9.3.151,elasticsearch_os_load5,0.08
2023/4/13 6:33,1681338827,cc-cc408-hya,master-vm-02,9.9.3.151,elasticsearch_os_load5,0.08
2023/4/13 6:34,1681338887,cc-cc408-hya,master-vm-02,9.9.3.151,elasticsearch_os_load5,0.06
2023/4/13 6:35,1681338947,cc-cc408-hya,master-vm-02,9.9.3.151,elasticsearch_os_load5,0.06
2023/4/13 6:36,1681339007,cc-cc408-hya,master-vm-02,9.9.3.151,elasticsearch_os_load5,0.06
2023/4/13 6:37,1681339067,cc-cc408-hya,master-vm-02,9.9.3.151,elasticsearch_os_load5,0.05
2023/4/13 6:38,1681339127,cc-cc408-hya,master-vm-02,9.9.3.151,elasticsearch_os_load5,0.13
2023/4/13 6:39,1681339187,cc-cc408-hya,master-vm-02,9.9.3.151,elasticsearch_os_load5,0.18
2023/4/13 6:40,1681339247,cc-cc408-hya,master-vm-02,9.9.3.151,elasticsearch_os_load5,0.14
2023/4/13 6:41,1681339307,cc-cc408-hya,master-vm-02,9.9.3.151,elasticsearch_os_load5,0.13
2023/4/13 6:42,1681339367,cc-cc408-hya,master-vm-02,9.9.3.151,elasticsearch_os_load5,0.1
2023/4/13 6:43,1681339427,cc-cc408-hya,master-vm-02,9.9.3.151,elasticsearch_os_load5,0.11
2023/4/13 6:44,1681339487,cc-cc408-hya,master-vm-02,9.9.3.151,elasticsearch_os_load5,0.09
2023/4/13 6:45,1681339547,cc-cc408-hya,master-vm-02,9.9.3.151,elasticsearch_os_load5,0.18
2023/4/13 6:46,1681339607,cc-cc408-hya,master-vm-02,9.9.3.151,elasticsearch_os_load5,0.32
2023/4/13 6:47,1681339667,cc-cc408-hya,master-vm-02,9.9.3.151,elasticsearch_os_load5,0.26
2023/4/13 6:48,1681339727,cc-cc408-hya,master-vm-02,9.9.3.151,elasticsearch_os_load5,0.23
2023/4/13 6:49,1681339787,cc-cc408-hya,master-vm-02,9.9.3.151,elasticsearch_os_load5,0.18
2023/4/13 6:50,1681339847,cc-cc408-hya,master-vm-02,9.9.3.151,elasticsearch_os_load5,0.16
2023/4/13 6:51,1681339907,cc-cc408-hya,master-vm-02,9.9.3.151,elasticsearch_os_load5,0.13
2023/4/13 6:52,1681339967,cc-cc408-hya,master-vm-02,9.9.3.151,elasticsearch_os_load5,0.13
2023/4/13 6:53,1681340027,cc-cc408-hya,master-vm-02,9.9.3.151,elasticsearch_os_load5,0.11
2023/4/13 6:54,1681340087,cc-cc408-hya,master-vm-02,9.9.3.151,elasticsearch_os_load5,0.08
2023/4/13 6:55,1681340147,cc-cc408-hya,master-vm-02,9.9.3.151,elasticsearch_os_load5,0.08
2023/4/13 6:56,1681340207,cc-cc408-hya,master-vm-02,9.9.3.151,elasticsearch_os_load5,0.06
2023/4/13 6:57,1681340267,cc-cc408-hya,master-vm-02,9.9.3.151,elasticsearch_os_load5,0.05
2023/4/13 6:58,1681340327,cc-cc408-hya,master-vm-02,9.9.3.151,elasticsearch_os_load5,0.04
2023/4/13 6:59,1681340387,cc-cc408-hya,master-vm-02,9.9.3.151,elasticsearch_os_load5,0.03
2023/4/13 7:00,1681340447,cc-cc408-hya,master-vm-02,9.9.3.151,elasticsearch_os_load5,0.03
2023/4/13 7:01,1681340507,cc-cc408-hya,master-vm-02,9.9.3.151,elasticsearch_os_load5,0.03
2023/4/13 7:02,1681340567,cc-cc408-hya,master-vm-02,9.9.3.151,elasticsearch_os_load5,0.02
2023/4/13 7:03,1681340627,cc-cc408-hya,master-vm-02,9.9.3.151,elasticsearch_os_load5,0.01
2023/4/13 7:04,1681340687,cc-cc408-hya,master-vm-02,9.9.3.151,elasticsearch_os_load5,0.01
2023/4/13 7:05,1681340747,cc-cc408-hya,master-vm-02,9.9.3.151,elasticsearch_os_load5,0
2023/4/13 7:06,1681340807,cc-cc408-hya,master-vm-02,9.9.3.151,elasticsearch_os_load5,0
2023/4/13 7:07,1681340867,cc-cc408-hya,master-vm-02,9.9.3.151,elasticsearch_os_load5,0
2023/4/13 7:08,1681340927,cc-cc408-hya,master-vm-02,9.9.3.151,elasticsearch_os_load5,0
2023/4/13 7:09,1681340987,cc-cc408-hya,master-vm-02,9.9.3.151,elasticsearch_os_load5,0
2023/4/13 7:10,1681341047,cc-cc408-hya,master-vm-02,9.9.3.151,elasticsearch_os_load5,0
2023/4/13 7:11,1681341107,cc-cc408-hya,master-vm-02,9.9.3.151,elasticsearch_os_load5,0
2023/4/13 7:12,1681341167,cc-cc408-hya,master-vm-02,9.9.3.151,elasticsearch_os_load5,0
2023/4/13 7:13,1681341227,cc-cc408-hya,master-vm-02,9.9.3.151,elasticsearch_os_load5,0.01
2023/4/13 7:14,1681341287,cc-cc408-hya,master-vm-02,9.9.3.151,elasticsearch_os_load5,0.01
2023/4/13 7:15,1681341347,cc-cc408-hya,master-vm-02,9.9.3.151,elasticsearch_os_load5,0.12
2023/4/13 7:16,1681341407,cc-cc408-hya,master-vm-02,9.9.3.151,elasticsearch_os_load5,0.1
2023/4/13 7:17,1681341467,cc-cc408-hya,master-vm-02,9.9.3.151,elasticsearch_os_load5,0.08
2023/4/13 7:18,1681341527,cc-cc408-hya,master-vm-02,9.9.3.151,elasticsearch_os_load5,0.06
2023/4/13 7:19,1681341587,cc-cc408-hya,master-vm-02,9.9.3.151,elasticsearch_os_load5,0.06
2023/4/13 7:20,1681341647,cc-cc408-hya,master-vm-02,9.9.3.151,elasticsearch_os_load5,0.08
2023/4/13 7:21,1681341707,cc-cc408-hya,master-vm-02,9.9.3.151,elasticsearch_os_load5,0.06
2023/4/13 7:22,1681341767,cc-cc408-hya,master-vm-02,9.9.3.151,elasticsearch_os_load5,0.06
2023/4/13 7:23,1681341827,cc-cc408-hya,master-vm-02,9.9.3.151,elasticsearch_os_load5,0.05
2023/4/13 7:24,1681341887,cc-cc408-hya,master-vm-02,9.9.3.151,elasticsearch_os_load5,0.04
2023/4/13 7:25,1681341947,cc-cc408-hya,master-vm-02,9.9.3.151,elasticsearch_os_load5,0.11
2023/4/13 7:26,1681342007,cc-cc408-hya,master-vm-02,9.9.3.151,elasticsearch_os_load5,0.09
2023/4/13 7:27,1681342067,cc-cc408-hya,master-vm-02,9.9.3.151,elasticsearch_os_load5,0.07
2023/4/13 7:28,1681342127,cc-cc408-hya,master-vm-02,9.9.3.151,elasticsearch_os_load5,0.1
2023/4/13 7:29,1681342187,cc-cc408-hya,master-vm-02,9.9.3.151,elasticsearch_os_load5,0.08
2023/4/13 7:30,1681342247,cc-cc408-hya,master-vm-02,9.9.3.151,elasticsearch_os_load5,0.06
2023/4/13 7:31,1681342307,cc-cc408-hya,master-vm-02,9.9.3.151,elasticsearch_os_load5,0.08
2023/4/13 7:32,1681342367,cc-cc408-hya,master-vm-02,9.9.3.151,elasticsearch_os_load5,0.06
2023/4/13 7:33,1681342427,cc-cc408-hya,master-vm-02,9.9.3.151,elasticsearch_os_load5,0.05
2023/4/13 7:34,1681342487,cc-cc408-hya,master-vm-02,9.9.3.151,elasticsearch_os_load5,0.04
2023/4/13 7:35,1681342547,cc-cc408-hya,master-vm-02,9.9.3.151,elasticsearch_os_load5,0.04
2023/4/13 7:36,1681342607,cc-cc408-hya,master-vm-02,9.9.3.151,elasticsearch_os_load5,0.03
2023/4/13 7:37,1681342667,cc-cc408-hya,master-vm-02,9.9.3.151,elasticsearch_os_load5,0.04
2023/4/13 7:38,1681342727,cc-cc408-hya,master-vm-02,9.9.3.151,elasticsearch_os_load5,0.03
2023/4/13 7:39,1681342787,cc-cc408-hya,master-vm-02,9.9.3.151,elasticsearch_os_load5,0.03
2023/4/13 7:40,1681342847,cc-cc408-hya,master-vm-02,9.9.3.151,elasticsearch_os_load5,0.03
2023/4/13 7:41,1681342907,cc-cc408-hya,master-vm-02,9.9.3.151,elasticsearch_os_load5,0.02
2023/4/13 7:42,1681342967,cc-cc408-hya,master-vm-02,9.9.3.151,elasticsearch_os_load5,0.01
2023/4/13 7:43,1681343027,cc-cc408-hya,master-vm-02,9.9.3.151,elasticsearch_os_load5,0.01
2023/4/13 7:44,1681343087,cc-cc408-hya,master-vm-02,9.9.3.151,elasticsearch_os_load5,0
2023/4/13 7:45,1681343147,cc-cc408-hya,master-vm-02,9.9.3.151,elasticsearch_os_load5,0
2023/4/13 7:46,1681343207,cc-cc408-hya,master-vm-02,9.9.3.151,elasticsearch_os_load5,0
2023/4/13 7:47,1681343267,cc-cc408-hya,master-vm-02,9.9.3.151,elasticsearch_os_load5,0.02
2023/4/13 7:48,1681343327,cc-cc408-hya,master-vm-02,9.9.3.151,elasticsearch_os_load5,0.01
2023/4/13 7:49,1681343387,cc-cc408-hya,master-vm-02,9.9.3.151,elasticsearch_os_load5,0.02
2023/4/13 7:50,1681343447,cc-cc408-hya,master-vm-02,9.9.3.151,elasticsearch_os_load5,0.02
2023/4/13 7:51,1681343507,cc-cc408-hya,master-vm-02,9.9.3.151,elasticsearch_os_load5,0.01
2023/4/13 7:52,1681343567,cc-cc408-hya,master-vm-02,9.9.3.151,elasticsearch_os_load5,0
2023/4/13 7:53,1681343627,cc-cc408-hya,master-vm-02,9.9.3.151,elasticsearch_os_load5,0
2023/4/13 7:54,1681343687,cc-cc408-hya,master-vm-02,9.9.3.151,elasticsearch_os_load5,0.02
2023/4/13 7:55,1681343747,cc-cc408-hya,master-vm-02,9.9.3.151,elasticsearch_os_load5,0.04
2023/4/13 7:56,1681343807,cc-cc408-hya,master-vm-02,9.9.3.151,elasticsearch_os_load5,0.09
2023/4/13 7:57,1681343867,cc-cc408-hya,master-vm-02,9.9.3.151,elasticsearch_os_load5,0.08
2023/4/13 7:58,1681343927,cc-cc408-hya,master-vm-02,9.9.3.151,elasticsearch_os_load5,0.07
2023/4/13 7:59,1681343987,cc-cc408-hya,master-vm-02,9.9.3.151,elasticsearch_os_load5,0.08
2023/4/13 8:00,1681344047,cc-cc408-hya,master-vm-02,9.9.3.151,elasticsearch_os_load5,0.08
2023/4/13 8:01,1681344107,cc-cc408-hya,master-vm-02,9.9.3.151,elasticsearch_os_load5,0.08
2023/4/13 8:02,1681344167,cc-cc408-hya,master-vm-02,9.9.3.151,elasticsearch_os_load5,0.06
2023/4/13 8:03,1681344227,cc-cc408-hya,master-vm-02,9.9.3.151,elasticsearch_os_load5,0.05
2023/4/13 8:04,1681344287,cc-cc408-hya,master-vm-02,9.9.3.151,elasticsearch_os_load5,0.04
2023/4/13 8:05,1681344347,cc-cc408-hya,master-vm-02,9.9.3.151,elasticsearch_os_load5,0.1
2023/4/13 8:06,1681344407,cc-cc408-hya,master-vm-02,9.9.3.151,elasticsearch_os_load5,0.08
2023/4/13 8:07,1681344467,cc-cc408-hya,master-vm-02,9.9.3.151,elasticsearch_os_load5,0.06
2023/4/13 8:08,1681344527,cc-cc408-hya,master-vm-02,9.9.3.151,elasticsearch_os_load5,0.05
2023/4/13 8:09,1681344587,cc-cc408-hya,master-vm-02,9.9.3.151,elasticsearch_os_load5,0.19
2023/4/13 8:10,1681344647,cc-cc408-hya,master-vm-02,9.9.3.151,elasticsearch_os_load5,0.15
2023/4/13 8:11,1681344707,cc-cc408-hya,master-vm-02,9.9.3.151,elasticsearch_os_load5,0.14
2023/4/13 8:12,1681344767,cc-cc408-hya,master-vm-02,9.9.3.151,elasticsearch_os_load5,0.11
2023/4/13 8:13,1681344827,cc-cc408-hya,master-vm-02,9.9.3.151,elasticsearch_os_load5,0.12
2023/4/13 8:14,1681344887,cc-cc408-hya,master-vm-02,9.9.3.151,elasticsearch_os_load5,0.11
2023/4/13 8:15,1681344947,cc-cc408-hya,master-vm-02,9.9.3.151,elasticsearch_os_load5,0.08
2023/4/13 8:16,1681345007,cc-cc408-hya,master-vm-02,9.9.3.151,elasticsearch_os_load5,0.07
2023/4/13 8:17,1681345067,cc-cc408-hya,master-vm-02,9.9.3.151,elasticsearch_os_load5,0.07
2023/4/13 8:18,1681345127,cc-cc408-hya,master-vm-02,9.9.3.151,elasticsearch_os_load5,0.07
2023/4/13 8:19,1681345187,cc-cc408-hya,master-vm-02,9.9.3.151,elasticsearch_os_load5,0.05
2023/4/13 8:20,1681345247,cc-cc408-hya,master-vm-02,9.9.3.151,elasticsearch_os_load5,0.08
2023/4/13 8:21,1681345307,cc-cc408-hya,master-vm-02,9.9.3.151,elasticsearch_os_load5,0.07
2023/4/13 8:22,1681345367,cc-cc408-hya,master-vm-02,9.9.3.151,elasticsearch_os_load5,0.05
2023/4/13 8:23,1681345427,cc-cc408-hya,master-vm-02,9.9.3.151,elasticsearch_os_load5,0.06
2023/4/13 8:24,1681345487,cc-cc408-hya,master-vm-02,9.9.3.151,elasticsearch_os_load5,0.05
2023/4/13 8:25,1681345547,cc-cc408-hya,master-vm-02,9.9.3.151,elasticsearch_os_load5,0.03
2023/4/13 8:26,1681345607,cc-cc408-hya,master-vm-02,9.9.3.151,elasticsearch_os_load5,0.03
2023/4/13 8:27,1681345667,cc-cc408-hya,master-vm-02,9.9.3.151,elasticsearch_os_load5,0.03
2023/4/13 8:28,1681345727,cc-cc408-hya,master-vm-02,9.9.3.151,elasticsearch_os_load5,0.04
2023/4/13 8:29,1681345787,cc-cc408-hya,master-vm-02,9.9.3.151,elasticsearch_os_load5,0.03
2023/4/13 8:30,1681345847,cc-cc408-hya,master-vm-02,9.9.3.151,elasticsearch_os_load5,0.02
2023/4/13 8:31,1681345907,cc-cc408-hya,master-vm-02,9.9.3.151,elasticsearch_os_load5,0.02
2023/4/13 8:32,1681345967,cc-cc408-hya,master-vm-02,9.9.3.151,elasticsearch_os_load5,0.01
2023/4/13 8:33,1681346027,cc-cc408-hya,master-vm-02,9.9.3.151,elasticsearch_os_load5,0
2023/4/13 8:34,1681346087,cc-cc408-hya,master-vm-02,9.9.3.151,elasticsearch_os_load5,0
2023/4/13 8:35,1681346147,cc-cc408-hya,master-vm-02,9.9.3.151,elasticsearch_os_load5,0
2023/4/13 8:36,1681346207,cc-cc408-hya,master-vm-02,9.9.3.151,elasticsearch_os_load5,0
2023/4/13 8:37,1681346267,cc-cc408-hya,master-vm-02,9.9.3.151,elasticsearch_os_load5,0.1
2023/4/13 8:38,1681346327,cc-cc408-hya,master-vm-02,9.9.3.151,elasticsearch_os_load5,0.09
2023/4/13 8:39,1681346387,cc-cc408-hya,master-vm-02,9.9.3.151,elasticsearch_os_load5,0.09
2023/4/13 8:40,1681346447,cc-cc408-hya,master-vm-02,9.9.3.151,elasticsearch_os_load5,0.1
2023/4/13 8:41,1681346507,cc-cc408-hya,master-vm-02,9.9.3.151,elasticsearch_os_load5,0.09
2023/4/13 8:42,1681346567,cc-cc408-hya,master-vm-02,9.9.3.151,elasticsearch_os_load5,0.07
2023/4/13 8:43,1681346627,cc-cc408-hya,master-vm-02,9.9.3.151,elasticsearch_os_load5,0.06
2023/4/13 8:44,1681346687,cc-cc408-hya,master-vm-02,9.9.3.151,elasticsearch_os_load5,0.04
2023/4/13 8:45,1681346747,cc-cc408-hya,master-vm-02,9.9.3.151,elasticsearch_os_load5,0.06
2023/4/13 8:46,1681346807,cc-cc408-hya,master-vm-02,9.9.3.151,elasticsearch_os_load5,0.05
2023/4/13 8:47,1681346867,cc-cc408-hya,master-vm-02,9.9.3.151,elasticsearch_os_load5,0.04
2023/4/13 8:48,1681346927,cc-cc408-hya,master-vm-02,9.9.3.151,elasticsearch_os_load5,0.03
2023/4/13 8:49,1681346987,cc-cc408-hya,master-vm-02,9.9.3.151,elasticsearch_os_load5,0.24
2023/4/13 8:50,1681347047,cc-cc408-hya,master-vm-02,9.9.3.151,elasticsearch_os_load5,0.21
2023/4/13 8:51,1681347107,cc-cc408-hya,master-vm-02,9.9.3.151,elasticsearch_os_load5,0.32
2023/4/13 8:52,1681347167,cc-cc408-hya,master-vm-02,9.9.3.151,elasticsearch_os_load5,0.28
2023/4/13 8:53,1681347227,cc-cc408-hya,master-vm-02,9.9.3.151,elasticsearch_os_load5,0.24
2023/4/13 8:54,1681347287,cc-cc408-hya,master-vm-02,9.9.3.151,elasticsearch_os_load5,0.19
2023/4/13 8:55,1681347347,cc-cc408-hya,master-vm-02,9.9.3.151,elasticsearch_os_load5,0.83
2023/4/13 8:56,1681347407,cc-cc408-hya,master-vm-02,9.9.3.151,elasticsearch_os_load5,0.68
2023/4/13 8:57,1681347467,cc-cc408-hya,master-vm-02,9.9.3.151,elasticsearch_os_load5,0.55
2023/4/13 8:58,1681347527,cc-cc408-hya,master-vm-02,9.9.3.151,elasticsearch_os_load5,0.45
2023/4/13 8:59,1681347587,cc-cc408-hya,master-vm-02,9.9.3.151,elasticsearch_os_load5,0.45
2023/4/13 9:00,1681347647,cc-cc408-hya,master-vm-02,9.9.3.151,elasticsearch_os_load5,0.36
2023/4/13 9:01,1681347707,cc-cc408-hya,master-vm-02,9.9.3.151,elasticsearch_os_load5,0.29
2023/4/13 9:02,1681347767,cc-cc408-hya,master-vm-02,9.9.3.151,elasticsearch_os_load5,0.25
2023/4/13 9:03,1681347827,cc-cc408-hya,master-vm-02,9.9.3.151,elasticsearch_os_load5,0.22
2023/4/13 9:04,1681347887,cc-cc408-hya,master-vm-02,9.9.3.151,elasticsearch_os_load5,0.19
2023/4/13 9:05,1681347947,cc-cc408-hya,master-vm-02,9.9.3.151,elasticsearch_os_load5,0.16
2023/4/13 9:06,1681348007,cc-cc408-hya,master-vm-02,9.9.3.151,elasticsearch_os_load5,0.12
2023/4/13 9:07,1681348067,cc-cc408-hya,master-vm-02,9.9.3.151,elasticsearch_os_load5,0.1
2023/4/13 9:08,1681348127,cc-cc408-hya,master-vm-02,9.9.3.151,elasticsearch_os_load5,0.08
2023/4/13 9:09,1681348187,cc-cc408-hya,master-vm-02,9.9.3.151,elasticsearch_os_load5,0.06
2023/4/13 9:10,1681348247,cc-cc408-hya,master-vm-02,9.9.3.151,elasticsearch_os_load5,0.06
2023/4/13 9:11,1681348307,cc-cc408-hya,master-vm-02,9.9.3.151,elasticsearch_os_load5,0.07
2023/4/13 9:12,1681348367,cc-cc408-hya,master-vm-02,9.9.3.151,elasticsearch_os_load5,0.08
2023/4/13 9:13,1681348427,cc-cc408-hya,master-vm-02,9.9.3.151,elasticsearch_os_load5,0.06
2023/4/13 9:14,1681348487,cc-cc408-hya,master-vm-02,9.9.3.151,elasticsearch_os_load5,0.05
2023/4/13 9:15,1681348547,cc-cc408-hya,master-vm-02,9.9.3.151,elasticsearch_os_load5,0.04
2023/4/13 9:16,1681348607,cc-cc408-hya,master-vm-02,9.9.3.151,elasticsearch_os_load5,0.04
2023/4/13 9:17,1681348667,cc-cc408-hya,master-vm-02,9.9.3.151,elasticsearch_os_load5,0.03
2023/4/13 9:18,1681348727,cc-cc408-hya,master-vm-02,9.9.3.151,elasticsearch_os_load5,0.04
2023/4/13 9:19,1681348787,cc-cc408-hya,master-vm-02,9.9.3.151,elasticsearch_os_load5,0.08
2023/4/13 9:20,1681348847,cc-cc408-hya,master-vm-02,9.9.3.151,elasticsearch_os_load5,0.06
2023/4/13 9:21,1681348907,cc-cc408-hya,master-vm-02,9.9.3.151,elasticsearch_os_load5,0.05
2023/4/13 9:22,1681348967,cc-cc408-hya,master-vm-02,9.9.3.151,elasticsearch_os_load5,0.04
2023/4/13 9:23,1681349027,cc-cc408-hya,master-vm-02,9.9.3.151,elasticsearch_os_load5,0.03
2023/4/13 9:24,1681349087,cc-cc408-hya,master-vm-02,9.9.3.151,elasticsearch_os_load5,0.02
2023/4/13 9:25,1681349147,cc-cc408-hya,master-vm-02,9.9.3.151,elasticsearch_os_load5,0.1
2023/4/13 9:26,1681349207,cc-cc408-hya,master-vm-02,9.9.3.151,elasticsearch_os_load5,0.1
2023/4/13 9:27,1681349267,cc-cc408-hya,master-vm-02,9.9.3.151,elasticsearch_os_load5,0.08
2023/4/13 9:28,1681349327,cc-cc408-hya,master-vm-02,9.9.3.151,elasticsearch_os_load5,0.06
2023/4/13 9:29,1681349387,cc-cc408-hya,master-vm-02,9.9.3.151,elasticsearch_os_load5,0.05
2023/4/13 9:30,1681349447,cc-cc408-hya,master-vm-02,9.9.3.151,elasticsearch_os_load5,0.05
2023/4/13 9:31,1681349507,cc-cc408-hya,master-vm-02,9.9.3.151,elasticsearch_os_load5,0.04
2023/4/13 9:32,1681349567,cc-cc408-hya,master-vm-02,9.9.3.151,elasticsearch_os_load5,0.17
2023/4/13 9:33,1681349627,cc-cc408-hya,master-vm-02,9.9.3.151,elasticsearch_os_load5,0.15
2023/4/13 9:34,1681349687,cc-cc408-hya,master-vm-02,9.9.3.151,elasticsearch_os_load5,0.14
2023/4/13 9:35,1681349747,cc-cc408-hya,master-vm-02,9.9.3.151,elasticsearch_os_load5,0.11
2023/4/13 9:36,1681349807,cc-cc408-hya,master-vm-02,9.9.3.151,elasticsearch_os_load5,0.1
2023/4/13 9:37,1681349867,cc-cc408-hya,master-vm-02,9.9.3.151,elasticsearch_os_load5,0.08
2023/4/13 9:38,1681349927,cc-cc408-hya,master-vm-02,9.9.3.151,elasticsearch_os_load5,0.06
2023/4/13 9:39,1681349987,cc-cc408-hya,master-vm-02,9.9.3.151,elasticsearch_os_load5,0.05
2023/4/13 9:40,1681350047,cc-cc408-hya,master-vm-02,9.9.3.151,elasticsearch_os_load5,0.04
2023/4/13 9:41,1681350107,cc-cc408-hya,master-vm-02,9.9.3.151,elasticsearch_os_load5,0.03
2023/4/13 9:42,1681350167,cc-cc408-hya,master-vm-02,9.9.3.151,elasticsearch_os_load5,0.02
2023/4/13 9:43,1681350227,cc-cc408-hya,master-vm-02,9.9.3.151,elasticsearch_os_load5,0.02
2023/4/13 9:44,1681350287,cc-cc408-hya,master-vm-02,9.9.3.151,elasticsearch_os_load5,0.04
2023/4/13 9:45,1681350347,cc-cc408-hya,master-vm-02,9.9.3.151,elasticsearch_os_load5,0.05
2023/4/13 9:46,1681350407,cc-cc408-hya,master-vm-02,9.9.3.151,elasticsearch_os_load5,0.05
2023/4/13 9:47,1681350467,cc-cc408-hya,master-vm-02,9.9.3.151,elasticsearch_os_load5,0.04
2023/4/13 9:48,1681350527,cc-cc408-hya,master-vm-02,9.9.3.151,elasticsearch_os_load5,0.03
2023/4/13 9:49,1681350587,cc-cc408-hya,master-vm-02,9.9.3.151,elasticsearch_os_load5,0.04
2023/4/13 9:50,1681350647,cc-cc408-hya,master-vm-02,9.9.3.151,elasticsearch_os_load5,0.03
2023/4/13 9:51,1681350707,cc-cc408-hya,master-vm-02,9.9.3.151,elasticsearch_os_load5,0.04
2023/4/13 9:52,1681350767,cc-cc408-hya,master-vm-02,9.9.3.151,elasticsearch_os_load5,0.03
2023/4/13 9:53,1681350827,cc-cc408-hya,master-vm-02,9.9.3.151,elasticsearch_os_load5,0.02
2023/4/13 9:54,1681350887,cc-cc408-hya,master-vm-02,9.9.3.151,elasticsearch_os_load5,0.01
2023/4/13 9:55,1681350947,cc-cc408-hya,master-vm-02,9.9.3.151,elasticsearch_os_load5,0.01
2023/4/13 9:56,1681351007,cc-cc408-hya,master-vm-02,9.9.3.151,elasticsearch_os_load5,0
2023/4/13 9:57,1681351067,cc-cc408-hya,master-vm-02,9.9.3.151,elasticsearch_os_load5,0
2023/4/13 9:58,1681351127,cc-cc408-hya,master-vm-02,9.9.3.151,elasticsearch_os_load5,0
2023/4/13 9:59,1681351187,cc-cc408-hya,master-vm-02,9.9.3.151,elasticsearch_os_load5,0.02
2023/4/13 10:00,1681351247,cc-cc408-hya,master-vm-02,9.9.3.151,elasticsearch_os_load5,0.03
2023/4/13 10:01,1681351307,cc-cc408-hya,master-vm-02,9.9.3.151,elasticsearch_os_load5,0.02
2023/4/13 10:02,1681351367,cc-cc408-hya,master-vm-02,9.9.3.151,elasticsearch_os_load5,0.02
2023/4/13 10:03,1681351427,cc-cc408-hya,master-vm-02,9.9.3.151,elasticsearch_os_load5,0.01
2023/4/13 10:04,1681351487,cc-cc408-hya,master-vm-02,9.9.3.151,elasticsearch_os_load5,0
2023/4/13 10:05,1681351547,cc-cc408-hya,master-vm-02,9.9.3.151,elasticsearch_os_load5,0
2023/4/13 10:06,1681351607,cc-cc408-hya,master-vm-02,9.9.3.151,elasticsearch_os_load5,0.02
2023/4/13 10:07,1681351667,cc-cc408-hya,master-vm-02,9.9.3.151,elasticsearch_os_load5,0.01
2023/4/13 10:08,1681351727,cc-cc408-hya,master-vm-02,9.9.3.151,elasticsearch_os_load5,0
2023/4/13 10:09,1681351787,cc-cc408-hya,master-vm-02,9.9.3.151,elasticsearch_os_load5,0.03
2023/4/13 10:10,1681351847,cc-cc408-hya,master-vm-02,9.9.3.151,elasticsearch_os_load5,0.14
2023/4/13 10:11,1681351907,cc-cc408-hya,master-vm-02,9.9.3.151,elasticsearch_os_load5,0.18
2023/4/13 10:12,1681351967,cc-cc408-hya,master-vm-02,9.9.3.151,elasticsearch_os_load5,0.16
2023/4/13 10:13,1681352027,cc-cc408-hya,master-vm-02,9.9.3.151,elasticsearch_os_load5,0.14
2023/4/13 10:14,1681352087,cc-cc408-hya,master-vm-02,9.9.3.151,elasticsearch_os_load5,0.31
2023/4/13 10:15,1681352147,cc-cc408-hya,master-vm-02,9.9.3.151,elasticsearch_os_load5,0.27
2023/4/13 10:16,1681352207,cc-cc408-hya,master-vm-02,9.9.3.151,elasticsearch_os_load5,0.24
2023/4/13 10:17,1681352267,cc-cc408-hya,master-vm-02,9.9.3.151,elasticsearch_os_load5,0.2
2023/4/13 10:18,1681352327,cc-cc408-hya,master-vm-02,9.9.3.151,elasticsearch_os_load5,0.16
2023/4/13 10:19,1681352387,cc-cc408-hya,master-vm-02,9.9.3.151,elasticsearch_os_load5,0.16
2023/4/13 10:20,1681352447,cc-cc408-hya,master-vm-02,9.9.3.151,elasticsearch_os_load5,0.12
2023/4/13 10:21,1681352507,cc-cc408-hya,master-vm-02,9.9.3.151,elasticsearch_os_load5,0.1
2023/4/13 10:22,1681352567,cc-cc408-hya,master-vm-02,9.9.3.151,elasticsearch_os_load5,0.08
2023/4/13 10:23,1681352627,cc-cc408-hya,master-vm-02,9.9.3.151,elasticsearch_os_load5,0.06
2023/4/13 10:24,1681352687,cc-cc408-hya,master-vm-02,9.9.3.151,elasticsearch_os_load5,0.05
2023/4/13 10:25,1681352747,cc-cc408-hya,master-vm-02,9.9.3.151,elasticsearch_os_load5,0.04
2023/4/13 10:26,1681352807,cc-cc408-hya,master-vm-02,9.9.3.151,elasticsearch_os_load5,0.03
2023/4/13 10:27,1681352867,cc-cc408-hya,master-vm-02,9.9.3.151,elasticsearch_os_load5,0.04
2023/4/13 10:28,1681352927,cc-cc408-hya,master-vm-02,9.9.3.151,elasticsearch_os_load5,0.04
2023/4/13 10:29,1681352987,cc-cc408-hya,master-vm-02,9.9.3.151,elasticsearch_os_load5,0.03
2023/4/13 10:30,1681353047,cc-cc408-hya,master-vm-02,9.9.3.151,elasticsearch_os_load5,0.02
2023/4/13 10:31,1681353107,cc-cc408-hya,master-vm-02,9.9.3.151,elasticsearch_os_load5,0.02
2023/4/13 10:32,1681353167,cc-cc408-hya,master-vm-02,9.9.3.151,elasticsearch_os_load5,0.01
2023/4/13 10:33,1681353227,cc-cc408-hya,master-vm-02,9.9.3.151,elasticsearch_os_load5,0.01
2023/4/13 10:34,1681353287,cc-cc408-hya,master-vm-02,9.9.3.151,elasticsearch_os_load5,0
2023/4/13 10:35,1681353347,cc-cc408-hya,master-vm-02,9.9.3.151,elasticsearch_os_load5,0
2023/4/13 10:36,1681353407,cc-cc408-hya,master-vm-02,9.9.3.151,elasticsearch_os_load5,0.01
2023/4/13 10:37,1681353467,cc-cc408-hya,master-vm-02,9.9.3.151,elasticsearch_os_load5,0.01
2023/4/13 10:38,1681353527,cc-cc408-hya,master-vm-02,9.9.3.151,elasticsearch_os_load5,0
2023/4/13 10:39,1681353587,cc-cc408-hya,master-vm-02,9.9.3.151,elasticsearch_os_load5,0
2023/4/13 10:40,1681353647,cc-cc408-hya,master-vm-02,9.9.3.151,elasticsearch_os_load5,0.01
2023/4/13 10:41,1681353707,cc-cc408-hya,master-vm-02,9.9.3.151,elasticsearch_os_load5,0.01
2023/4/13 10:42,1681353767,cc-cc408-hya,master-vm-02,9.9.3.151,elasticsearch_os_load5,0.02
2023/4/13 10:43,1681353827,cc-cc408-hya,master-vm-02,9.9.3.151,elasticsearch_os_load5,0.03
2023/4/13 10:44,1681353887,cc-cc408-hya,master-vm-02,9.9.3.151,elasticsearch_os_load5,0.05
2023/4/13 10:45,1681353947,cc-cc408-hya,master-vm-02,9.9.3.151,elasticsearch_os_load5,0.05
2023/4/13 10:46,1681354007,cc-cc408-hya,master-vm-02,9.9.3.151,elasticsearch_os_load5,0.07
2023/4/13 10:47,1681354067,cc-cc408-hya,master-vm-02,9.9.3.151,elasticsearch_os_load5,0.06
2023/4/13 10:48,1681354127,cc-cc408-hya,master-vm-02,9.9.3.151,elasticsearch_os_load5,0.04
2023/4/13 10:49,1681354187,cc-cc408-hya,master-vm-02,9.9.3.151,elasticsearch_os_load5,0.03
2023/4/13 10:50,1681354247,cc-cc408-hya,master-vm-02,9.9.3.151,elasticsearch_os_load5,0.1
2023/4/13 10:51,1681354307,cc-cc408-hya,master-vm-02,9.9.3.151,elasticsearch_os_load5,0.15
2023/4/13 10:52,1681354367,cc-cc408-hya,master-vm-02,9.9.3.151,elasticsearch_os_load5,0.13
2023/4/13 10:53,1681354427,cc-cc408-hya,master-vm-02,9.9.3.151,elasticsearch_os_load5,0.11
2023/4/13 10:54,1681354487,cc-cc408-hya,master-vm-02,9.9.3.151,elasticsearch_os_load5,0.08
2023/4/13 10:55,1681354547,cc-cc408-hya,master-vm-02,9.9.3.151,elasticsearch_os_load5,0.08
2023/4/13 10:56,1681354607,cc-cc408-hya,master-vm-02,9.9.3.151,elasticsearch_os_load5,0.13
2023/4/13 10:57,1681354667,cc-cc408-hya,master-vm-02,9.9.3.151,elasticsearch_os_load5,0.17
2023/4/13 10:58,1681354727,cc-cc408-hya,master-vm-02,9.9.3.151,elasticsearch_os_load5,0.15
2023/4/13 10:59,1681354787,cc-cc408-hya,master-vm-02,9.9.3.151,elasticsearch_os_load5,0.14
2023/4/13 11:00,1681354847,cc-cc408-hya,master-vm-02,9.9.3.151,elasticsearch_os_load5,0.11
2023/4/13 11:01,1681354907,cc-cc408-hya,master-vm-02,9.9.3.151,elasticsearch_os_load5,0.09
2023/4/13 11:02,1681354967,cc-cc408-hya,master-vm-02,9.9.3.151,elasticsearch_os_load5,0.1
2023/4/13 11:03,1681355027,cc-cc408-hya,master-vm-02,9.9.3.151,elasticsearch_os_load5,0.13
2023/4/13 11:04,1681355087,cc-cc408-hya,master-vm-02,9.9.3.151,elasticsearch_os_load5,0.13
2023/4/13 11:05,1681355147,cc-cc408-hya,master-vm-02,9.9.3.151,elasticsearch_os_load5,0.11
2023/4/13 11:06,1681355207,cc-cc408-hya,master-vm-02,9.9.3.151,elasticsearch_os_load5,0.08
2023/4/13 11:07,1681355267,cc-cc408-hya,master-vm-02,9.9.3.151,elasticsearch_os_load5,0.07
2023/4/13 11:08,1681355327,cc-cc408-hya,master-vm-02,9.9.3.151,elasticsearch_os_load5,0.05
2023/4/13 11:09,1681355387,cc-cc408-hya,master-vm-02,9.9.3.151,elasticsearch_os_load5,0.04
2023/4/13 11:10,1681355447,cc-cc408-hya,master-vm-02,9.9.3.151,elasticsearch_os_load5,0.03
2023/4/13 11:11,1681355507,cc-cc408-hya,master-vm-02,9.9.3.151,elasticsearch_os_load5,0.04
2023/4/13 11:12,1681355567,cc-cc408-hya,master-vm-02,9.9.3.151,elasticsearch_os_load5,0.03
2023/4/13 11:13,1681355627,cc-cc408-hya,master-vm-02,9.9.3.151,elasticsearch_os_load5,0.02
2023/4/13 11:14,1681355687,cc-cc408-hya,master-vm-02,9.9.3.151,elasticsearch_os_load5,0.02
2023/4/13 11:15,1681355747,cc-cc408-hya,master-vm-02,9.9.3.151,elasticsearch_os_load5,0.01
2023/4/13 11:16,1681355807,cc-cc408-hya,master-vm-02,9.9.3.151,elasticsearch_os_load5,0
2023/4/13 11:17,1681355867,cc-cc408-hya,master-vm-02,9.9.3.151,elasticsearch_os_load5,0.01
2023/4/13 11:18,1681355927,cc-cc408-hya,master-vm-02,9.9.3.151,elasticsearch_os_load5,0.01
2023/4/13 11:19,1681355987,cc-cc408-hya,master-vm-02,9.9.3.151,elasticsearch_os_load5,0.02
2023/4/13 11:20,1681356047,cc-cc408-hya,master-vm-02,9.9.3.151,elasticsearch_os_load5,0.01
2023/4/13 11:21,1681356107,cc-cc408-hya,master-vm-02,9.9.3.151,elasticsearch_os_load5,0.03
2023/4/13 11:22,1681356167,cc-cc408-hya,master-vm-02,9.9.3.151,elasticsearch_os_load5,0.04
2023/4/13 11:23,1681356227,cc-cc408-hya,master-vm-02,9.9.3.151,elasticsearch_os_load5,0.03
2023/4/13 11:24,1681356287,cc-cc408-hya,master-vm-02,9.9.3.151,elasticsearch_os_load5,0.03
2023/4/13 11:25,1681356347,cc-cc408-hya,master-vm-02,9.9.3.151,elasticsearch_os_load5,0.02
2023/4/13 11:26,1681356407,cc-cc408-hya,master-vm-02,9.9.3.151,elasticsearch_os_load5,0.02
2023/4/13 11:27,1681356467,cc-cc408-hya,master-vm-02,9.9.3.151,elasticsearch_os_load5,0.01
2023/4/13 11:28,1681356527,cc-cc408-hya,master-vm-02,9.9.3.151,elasticsearch_os_load5,0.01
2023/4/13 11:29,1681356587,cc-cc408-hya,master-vm-02,9.9.3.151,elasticsearch_os_load5,0.02
2023/4/13 11:30,1681356647,cc-cc408-hya,master-vm-02,9.9.3.151,elasticsearch_os_load5,0.04
2023/4/13 11:31,1681356707,cc-cc408-hya,master-vm-02,9.9.3.151,elasticsearch_os_load5,0.12
2023/4/13 11:32,1681356767,cc-cc408-hya,master-vm-02,9.9.3.151,elasticsearch_os_load5,0.09
2023/4/13 11:33,1681356827,cc-cc408-hya,master-vm-02,9.9.3.151,elasticsearch_os_load5,0.07
2023/4/13 11:34,1681356887,cc-cc408-hya,master-vm-02,9.9.3.151,elasticsearch_os_load5,0.06
2023/4/13 11:35,1681356947,cc-cc408-hya,master-vm-02,9.9.3.151,elasticsearch_os_load5,0.14
2023/4/13 11:36,1681357007,cc-cc408-hya,master-vm-02,9.9.3.151,elasticsearch_os_load5,0.23
2023/4/13 11:37,1681357067,cc-cc408-hya,master-vm-02,9.9.3.151,elasticsearch_os_load5,0.19
2023/4/13 11:38,1681357127,cc-cc408-hya,master-vm-02,9.9.3.151,elasticsearch_os_load5,0.47
2023/4/13 11:39,1681357187,cc-cc408-hya,master-vm-02,9.9.3.151,elasticsearch_os_load5,0.38
2023/4/13 11:40,1681357247,cc-cc408-hya,master-vm-02,9.9.3.151,elasticsearch_os_load5,0.34
2023/4/13 11:41,1681357307,cc-cc408-hya,master-vm-02,9.9.3.151,elasticsearch_os_load5,0.27
2023/4/13 11:42,1681357367,cc-cc408-hya,master-vm-02,9.9.3.151,elasticsearch_os_load5,0.22
2023/4/13 11:43,1681357427,cc-cc408-hya,master-vm-02,9.9.3.151,elasticsearch_os_load5,0.18
2023/4/13 11:44,1681357487,cc-cc408-hya,master-vm-02,9.9.3.151,elasticsearch_os_load5,0.14
2023/4/13 11:45,1681357547,cc-cc408-hya,master-vm-02,9.9.3.151,elasticsearch_os_load5,0.11
2023/4/13 11:46,1681357607,cc-cc408-hya,master-vm-02,9.9.3.151,elasticsearch_os_load5,0.09
2023/4/13 11:47,1681357667,cc-cc408-hya,master-vm-02,9.9.3.151,elasticsearch_os_load5,0.09
2023/4/13 11:48,1681357727,cc-cc408-hya,master-vm-02,9.9.3.151,elasticsearch_os_load5,0.09
2023/4/13 11:49,1681357787,cc-cc408-hya,master-vm-02,9.9.3.151,elasticsearch_os_load5,0.07
2023/4/13 11:50,1681357847,cc-cc408-hya,master-vm-02,9.9.3.151,elasticsearch_os_load5,0.05
2023/4/13 11:51,1681357907,cc-cc408-hya,master-vm-02,9.9.3.151,elasticsearch_os_load5,0.04
2023/4/13 11:52,1681357967,cc-cc408-hya,master-vm-02,9.9.3.151,elasticsearch_os_load5,0.03
2023/4/13 11:53,1681358027,cc-cc408-hya,master-vm-02,9.9.3.151,elasticsearch_os_load5,0.02
2023/4/13 11:54,1681358087,cc-cc408-hya,master-vm-02,9.9.3.151,elasticsearch_os_load5,0.03
2023/4/13 11:55,1681358147,cc-cc408-hya,master-vm-02,9.9.3.151,elasticsearch_os_load5,0.02
2023/4/13 11:56,1681358207,cc-cc408-hya,master-vm-02,9.9.3.151,elasticsearch_os_load5,0.02
2023/4/13 11:57,1681358267,cc-cc408-hya,master-vm-02,9.9.3.151,elasticsearch_os_load5,0.01
2023/4/13 11:58,1681358327,cc-cc408-hya,master-vm-02,9.9.3.151,elasticsearch_os_load5,0.01
2023/4/13 11:59,1681358387,cc-cc408-hya,master-vm-02,9.9.3.151,elasticsearch_os_load5,0
2023/4/13 12:00,1681358447,cc-cc408-hya,master-vm-02,9.9.3.151,elasticsearch_os_load5,0
2023/4/13 12:01,1681358507,cc-cc408-hya,master-vm-02,9.9.3.151,elasticsearch_os_load5,0
2023/4/13 12:02,1681358567,cc-cc408-hya,master-vm-02,9.9.3.151,elasticsearch_os_load5,0
2023/4/13 12:03,1681358627,cc-cc408-hya,master-vm-02,9.9.3.151,elasticsearch_os_load5,0
2023/4/13 12:04,1681358687,cc-cc408-hya,master-vm-02,9.9.3.151,elasticsearch_os_load5,0
2023/4/13 12:05,1681358747,cc-cc408-hya,master-vm-02,9.9.3.151,elasticsearch_os_load5,0
2023/4/13 12:06,1681358807,cc-cc408-hya,master-vm-02,9.9.3.151,elasticsearch_os_load5,0
2023/4/13 12:07,1681358867,cc-cc408-hya,master-vm-02,9.9.3.151,elasticsearch_os_load5,0
2023/4/13 12:08,1681358927,cc-cc408-hya,master-vm-02,9.9.3.151,elasticsearch_os_load5,0
2023/4/13 12:09,1681358987,cc-cc408-hya,master-vm-02,9.9.3.151,elasticsearch_os_load5,0
2023/4/13 12:10,1681359047,cc-cc408-hya,master-vm-02,9.9.3.151,elasticsearch_os_load5,0
2023/4/13 12:11,1681359107,cc-cc408-hya,master-vm-02,9.9.3.151,elasticsearch_os_load5,0
2023/4/13 12:12,1681359167,cc-cc408-hya,master-vm-02,9.9.3.151,elasticsearch_os_load5,0
2023/4/13 12:13,1681359227,cc-cc408-hya,master-vm-02,9.9.3.151,elasticsearch_os_load5,0
2023/4/13 12:14,1681359287,cc-cc408-hya,master-vm-02,9.9.3.151,elasticsearch_os_load5,0.03
2023/4/13 12:15,1681359347,cc-cc408-hya,master-vm-02,9.9.3.151,elasticsearch_os_load5,0.02
2023/4/13 12:16,1681359407,cc-cc408-hya,master-vm-02,9.9.3.151,elasticsearch_os_load5,0.01
2023/4/13 12:17,1681359467,cc-cc408-hya,master-vm-02,9.9.3.151,elasticsearch_os_load5,0.02
2023/4/13 12:18,1681359527,cc-cc408-hya,master-vm-02,9.9.3.151,elasticsearch_os_load5,0.03
2023/4/13 12:19,1681359587,cc-cc408-hya,master-vm-02,9.9.3.151,elasticsearch_os_load5,0.18
2023/4/13 12:20,1681359647,cc-cc408-hya,master-vm-02,9.9.3.151,elasticsearch_os_load5,0.2
2023/4/13 12:21,1681359707,cc-cc408-hya,master-vm-02,9.9.3.151,elasticsearch_os_load5,0.17
2023/4/13 12:22,1681359767,cc-cc408-hya,master-vm-02,9.9.3.151,elasticsearch_os_load5,0.14
2023/4/13 12:23,1681359827,cc-cc408-hya,master-vm-02,9.9.3.151,elasticsearch_os_load5,0.11
2023/4/13 12:24,1681359887,cc-cc408-hya,master-vm-02,9.9.3.151,elasticsearch_os_load5,0.09
2023/4/13 12:25,1681359947,cc-cc408-hya,master-vm-02,9.9.3.151,elasticsearch_os_load5,0.07
2023/4/13 12:26,1681360007,cc-cc408-hya,master-vm-02,9.9.3.151,elasticsearch_os_load5,0.05
2023/4/13 12:27,1681360067,cc-cc408-hya,master-vm-02,9.9.3.151,elasticsearch_os_load5,0.04
2023/4/13 12:28,1681360127,cc-cc408-hya,master-vm-02,9.9.3.151,elasticsearch_os_load5,0.03
2023/4/13 12:29,1681360187,cc-cc408-hya,master-vm-02,9.9.3.151,elasticsearch_os_load5,0.02
2023/4/13 12:30,1681360247,cc-cc408-hya,master-vm-02,9.9.3.151,elasticsearch_os_load5,0.02
2023/4/13 12:31,1681360307,cc-cc408-hya,master-vm-02,9.9.3.151,elasticsearch_os_load5,0.01
2023/4/13 12:32,1681360367,cc-cc408-hya,master-vm-02,9.9.3.151,elasticsearch_os_load5,0.01
2023/4/13 12:33,1681360427,cc-cc408-hya,master-vm-02,9.9.3.151,elasticsearch_os_load5,0
2023/4/13 12:34,1681360487,cc-cc408-hya,master-vm-02,9.9.3.151,elasticsearch_os_load5,0
2023/4/13 12:35,1681360547,cc-cc408-hya,master-vm-02,9.9.3.151,elasticsearch_os_load5,0
2023/4/13 12:36,1681360607,cc-cc408-hya,master-vm-02,9.9.3.151,elasticsearch_os_load5,0
2023/4/13 12:37,1681360667,cc-cc408-hya,master-vm-02,9.9.3.151,elasticsearch_os_load5,0
2023/4/13 12:38,1681360727,cc-cc408-hya,master-vm-02,9.9.3.151,elasticsearch_os_load5,0
2023/4/13 12:39,1681360787,cc-cc408-hya,master-vm-02,9.9.3.151,elasticsearch_os_load5,0
2023/4/13 12:40,1681360847,cc-cc408-hya,master-vm-02,9.9.3.151,elasticsearch_os_load5,0
2023/4/13 12:41,1681360907,cc-cc408-hya,master-vm-02,9.9.3.151,elasticsearch_os_load5,0
2023/4/13 12:42,1681360967,cc-cc408-hya,master-vm-02,9.9.3.151,elasticsearch_os_load5,0
2023/4/13 12:43,1681361027,cc-cc408-hya,master-vm-02,9.9.3.151,elasticsearch_os_load5,0.68
2023/4/13 12:44,1681361087,cc-cc408-hya,master-vm-02,9.9.3.151,elasticsearch_os_load5,0.55
2023/4/13 12:45,1681361147,cc-cc408-hya,master-vm-02,9.9.3.151,elasticsearch_os_load5,0.47
2023/4/13 12:46,1681361207,cc-cc408-hya,master-vm-02,9.9.3.151,elasticsearch_os_load5,0.38
2023/4/13 12:47,1681361267,cc-cc408-hya,master-vm-02,9.9.3.151,elasticsearch_os_load5,0.58
2023/4/13 12:48,1681361327,cc-cc408-hya,master-vm-02,9.9.3.151,elasticsearch_os_load5,0.47
2023/4/13 12:49,1681361387,cc-cc408-hya,master-vm-02,9.9.3.151,elasticsearch_os_load5,0.38
2023/4/13 12:50,1681361447,cc-cc408-hya,master-vm-02,9.9.3.151,elasticsearch_os_load5,0.31
2023/4/13 12:51,1681361507,cc-cc408-hya,master-vm-02,9.9.3.151,elasticsearch_os_load5,0.25
2023/4/13 12:52,1681361567,cc-cc408-hya,master-vm-02,9.9.3.151,elasticsearch_os_load5,0.23
2023/4/13 12:53,1681361627,cc-cc408-hya,master-vm-02,9.9.3.151,elasticsearch_os_load5,0.19
2023/4/13 12:54,1681361687,cc-cc408-hya,master-vm-02,9.9.3.151,elasticsearch_os_load5,0.15
2023/4/13 12:55,1681361747,cc-cc408-hya,master-vm-02,9.9.3.151,elasticsearch_os_load5,0.16
2023/4/13 12:56,1681361807,cc-cc408-hya,master-vm-02,9.9.3.151,elasticsearch_os_load5,0.13
2023/4/13 12:57,1681361867,cc-cc408-hya,master-vm-02,9.9.3.151,elasticsearch_os_load5,0.1
2023/4/13 12:58,1681361927,cc-cc408-hya,master-vm-02,9.9.3.151,elasticsearch_os_load5,0.1
2023/4/13 12:59,1681361987,cc-cc408-hya,master-vm-02,9.9.3.151,elasticsearch_os_load5,0.09
2023/4/13 13:00,1681362047,cc-cc408-hya,master-vm-02,9.9.3.151,elasticsearch_os_load5,0.09
2023/4/13 13:01,1681362107,cc-cc408-hya,master-vm-02,9.9.3.151,elasticsearch_os_load5,0.15
2023/4/13 13:02,1681362167,cc-cc408-hya,master-vm-02,9.9.3.151,elasticsearch_os_load5,0.18
2023/4/13 13:03,1681362227,cc-cc408-hya,master-vm-02,9.9.3.151,elasticsearch_os_load5,0.16
2023/4/13 13:04,1681362287,cc-cc408-hya,master-vm-02,9.9.3.151,elasticsearch_os_load5,0.13
2023/4/13 13:05,1681362347,cc-cc408-hya,master-vm-02,9.9.3.151,elasticsearch_os_load5,0.1
2023/4/13 13:06,1681362407,cc-cc408-hya,master-vm-02,9.9.3.151,elasticsearch_os_load5,0.1
2023/4/13 13:07,1681362467,cc-cc408-hya,master-vm-02,9.9.3.151,elasticsearch_os_load5,0.08
2023/4/13 13:08,1681362527,cc-cc408-hya,master-vm-02,9.9.3.151,elasticsearch_os_load5,0.06
2023/4/13 13:09,1681362587,cc-cc408-hya,master-vm-02,9.9.3.151,elasticsearch_os_load5,0.05
2023/4/13 13:10,1681362647,cc-cc408-hya,master-vm-02,9.9.3.151,elasticsearch_os_load5,0.04
2023/4/13 13:11,1681362707,cc-cc408-hya,master-vm-02,9.9.3.151,elasticsearch_os_load5,0.03
2023/4/13 13:12,1681362767,cc-cc408-hya,master-vm-02,9.9.3.151,elasticsearch_os_load5,0.02
2023/4/13 13:13,1681362827,cc-cc408-hya,master-vm-02,9.9.3.151,elasticsearch_os_load5,0.01
2023/4/13 13:14,1681362887,cc-cc408-hya,master-vm-02,9.9.3.151,elasticsearch_os_load5,0.01
2023/4/13 13:15,1681362947,cc-cc408-hya,master-vm-02,9.9.3.151,elasticsearch_os_load5,0
2023/4/13 13:16,1681363007,cc-cc408-hya,master-vm-02,9.9.3.151,elasticsearch_os_load5,0.02
2023/4/13 13:17,1681363067,cc-cc408-hya,master-vm-02,9.9.3.151,elasticsearch_os_load5,0.01
2023/4/13 13:18,1681363127,cc-cc408-hya,master-vm-02,9.9.3.151,elasticsearch_os_load5,0.02
2023/4/13 13:19,1681363187,cc-cc408-hya,master-vm-02,9.9.3.151,elasticsearch_os_load5,0.03
2023/4/13 13:20,1681363247,cc-cc408-hya,master-vm-02,9.9.3.151,elasticsearch_os_load5,0.04
2023/4/13 13:21,1681363307,cc-cc408-hya,master-vm-02,9.9.3.151,elasticsearch_os_load5,0.03
2023/4/13 13:22,1681363367,cc-cc408-hya,master-vm-02,9.9.3.151,elasticsearch_os_load5,0.02
2023/4/13 13:23,1681363427,cc-cc408-hya,master-vm-02,9.9.3.151,elasticsearch_os_load5,0.03
2023/4/13 13:24,1681363487,cc-cc408-hya,master-vm-02,9.9.3.151,elasticsearch_os_load5,0.02
2023/4/13 13:25,1681363547,cc-cc408-hya,master-vm-02,9.9.3.151,elasticsearch_os_load5,0.03
2023/4/13 13:26,1681363607,cc-cc408-hya,master-vm-02,9.9.3.151,elasticsearch_os_load5,0.03
2023/4/13 13:27,1681363667,cc-cc408-hya,master-vm-02,9.9.3.151,elasticsearch_os_load5,0.03
2023/4/13 13:28,1681363727,cc-cc408-hya,master-vm-02,9.9.3.151,elasticsearch_os_load5,0.03
2023/4/13 13:29,1681363787,cc-cc408-hya,master-vm-02,9.9.3.151,elasticsearch_os_load5,0.03
2023/4/13 13:30,1681363847,cc-cc408-hya,master-vm-02,9.9.3.151,elasticsearch_os_load5,0.02
2023/4/13 13:31,1681363907,cc-cc408-hya,master-vm-02,9.9.3.151,elasticsearch_os_load5,0.03
2023/4/13 13:32,1681363967,cc-cc408-hya,master-vm-02,9.9.3.151,elasticsearch_os_load5,0.02
2023/4/13 13:33,1681364027,cc-cc408-hya,master-vm-02,9.9.3.151,elasticsearch_os_load5,0.02
2023/4/13 13:34,1681364087,cc-cc408-hya,master-vm-02,9.9.3.151,elasticsearch_os_load5,0.01
2023/4/13 13:35,1681364147,cc-cc408-hya,master-vm-02,9.9.3.151,elasticsearch_os_load5,0.02
2023/4/13 13:36,1681364207,cc-cc408-hya,master-vm-02,9.9.3.151,elasticsearch_os_load5,0.06
2023/4/13 13:37,1681364267,cc-cc408-hya,master-vm-02,9.9.3.151,elasticsearch_os_load5,0.1
2023/4/13 13:38,1681364327,cc-cc408-hya,master-vm-02,9.9.3.151,elasticsearch_os_load5,0.08
2023/4/13 13:39,1681364387,cc-cc408-hya,master-vm-02,9.9.3.151,elasticsearch_os_load5,0.06
2023/4/13 13:40,1681364447,cc-cc408-hya,master-vm-02,9.9.3.151,elasticsearch_os_load5,0.05
2023/4/13 13:41,1681364507,cc-cc408-hya,master-vm-02,9.9.3.151,elasticsearch_os_load5,0.08
2023/4/13 13:42,1681364567,cc-cc408-hya,master-vm-02,9.9.3.151,elasticsearch_os_load5,0.16
2023/4/13 13:43,1681364627,cc-cc408-hya,master-vm-02,9.9.3.151,elasticsearch_os_load5,0.15
2023/4/13 13:44,1681364687,cc-cc408-hya,master-vm-02,9.9.3.151,elasticsearch_os_load5,0.28
2023/4/13 13:45,1681364747,cc-cc408-hya,master-vm-02,9.9.3.151,elasticsearch_os_load5,0.23
2023/4/13 13:46,1681364807,cc-cc408-hya,master-vm-02,9.9.3.151,elasticsearch_os_load5,0.2
2023/4/13 13:47,1681364867,cc-cc408-hya,master-vm-02,9.9.3.151,elasticsearch_os_load5,0.16
2023/4/13 13:48,1681364927,cc-cc408-hya,master-vm-02,9.9.3.151,elasticsearch_os_load5,0.13
2023/4/13 13:49,1681364987,cc-cc408-hya,master-vm-02,9.9.3.151,elasticsearch_os_load5,0.1
2023/4/13 13:50,1681365047,cc-cc408-hya,master-vm-02,9.9.3.151,elasticsearch_os_load5,0.08
2023/4/13 13:51,1681365107,cc-cc408-hya,master-vm-02,9.9.3.151,elasticsearch_os_load5,0.08
2023/4/13 13:52,1681365167,cc-cc408-hya,master-vm-02,9.9.3.151,elasticsearch_os_load5,0.06
2023/4/13 13:53,1681365227,cc-cc408-hya,master-vm-02,9.9.3.151,elasticsearch_os_load5,0.05
2023/4/13 13:54,1681365287,cc-cc408-hya,master-vm-02,9.9.3.151,elasticsearch_os_load5,0.04
2023/4/13 13:55,1681365347,cc-cc408-hya,master-vm-02,9.9.3.151,elasticsearch_os_load5,0.03
2023/4/13 13:56,1681365407,cc-cc408-hya,master-vm-02,9.9.3.151,elasticsearch_os_load5,0.02
2023/4/13 13:57,1681365467,cc-cc408-hya,master-vm-02,9.9.3.151,elasticsearch_os_load5,0.02
2023/4/13 13:58,1681365527,cc-cc408-hya,master-vm-02,9.9.3.151,elasticsearch_os_load5,0.03
2023/4/13 13:59,1681365587,cc-cc408-hya,master-vm-02,9.9.3.151,elasticsearch_os_load5,0.04
2023/4/13 14:00,1681365647,cc-cc408-hya,master-vm-02,9.9.3.151,elasticsearch_os_load5,0.03
2023/4/13 14:01,1681365707,cc-cc408-hya,master-vm-02,9.9.3.151,elasticsearch_os_load5,0.02
2023/4/13 14:02,1681365767,cc-cc408-hya,master-vm-02,9.9.3.151,elasticsearch_os_load5,0.02
2023/4/13 14:03,1681365827,cc-cc408-hya,master-vm-02,9.9.3.151,elasticsearch_os_load5,0.01
2023/4/13 14:04,1681365887,cc-cc408-hya,master-vm-02,9.9.3.151,elasticsearch_os_load5,0
2023/4/13 14:05,1681365947,cc-cc408-hya,master-vm-02,9.9.3.151,elasticsearch_os_load5,0
2023/4/13 14:06,1681366007,cc-cc408-hya,master-vm-02,9.9.3.151,elasticsearch_os_load5,0
2023/4/13 14:07,1681366067,cc-cc408-hya,master-vm-02,9.9.3.151,elasticsearch_os_load5,0
2023/4/13 14:08,1681366127,cc-cc408-hya,master-vm-02,9.9.3.151,elasticsearch_os_load5,0
2023/4/13 14:09,1681366187,cc-cc408-hya,master-vm-02,9.9.3.151,elasticsearch_os_load5,0
2023/4/13 14:10,1681366247,cc-cc408-hya,master-vm-02,9.9.3.151,elasticsearch_os_load5,0
2023/4/13 14:11,1681366307,cc-cc408-hya,master-vm-02,9.9.3.151,elasticsearch_os_load5,0.03
2023/4/13 14:12,1681366367,cc-cc408-hya,master-vm-02,9.9.3.151,elasticsearch_os_load5,0.02
2023/4/13 14:13,1681366427,cc-cc408-hya,master-vm-02,9.9.3.151,elasticsearch_os_load5,0.01
2023/4/13 14:14,1681366487,cc-cc408-hya,master-vm-02,9.9.3.151,elasticsearch_os_load5,0.01
2023/4/13 14:15,1681366547,cc-cc408-hya,master-vm-02,9.9.3.151,elasticsearch_os_load5,0
2023/4/13 14:16,1681366607,cc-cc408-hya,master-vm-02,9.9.3.151,elasticsearch_os_load5,0
2023/4/13 14:17,1681366667,cc-cc408-hya,master-vm-02,9.9.3.151,elasticsearch_os_load5,0
2023/4/13 14:18,1681366727,cc-cc408-hya,master-vm-02,9.9.3.151,elasticsearch_os_load5,0
2023/4/13 14:19,1681366787,cc-cc408-hya,master-vm-02,9.9.3.151,elasticsearch_os_load5,0
2023/4/13 14:20,1681366847,cc-cc408-hya,master-vm-02,9.9.3.151,elasticsearch_os_load5,0.01
2023/4/13 14:21,1681366907,cc-cc408-hya,master-vm-02,9.9.3.151,elasticsearch_os_load5,0.11
2023/4/13 14:22,1681366967,cc-cc408-hya,master-vm-02,9.9.3.151,elasticsearch_os_load5,0.08
2023/4/13 14:23,1681367027,cc-cc408-hya,master-vm-02,9.9.3.151,elasticsearch_os_load5,0.18
2023/4/13 14:24,1681367087,cc-cc408-hya,master-vm-02,9.9.3.151,elasticsearch_os_load5,0.22
2023/4/13 14:25,1681367147,cc-cc408-hya,master-vm-02,9.9.3.151,elasticsearch_os_load5,0.25
2023/4/13 14:26,1681367207,cc-cc408-hya,master-vm-02,9.9.3.151,elasticsearch_os_load5,0.2
2023/4/13 14:27,1681367267,cc-cc408-hya,master-vm-02,9.9.3.151,elasticsearch_os_load5,0.18
2023/4/13 14:28,1681367327,cc-cc408-hya,master-vm-02,9.9.3.151,elasticsearch_os_load5,0.16
2023/4/13 14:29,1681367387,cc-cc408-hya,master-vm-02,9.9.3.151,elasticsearch_os_load5,0.14
2023/4/13 14:30,1681367447,cc-cc408-hya,master-vm-02,9.9.3.151,elasticsearch_os_load5,0.11
2023/4/13 14:31,1681367507,cc-cc408-hya,master-vm-02,9.9.3.151,elasticsearch_os_load5,0.09
2023/4/13 14:32,1681367567,cc-cc408-hya,master-vm-02,9.9.3.151,elasticsearch_os_load5,0.07
2023/4/13 14:33,1681367627,cc-cc408-hya,master-vm-02,9.9.3.151,elasticsearch_os_load5,0.06
2023/4/13 14:34,1681367687,cc-cc408-hya,master-vm-02,9.9.3.151,elasticsearch_os_load5,0.06
2023/4/13 14:35,1681367747,cc-cc408-hya,master-vm-02,9.9.3.151,elasticsearch_os_load5,0.06
2023/4/13 14:36,1681367807,cc-cc408-hya,master-vm-02,9.9.3.151,elasticsearch_os_load5,0.06
2023/4/13 14:37,1681367867,cc-cc408-hya,master-vm-02,9.9.3.151,elasticsearch_os_load5,0.06
2023/4/13 14:38,1681367927,cc-cc408-hya,master-vm-02,9.9.3.151,elasticsearch_os_load5,0.08
2023/4/13 14:39,1681367987,cc-cc408-hya,master-vm-02,9.9.3.151,elasticsearch_os_load5,0.06
2023/4/13 14:40,1681368047,cc-cc408-hya,master-vm-02,9.9.3.151,elasticsearch_os_load5,0.05
2023/4/13 14:41,1681368107,cc-cc408-hya,master-vm-02,9.9.3.151,elasticsearch_os_load5,0.04
2023/4/13 14:42,1681368167,cc-cc408-hya,master-vm-02,9.9.3.151,elasticsearch_os_load5,0.03
2023/4/13 14:43,1681368227,cc-cc408-hya,master-vm-02,9.9.3.151,elasticsearch_os_load5,0.04
2023/4/13 14:44,1681368287,cc-cc408-hya,master-vm-02,9.9.3.151,elasticsearch_os_load5,0.03
2023/4/13 14:45,1681368347,cc-cc408-hya,master-vm-02,9.9.3.151,elasticsearch_os_load5,0.02
2023/4/13 14:46,1681368407,cc-cc408-hya,master-vm-02,9.9.3.151,elasticsearch_os_load5,0.02
2023/4/13 14:47,1681368467,cc-cc408-hya,master-vm-02,9.9.3.151,elasticsearch_os_load5,0.01
2023/4/13 14:48,1681368527,cc-cc408-hya,master-vm-02,9.9.3.151,elasticsearch_os_load5,0
2023/4/13 14:49,1681368587,cc-cc408-hya,master-vm-02,9.9.3.151,elasticsearch_os_load5,0
2023/4/13 14:50,1681368647,cc-cc408-hya,master-vm-02,9.9.3.151,elasticsearch_os_load5,0
2023/4/13 14:51,1681368707,cc-cc408-hya,master-vm-02,9.9.3.151,elasticsearch_os_load5,0.31
2023/4/13 14:52,1681368767,cc-cc408-hya,master-vm-02,9.9.3.151,elasticsearch_os_load5,0.26
2023/4/13 14:53,1681368827,cc-cc408-hya,master-vm-02,9.9.3.151,elasticsearch_os_load5,0.24
2023/4/13 14:54,1681368887,cc-cc408-hya,master-vm-02,9.9.3.151,elasticsearch_os_load5,0.22
2023/4/13 14:55,1681368947,cc-cc408-hya,master-vm-02,9.9.3.151,elasticsearch_os_load5,0.18
2023/4/13 14:56,1681369007,cc-cc408-hya,master-vm-02,9.9.3.151,elasticsearch_os_load5,0.14
2023/4/13 14:57,1681369067,cc-cc408-hya,master-vm-02,9.9.3.151,elasticsearch_os_load5,0.12
2023/4/13 14:58,1681369127,cc-cc408-hya,master-vm-02,9.9.3.151,elasticsearch_os_load5,0.11
2023/4/13 14:59,1681369187,cc-cc408-hya,master-vm-02,9.9.3.151,elasticsearch_os_load5,0.09
2023/4/13 15:00,1681369247,cc-cc408-hya,master-vm-02,9.9.3.151,elasticsearch_os_load5,0.07
2023/4/13 15:01,1681369307,cc-cc408-hya,master-vm-02,9.9.3.151,elasticsearch_os_load5,0.05
2023/4/13 15:02,1681369367,cc-cc408-hya,master-vm-02,9.9.3.151,elasticsearch_os_load5,0.04
2023/4/13 15:03,1681369427,cc-cc408-hya,master-vm-02,9.9.3.151,elasticsearch_os_load5,0.03
2023/4/13 15:04,1681369487,cc-cc408-hya,master-vm-02,9.9.3.151,elasticsearch_os_load5,0.02
2023/4/13 15:05,1681369547,cc-cc408-hya,master-vm-02,9.9.3.151,elasticsearch_os_load5,0.08
2023/4/13 15:06,1681369607,cc-cc408-hya,master-vm-02,9.9.3.151,elasticsearch_os_load5,0.28
2023/4/13 15:07,1681369667,cc-cc408-hya,master-vm-02,9.9.3.151,elasticsearch_os_load5,0.32
2023/4/13 15:08,1681369727,cc-cc408-hya,master-vm-02,9.9.3.151,elasticsearch_os_load5,0.28
2023/4/13 15:09,1681369787,cc-cc408-hya,master-vm-02,9.9.3.151,elasticsearch_os_load5,0.24
2023/4/13 15:10,1681369847,cc-cc408-hya,master-vm-02,9.9.3.151,elasticsearch_os_load5,0.19
2023/4/13 15:11,1681369907,cc-cc408-hya,master-vm-02,9.9.3.151,elasticsearch_os_load5,0.17
2023/4/13 15:12,1681369967,cc-cc408-hya,master-vm-02,9.9.3.151,elasticsearch_os_load5,0.14
2023/4/13 15:13,1681370027,cc-cc408-hya,master-vm-02,9.9.3.151,elasticsearch_os_load5,0.28
2023/4/13 15:14,1681370087,cc-cc408-hya,master-vm-02,9.9.3.151,elasticsearch_os_load5,0.23
2023/4/13 15:15,1681370147,cc-cc408-hya,master-vm-02,9.9.3.151,elasticsearch_os_load5,0.18
2023/4/13 15:16,1681370207,cc-cc408-hya,master-vm-02,9.9.3.151,elasticsearch_os_load5,0.15
2023/4/13 15:17,1681370267,cc-cc408-hya,master-vm-02,9.9.3.151,elasticsearch_os_load5,0.12
2023/4/13 15:18,1681370327,cc-cc408-hya,master-vm-02,9.9.3.151,elasticsearch_os_load5,0.09
2023/4/13 15:19,1681370387,cc-cc408-hya,master-vm-02,9.9.3.151,elasticsearch_os_load5,0.07
2023/4/13 15:20,1681370447,cc-cc408-hya,master-vm-02,9.9.3.151,elasticsearch_os_load5,0.11
2023/4/13 15:21,1681370507,cc-cc408-hya,master-vm-02,9.9.3.151,elasticsearch_os_load5,0.08
2023/4/13 15:22,1681370567,cc-cc408-hya,master-vm-02,9.9.3.151,elasticsearch_os_load5,0.08
2023/4/13 15:23,1681370627,cc-cc408-hya,master-vm-02,9.9.3.151,elasticsearch_os_load5,0.06
2023/4/13 15:24,1681370687,cc-cc408-hya,master-vm-02,9.9.3.151,elasticsearch_os_load5,0.05
2023/4/13 15:25,1681370747,cc-cc408-hya,master-vm-02,9.9.3.151,elasticsearch_os_load5,0.06
2023/4/13 15:26,1681370807,cc-cc408-hya,master-vm-02,9.9.3.151,elasticsearch_os_load5,0.06
2023/4/13 15:27,1681370867,cc-cc408-hya,master-vm-02,9.9.3.151,elasticsearch_os_load5,0.05
2023/4/13 15:28,1681370927,cc-cc408-hya,master-vm-02,9.9.3.151,elasticsearch_os_load5,0.04
2023/4/13 15:29,1681370987,cc-cc408-hya,master-vm-02,9.9.3.151,elasticsearch_os_load5,0.03
2023/4/13 15:30,1681371047,cc-cc408-hya,master-vm-02,9.9.3.151,elasticsearch_os_load5,0.02
2023/4/13 15:31,1681371107,cc-cc408-hya,master-vm-02,9.9.3.151,elasticsearch_os_load5,0.01
2023/4/13 15:32,1681371167,cc-cc408-hya,master-vm-02,9.9.3.151,elasticsearch_os_load5,0.01
2023/4/13 15:33,1681371227,cc-cc408-hya,master-vm-02,9.9.3.151,elasticsearch_os_load5,0
2023/4/13 15:34,1681371287,cc-cc408-hya,master-vm-02,9.9.3.151,elasticsearch_os_load5,0.01
2023/4/13 15:35,1681371347,cc-cc408-hya,master-vm-02,9.9.3.151,elasticsearch_os_load5,0.04
2023/4/13 15:36,1681371407,cc-cc408-hya,master-vm-02,9.9.3.151,elasticsearch_os_load5,0.03
2023/4/13 15:37,1681371467,cc-cc408-hya,master-vm-02,9.9.3.151,elasticsearch_os_load5,0.02
2023/4/13 15:38,1681371527,cc-cc408-hya,master-vm-02,9.9.3.151,elasticsearch_os_load5,0.03
2023/4/13 15:39,1681371587,cc-cc408-hya,master-vm-02,9.9.3.151,elasticsearch_os_load5,0.02
2023/4/13 15:40,1681371647,cc-cc408-hya,master-vm-02,9.9.3.151,elasticsearch_os_load5,0.02
2023/4/13 15:41,1681371707,cc-cc408-hya,master-vm-02,9.9.3.151,elasticsearch_os_load5,0.08
2023/4/13 15:42,1681371767,cc-cc408-hya,master-vm-02,9.9.3.151,elasticsearch_os_load5,0.06
2023/4/13 15:43,1681371827,cc-cc408-hya,master-vm-02,9.9.3.151,elasticsearch_os_load5,0.05
2023/4/13 15:44,1681371887,cc-cc408-hya,master-vm-02,9.9.3.151,elasticsearch_os_load5,0.09
2023/4/13 15:45,1681371947,cc-cc408-hya,master-vm-02,9.9.3.151,elasticsearch_os_load5,0.1
2023/4/13 15:46,1681372007,cc-cc408-hya,master-vm-02,9.9.3.151,elasticsearch_os_load5,0.08
2023/4/13 15:47,1681372067,cc-cc408-hya,master-vm-02,9.9.3.151,elasticsearch_os_load5,0.06
2023/4/13 15:48,1681372127,cc-cc408-hya,master-vm-02,9.9.3.151,elasticsearch_os_load5,0.2
2023/4/13 15:49,1681372187,cc-cc408-hya,master-vm-02,9.9.3.151,elasticsearch_os_load5,0.2
2023/4/13 15:50,1681372247,cc-cc408-hya,master-vm-02,9.9.3.151,elasticsearch_os_load5,0.18
2023/4/13 15:51,1681372307,cc-cc408-hya,master-vm-02,9.9.3.151,elasticsearch_os_load5,0.14
2023/4/13 15:52,1681372367,cc-cc408-hya,master-vm-02,9.9.3.151,elasticsearch_os_load5,0.11
2023/4/13 15:53,1681372427,cc-cc408-hya,master-vm-02,9.9.3.151,elasticsearch_os_load5,0.09
2023/4/13 15:54,1681372487,cc-cc408-hya,master-vm-02,9.9.3.151,elasticsearch_os_load5,0.09
2023/4/13 15:55,1681372547,cc-cc408-hya,master-vm-02,9.9.3.151,elasticsearch_os_load5,0.07
2023/4/13 15:56,1681372607,cc-cc408-hya,master-vm-02,9.9.3.151,elasticsearch_os_load5,0.05
2023/4/13 15:57,1681372667,cc-cc408-hya,master-vm-02,9.9.3.151,elasticsearch_os_load5,0.04
2023/4/13 15:58,1681372727,cc-cc408-hya,master-vm-02,9.9.3.151,elasticsearch_os_load5,0.03
2023/4/13 15:59,1681372787,cc-cc408-hya,master-vm-02,9.9.3.151,elasticsearch_os_load5,0.04
2023/4/13 16:00,1681372847,cc-cc408-hya,master-vm-02,9.9.3.151,elasticsearch_os_load5,0.03
2023/4/13 16:01,1681372907,cc-cc408-hya,master-vm-02,9.9.3.151,elasticsearch_os_load5,0.03
2023/4/13 16:02,1681372967,cc-cc408-hya,master-vm-02,9.9.3.151,elasticsearch_os_load5,0.03
2023/4/13 16:03,1681373027,cc-cc408-hya,master-vm-02,9.9.3.151,elasticsearch_os_load5,0.2
2023/4/13 16:04,1681373087,cc-cc408-hya,master-vm-02,9.9.3.151,elasticsearch_os_load5,0.16
2023/4/13 16:05,1681373147,cc-cc408-hya,master-vm-02,9.9.3.151,elasticsearch_os_load5,0.13
2023/4/13 16:06,1681373207,cc-cc408-hya,master-vm-02,9.9.3.151,elasticsearch_os_load5,0.1
2023/4/13 16:07,1681373267,cc-cc408-hya,master-vm-02,9.9.3.151,elasticsearch_os_load5,0.08
2023/4/13 16:08,1681373327,cc-cc408-hya,master-vm-02,9.9.3.151,elasticsearch_os_load5,0.06
2023/4/13 16:09,1681373387,cc-cc408-hya,master-vm-02,9.9.3.151,elasticsearch_os_load5,0.05
2023/4/13 16:10,1681373447,cc-cc408-hya,master-vm-02,9.9.3.151,elasticsearch_os_load5,0.04
2023/4/13 16:11,1681373507,cc-cc408-hya,master-vm-02,9.9.3.151,elasticsearch_os_load5,0.04
2023/4/13 16:12,1681373567,cc-cc408-hya,master-vm-02,9.9.3.151,elasticsearch_os_load5,0.03
2023/4/13 16:13,1681373627,cc-cc408-hya,master-vm-02,9.9.3.151,elasticsearch_os_load5,0.02
2023/4/13 16:14,1681373687,cc-cc408-hya,master-vm-02,9.9.3.151,elasticsearch_os_load5,0.06
2023/4/13 16:15,1681373747,cc-cc408-hya,master-vm-02,9.9.3.151,elasticsearch_os_load5,0.08
2023/4/13 16:16,1681373807,cc-cc408-hya,master-vm-02,9.9.3.151,elasticsearch_os_load5,0.08
2023/4/13 16:17,1681373867,cc-cc408-hya,master-vm-02,9.9.3.151,elasticsearch_os_load5,0.06
2023/4/13 16:18,1681373927,cc-cc408-hya,master-vm-02,9.9.3.151,elasticsearch_os_load5,0.08
2023/4/13 16:19,1681373987,cc-cc408-hya,master-vm-02,9.9.3.151,elasticsearch_os_load5,0.06
2023/4/13 16:20,1681374047,cc-cc408-hya,master-vm-02,9.9.3.151,elasticsearch_os_load5,0.06
2023/4/13 16:21,1681374107,cc-cc408-hya,master-vm-02,9.9.3.151,elasticsearch_os_load5,0.05
2023/4/13 16:22,1681374167,cc-cc408-hya,master-vm-02,9.9.3.151,elasticsearch_os_load5,0.04
2023/4/13 16:23,1681374227,cc-cc408-hya,master-vm-02,9.9.3.151,elasticsearch_os_load5,0.04
2023/4/13 16:24,1681374287,cc-cc408-hya,master-vm-02,9.9.3.151,elasticsearch_os_load5,0.05
2023/4/13 16:25,1681374347,cc-cc408-hya,master-vm-02,9.9.3.151,elasticsearch_os_load5,0.12
2023/4/13 16:26,1681374407,cc-cc408-hya,master-vm-02,9.9.3.151,elasticsearch_os_load5,0.1
2023/4/13 16:27,1681374467,cc-cc408-hya,master-vm-02,9.9.3.151,elasticsearch_os_load5,0.08
2023/4/13 16:28,1681374527,cc-cc408-hya,master-vm-02,9.9.3.151,elasticsearch_os_load5,0.06
2023/4/13 16:29,1681374587,cc-cc408-hya,master-vm-02,9.9.3.151,elasticsearch_os_load5,0.06
2023/4/13 16:30,1681374647,cc-cc408-hya,master-vm-02,9.9.3.151,elasticsearch_os_load5,0.06
2023/4/13 16:31,1681374707,cc-cc408-hya,master-vm-02,9.9.3.151,elasticsearch_os_load5,0.05
2023/4/13 16:32,1681374767,cc-cc408-hya,master-vm-02,9.9.3.151,elasticsearch_os_load5,0.04
2023/4/13 16:33,1681374827,cc-cc408-hya,master-vm-02,9.9.3.151,elasticsearch_os_load5,0.03
2023/4/13 16:34,1681374887,cc-cc408-hya,master-vm-02,9.9.3.151,elasticsearch_os_load5,0.02
2023/4/13 16:35,1681374947,cc-cc408-hya,master-vm-02,9.9.3.151,elasticsearch_os_load5,0.05
2023/4/13 16:36,1681375007,cc-cc408-hya,master-vm-02,9.9.3.151,elasticsearch_os_load5,0.03
2023/4/13 16:37,1681375067,cc-cc408-hya,master-vm-02,9.9.3.151,elasticsearch_os_load5,0.03
2023/4/13 16:38,1681375127,cc-cc408-hya,master-vm-02,9.9.3.151,elasticsearch_os_load5,0.02
2023/4/13 16:39,1681375187,cc-cc408-hya,master-vm-02,9.9.3.151,elasticsearch_os_load5,0.01
2023/4/13 16:40,1681375247,cc-cc408-hya,master-vm-02,9.9.3.151,elasticsearch_os_load5,0.01
2023/4/13 16:41,1681375307,cc-cc408-hya,master-vm-02,9.9.3.151,elasticsearch_os_load5,0
2023/4/13 16:42,1681375367,cc-cc408-hya,master-vm-02,9.9.3.151,elasticsearch_os_load5,0
2023/4/13 16:43,1681375427,cc-cc408-hya,master-vm-02,9.9.3.151,elasticsearch_os_load5,0
2023/4/13 16:44,1681375487,cc-cc408-hya,master-vm-02,9.9.3.151,elasticsearch_os_load5,0
2023/4/13 16:45,1681375547,cc-cc408-hya,master-vm-02,9.9.3.151,elasticsearch_os_load5,0
2023/4/13 16:46,1681375607,cc-cc408-hya,master-vm-02,9.9.3.151,elasticsearch_os_load5,0
2023/4/13 16:47,1681375667,cc-cc408-hya,master-vm-02,9.9.3.151,elasticsearch_os_load5,0
2023/4/13 16:48,1681375727,cc-cc408-hya,master-vm-02,9.9.3.151,elasticsearch_os_load5,0
2023/4/13 16:49,1681375787,cc-cc408-hya,master-vm-02,9.9.3.151,elasticsearch_os_load5,0
2023/4/13 16:50,1681375847,cc-cc408-hya,master-vm-02,9.9.3.151,elasticsearch_os_load5,0
2023/4/13 16:51,1681375907,cc-cc408-hya,master-vm-02,9.9.3.151,elasticsearch_os_load5,0
2023/4/13 16:52,1681375967,cc-cc408-hya,master-vm-02,9.9.3.151,elasticsearch_os_load5,0.58
2023/4/13 16:53,1681376027,cc-cc408-hya,master-vm-02,9.9.3.151,elasticsearch_os_load5,0.47
2023/4/13 16:54,1681376087,cc-cc408-hya,master-vm-02,9.9.3.151,elasticsearch_os_load5,0.39
2023/4/13 16:55,1681376147,cc-cc408-hya,master-vm-02,9.9.3.151,elasticsearch_os_load5,0.31
2023/4/13 16:56,1681376207,cc-cc408-hya,master-vm-02,9.9.3.151,elasticsearch_os_load5,0.27
2023/4/13 16:57,1681376267,cc-cc408-hya,master-vm-02,9.9.3.151,elasticsearch_os_load5,0.22
2023/4/13 16:58,1681376327,cc-cc408-hya,master-vm-02,9.9.3.151,elasticsearch_os_load5,0.19
2023/4/13 16:59,1681376387,cc-cc408-hya,master-vm-02,9.9.3.151,elasticsearch_os_load5,0.17
2023/4/13 17:00,1681376447,cc-cc408-hya,master-vm-02,9.9.3.151,elasticsearch_os_load5,0.13
2023/4/13 17:01,1681376507,cc-cc408-hya,master-vm-02,9.9.3.151,elasticsearch_os_load5,0.11
2023/4/13 17:02,1681376567,cc-cc408-hya,master-vm-02,9.9.3.151,elasticsearch_os_load5,0.08
2023/4/13 17:03,1681376627,cc-cc408-hya,master-vm-02,9.9.3.151,elasticsearch_os_load5,0.07
2023/4/13 17:04,1681376687,cc-cc408-hya,master-vm-02,9.9.3.151,elasticsearch_os_load5,0.05
2023/4/13 17:05,1681376747,cc-cc408-hya,master-vm-02,9.9.3.151,elasticsearch_os_load5,0.16
2023/4/13 17:06,1681376807,cc-cc408-hya,master-vm-02,9.9.3.151,elasticsearch_os_load5,0.15
2023/4/13 17:07,1681376867,cc-cc408-hya,master-vm-02,9.9.3.151,elasticsearch_os_load5,0.14
2023/4/13 17:08,1681376927,cc-cc408-hya,master-vm-02,9.9.3.151,elasticsearch_os_load5,0.11
2023/4/13 17:09,1681376987,cc-cc408-hya,master-vm-02,9.9.3.151,elasticsearch_os_load5,0.09
2023/4/13 17:10,1681377047,cc-cc408-hya,master-vm-02,9.9.3.151,elasticsearch_os_load5,0.22
2023/4/13 17:11,1681377107,cc-cc408-hya,master-vm-02,9.9.3.151,elasticsearch_os_load5,0.25
2023/4/13 17:12,1681377167,cc-cc408-hya,master-vm-02,9.9.3.151,elasticsearch_os_load5,0.26
2023/4/13 17:13,1681377227,cc-cc408-hya,master-vm-02,9.9.3.151,elasticsearch_os_load5,0.3
2023/4/13 17:14,1681377287,cc-cc408-hya,master-vm-02,9.9.3.151,elasticsearch_os_load5,0.25
2023/4/13 17:15,1681377347,cc-cc408-hya,master-vm-02,9.9.3.151,elasticsearch_os_load5,0.2
2023/4/13 17:16,1681377407,cc-cc408-hya,master-vm-02,9.9.3.151,elasticsearch_os_load5,0.16
2023/4/13 17:17,1681377467,cc-cc408-hya,master-vm-02,9.9.3.151,elasticsearch_os_load5,0.14
2023/4/13 17:18,1681377527,cc-cc408-hya,master-vm-02,9.9.3.151,elasticsearch_os_load5,0.11
2023/4/13 17:19,1681377587,cc-cc408-hya,master-vm-02,9.9.3.151,elasticsearch_os_load5,0.09
2023/4/13 17:20,1681377647,cc-cc408-hya,master-vm-02,9.9.3.151,elasticsearch_os_load5,0.07
2023/4/13 17:21,1681377707,cc-cc408-hya,master-vm-02,9.9.3.151,elasticsearch_os_load5,0.06
2023/4/13 17:22,1681377767,cc-cc408-hya,master-vm-02,9.9.3.151,elasticsearch_os_load5,0.04
2023/4/13 17:23,1681377827,cc-cc408-hya,master-vm-02,9.9.3.151,elasticsearch_os_load5,0.03
2023/4/13 17:24,1681377887,cc-cc408-hya,master-vm-02,9.9.3.151,elasticsearch_os_load5,0.02
2023/4/13 17:25,1681377947,cc-cc408-hya,master-vm-02,9.9.3.151,elasticsearch_os_load5,0.02
2023/4/13 17:26,1681378007,cc-cc408-hya,master-vm-02,9.9.3.151,elasticsearch_os_load5,0.01
2023/4/13 17:27,1681378067,cc-cc408-hya,master-vm-02,9.9.3.151,elasticsearch_os_load5,0.01
2023/4/13 17:28,1681378127,cc-cc408-hya,master-vm-02,9.9.3.151,elasticsearch_os_load5,0
2023/4/13 17:29,1681378187,cc-cc408-hya,master-vm-02,9.9.3.151,elasticsearch_os_load5,0
2023/4/13 17:30,1681378247,cc-cc408-hya,master-vm-02,9.9.3.151,elasticsearch_os_load5,0
2023/4/12 17:30,1681291847,cc-cc408-hya,master-vm-03,9.9.3.152,elasticsearch_os_load5,0.03
2023/4/12 17:31,1681291907,cc-cc408-hya,master-vm-03,9.9.3.152,elasticsearch_os_load5,0.02
2023/4/12 17:32,1681291967,cc-cc408-hya,master-vm-03,9.9.3.152,elasticsearch_os_load5,0.04
2023/4/12 17:33,1681292027,cc-cc408-hya,master-vm-03,9.9.3.152,elasticsearch_os_load5,0.03
2023/4/12 17:34,1681292087,cc-cc408-hya,master-vm-03,9.9.3.152,elasticsearch_os_load5,0.02
2023/4/12 17:35,1681292147,cc-cc408-hya,master-vm-03,9.9.3.152,elasticsearch_os_load5,0.02
2023/4/12 17:36,1681292207,cc-cc408-hya,master-vm-03,9.9.3.152,elasticsearch_os_load5,0.04
2023/4/12 17:37,1681292267,cc-cc408-hya,master-vm-03,9.9.3.152,elasticsearch_os_load5,0.09
2023/4/12 17:38,1681292327,cc-cc408-hya,master-vm-03,9.9.3.152,elasticsearch_os_load5,0.07
2023/4/12 17:39,1681292387,cc-cc408-hya,master-vm-03,9.9.3.152,elasticsearch_os_load5,0.05
2023/4/12 17:40,1681292447,cc-cc408-hya,master-vm-03,9.9.3.152,elasticsearch_os_load5,0.04
2023/4/12 17:41,1681292507,cc-cc408-hya,master-vm-03,9.9.3.152,elasticsearch_os_load5,0.09
2023/4/12 17:42,1681292567,cc-cc408-hya,master-vm-03,9.9.3.152,elasticsearch_os_load5,0.07
2023/4/12 17:43,1681292627,cc-cc408-hya,master-vm-03,9.9.3.152,elasticsearch_os_load5,0.06
2023/4/12 17:44,1681292687,cc-cc408-hya,master-vm-03,9.9.3.152,elasticsearch_os_load5,0.04
2023/4/12 17:45,1681292747,cc-cc408-hya,master-vm-03,9.9.3.152,elasticsearch_os_load5,0.03
2023/4/12 17:46,1681292807,cc-cc408-hya,master-vm-03,9.9.3.152,elasticsearch_os_load5,0.05
2023/4/12 17:47,1681292867,cc-cc408-hya,master-vm-03,9.9.3.152,elasticsearch_os_load5,0.04
2023/4/12 17:48,1681292927,cc-cc408-hya,master-vm-03,9.9.3.152,elasticsearch_os_load5,0.03
2023/4/12 17:49,1681292987,cc-cc408-hya,master-vm-03,9.9.3.152,elasticsearch_os_load5,0.02
2023/4/12 17:50,1681293047,cc-cc408-hya,master-vm-03,9.9.3.152,elasticsearch_os_load5,0.03
2023/4/12 17:51,1681293107,cc-cc408-hya,master-vm-03,9.9.3.152,elasticsearch_os_load5,0.03
2023/4/12 17:52,1681293167,cc-cc408-hya,master-vm-03,9.9.3.152,elasticsearch_os_load5,0.02
2023/4/12 17:53,1681293227,cc-cc408-hya,master-vm-03,9.9.3.152,elasticsearch_os_load5,0.01
2023/4/12 17:54,1681293287,cc-cc408-hya,master-vm-03,9.9.3.152,elasticsearch_os_load5,0.01
2023/4/12 17:55,1681293347,cc-cc408-hya,master-vm-03,9.9.3.152,elasticsearch_os_load5,0.05
2023/4/12 17:56,1681293407,cc-cc408-hya,master-vm-03,9.9.3.152,elasticsearch_os_load5,0.04
2023/4/12 17:57,1681293467,cc-cc408-hya,master-vm-03,9.9.3.152,elasticsearch_os_load5,0.03
2023/4/12 17:58,1681293527,cc-cc408-hya,master-vm-03,9.9.3.152,elasticsearch_os_load5,0.02
2023/4/12 17:59,1681293587,cc-cc408-hya,master-vm-03,9.9.3.152,elasticsearch_os_load5,0.02
2023/4/12 18:00,1681293647,cc-cc408-hya,master-vm-03,9.9.3.152,elasticsearch_os_load5,0.12
2023/4/12 18:01,1681293707,cc-cc408-hya,master-vm-03,9.9.3.152,elasticsearch_os_load5,0.1
2023/4/12 18:02,1681293767,cc-cc408-hya,master-vm-03,9.9.3.152,elasticsearch_os_load5,0.08
2023/4/12 18:03,1681293827,cc-cc408-hya,master-vm-03,9.9.3.152,elasticsearch_os_load5,0.08
2023/4/12 18:04,1681293887,cc-cc408-hya,master-vm-03,9.9.3.152,elasticsearch_os_load5,0.06
2023/4/12 18:05,1681293947,cc-cc408-hya,master-vm-03,9.9.3.152,elasticsearch_os_load5,0.08
2023/4/12 18:06,1681294007,cc-cc408-hya,master-vm-03,9.9.3.152,elasticsearch_os_load5,0.06
2023/4/12 18:07,1681294067,cc-cc408-hya,master-vm-03,9.9.3.152,elasticsearch_os_load5,0.05
2023/4/12 18:08,1681294127,cc-cc408-hya,master-vm-03,9.9.3.152,elasticsearch_os_load5,0.05
2023/4/12 18:09,1681294187,cc-cc408-hya,master-vm-03,9.9.3.152,elasticsearch_os_load5,0.04
2023/4/12 18:10,1681294247,cc-cc408-hya,master-vm-03,9.9.3.152,elasticsearch_os_load5,0.05
2023/4/12 18:11,1681294307,cc-cc408-hya,master-vm-03,9.9.3.152,elasticsearch_os_load5,0.03
2023/4/12 18:12,1681294367,cc-cc408-hya,master-vm-03,9.9.3.152,elasticsearch_os_load5,0.03
2023/4/12 18:13,1681294427,cc-cc408-hya,master-vm-03,9.9.3.152,elasticsearch_os_load5,0.02
2023/4/12 18:14,1681294487,cc-cc408-hya,master-vm-03,9.9.3.152,elasticsearch_os_load5,0.01
2023/4/12 18:15,1681294547,cc-cc408-hya,master-vm-03,9.9.3.152,elasticsearch_os_load5,0.01
2023/4/12 18:16,1681294607,cc-cc408-hya,master-vm-03,9.9.3.152,elasticsearch_os_load5,0
2023/4/12 18:17,1681294667,cc-cc408-hya,master-vm-03,9.9.3.152,elasticsearch_os_load5,0
2023/4/12 18:18,1681294727,cc-cc408-hya,master-vm-03,9.9.3.152,elasticsearch_os_load5,0
2023/4/12 18:19,1681294787,cc-cc408-hya,master-vm-03,9.9.3.152,elasticsearch_os_load5,0.07
2023/4/12 18:20,1681294847,cc-cc408-hya,master-vm-03,9.9.3.152,elasticsearch_os_load5,0.07
2023/4/12 18:21,1681294907,cc-cc408-hya,master-vm-03,9.9.3.152,elasticsearch_os_load5,0.05
2023/4/12 18:22,1681294967,cc-cc408-hya,master-vm-03,9.9.3.152,elasticsearch_os_load5,0.04
2023/4/12 18:23,1681295027,cc-cc408-hya,master-vm-03,9.9.3.152,elasticsearch_os_load5,0.12
2023/4/12 18:24,1681295087,cc-cc408-hya,master-vm-03,9.9.3.152,elasticsearch_os_load5,0.1
2023/4/12 18:25,1681295147,cc-cc408-hya,master-vm-03,9.9.3.152,elasticsearch_os_load5,0.08
2023/4/12 18:26,1681295207,cc-cc408-hya,master-vm-03,9.9.3.152,elasticsearch_os_load5,0.08
2023/4/12 18:27,1681295267,cc-cc408-hya,master-vm-03,9.9.3.152,elasticsearch_os_load5,0.06
2023/4/12 18:28,1681295327,cc-cc408-hya,master-vm-03,9.9.3.152,elasticsearch_os_load5,0.06
2023/4/12 18:29,1681295387,cc-cc408-hya,master-vm-03,9.9.3.152,elasticsearch_os_load5,0.06
2023/4/12 18:30,1681295447,cc-cc408-hya,master-vm-03,9.9.3.152,elasticsearch_os_load5,0.06
2023/4/12 18:31,1681295507,cc-cc408-hya,master-vm-03,9.9.3.152,elasticsearch_os_load5,0.05
2023/4/12 18:32,1681295567,cc-cc408-hya,master-vm-03,9.9.3.152,elasticsearch_os_load5,0.04
2023/4/12 18:33,1681295627,cc-cc408-hya,master-vm-03,9.9.3.152,elasticsearch_os_load5,0.03
2023/4/12 18:34,1681295687,cc-cc408-hya,master-vm-03,9.9.3.152,elasticsearch_os_load5,0.04
2023/4/12 18:35,1681295747,cc-cc408-hya,master-vm-03,9.9.3.152,elasticsearch_os_load5,0.04
2023/4/12 18:36,1681295807,cc-cc408-hya,master-vm-03,9.9.3.152,elasticsearch_os_load5,0.03
2023/4/12 18:37,1681295867,cc-cc408-hya,master-vm-03,9.9.3.152,elasticsearch_os_load5,0.02
2023/4/12 18:38,1681295927,cc-cc408-hya,master-vm-03,9.9.3.152,elasticsearch_os_load5,0.02
2023/4/12 18:39,1681295987,cc-cc408-hya,master-vm-03,9.9.3.152,elasticsearch_os_load5,0.01
2023/4/12 18:40,1681296047,cc-cc408-hya,master-vm-03,9.9.3.152,elasticsearch_os_load5,0.01
2023/4/12 18:41,1681296107,cc-cc408-hya,master-vm-03,9.9.3.152,elasticsearch_os_load5,0.18
2023/4/12 18:42,1681296167,cc-cc408-hya,master-vm-03,9.9.3.152,elasticsearch_os_load5,0.19
2023/4/12 18:43,1681296227,cc-cc408-hya,master-vm-03,9.9.3.152,elasticsearch_os_load5,0.15
2023/4/12 18:44,1681296287,cc-cc408-hya,master-vm-03,9.9.3.152,elasticsearch_os_load5,0.12
2023/4/12 18:45,1681296347,cc-cc408-hya,master-vm-03,9.9.3.152,elasticsearch_os_load5,0.1
2023/4/12 18:46,1681296407,cc-cc408-hya,master-vm-03,9.9.3.152,elasticsearch_os_load5,0.08
2023/4/12 18:47,1681296467,cc-cc408-hya,master-vm-03,9.9.3.152,elasticsearch_os_load5,0.06
2023/4/12 18:48,1681296527,cc-cc408-hya,master-vm-03,9.9.3.152,elasticsearch_os_load5,0.05
2023/4/12 18:49,1681296587,cc-cc408-hya,master-vm-03,9.9.3.152,elasticsearch_os_load5,0.04
2023/4/12 18:50,1681296647,cc-cc408-hya,master-vm-03,9.9.3.152,elasticsearch_os_load5,0.04
2023/4/12 18:51,1681296707,cc-cc408-hya,master-vm-03,9.9.3.152,elasticsearch_os_load5,0.05
2023/4/12 18:52,1681296767,cc-cc408-hya,master-vm-03,9.9.3.152,elasticsearch_os_load5,0.05
2023/4/12 18:53,1681296827,cc-cc408-hya,master-vm-03,9.9.3.152,elasticsearch_os_load5,0.04
2023/4/12 18:54,1681296887,cc-cc408-hya,master-vm-03,9.9.3.152,elasticsearch_os_load5,0.05
2023/4/12 18:55,1681296947,cc-cc408-hya,master-vm-03,9.9.3.152,elasticsearch_os_load5,0.08
2023/4/12 18:56,1681297007,cc-cc408-hya,master-vm-03,9.9.3.152,elasticsearch_os_load5,0.08
2023/4/12 18:57,1681297067,cc-cc408-hya,master-vm-03,9.9.3.152,elasticsearch_os_load5,0.09
2023/4/12 18:58,1681297127,cc-cc408-hya,master-vm-03,9.9.3.152,elasticsearch_os_load5,0.07
2023/4/12 18:59,1681297187,cc-cc408-hya,master-vm-03,9.9.3.152,elasticsearch_os_load5,0.06
2023/4/12 19:00,1681297247,cc-cc408-hya,master-vm-03,9.9.3.152,elasticsearch_os_load5,0.05
2023/4/12 19:01,1681297307,cc-cc408-hya,master-vm-03,9.9.3.152,elasticsearch_os_load5,0.03
2023/4/12 19:02,1681297367,cc-cc408-hya,master-vm-03,9.9.3.152,elasticsearch_os_load5,0.08
2023/4/12 19:03,1681297427,cc-cc408-hya,master-vm-03,9.9.3.152,elasticsearch_os_load5,0.06
2023/4/12 19:04,1681297487,cc-cc408-hya,master-vm-03,9.9.3.152,elasticsearch_os_load5,0.05
2023/4/12 19:05,1681297547,cc-cc408-hya,master-vm-03,9.9.3.152,elasticsearch_os_load5,0.04
2023/4/12 19:06,1681297607,cc-cc408-hya,master-vm-03,9.9.3.152,elasticsearch_os_load5,0.07
2023/4/12 19:07,1681297667,cc-cc408-hya,master-vm-03,9.9.3.152,elasticsearch_os_load5,0.06
2023/4/12 19:08,1681297727,cc-cc408-hya,master-vm-03,9.9.3.152,elasticsearch_os_load5,0.04
2023/4/12 19:09,1681297787,cc-cc408-hya,master-vm-03,9.9.3.152,elasticsearch_os_load5,0.03
2023/4/12 19:10,1681297847,cc-cc408-hya,master-vm-03,9.9.3.152,elasticsearch_os_load5,0.04
2023/4/12 19:11,1681297907,cc-cc408-hya,master-vm-03,9.9.3.152,elasticsearch_os_load5,0.03
2023/4/12 19:12,1681297967,cc-cc408-hya,master-vm-03,9.9.3.152,elasticsearch_os_load5,0.02
2023/4/12 19:13,1681298027,cc-cc408-hya,master-vm-03,9.9.3.152,elasticsearch_os_load5,0.02
2023/4/12 19:14,1681298087,cc-cc408-hya,master-vm-03,9.9.3.152,elasticsearch_os_load5,0.2
2023/4/12 19:15,1681298147,cc-cc408-hya,master-vm-03,9.9.3.152,elasticsearch_os_load5,0.16
2023/4/12 19:16,1681298207,cc-cc408-hya,master-vm-03,9.9.3.152,elasticsearch_os_load5,0.14
2023/4/12 19:17,1681298267,cc-cc408-hya,master-vm-03,9.9.3.152,elasticsearch_os_load5,0.18
2023/4/12 19:18,1681298327,cc-cc408-hya,master-vm-03,9.9.3.152,elasticsearch_os_load5,0.16
2023/4/12 19:19,1681298387,cc-cc408-hya,master-vm-03,9.9.3.152,elasticsearch_os_load5,0.13
2023/4/12 19:20,1681298447,cc-cc408-hya,master-vm-03,9.9.3.152,elasticsearch_os_load5,0.12
2023/4/12 19:21,1681298507,cc-cc408-hya,master-vm-03,9.9.3.152,elasticsearch_os_load5,0.13
2023/4/12 19:22,1681298567,cc-cc408-hya,master-vm-03,9.9.3.152,elasticsearch_os_load5,0.1
2023/4/12 19:23,1681298627,cc-cc408-hya,master-vm-03,9.9.3.152,elasticsearch_os_load5,0.19
2023/4/12 19:24,1681298687,cc-cc408-hya,master-vm-03,9.9.3.152,elasticsearch_os_load5,0.17
2023/4/12 19:25,1681298747,cc-cc408-hya,master-vm-03,9.9.3.152,elasticsearch_os_load5,0.14
2023/4/12 19:26,1681298807,cc-cc408-hya,master-vm-03,9.9.3.152,elasticsearch_os_load5,0.11
2023/4/12 19:27,1681298867,cc-cc408-hya,master-vm-03,9.9.3.152,elasticsearch_os_load5,0.11
2023/4/12 19:28,1681298927,cc-cc408-hya,master-vm-03,9.9.3.152,elasticsearch_os_load5,0.09
2023/4/12 19:29,1681298987,cc-cc408-hya,master-vm-03,9.9.3.152,elasticsearch_os_load5,0.07
2023/4/12 19:30,1681299047,cc-cc408-hya,master-vm-03,9.9.3.152,elasticsearch_os_load5,0.06
2023/4/12 19:31,1681299107,cc-cc408-hya,master-vm-03,9.9.3.152,elasticsearch_os_load5,0.04
2023/4/12 19:32,1681299167,cc-cc408-hya,master-vm-03,9.9.3.152,elasticsearch_os_load5,0.03
2023/4/12 19:33,1681299227,cc-cc408-hya,master-vm-03,9.9.3.152,elasticsearch_os_load5,0.02
2023/4/12 19:34,1681299287,cc-cc408-hya,master-vm-03,9.9.3.152,elasticsearch_os_load5,0.02
2023/4/12 19:35,1681299347,cc-cc408-hya,master-vm-03,9.9.3.152,elasticsearch_os_load5,0.01
2023/4/12 19:36,1681299407,cc-cc408-hya,master-vm-03,9.9.3.152,elasticsearch_os_load5,0.01
2023/4/12 19:37,1681299467,cc-cc408-hya,master-vm-03,9.9.3.152,elasticsearch_os_load5,0
2023/4/12 19:38,1681299527,cc-cc408-hya,master-vm-03,9.9.3.152,elasticsearch_os_load5,0.01
2023/4/12 19:39,1681299587,cc-cc408-hya,master-vm-03,9.9.3.152,elasticsearch_os_load5,0.01
2023/4/12 19:40,1681299647,cc-cc408-hya,master-vm-03,9.9.3.152,elasticsearch_os_load5,0
2023/4/12 19:41,1681299707,cc-cc408-hya,master-vm-03,9.9.3.152,elasticsearch_os_load5,0
2023/4/12 19:42,1681299767,cc-cc408-hya,master-vm-03,9.9.3.152,elasticsearch_os_load5,0
2023/4/12 19:43,1681299827,cc-cc408-hya,master-vm-03,9.9.3.152,elasticsearch_os_load5,0
2023/4/12 19:44,1681299887,cc-cc408-hya,master-vm-03,9.9.3.152,elasticsearch_os_load5,0
2023/4/12 19:45,1681299947,cc-cc408-hya,master-vm-03,9.9.3.152,elasticsearch_os_load5,0
2023/4/12 19:46,1681300007,cc-cc408-hya,master-vm-03,9.9.3.152,elasticsearch_os_load5,0.01
2023/4/12 19:47,1681300067,cc-cc408-hya,master-vm-03,9.9.3.152,elasticsearch_os_load5,0.06
2023/4/12 19:48,1681300127,cc-cc408-hya,master-vm-03,9.9.3.152,elasticsearch_os_load5,0.06
2023/4/12 19:49,1681300187,cc-cc408-hya,master-vm-03,9.9.3.152,elasticsearch_os_load5,0.07
2023/4/12 19:50,1681300247,cc-cc408-hya,master-vm-03,9.9.3.152,elasticsearch_os_load5,0.05
2023/4/12 19:51,1681300307,cc-cc408-hya,master-vm-03,9.9.3.152,elasticsearch_os_load5,0.05
2023/4/12 19:52,1681300367,cc-cc408-hya,master-vm-03,9.9.3.152,elasticsearch_os_load5,0.06
2023/4/12 19:53,1681300427,cc-cc408-hya,master-vm-03,9.9.3.152,elasticsearch_os_load5,0.06
2023/4/12 19:54,1681300487,cc-cc408-hya,master-vm-03,9.9.3.152,elasticsearch_os_load5,0.05
2023/4/12 19:55,1681300547,cc-cc408-hya,master-vm-03,9.9.3.152,elasticsearch_os_load5,0.07
2023/4/12 19:56,1681300607,cc-cc408-hya,master-vm-03,9.9.3.152,elasticsearch_os_load5,0.05
2023/4/12 19:57,1681300667,cc-cc408-hya,master-vm-03,9.9.3.152,elasticsearch_os_load5,0.04
2023/4/12 19:58,1681300727,cc-cc408-hya,master-vm-03,9.9.3.152,elasticsearch_os_load5,0.03
2023/4/12 19:59,1681300787,cc-cc408-hya,master-vm-03,9.9.3.152,elasticsearch_os_load5,0.02
2023/4/12 20:00,1681300847,cc-cc408-hya,master-vm-03,9.9.3.152,elasticsearch_os_load5,0.03
2023/4/12 20:01,1681300907,cc-cc408-hya,master-vm-03,9.9.3.152,elasticsearch_os_load5,0.03
2023/4/12 20:02,1681300967,cc-cc408-hya,master-vm-03,9.9.3.152,elasticsearch_os_load5,0.03
2023/4/12 20:03,1681301027,cc-cc408-hya,master-vm-03,9.9.3.152,elasticsearch_os_load5,0.04
2023/4/12 20:04,1681301087,cc-cc408-hya,master-vm-03,9.9.3.152,elasticsearch_os_load5,0.03
2023/4/12 20:05,1681301147,cc-cc408-hya,master-vm-03,9.9.3.152,elasticsearch_os_load5,0.18
2023/4/12 20:06,1681301207,cc-cc408-hya,master-vm-03,9.9.3.152,elasticsearch_os_load5,0.16
2023/4/12 20:07,1681301267,cc-cc408-hya,master-vm-03,9.9.3.152,elasticsearch_os_load5,0.12
2023/4/12 20:08,1681301327,cc-cc408-hya,master-vm-03,9.9.3.152,elasticsearch_os_load5,0.1
2023/4/12 20:09,1681301387,cc-cc408-hya,master-vm-03,9.9.3.152,elasticsearch_os_load5,0.08
2023/4/12 20:10,1681301447,cc-cc408-hya,master-vm-03,9.9.3.152,elasticsearch_os_load5,0.06
2023/4/12 20:11,1681301507,cc-cc408-hya,master-vm-03,9.9.3.152,elasticsearch_os_load5,0.05
2023/4/12 20:12,1681301567,cc-cc408-hya,master-vm-03,9.9.3.152,elasticsearch_os_load5,0.04
2023/4/12 20:13,1681301627,cc-cc408-hya,master-vm-03,9.9.3.152,elasticsearch_os_load5,0.03
2023/4/12 20:14,1681301687,cc-cc408-hya,master-vm-03,9.9.3.152,elasticsearch_os_load5,0.02
2023/4/12 20:15,1681301747,cc-cc408-hya,master-vm-03,9.9.3.152,elasticsearch_os_load5,0.02
2023/4/12 20:16,1681301807,cc-cc408-hya,master-vm-03,9.9.3.152,elasticsearch_os_load5,0.03
2023/4/12 20:17,1681301867,cc-cc408-hya,master-vm-03,9.9.3.152,elasticsearch_os_load5,0.02
2023/4/12 20:18,1681301927,cc-cc408-hya,master-vm-03,9.9.3.152,elasticsearch_os_load5,0.06
2023/4/12 20:19,1681301987,cc-cc408-hya,master-vm-03,9.9.3.152,elasticsearch_os_load5,0.06
2023/4/12 20:20,1681302047,cc-cc408-hya,master-vm-03,9.9.3.152,elasticsearch_os_load5,0.05
2023/4/12 20:21,1681302107,cc-cc408-hya,master-vm-03,9.9.3.152,elasticsearch_os_load5,0.04
2023/4/12 20:22,1681302167,cc-cc408-hya,master-vm-03,9.9.3.152,elasticsearch_os_load5,0.03
2023/4/12 20:23,1681302227,cc-cc408-hya,master-vm-03,9.9.3.152,elasticsearch_os_load5,0.11
2023/4/12 20:24,1681302287,cc-cc408-hya,master-vm-03,9.9.3.152,elasticsearch_os_load5,0.08
2023/4/12 20:25,1681302347,cc-cc408-hya,master-vm-03,9.9.3.152,elasticsearch_os_load5,0.07
2023/4/12 20:26,1681302407,cc-cc408-hya,master-vm-03,9.9.3.152,elasticsearch_os_load5,0.05
2023/4/12 20:27,1681302467,cc-cc408-hya,master-vm-03,9.9.3.152,elasticsearch_os_load5,0.05
2023/4/12 20:28,1681302527,cc-cc408-hya,master-vm-03,9.9.3.152,elasticsearch_os_load5,0.09
2023/4/12 20:29,1681302587,cc-cc408-hya,master-vm-03,9.9.3.152,elasticsearch_os_load5,0.07
2023/4/12 20:30,1681302647,cc-cc408-hya,master-vm-03,9.9.3.152,elasticsearch_os_load5,0.05
2023/4/12 20:31,1681302707,cc-cc408-hya,master-vm-03,9.9.3.152,elasticsearch_os_load5,0.07
2023/4/12 20:32,1681302767,cc-cc408-hya,master-vm-03,9.9.3.152,elasticsearch_os_load5,0.06
2023/4/12 20:33,1681302827,cc-cc408-hya,master-vm-03,9.9.3.152,elasticsearch_os_load5,0.08
2023/4/12 20:34,1681302887,cc-cc408-hya,master-vm-03,9.9.3.152,elasticsearch_os_load5,0.16
2023/4/12 20:35,1681302947,cc-cc408-hya,master-vm-03,9.9.3.152,elasticsearch_os_load5,0.13
2023/4/12 20:36,1681303007,cc-cc408-hya,master-vm-03,9.9.3.152,elasticsearch_os_load5,0.11
2023/4/12 20:37,1681303067,cc-cc408-hya,master-vm-03,9.9.3.152,elasticsearch_os_load5,0.08
2023/4/12 20:38,1681303127,cc-cc408-hya,master-vm-03,9.9.3.152,elasticsearch_os_load5,0.1
2023/4/12 20:39,1681303187,cc-cc408-hya,master-vm-03,9.9.3.152,elasticsearch_os_load5,0.11
2023/4/12 20:40,1681303247,cc-cc408-hya,master-vm-03,9.9.3.152,elasticsearch_os_load5,0.09
2023/4/12 20:41,1681303307,cc-cc408-hya,master-vm-03,9.9.3.152,elasticsearch_os_load5,0.07
2023/4/12 20:42,1681303367,cc-cc408-hya,master-vm-03,9.9.3.152,elasticsearch_os_load5,0.05
2023/4/12 20:43,1681303427,cc-cc408-hya,master-vm-03,9.9.3.152,elasticsearch_os_load5,0.04
2023/4/12 20:44,1681303487,cc-cc408-hya,master-vm-03,9.9.3.152,elasticsearch_os_load5,0.03
2023/4/12 20:45,1681303547,cc-cc408-hya,master-vm-03,9.9.3.152,elasticsearch_os_load5,0.02
2023/4/12 20:46,1681303607,cc-cc408-hya,master-vm-03,9.9.3.152,elasticsearch_os_load5,0.02
2023/4/12 20:47,1681303667,cc-cc408-hya,master-vm-03,9.9.3.152,elasticsearch_os_load5,0.05
2023/4/12 20:48,1681303727,cc-cc408-hya,master-vm-03,9.9.3.152,elasticsearch_os_load5,0.04
2023/4/12 20:49,1681303787,cc-cc408-hya,master-vm-03,9.9.3.152,elasticsearch_os_load5,0.03
2023/4/12 20:50,1681303847,cc-cc408-hya,master-vm-03,9.9.3.152,elasticsearch_os_load5,0.02
2023/4/12 20:51,1681303907,cc-cc408-hya,master-vm-03,9.9.3.152,elasticsearch_os_load5,0.11
2023/4/12 20:52,1681303967,cc-cc408-hya,master-vm-03,9.9.3.152,elasticsearch_os_load5,0.08
2023/4/12 20:53,1681304027,cc-cc408-hya,master-vm-03,9.9.3.152,elasticsearch_os_load5,0.07
2023/4/12 20:54,1681304087,cc-cc408-hya,master-vm-03,9.9.3.152,elasticsearch_os_load5,0.05
2023/4/12 20:55,1681304147,cc-cc408-hya,master-vm-03,9.9.3.152,elasticsearch_os_load5,0.04
2023/4/12 20:56,1681304207,cc-cc408-hya,master-vm-03,9.9.3.152,elasticsearch_os_load5,0.03
2023/4/12 20:57,1681304267,cc-cc408-hya,master-vm-03,9.9.3.152,elasticsearch_os_load5,0.02
2023/4/12 20:58,1681304327,cc-cc408-hya,master-vm-03,9.9.3.152,elasticsearch_os_load5,0.05
2023/4/12 20:59,1681304387,cc-cc408-hya,master-vm-03,9.9.3.152,elasticsearch_os_load5,0.04
2023/4/12 21:00,1681304447,cc-cc408-hya,master-vm-03,9.9.3.152,elasticsearch_os_load5,0.03
2023/4/12 21:01,1681304507,cc-cc408-hya,master-vm-03,9.9.3.152,elasticsearch_os_load5,0.71
2023/4/12 21:02,1681304567,cc-cc408-hya,master-vm-03,9.9.3.152,elasticsearch_os_load5,0.58
2023/4/12 21:03,1681304627,cc-cc408-hya,master-vm-03,9.9.3.152,elasticsearch_os_load5,0.47
2023/4/12 21:04,1681304687,cc-cc408-hya,master-vm-03,9.9.3.152,elasticsearch_os_load5,0.38
2023/4/12 21:05,1681304747,cc-cc408-hya,master-vm-03,9.9.3.152,elasticsearch_os_load5,0.31
2023/4/12 21:06,1681304807,cc-cc408-hya,master-vm-03,9.9.3.152,elasticsearch_os_load5,0.32
2023/4/12 21:07,1681304867,cc-cc408-hya,master-vm-03,9.9.3.152,elasticsearch_os_load5,0.32
2023/4/12 21:08,1681304927,cc-cc408-hya,master-vm-03,9.9.3.152,elasticsearch_os_load5,0.26
2023/4/12 21:09,1681304987,cc-cc408-hya,master-vm-03,9.9.3.152,elasticsearch_os_load5,0.21
2023/4/12 21:10,1681305047,cc-cc408-hya,master-vm-03,9.9.3.152,elasticsearch_os_load5,0.17
2023/4/12 21:11,1681305107,cc-cc408-hya,master-vm-03,9.9.3.152,elasticsearch_os_load5,0.25
2023/4/12 21:12,1681305167,cc-cc408-hya,master-vm-03,9.9.3.152,elasticsearch_os_load5,0.2
2023/4/12 21:13,1681305227,cc-cc408-hya,master-vm-03,9.9.3.152,elasticsearch_os_load5,0.16
2023/4/12 21:14,1681305287,cc-cc408-hya,master-vm-03,9.9.3.152,elasticsearch_os_load5,0.13
2023/4/12 21:15,1681305347,cc-cc408-hya,master-vm-03,9.9.3.152,elasticsearch_os_load5,0.19
2023/4/12 21:16,1681305407,cc-cc408-hya,master-vm-03,9.9.3.152,elasticsearch_os_load5,0.21
2023/4/12 21:17,1681305467,cc-cc408-hya,master-vm-03,9.9.3.152,elasticsearch_os_load5,0.18
2023/4/12 21:18,1681305527,cc-cc408-hya,master-vm-03,9.9.3.152,elasticsearch_os_load5,0.15
2023/4/12 21:19,1681305587,cc-cc408-hya,master-vm-03,9.9.3.152,elasticsearch_os_load5,0.12
2023/4/12 21:20,1681305647,cc-cc408-hya,master-vm-03,9.9.3.152,elasticsearch_os_load5,0.11
2023/4/12 21:21,1681305707,cc-cc408-hya,master-vm-03,9.9.3.152,elasticsearch_os_load5,0.09
2023/4/12 21:22,1681305767,cc-cc408-hya,master-vm-03,9.9.3.152,elasticsearch_os_load5,0.07
2023/4/12 21:23,1681305827,cc-cc408-hya,master-vm-03,9.9.3.152,elasticsearch_os_load5,0.05
2023/4/12 21:24,1681305887,cc-cc408-hya,master-vm-03,9.9.3.152,elasticsearch_os_load5,0.04
2023/4/12 21:25,1681305947,cc-cc408-hya,master-vm-03,9.9.3.152,elasticsearch_os_load5,0.05
2023/4/12 21:26,1681306007,cc-cc408-hya,master-vm-03,9.9.3.152,elasticsearch_os_load5,0.08
2023/4/12 21:27,1681306067,cc-cc408-hya,master-vm-03,9.9.3.152,elasticsearch_os_load5,0.06
2023/4/12 21:28,1681306127,cc-cc408-hya,master-vm-03,9.9.3.152,elasticsearch_os_load5,0.29
2023/4/12 21:29,1681306187,cc-cc408-hya,master-vm-03,9.9.3.152,elasticsearch_os_load5,0.29
2023/4/12 21:30,1681306247,cc-cc408-hya,master-vm-03,9.9.3.152,elasticsearch_os_load5,0.23
2023/4/12 21:31,1681306307,cc-cc408-hya,master-vm-03,9.9.3.152,elasticsearch_os_load5,0.2
2023/4/12 21:32,1681306367,cc-cc408-hya,master-vm-03,9.9.3.152,elasticsearch_os_load5,0.18
2023/4/12 21:33,1681306427,cc-cc408-hya,master-vm-03,9.9.3.152,elasticsearch_os_load5,0.16
2023/4/12 21:34,1681306487,cc-cc408-hya,master-vm-03,9.9.3.152,elasticsearch_os_load5,0.13
2023/4/12 21:35,1681306547,cc-cc408-hya,master-vm-03,9.9.3.152,elasticsearch_os_load5,0.1
2023/4/12 21:36,1681306607,cc-cc408-hya,master-vm-03,9.9.3.152,elasticsearch_os_load5,0.09
2023/4/12 21:37,1681306667,cc-cc408-hya,master-vm-03,9.9.3.152,elasticsearch_os_load5,0.07
2023/4/12 21:38,1681306727,cc-cc408-hya,master-vm-03,9.9.3.152,elasticsearch_os_load5,0.06
2023/4/12 21:39,1681306787,cc-cc408-hya,master-vm-03,9.9.3.152,elasticsearch_os_load5,0.05
2023/4/12 21:40,1681306847,cc-cc408-hya,master-vm-03,9.9.3.152,elasticsearch_os_load5,0.05
2023/4/12 21:41,1681306907,cc-cc408-hya,master-vm-03,9.9.3.152,elasticsearch_os_load5,0.04
2023/4/12 21:42,1681306967,cc-cc408-hya,master-vm-03,9.9.3.152,elasticsearch_os_load5,0.03
2023/4/12 21:43,1681307027,cc-cc408-hya,master-vm-03,9.9.3.152,elasticsearch_os_load5,0.02
2023/4/12 21:44,1681307087,cc-cc408-hya,master-vm-03,9.9.3.152,elasticsearch_os_load5,0.05
2023/4/12 21:45,1681307147,cc-cc408-hya,master-vm-03,9.9.3.152,elasticsearch_os_load5,0.04
2023/4/12 21:46,1681307207,cc-cc408-hya,master-vm-03,9.9.3.152,elasticsearch_os_load5,0.04
2023/4/12 21:47,1681307267,cc-cc408-hya,master-vm-03,9.9.3.152,elasticsearch_os_load5,0.05
2023/4/12 21:48,1681307327,cc-cc408-hya,master-vm-03,9.9.3.152,elasticsearch_os_load5,0.08
2023/4/12 21:49,1681307387,cc-cc408-hya,master-vm-03,9.9.3.152,elasticsearch_os_load5,0.06
2023/4/12 21:50,1681307447,cc-cc408-hya,master-vm-03,9.9.3.152,elasticsearch_os_load5,0.06
2023/4/12 21:51,1681307507,cc-cc408-hya,master-vm-03,9.9.3.152,elasticsearch_os_load5,0.06
2023/4/12 21:52,1681307567,cc-cc408-hya,master-vm-03,9.9.3.152,elasticsearch_os_load5,0.05
2023/4/12 21:53,1681307627,cc-cc408-hya,master-vm-03,9.9.3.152,elasticsearch_os_load5,0.05
2023/4/12 21:54,1681307687,cc-cc408-hya,master-vm-03,9.9.3.152,elasticsearch_os_load5,0.06
2023/4/12 21:55,1681307747,cc-cc408-hya,master-vm-03,9.9.3.152,elasticsearch_os_load5,0.05
2023/4/12 21:56,1681307807,cc-cc408-hya,master-vm-03,9.9.3.152,elasticsearch_os_load5,0.05
2023/4/12 21:57,1681307867,cc-cc408-hya,master-vm-03,9.9.3.152,elasticsearch_os_load5,0.08
2023/4/12 21:58,1681307927,cc-cc408-hya,master-vm-03,9.9.3.152,elasticsearch_os_load5,0.17
2023/4/12 21:59,1681307987,cc-cc408-hya,master-vm-03,9.9.3.152,elasticsearch_os_load5,0.14
2023/4/12 22:00,1681308047,cc-cc408-hya,master-vm-03,9.9.3.152,elasticsearch_os_load5,0.11
2023/4/12 22:01,1681308107,cc-cc408-hya,master-vm-03,9.9.3.152,elasticsearch_os_load5,0.1
2023/4/12 22:02,1681308167,cc-cc408-hya,master-vm-03,9.9.3.152,elasticsearch_os_load5,0.08
2023/4/12 22:03,1681308227,cc-cc408-hya,master-vm-03,9.9.3.152,elasticsearch_os_load5,0.08
2023/4/12 22:04,1681308287,cc-cc408-hya,master-vm-03,9.9.3.152,elasticsearch_os_load5,0.08
2023/4/12 22:05,1681308347,cc-cc408-hya,master-vm-03,9.9.3.152,elasticsearch_os_load5,0.08
2023/4/12 22:06,1681308407,cc-cc408-hya,master-vm-03,9.9.3.152,elasticsearch_os_load5,0.06
2023/4/12 22:07,1681308467,cc-cc408-hya,master-vm-03,9.9.3.152,elasticsearch_os_load5,0.05
2023/4/12 22:08,1681308527,cc-cc408-hya,master-vm-03,9.9.3.152,elasticsearch_os_load5,0.05
2023/4/12 22:09,1681308587,cc-cc408-hya,master-vm-03,9.9.3.152,elasticsearch_os_load5,0.07
2023/4/12 22:10,1681308647,cc-cc408-hya,master-vm-03,9.9.3.152,elasticsearch_os_load5,0.27
2023/4/12 22:11,1681308707,cc-cc408-hya,master-vm-03,9.9.3.152,elasticsearch_os_load5,0.27
2023/4/12 22:12,1681308767,cc-cc408-hya,master-vm-03,9.9.3.152,elasticsearch_os_load5,0.22
2023/4/12 22:13,1681308827,cc-cc408-hya,master-vm-03,9.9.3.152,elasticsearch_os_load5,0.18
2023/4/12 22:14,1681308887,cc-cc408-hya,master-vm-03,9.9.3.152,elasticsearch_os_load5,0.14
2023/4/12 22:15,1681308947,cc-cc408-hya,master-vm-03,9.9.3.152,elasticsearch_os_load5,0.15
2023/4/12 22:16,1681309007,cc-cc408-hya,master-vm-03,9.9.3.152,elasticsearch_os_load5,0.12
2023/4/12 22:17,1681309067,cc-cc408-hya,master-vm-03,9.9.3.152,elasticsearch_os_load5,0.09
2023/4/12 22:18,1681309127,cc-cc408-hya,master-vm-03,9.9.3.152,elasticsearch_os_load5,0.09
2023/4/12 22:19,1681309187,cc-cc408-hya,master-vm-03,9.9.3.152,elasticsearch_os_load5,0.09
2023/4/12 22:20,1681309247,cc-cc408-hya,master-vm-03,9.9.3.152,elasticsearch_os_load5,0.07
2023/4/12 22:21,1681309307,cc-cc408-hya,master-vm-03,9.9.3.152,elasticsearch_os_load5,0.05
2023/4/12 22:22,1681309367,cc-cc408-hya,master-vm-03,9.9.3.152,elasticsearch_os_load5,0.04
2023/4/12 22:23,1681309427,cc-cc408-hya,master-vm-03,9.9.3.152,elasticsearch_os_load5,0.03
2023/4/12 22:24,1681309487,cc-cc408-hya,master-vm-03,9.9.3.152,elasticsearch_os_load5,0.02
2023/4/12 22:25,1681309547,cc-cc408-hya,master-vm-03,9.9.3.152,elasticsearch_os_load5,0.05
2023/4/12 22:26,1681309607,cc-cc408-hya,master-vm-03,9.9.3.152,elasticsearch_os_load5,0.09
2023/4/12 22:27,1681309667,cc-cc408-hya,master-vm-03,9.9.3.152,elasticsearch_os_load5,0.08
2023/4/12 22:28,1681309727,cc-cc408-hya,master-vm-03,9.9.3.152,elasticsearch_os_load5,0.07
2023/4/12 22:29,1681309787,cc-cc408-hya,master-vm-03,9.9.3.152,elasticsearch_os_load5,0.05
2023/4/12 22:30,1681309847,cc-cc408-hya,master-vm-03,9.9.3.152,elasticsearch_os_load5,0.07
2023/4/12 22:31,1681309907,cc-cc408-hya,master-vm-03,9.9.3.152,elasticsearch_os_load5,0.05
2023/4/12 22:32,1681309967,cc-cc408-hya,master-vm-03,9.9.3.152,elasticsearch_os_load5,0.04
2023/4/12 22:33,1681310027,cc-cc408-hya,master-vm-03,9.9.3.152,elasticsearch_os_load5,0.05
2023/4/12 22:34,1681310087,cc-cc408-hya,master-vm-03,9.9.3.152,elasticsearch_os_load5,0.08
2023/4/12 22:35,1681310147,cc-cc408-hya,master-vm-03,9.9.3.152,elasticsearch_os_load5,0.12
2023/4/12 22:36,1681310207,cc-cc408-hya,master-vm-03,9.9.3.152,elasticsearch_os_load5,0.1
2023/4/12 22:37,1681310267,cc-cc408-hya,master-vm-03,9.9.3.152,elasticsearch_os_load5,0.08
2023/4/12 22:38,1681310327,cc-cc408-hya,master-vm-03,9.9.3.152,elasticsearch_os_load5,0.06
2023/4/12 22:39,1681310387,cc-cc408-hya,master-vm-03,9.9.3.152,elasticsearch_os_load5,0.07
2023/4/12 22:40,1681310447,cc-cc408-hya,master-vm-03,9.9.3.152,elasticsearch_os_load5,0.06
2023/4/12 22:41,1681310507,cc-cc408-hya,master-vm-03,9.9.3.152,elasticsearch_os_load5,0.07
2023/4/12 22:42,1681310567,cc-cc408-hya,master-vm-03,9.9.3.152,elasticsearch_os_load5,0.07
2023/4/12 22:43,1681310627,cc-cc408-hya,master-vm-03,9.9.3.152,elasticsearch_os_load5,0.06
2023/4/12 22:44,1681310687,cc-cc408-hya,master-vm-03,9.9.3.152,elasticsearch_os_load5,0.06
2023/4/12 22:45,1681310747,cc-cc408-hya,master-vm-03,9.9.3.152,elasticsearch_os_load5,0.05
2023/4/12 22:46,1681310807,cc-cc408-hya,master-vm-03,9.9.3.152,elasticsearch_os_load5,0.05
2023/4/12 22:47,1681310867,cc-cc408-hya,master-vm-03,9.9.3.152,elasticsearch_os_load5,0.36
2023/4/12 22:48,1681310927,cc-cc408-hya,master-vm-03,9.9.3.152,elasticsearch_os_load5,0.29
2023/4/12 22:49,1681310987,cc-cc408-hya,master-vm-03,9.9.3.152,elasticsearch_os_load5,0.24
2023/4/12 22:50,1681311047,cc-cc408-hya,master-vm-03,9.9.3.152,elasticsearch_os_load5,0.19
2023/4/12 22:51,1681311107,cc-cc408-hya,master-vm-03,9.9.3.152,elasticsearch_os_load5,0.15
2023/4/12 22:52,1681311167,cc-cc408-hya,master-vm-03,9.9.3.152,elasticsearch_os_load5,0.26
2023/4/12 22:53,1681311227,cc-cc408-hya,master-vm-03,9.9.3.152,elasticsearch_os_load5,0.56
2023/4/12 22:54,1681311287,cc-cc408-hya,master-vm-03,9.9.3.152,elasticsearch_os_load5,0.46
2023/4/12 22:55,1681311347,cc-cc408-hya,master-vm-03,9.9.3.152,elasticsearch_os_load5,0.37
2023/4/12 22:56,1681311407,cc-cc408-hya,master-vm-03,9.9.3.152,elasticsearch_os_load5,0.3
2023/4/12 22:57,1681311467,cc-cc408-hya,master-vm-03,9.9.3.152,elasticsearch_os_load5,0.24
2023/4/12 22:58,1681311527,cc-cc408-hya,master-vm-03,9.9.3.152,elasticsearch_os_load5,0.2
2023/4/12 22:59,1681311587,cc-cc408-hya,master-vm-03,9.9.3.152,elasticsearch_os_load5,0.16
2023/4/12 23:00,1681311647,cc-cc408-hya,master-vm-03,9.9.3.152,elasticsearch_os_load5,0.13
2023/4/12 23:01,1681311707,cc-cc408-hya,master-vm-03,9.9.3.152,elasticsearch_os_load5,0.1
2023/4/12 23:02,1681311767,cc-cc408-hya,master-vm-03,9.9.3.152,elasticsearch_os_load5,0.1
2023/4/12 23:03,1681311827,cc-cc408-hya,master-vm-03,9.9.3.152,elasticsearch_os_load5,0.08
2023/4/12 23:04,1681311887,cc-cc408-hya,master-vm-03,9.9.3.152,elasticsearch_os_load5,0.06
2023/4/12 23:05,1681311947,cc-cc408-hya,master-vm-03,9.9.3.152,elasticsearch_os_load5,0.06
2023/4/12 23:06,1681312007,cc-cc408-hya,master-vm-03,9.9.3.152,elasticsearch_os_load5,0.05
2023/4/12 23:07,1681312067,cc-cc408-hya,master-vm-03,9.9.3.152,elasticsearch_os_load5,0.04
2023/4/12 23:08,1681312127,cc-cc408-hya,master-vm-03,9.9.3.152,elasticsearch_os_load5,0.03
2023/4/12 23:09,1681312187,cc-cc408-hya,master-vm-03,9.9.3.152,elasticsearch_os_load5,0.02
2023/4/12 23:10,1681312247,cc-cc408-hya,master-vm-03,9.9.3.152,elasticsearch_os_load5,0.02
2023/4/12 23:11,1681312307,cc-cc408-hya,master-vm-03,9.9.3.152,elasticsearch_os_load5,0.01
2023/4/12 23:12,1681312367,cc-cc408-hya,master-vm-03,9.9.3.152,elasticsearch_os_load5,0.06
2023/4/12 23:13,1681312427,cc-cc408-hya,master-vm-03,9.9.3.152,elasticsearch_os_load5,0.05
2023/4/12 23:14,1681312487,cc-cc408-hya,master-vm-03,9.9.3.152,elasticsearch_os_load5,0.04
2023/4/12 23:15,1681312547,cc-cc408-hya,master-vm-03,9.9.3.152,elasticsearch_os_load5,0.03
2023/4/12 23:16,1681312607,cc-cc408-hya,master-vm-03,9.9.3.152,elasticsearch_os_load5,0.02
2023/4/12 23:17,1681312667,cc-cc408-hya,master-vm-03,9.9.3.152,elasticsearch_os_load5,0.1
2023/4/12 23:18,1681312727,cc-cc408-hya,master-vm-03,9.9.3.152,elasticsearch_os_load5,0.08
2023/4/12 23:19,1681312787,cc-cc408-hya,master-vm-03,9.9.3.152,elasticsearch_os_load5,0.06
2023/4/12 23:20,1681312847,cc-cc408-hya,master-vm-03,9.9.3.152,elasticsearch_os_load5,0.05
2023/4/12 23:21,1681312907,cc-cc408-hya,master-vm-03,9.9.3.152,elasticsearch_os_load5,0.05
2023/4/12 23:22,1681312967,cc-cc408-hya,master-vm-03,9.9.3.152,elasticsearch_os_load5,0.04
2023/4/12 23:23,1681313027,cc-cc408-hya,master-vm-03,9.9.3.152,elasticsearch_os_load5,0.03
2023/4/12 23:24,1681313087,cc-cc408-hya,master-vm-03,9.9.3.152,elasticsearch_os_load5,0.02
2023/4/12 23:25,1681313147,cc-cc408-hya,master-vm-03,9.9.3.152,elasticsearch_os_load5,0.02
2023/4/12 23:26,1681313207,cc-cc408-hya,master-vm-03,9.9.3.152,elasticsearch_os_load5,0.07
2023/4/12 23:27,1681313267,cc-cc408-hya,master-vm-03,9.9.3.152,elasticsearch_os_load5,0.05
2023/4/12 23:28,1681313327,cc-cc408-hya,master-vm-03,9.9.3.152,elasticsearch_os_load5,0.04
2023/4/12 23:29,1681313387,cc-cc408-hya,master-vm-03,9.9.3.152,elasticsearch_os_load5,0.03
2023/4/12 23:30,1681313447,cc-cc408-hya,master-vm-03,9.9.3.152,elasticsearch_os_load5,0.02
2023/4/12 23:31,1681313507,cc-cc408-hya,master-vm-03,9.9.3.152,elasticsearch_os_load5,0.02
2023/4/12 23:32,1681313567,cc-cc408-hya,master-vm-03,9.9.3.152,elasticsearch_os_load5,0.01
2023/4/12 23:33,1681313627,cc-cc408-hya,master-vm-03,9.9.3.152,elasticsearch_os_load5,0.05
2023/4/12 23:34,1681313687,cc-cc408-hya,master-vm-03,9.9.3.152,elasticsearch_os_load5,0.07
2023/4/12 23:35,1681313747,cc-cc408-hya,master-vm-03,9.9.3.152,elasticsearch_os_load5,0.07
2023/4/12 23:36,1681313807,cc-cc408-hya,master-vm-03,9.9.3.152,elasticsearch_os_load5,0.05
2023/4/12 23:37,1681313867,cc-cc408-hya,master-vm-03,9.9.3.152,elasticsearch_os_load5,0.05
2023/4/12 23:38,1681313927,cc-cc408-hya,master-vm-03,9.9.3.152,elasticsearch_os_load5,0.04
2023/4/12 23:39,1681313987,cc-cc408-hya,master-vm-03,9.9.3.152,elasticsearch_os_load5,0.03
2023/4/12 23:40,1681314047,cc-cc408-hya,master-vm-03,9.9.3.152,elasticsearch_os_load5,0.04
2023/4/12 23:41,1681314107,cc-cc408-hya,master-vm-03,9.9.3.152,elasticsearch_os_load5,0.03
2023/4/12 23:42,1681314167,cc-cc408-hya,master-vm-03,9.9.3.152,elasticsearch_os_load5,0.02
2023/4/12 23:43,1681314227,cc-cc408-hya,master-vm-03,9.9.3.152,elasticsearch_os_load5,0.01
2023/4/12 23:44,1681314287,cc-cc408-hya,master-vm-03,9.9.3.152,elasticsearch_os_load5,0.01
2023/4/12 23:45,1681314347,cc-cc408-hya,master-vm-03,9.9.3.152,elasticsearch_os_load5,0.02
2023/4/12 23:46,1681314407,cc-cc408-hya,master-vm-03,9.9.3.152,elasticsearch_os_load5,0.01
2023/4/12 23:47,1681314467,cc-cc408-hya,master-vm-03,9.9.3.152,elasticsearch_os_load5,0.02
2023/4/12 23:48,1681314527,cc-cc408-hya,master-vm-03,9.9.3.152,elasticsearch_os_load5,0.02
2023/4/12 23:49,1681314587,cc-cc408-hya,master-vm-03,9.9.3.152,elasticsearch_os_load5,0.01
2023/4/12 23:50,1681314647,cc-cc408-hya,master-vm-03,9.9.3.152,elasticsearch_os_load5,0.12
2023/4/12 23:51,1681314707,cc-cc408-hya,master-vm-03,9.9.3.152,elasticsearch_os_load5,0.14
2023/4/12 23:52,1681314767,cc-cc408-hya,master-vm-03,9.9.3.152,elasticsearch_os_load5,0.11
2023/4/12 23:53,1681314827,cc-cc408-hya,master-vm-03,9.9.3.152,elasticsearch_os_load5,0.09
2023/4/12 23:54,1681314887,cc-cc408-hya,master-vm-03,9.9.3.152,elasticsearch_os_load5,0.08
2023/4/12 23:55,1681314947,cc-cc408-hya,master-vm-03,9.9.3.152,elasticsearch_os_load5,0.08
2023/4/12 23:56,1681315007,cc-cc408-hya,master-vm-03,9.9.3.152,elasticsearch_os_load5,0.06
2023/4/12 23:57,1681315067,cc-cc408-hya,master-vm-03,9.9.3.152,elasticsearch_os_load5,0.05
2023/4/12 23:58,1681315127,cc-cc408-hya,master-vm-03,9.9.3.152,elasticsearch_os_load5,0.05
2023/4/12 23:59,1681315187,cc-cc408-hya,master-vm-03,9.9.3.152,elasticsearch_os_load5,0.08
2023/4/13 0:00,1681315247,cc-cc408-hya,master-vm-03,9.9.3.152,elasticsearch_os_load5,0.07
2023/4/13 0:01,1681315307,cc-cc408-hya,master-vm-03,9.9.3.152,elasticsearch_os_load5,0.05
2023/4/13 0:02,1681315367,cc-cc408-hya,master-vm-03,9.9.3.152,elasticsearch_os_load5,0.11
2023/4/13 0:03,1681315427,cc-cc408-hya,master-vm-03,9.9.3.152,elasticsearch_os_load5,0.09
2023/4/13 0:04,1681315487,cc-cc408-hya,master-vm-03,9.9.3.152,elasticsearch_os_load5,0.08
2023/4/13 0:05,1681315547,cc-cc408-hya,master-vm-03,9.9.3.152,elasticsearch_os_load5,0.08
2023/4/13 0:06,1681315607,cc-cc408-hya,master-vm-03,9.9.3.152,elasticsearch_os_load5,0.08
2023/4/13 0:07,1681315667,cc-cc408-hya,master-vm-03,9.9.3.152,elasticsearch_os_load5,0.06
2023/4/13 0:08,1681315727,cc-cc408-hya,master-vm-03,9.9.3.152,elasticsearch_os_load5,0.06
2023/4/13 0:09,1681315787,cc-cc408-hya,master-vm-03,9.9.3.152,elasticsearch_os_load5,0.11
2023/4/13 0:10,1681315847,cc-cc408-hya,master-vm-03,9.9.3.152,elasticsearch_os_load5,0.09
2023/4/13 0:11,1681315907,cc-cc408-hya,master-vm-03,9.9.3.152,elasticsearch_os_load5,0.08
2023/4/13 0:12,1681315967,cc-cc408-hya,master-vm-03,9.9.3.152,elasticsearch_os_load5,0.07
2023/4/13 0:13,1681316027,cc-cc408-hya,master-vm-03,9.9.3.152,elasticsearch_os_load5,0.07
2023/4/13 0:14,1681316087,cc-cc408-hya,master-vm-03,9.9.3.152,elasticsearch_os_load5,0.06
2023/4/13 0:15,1681316147,cc-cc408-hya,master-vm-03,9.9.3.152,elasticsearch_os_load5,0.2
2023/4/13 0:16,1681316207,cc-cc408-hya,master-vm-03,9.9.3.152,elasticsearch_os_load5,0.17
2023/4/13 0:17,1681316267,cc-cc408-hya,master-vm-03,9.9.3.152,elasticsearch_os_load5,0.15
2023/4/13 0:18,1681316327,cc-cc408-hya,master-vm-03,9.9.3.152,elasticsearch_os_load5,0.16
2023/4/13 0:19,1681316387,cc-cc408-hya,master-vm-03,9.9.3.152,elasticsearch_os_load5,0.15
2023/4/13 0:20,1681316447,cc-cc408-hya,master-vm-03,9.9.3.152,elasticsearch_os_load5,0.13
2023/4/13 0:21,1681316507,cc-cc408-hya,master-vm-03,9.9.3.152,elasticsearch_os_load5,0.11
2023/4/13 0:22,1681316567,cc-cc408-hya,master-vm-03,9.9.3.152,elasticsearch_os_load5,0.08
2023/4/13 0:23,1681316627,cc-cc408-hya,master-vm-03,9.9.3.152,elasticsearch_os_load5,0.07
2023/4/13 0:24,1681316687,cc-cc408-hya,master-vm-03,9.9.3.152,elasticsearch_os_load5,0.05
2023/4/13 0:25,1681316747,cc-cc408-hya,master-vm-03,9.9.3.152,elasticsearch_os_load5,0.04
2023/4/13 0:26,1681316807,cc-cc408-hya,master-vm-03,9.9.3.152,elasticsearch_os_load5,0.03
2023/4/13 0:27,1681316867,cc-cc408-hya,master-vm-03,9.9.3.152,elasticsearch_os_load5,0.02
2023/4/13 0:28,1681316927,cc-cc408-hya,master-vm-03,9.9.3.152,elasticsearch_os_load5,0.03
2023/4/13 0:29,1681316987,cc-cc408-hya,master-vm-03,9.9.3.152,elasticsearch_os_load5,0.02
2023/4/13 0:30,1681317047,cc-cc408-hya,master-vm-03,9.9.3.152,elasticsearch_os_load5,0.02
2023/4/13 0:31,1681317107,cc-cc408-hya,master-vm-03,9.9.3.152,elasticsearch_os_load5,0.01
2023/4/13 0:32,1681317167,cc-cc408-hya,master-vm-03,9.9.3.152,elasticsearch_os_load5,0.02
2023/4/13 0:33,1681317227,cc-cc408-hya,master-vm-03,9.9.3.152,elasticsearch_os_load5,0.09
2023/4/13 0:34,1681317287,cc-cc408-hya,master-vm-03,9.9.3.152,elasticsearch_os_load5,0.07
2023/4/13 0:35,1681317347,cc-cc408-hya,master-vm-03,9.9.3.152,elasticsearch_os_load5,0.05
2023/4/13 0:36,1681317407,cc-cc408-hya,master-vm-03,9.9.3.152,elasticsearch_os_load5,0.04
2023/4/13 0:37,1681317467,cc-cc408-hya,master-vm-03,9.9.3.152,elasticsearch_os_load5,0.08
2023/4/13 0:38,1681317527,cc-cc408-hya,master-vm-03,9.9.3.152,elasticsearch_os_load5,0.06
2023/4/13 0:39,1681317587,cc-cc408-hya,master-vm-03,9.9.3.152,elasticsearch_os_load5,0.05
2023/4/13 0:40,1681317647,cc-cc408-hya,master-vm-03,9.9.3.152,elasticsearch_os_load5,0.04
2023/4/13 0:41,1681317707,cc-cc408-hya,master-vm-03,9.9.3.152,elasticsearch_os_load5,0.03
2023/4/13 0:42,1681317767,cc-cc408-hya,master-vm-03,9.9.3.152,elasticsearch_os_load5,0.02
2023/4/13 0:43,1681317827,cc-cc408-hya,master-vm-03,9.9.3.152,elasticsearch_os_load5,0.07
2023/4/13 0:44,1681317887,cc-cc408-hya,master-vm-03,9.9.3.152,elasticsearch_os_load5,0.06
2023/4/13 0:45,1681317947,cc-cc408-hya,master-vm-03,9.9.3.152,elasticsearch_os_load5,0.05
2023/4/13 0:46,1681318007,cc-cc408-hya,master-vm-03,9.9.3.152,elasticsearch_os_load5,0.03
2023/4/13 0:47,1681318067,cc-cc408-hya,master-vm-03,9.9.3.152,elasticsearch_os_load5,0.03
2023/4/13 0:48,1681318127,cc-cc408-hya,master-vm-03,9.9.3.152,elasticsearch_os_load5,0.02
2023/4/13 0:49,1681318187,cc-cc408-hya,master-vm-03,9.9.3.152,elasticsearch_os_load5,0.01
2023/4/13 0:50,1681318247,cc-cc408-hya,master-vm-03,9.9.3.152,elasticsearch_os_load5,0.01
2023/4/13 0:51,1681318307,cc-cc408-hya,master-vm-03,9.9.3.152,elasticsearch_os_load5,0
2023/4/13 0:52,1681318367,cc-cc408-hya,master-vm-03,9.9.3.152,elasticsearch_os_load5,0.03
2023/4/13 0:53,1681318427,cc-cc408-hya,master-vm-03,9.9.3.152,elasticsearch_os_load5,0.04
2023/4/13 0:54,1681318487,cc-cc408-hya,master-vm-03,9.9.3.152,elasticsearch_os_load5,0.08
2023/4/13 0:55,1681318547,cc-cc408-hya,master-vm-03,9.9.3.152,elasticsearch_os_load5,0.06
2023/4/13 0:56,1681318607,cc-cc408-hya,master-vm-03,9.9.3.152,elasticsearch_os_load5,0.05
2023/4/13 0:57,1681318667,cc-cc408-hya,master-vm-03,9.9.3.152,elasticsearch_os_load5,0.16
2023/4/13 0:58,1681318727,cc-cc408-hya,master-vm-03,9.9.3.152,elasticsearch_os_load5,0.17
2023/4/13 0:59,1681318787,cc-cc408-hya,master-vm-03,9.9.3.152,elasticsearch_os_load5,0.17
2023/4/13 1:00,1681318847,cc-cc408-hya,master-vm-03,9.9.3.152,elasticsearch_os_load5,0.13
2023/4/13 1:01,1681318907,cc-cc408-hya,master-vm-03,9.9.3.152,elasticsearch_os_load5,0.11
2023/4/13 1:02,1681318967,cc-cc408-hya,master-vm-03,9.9.3.152,elasticsearch_os_load5,0.1
2023/4/13 1:03,1681319027,cc-cc408-hya,master-vm-03,9.9.3.152,elasticsearch_os_load5,0.08
2023/4/13 1:04,1681319087,cc-cc408-hya,master-vm-03,9.9.3.152,elasticsearch_os_load5,0.09
2023/4/13 1:05,1681319147,cc-cc408-hya,master-vm-03,9.9.3.152,elasticsearch_os_load5,0.09
2023/4/13 1:06,1681319207,cc-cc408-hya,master-vm-03,9.9.3.152,elasticsearch_os_load5,0.07
2023/4/13 1:07,1681319267,cc-cc408-hya,master-vm-03,9.9.3.152,elasticsearch_os_load5,0.08
2023/4/13 1:08,1681319327,cc-cc408-hya,master-vm-03,9.9.3.152,elasticsearch_os_load5,0.07
2023/4/13 1:09,1681319387,cc-cc408-hya,master-vm-03,9.9.3.152,elasticsearch_os_load5,0.05
2023/4/13 1:10,1681319447,cc-cc408-hya,master-vm-03,9.9.3.152,elasticsearch_os_load5,0.04
2023/4/13 1:11,1681319507,cc-cc408-hya,master-vm-03,9.9.3.152,elasticsearch_os_load5,0.03
2023/4/13 1:12,1681319567,cc-cc408-hya,master-vm-03,9.9.3.152,elasticsearch_os_load5,0.04
2023/4/13 1:13,1681319627,cc-cc408-hya,master-vm-03,9.9.3.152,elasticsearch_os_load5,0.06
2023/4/13 1:14,1681319687,cc-cc408-hya,master-vm-03,9.9.3.152,elasticsearch_os_load5,0.05
2023/4/13 1:15,1681319747,cc-cc408-hya,master-vm-03,9.9.3.152,elasticsearch_os_load5,0.04
2023/4/13 1:16,1681319807,cc-cc408-hya,master-vm-03,9.9.3.152,elasticsearch_os_load5,0.03
2023/4/13 1:17,1681319867,cc-cc408-hya,master-vm-03,9.9.3.152,elasticsearch_os_load5,0.02
2023/4/13 1:18,1681319927,cc-cc408-hya,master-vm-03,9.9.3.152,elasticsearch_os_load5,0.06
2023/4/13 1:19,1681319987,cc-cc408-hya,master-vm-03,9.9.3.152,elasticsearch_os_load5,0.1
2023/4/13 1:20,1681320047,cc-cc408-hya,master-vm-03,9.9.3.152,elasticsearch_os_load5,0.08
2023/4/13 1:21,1681320107,cc-cc408-hya,master-vm-03,9.9.3.152,elasticsearch_os_load5,0.06
2023/4/13 1:22,1681320167,cc-cc408-hya,master-vm-03,9.9.3.152,elasticsearch_os_load5,0.05
2023/4/13 1:23,1681320227,cc-cc408-hya,master-vm-03,9.9.3.152,elasticsearch_os_load5,0.04
2023/4/13 1:24,1681320287,cc-cc408-hya,master-vm-03,9.9.3.152,elasticsearch_os_load5,0.03
2023/4/13 1:25,1681320347,cc-cc408-hya,master-vm-03,9.9.3.152,elasticsearch_os_load5,0.02
2023/4/13 1:26,1681320407,cc-cc408-hya,master-vm-03,9.9.3.152,elasticsearch_os_load5,0.02
2023/4/13 1:27,1681320467,cc-cc408-hya,master-vm-03,9.9.3.152,elasticsearch_os_load5,0.01
2023/4/13 1:28,1681320527,cc-cc408-hya,master-vm-03,9.9.3.152,elasticsearch_os_load5,0.02
2023/4/13 1:29,1681320587,cc-cc408-hya,master-vm-03,9.9.3.152,elasticsearch_os_load5,0.02
2023/4/13 1:30,1681320647,cc-cc408-hya,master-vm-03,9.9.3.152,elasticsearch_os_load5,0.01
2023/4/13 1:31,1681320707,cc-cc408-hya,master-vm-03,9.9.3.152,elasticsearch_os_load5,0
2023/4/13 1:32,1681320767,cc-cc408-hya,master-vm-03,9.9.3.152,elasticsearch_os_load5,0
2023/4/13 1:33,1681320827,cc-cc408-hya,master-vm-03,9.9.3.152,elasticsearch_os_load5,0
2023/4/13 1:34,1681320887,cc-cc408-hya,master-vm-03,9.9.3.152,elasticsearch_os_load5,0
2023/4/13 1:35,1681320947,cc-cc408-hya,master-vm-03,9.9.3.152,elasticsearch_os_load5,0
2023/4/13 1:36,1681321007,cc-cc408-hya,master-vm-03,9.9.3.152,elasticsearch_os_load5,0
2023/4/13 1:37,1681321067,cc-cc408-hya,master-vm-03,9.9.3.152,elasticsearch_os_load5,0
2023/4/13 1:38,1681321127,cc-cc408-hya,master-vm-03,9.9.3.152,elasticsearch_os_load5,0
2023/4/13 1:39,1681321187,cc-cc408-hya,master-vm-03,9.9.3.152,elasticsearch_os_load5,0.14
2023/4/13 1:40,1681321247,cc-cc408-hya,master-vm-03,9.9.3.152,elasticsearch_os_load5,0.25
2023/4/13 1:41,1681321307,cc-cc408-hya,master-vm-03,9.9.3.152,elasticsearch_os_load5,0.23
2023/4/13 1:42,1681321367,cc-cc408-hya,master-vm-03,9.9.3.152,elasticsearch_os_load5,0.18
2023/4/13 1:43,1681321427,cc-cc408-hya,master-vm-03,9.9.3.152,elasticsearch_os_load5,0.16
2023/4/13 1:44,1681321487,cc-cc408-hya,master-vm-03,9.9.3.152,elasticsearch_os_load5,0.13
2023/4/13 1:45,1681321547,cc-cc408-hya,master-vm-03,9.9.3.152,elasticsearch_os_load5,0.1
2023/4/13 1:46,1681321607,cc-cc408-hya,master-vm-03,9.9.3.152,elasticsearch_os_load5,0.1
2023/4/13 1:47,1681321667,cc-cc408-hya,master-vm-03,9.9.3.152,elasticsearch_os_load5,0.08
2023/4/13 1:48,1681321727,cc-cc408-hya,master-vm-03,9.9.3.152,elasticsearch_os_load5,0.06
2023/4/13 1:49,1681321787,cc-cc408-hya,master-vm-03,9.9.3.152,elasticsearch_os_load5,0.05
2023/4/13 1:50,1681321847,cc-cc408-hya,master-vm-03,9.9.3.152,elasticsearch_os_load5,0.04
2023/4/13 1:51,1681321907,cc-cc408-hya,master-vm-03,9.9.3.152,elasticsearch_os_load5,0.04
2023/4/13 1:52,1681321967,cc-cc408-hya,master-vm-03,9.9.3.152,elasticsearch_os_load5,0.03
2023/4/13 1:53,1681322027,cc-cc408-hya,master-vm-03,9.9.3.152,elasticsearch_os_load5,0.02
2023/4/13 1:54,1681322087,cc-cc408-hya,master-vm-03,9.9.3.152,elasticsearch_os_load5,0.02
2023/4/13 1:55,1681322147,cc-cc408-hya,master-vm-03,9.9.3.152,elasticsearch_os_load5,0.01
2023/4/13 1:56,1681322207,cc-cc408-hya,master-vm-03,9.9.3.152,elasticsearch_os_load5,0.01
2023/4/13 1:57,1681322267,cc-cc408-hya,master-vm-03,9.9.3.152,elasticsearch_os_load5,0
2023/4/13 1:58,1681322327,cc-cc408-hya,master-vm-03,9.9.3.152,elasticsearch_os_load5,0.04
2023/4/13 1:59,1681322387,cc-cc408-hya,master-vm-03,9.9.3.152,elasticsearch_os_load5,0.03
2023/4/13 2:00,1681322447,cc-cc408-hya,master-vm-03,9.9.3.152,elasticsearch_os_load5,0.02
2023/4/13 2:01,1681322507,cc-cc408-hya,master-vm-03,9.9.3.152,elasticsearch_os_load5,0.02
2023/4/13 2:02,1681322567,cc-cc408-hya,master-vm-03,9.9.3.152,elasticsearch_os_load5,0.04
2023/4/13 2:03,1681322627,cc-cc408-hya,master-vm-03,9.9.3.152,elasticsearch_os_load5,0.1
2023/4/13 2:04,1681322687,cc-cc408-hya,master-vm-03,9.9.3.152,elasticsearch_os_load5,0.1
2023/4/13 2:05,1681322747,cc-cc408-hya,master-vm-03,9.9.3.152,elasticsearch_os_load5,0.08
2023/4/13 2:06,1681322807,cc-cc408-hya,master-vm-03,9.9.3.152,elasticsearch_os_load5,0.06
2023/4/13 2:07,1681322867,cc-cc408-hya,master-vm-03,9.9.3.152,elasticsearch_os_load5,0.09
2023/4/13 2:08,1681322927,cc-cc408-hya,master-vm-03,9.9.3.152,elasticsearch_os_load5,0.12
2023/4/13 2:09,1681322987,cc-cc408-hya,master-vm-03,9.9.3.152,elasticsearch_os_load5,0.12
2023/4/13 2:10,1681323047,cc-cc408-hya,master-vm-03,9.9.3.152,elasticsearch_os_load5,0.09
2023/4/13 2:11,1681323107,cc-cc408-hya,master-vm-03,9.9.3.152,elasticsearch_os_load5,0.07
2023/4/13 2:12,1681323167,cc-cc408-hya,master-vm-03,9.9.3.152,elasticsearch_os_load5,0.06
2023/4/13 2:13,1681323227,cc-cc408-hya,master-vm-03,9.9.3.152,elasticsearch_os_load5,0.05
2023/4/13 2:14,1681323287,cc-cc408-hya,master-vm-03,9.9.3.152,elasticsearch_os_load5,0.03
2023/4/13 2:15,1681323347,cc-cc408-hya,master-vm-03,9.9.3.152,elasticsearch_os_load5,0.03
2023/4/13 2:16,1681323407,cc-cc408-hya,master-vm-03,9.9.3.152,elasticsearch_os_load5,0.02
2023/4/13 2:17,1681323467,cc-cc408-hya,master-vm-03,9.9.3.152,elasticsearch_os_load5,0.03
2023/4/13 2:18,1681323527,cc-cc408-hya,master-vm-03,9.9.3.152,elasticsearch_os_load5,0.02
2023/4/13 2:19,1681323587,cc-cc408-hya,master-vm-03,9.9.3.152,elasticsearch_os_load5,0.02
2023/4/13 2:20,1681323647,cc-cc408-hya,master-vm-03,9.9.3.152,elasticsearch_os_load5,0.03
2023/4/13 2:21,1681323707,cc-cc408-hya,master-vm-03,9.9.3.152,elasticsearch_os_load5,0.09
2023/4/13 2:22,1681323767,cc-cc408-hya,master-vm-03,9.9.3.152,elasticsearch_os_load5,0.14
2023/4/13 2:23,1681323827,cc-cc408-hya,master-vm-03,9.9.3.152,elasticsearch_os_load5,0.11
2023/4/13 2:24,1681323887,cc-cc408-hya,master-vm-03,9.9.3.152,elasticsearch_os_load5,0.1
2023/4/13 2:25,1681323947,cc-cc408-hya,master-vm-03,9.9.3.152,elasticsearch_os_load5,0.08
2023/4/13 2:26,1681324007,cc-cc408-hya,master-vm-03,9.9.3.152,elasticsearch_os_load5,0.06
2023/4/13 2:27,1681324067,cc-cc408-hya,master-vm-03,9.9.3.152,elasticsearch_os_load5,0.05
2023/4/13 2:28,1681324127,cc-cc408-hya,master-vm-03,9.9.3.152,elasticsearch_os_load5,0.04
2023/4/13 2:29,1681324187,cc-cc408-hya,master-vm-03,9.9.3.152,elasticsearch_os_load5,0.03
2023/4/13 2:30,1681324247,cc-cc408-hya,master-vm-03,9.9.3.152,elasticsearch_os_load5,0.02
2023/4/13 2:31,1681324307,cc-cc408-hya,master-vm-03,9.9.3.152,elasticsearch_os_load5,0.02
2023/4/13 2:32,1681324367,cc-cc408-hya,master-vm-03,9.9.3.152,elasticsearch_os_load5,0.01
2023/4/13 2:33,1681324427,cc-cc408-hya,master-vm-03,9.9.3.152,elasticsearch_os_load5,0
2023/4/13 2:34,1681324487,cc-cc408-hya,master-vm-03,9.9.3.152,elasticsearch_os_load5,0
2023/4/13 2:35,1681324547,cc-cc408-hya,master-vm-03,9.9.3.152,elasticsearch_os_load5,0
2023/4/13 2:36,1681324607,cc-cc408-hya,master-vm-03,9.9.3.152,elasticsearch_os_load5,0.02
2023/4/13 2:37,1681324667,cc-cc408-hya,master-vm-03,9.9.3.152,elasticsearch_os_load5,0.01
2023/4/13 2:38,1681324727,cc-cc408-hya,master-vm-03,9.9.3.152,elasticsearch_os_load5,0
2023/4/13 2:39,1681324787,cc-cc408-hya,master-vm-03,9.9.3.152,elasticsearch_os_load5,0
2023/4/13 2:40,1681324847,cc-cc408-hya,master-vm-03,9.9.3.152,elasticsearch_os_load5,0
2023/4/13 2:41,1681324907,cc-cc408-hya,master-vm-03,9.9.3.152,elasticsearch_os_load5,0.07
2023/4/13 2:42,1681324967,cc-cc408-hya,master-vm-03,9.9.3.152,elasticsearch_os_load5,0.05
2023/4/13 2:43,1681325027,cc-cc408-hya,master-vm-03,9.9.3.152,elasticsearch_os_load5,0.04
2023/4/13 2:44,1681325087,cc-cc408-hya,master-vm-03,9.9.3.152,elasticsearch_os_load5,0.05
2023/4/13 2:45,1681325147,cc-cc408-hya,master-vm-03,9.9.3.152,elasticsearch_os_load5,0.04
2023/4/13 2:46,1681325207,cc-cc408-hya,master-vm-03,9.9.3.152,elasticsearch_os_load5,0.04
2023/4/13 2:47,1681325267,cc-cc408-hya,master-vm-03,9.9.3.152,elasticsearch_os_load5,0.03
2023/4/13 2:48,1681325327,cc-cc408-hya,master-vm-03,9.9.3.152,elasticsearch_os_load5,0.02
2023/4/13 2:49,1681325387,cc-cc408-hya,master-vm-03,9.9.3.152,elasticsearch_os_load5,0.03
2023/4/13 2:50,1681325447,cc-cc408-hya,master-vm-03,9.9.3.152,elasticsearch_os_load5,0.02
2023/4/13 2:51,1681325507,cc-cc408-hya,master-vm-03,9.9.3.152,elasticsearch_os_load5,0.03
2023/4/13 2:52,1681325567,cc-cc408-hya,master-vm-03,9.9.3.152,elasticsearch_os_load5,0.02
2023/4/13 2:53,1681325627,cc-cc408-hya,master-vm-03,9.9.3.152,elasticsearch_os_load5,0.05
2023/4/13 2:54,1681325687,cc-cc408-hya,master-vm-03,9.9.3.152,elasticsearch_os_load5,0.03
2023/4/13 2:55,1681325747,cc-cc408-hya,master-vm-03,9.9.3.152,elasticsearch_os_load5,0.03
2023/4/13 2:56,1681325807,cc-cc408-hya,master-vm-03,9.9.3.152,elasticsearch_os_load5,0.02
2023/4/13 2:57,1681325867,cc-cc408-hya,master-vm-03,9.9.3.152,elasticsearch_os_load5,0.01
2023/4/13 2:58,1681325927,cc-cc408-hya,master-vm-03,9.9.3.152,elasticsearch_os_load5,0.01
2023/4/13 2:59,1681325987,cc-cc408-hya,master-vm-03,9.9.3.152,elasticsearch_os_load5,0
2023/4/13 3:00,1681326047,cc-cc408-hya,master-vm-03,9.9.3.152,elasticsearch_os_load5,0
2023/4/13 3:01,1681326107,cc-cc408-hya,master-vm-03,9.9.3.152,elasticsearch_os_load5,0.03
2023/4/13 3:02,1681326167,cc-cc408-hya,master-vm-03,9.9.3.152,elasticsearch_os_load5,0.15
2023/4/13 3:03,1681326227,cc-cc408-hya,master-vm-03,9.9.3.152,elasticsearch_os_load5,0.16
2023/4/13 3:04,1681326287,cc-cc408-hya,master-vm-03,9.9.3.152,elasticsearch_os_load5,0.13
2023/4/13 3:05,1681326347,cc-cc408-hya,master-vm-03,9.9.3.152,elasticsearch_os_load5,0.16
2023/4/13 3:06,1681326407,cc-cc408-hya,master-vm-03,9.9.3.152,elasticsearch_os_load5,0.17
2023/4/13 3:07,1681326467,cc-cc408-hya,master-vm-03,9.9.3.152,elasticsearch_os_load5,0.14
2023/4/13 3:08,1681326527,cc-cc408-hya,master-vm-03,9.9.3.152,elasticsearch_os_load5,0.11
2023/4/13 3:09,1681326587,cc-cc408-hya,master-vm-03,9.9.3.152,elasticsearch_os_load5,0.1
2023/4/13 3:10,1681326647,cc-cc408-hya,master-vm-03,9.9.3.152,elasticsearch_os_load5,0.17
2023/4/13 3:11,1681326707,cc-cc408-hya,master-vm-03,9.9.3.152,elasticsearch_os_load5,0.14
2023/4/13 3:12,1681326767,cc-cc408-hya,master-vm-03,9.9.3.152,elasticsearch_os_load5,0.11
2023/4/13 3:13,1681326827,cc-cc408-hya,master-vm-03,9.9.3.152,elasticsearch_os_load5,0.09
2023/4/13 3:14,1681326887,cc-cc408-hya,master-vm-03,9.9.3.152,elasticsearch_os_load5,0.07
2023/4/13 3:15,1681326947,cc-cc408-hya,master-vm-03,9.9.3.152,elasticsearch_os_load5,0.05
2023/4/13 3:16,1681327007,cc-cc408-hya,master-vm-03,9.9.3.152,elasticsearch_os_load5,0.04
2023/4/13 3:17,1681327067,cc-cc408-hya,master-vm-03,9.9.3.152,elasticsearch_os_load5,0.03
2023/4/13 3:18,1681327127,cc-cc408-hya,master-vm-03,9.9.3.152,elasticsearch_os_load5,0.02
2023/4/13 3:19,1681327187,cc-cc408-hya,master-vm-03,9.9.3.152,elasticsearch_os_load5,0.02
2023/4/13 3:20,1681327247,cc-cc408-hya,master-vm-03,9.9.3.152,elasticsearch_os_load5,0.01
2023/4/13 3:21,1681327307,cc-cc408-hya,master-vm-03,9.9.3.152,elasticsearch_os_load5,0.02
2023/4/13 3:22,1681327367,cc-cc408-hya,master-vm-03,9.9.3.152,elasticsearch_os_load5,0.03
2023/4/13 3:23,1681327427,cc-cc408-hya,master-vm-03,9.9.3.152,elasticsearch_os_load5,0.02
2023/4/13 3:24,1681327487,cc-cc408-hya,master-vm-03,9.9.3.152,elasticsearch_os_load5,0.02
2023/4/13 3:25,1681327547,cc-cc408-hya,master-vm-03,9.9.3.152,elasticsearch_os_load5,0.01
2023/4/13 3:26,1681327607,cc-cc408-hya,master-vm-03,9.9.3.152,elasticsearch_os_load5,0.05
2023/4/13 3:27,1681327667,cc-cc408-hya,master-vm-03,9.9.3.152,elasticsearch_os_load5,0.11
2023/4/13 3:28,1681327727,cc-cc408-hya,master-vm-03,9.9.3.152,elasticsearch_os_load5,0.09
2023/4/13 3:29,1681327787,cc-cc408-hya,master-vm-03,9.9.3.152,elasticsearch_os_load5,0.07
2023/4/13 3:30,1681327847,cc-cc408-hya,master-vm-03,9.9.3.152,elasticsearch_os_load5,0.05
2023/4/13 3:31,1681327907,cc-cc408-hya,master-vm-03,9.9.3.152,elasticsearch_os_load5,0.04
2023/4/13 3:32,1681327967,cc-cc408-hya,master-vm-03,9.9.3.152,elasticsearch_os_load5,0.03
2023/4/13 3:33,1681328027,cc-cc408-hya,master-vm-03,9.9.3.152,elasticsearch_os_load5,0.04
2023/4/13 3:34,1681328087,cc-cc408-hya,master-vm-03,9.9.3.152,elasticsearch_os_load5,0.03
2023/4/13 3:35,1681328147,cc-cc408-hya,master-vm-03,9.9.3.152,elasticsearch_os_load5,0.02
2023/4/13 3:36,1681328207,cc-cc408-hya,master-vm-03,9.9.3.152,elasticsearch_os_load5,0.02
2023/4/13 3:37,1681328267,cc-cc408-hya,master-vm-03,9.9.3.152,elasticsearch_os_load5,0.03
2023/4/13 3:38,1681328327,cc-cc408-hya,master-vm-03,9.9.3.152,elasticsearch_os_load5,0.02
2023/4/13 3:39,1681328387,cc-cc408-hya,master-vm-03,9.9.3.152,elasticsearch_os_load5,0.03
2023/4/13 3:40,1681328447,cc-cc408-hya,master-vm-03,9.9.3.152,elasticsearch_os_load5,0.02
2023/4/13 3:41,1681328507,cc-cc408-hya,master-vm-03,9.9.3.152,elasticsearch_os_load5,0.02
2023/4/13 3:42,1681328567,cc-cc408-hya,master-vm-03,9.9.3.152,elasticsearch_os_load5,0.03
2023/4/13 3:43,1681328627,cc-cc408-hya,master-vm-03,9.9.3.152,elasticsearch_os_load5,0.02
2023/4/13 3:44,1681328687,cc-cc408-hya,master-vm-03,9.9.3.152,elasticsearch_os_load5,0.11
2023/4/13 3:45,1681328747,cc-cc408-hya,master-vm-03,9.9.3.152,elasticsearch_os_load5,0.12
2023/4/13 3:46,1681328807,cc-cc408-hya,master-vm-03,9.9.3.152,elasticsearch_os_load5,0.16
2023/4/13 3:47,1681328867,cc-cc408-hya,master-vm-03,9.9.3.152,elasticsearch_os_load5,0.12
2023/4/13 3:48,1681328927,cc-cc408-hya,master-vm-03,9.9.3.152,elasticsearch_os_load5,0.14
2023/4/13 3:49,1681328987,cc-cc408-hya,master-vm-03,9.9.3.152,elasticsearch_os_load5,0.11
2023/4/13 3:50,1681329047,cc-cc408-hya,master-vm-03,9.9.3.152,elasticsearch_os_load5,0.11
2023/4/13 3:51,1681329107,cc-cc408-hya,master-vm-03,9.9.3.152,elasticsearch_os_load5,0.1
2023/4/13 3:52,1681329167,cc-cc408-hya,master-vm-03,9.9.3.152,elasticsearch_os_load5,0.08
2023/4/13 3:53,1681329227,cc-cc408-hya,master-vm-03,9.9.3.152,elasticsearch_os_load5,0.06
2023/4/13 3:54,1681329287,cc-cc408-hya,master-vm-03,9.9.3.152,elasticsearch_os_load5,0.05
2023/4/13 3:55,1681329347,cc-cc408-hya,master-vm-03,9.9.3.152,elasticsearch_os_load5,0.05
2023/4/13 3:56,1681329407,cc-cc408-hya,master-vm-03,9.9.3.152,elasticsearch_os_load5,0.04
2023/4/13 3:57,1681329467,cc-cc408-hya,master-vm-03,9.9.3.152,elasticsearch_os_load5,0.03
2023/4/13 3:58,1681329527,cc-cc408-hya,master-vm-03,9.9.3.152,elasticsearch_os_load5,0.02
2023/4/13 3:59,1681329587,cc-cc408-hya,master-vm-03,9.9.3.152,elasticsearch_os_load5,0.02
2023/4/13 4:00,1681329647,cc-cc408-hya,master-vm-03,9.9.3.152,elasticsearch_os_load5,0.01
2023/4/13 4:01,1681329707,cc-cc408-hya,master-vm-03,9.9.3.152,elasticsearch_os_load5,0.01
2023/4/13 4:02,1681329767,cc-cc408-hya,master-vm-03,9.9.3.152,elasticsearch_os_load5,0
2023/4/13 4:03,1681329827,cc-cc408-hya,master-vm-03,9.9.3.152,elasticsearch_os_load5,0.01
2023/4/13 4:04,1681329887,cc-cc408-hya,master-vm-03,9.9.3.152,elasticsearch_os_load5,0.01
2023/4/13 4:05,1681329947,cc-cc408-hya,master-vm-03,9.9.3.152,elasticsearch_os_load5,0
2023/4/13 4:06,1681330007,cc-cc408-hya,master-vm-03,9.9.3.152,elasticsearch_os_load5,0.06
2023/4/13 4:07,1681330067,cc-cc408-hya,master-vm-03,9.9.3.152,elasticsearch_os_load5,0.06
2023/4/13 4:08,1681330127,cc-cc408-hya,master-vm-03,9.9.3.152,elasticsearch_os_load5,0.05
2023/4/13 4:09,1681330187,cc-cc408-hya,master-vm-03,9.9.3.152,elasticsearch_os_load5,0.03
2023/4/13 4:10,1681330247,cc-cc408-hya,master-vm-03,9.9.3.152,elasticsearch_os_load5,0.04
2023/4/13 4:11,1681330307,cc-cc408-hya,master-vm-03,9.9.3.152,elasticsearch_os_load5,0.03
2023/4/13 4:12,1681330367,cc-cc408-hya,master-vm-03,9.9.3.152,elasticsearch_os_load5,0.06
2023/4/13 4:13,1681330427,cc-cc408-hya,master-vm-03,9.9.3.152,elasticsearch_os_load5,0.1
2023/4/13 4:14,1681330487,cc-cc408-hya,master-vm-03,9.9.3.152,elasticsearch_os_load5,0.08
2023/4/13 4:15,1681330547,cc-cc408-hya,master-vm-03,9.9.3.152,elasticsearch_os_load5,0.06
2023/4/13 4:16,1681330607,cc-cc408-hya,master-vm-03,9.9.3.152,elasticsearch_os_load5,0.05
2023/4/13 4:17,1681330667,cc-cc408-hya,master-vm-03,9.9.3.152,elasticsearch_os_load5,0.04
2023/4/13 4:18,1681330727,cc-cc408-hya,master-vm-03,9.9.3.152,elasticsearch_os_load5,0.08
2023/4/13 4:19,1681330787,cc-cc408-hya,master-vm-03,9.9.3.152,elasticsearch_os_load5,0.06
2023/4/13 4:20,1681330847,cc-cc408-hya,master-vm-03,9.9.3.152,elasticsearch_os_load5,0.05
2023/4/13 4:21,1681330907,cc-cc408-hya,master-vm-03,9.9.3.152,elasticsearch_os_load5,0.04
2023/4/13 4:22,1681330967,cc-cc408-hya,master-vm-03,9.9.3.152,elasticsearch_os_load5,0.03
2023/4/13 4:23,1681331027,cc-cc408-hya,master-vm-03,9.9.3.152,elasticsearch_os_load5,0.08
2023/4/13 4:24,1681331087,cc-cc408-hya,master-vm-03,9.9.3.152,elasticsearch_os_load5,0.06
2023/4/13 4:25,1681331147,cc-cc408-hya,master-vm-03,9.9.3.152,elasticsearch_os_load5,0.05
2023/4/13 4:26,1681331207,cc-cc408-hya,master-vm-03,9.9.3.152,elasticsearch_os_load5,0.09
2023/4/13 4:27,1681331267,cc-cc408-hya,master-vm-03,9.9.3.152,elasticsearch_os_load5,0.1
2023/4/13 4:28,1681331327,cc-cc408-hya,master-vm-03,9.9.3.152,elasticsearch_os_load5,0.08
2023/4/13 4:29,1681331387,cc-cc408-hya,master-vm-03,9.9.3.152,elasticsearch_os_load5,0.06
2023/4/13 4:30,1681331447,cc-cc408-hya,master-vm-03,9.9.3.152,elasticsearch_os_load5,0.08
2023/4/13 4:31,1681331507,cc-cc408-hya,master-vm-03,9.9.3.152,elasticsearch_os_load5,0.06
2023/4/13 4:32,1681331567,cc-cc408-hya,master-vm-03,9.9.3.152,elasticsearch_os_load5,0.05
2023/4/13 4:33,1681331627,cc-cc408-hya,master-vm-03,9.9.3.152,elasticsearch_os_load5,0.04
2023/4/13 4:34,1681331687,cc-cc408-hya,master-vm-03,9.9.3.152,elasticsearch_os_load5,0.03
2023/4/13 4:35,1681331747,cc-cc408-hya,master-vm-03,9.9.3.152,elasticsearch_os_load5,0.02
2023/4/13 4:36,1681331807,cc-cc408-hya,master-vm-03,9.9.3.152,elasticsearch_os_load5,0.02
2023/4/13 4:37,1681331867,cc-cc408-hya,master-vm-03,9.9.3.152,elasticsearch_os_load5,0.01
2023/4/13 4:38,1681331927,cc-cc408-hya,master-vm-03,9.9.3.152,elasticsearch_os_load5,0
2023/4/13 4:39,1681331987,cc-cc408-hya,master-vm-03,9.9.3.152,elasticsearch_os_load5,0.05
2023/4/13 4:40,1681332047,cc-cc408-hya,master-vm-03,9.9.3.152,elasticsearch_os_load5,0.09
2023/4/13 4:41,1681332107,cc-cc408-hya,master-vm-03,9.9.3.152,elasticsearch_os_load5,0.07
2023/4/13 4:42,1681332167,cc-cc408-hya,master-vm-03,9.9.3.152,elasticsearch_os_load5,0.06
2023/4/13 4:43,1681332227,cc-cc408-hya,master-vm-03,9.9.3.152,elasticsearch_os_load5,0.08
2023/4/13 4:44,1681332287,cc-cc408-hya,master-vm-03,9.9.3.152,elasticsearch_os_load5,0.09
2023/4/13 4:45,1681332347,cc-cc408-hya,master-vm-03,9.9.3.152,elasticsearch_os_load5,0.12
2023/4/13 4:46,1681332407,cc-cc408-hya,master-vm-03,9.9.3.152,elasticsearch_os_load5,0.09
2023/4/13 4:47,1681332467,cc-cc408-hya,master-vm-03,9.9.3.152,elasticsearch_os_load5,0.09
2023/4/13 4:48,1681332527,cc-cc408-hya,master-vm-03,9.9.3.152,elasticsearch_os_load5,0.07
2023/4/13 4:49,1681332587,cc-cc408-hya,master-vm-03,9.9.3.152,elasticsearch_os_load5,0.05
2023/4/13 4:50,1681332647,cc-cc408-hya,master-vm-03,9.9.3.152,elasticsearch_os_load5,0.11
2023/4/13 4:51,1681332707,cc-cc408-hya,master-vm-03,9.9.3.152,elasticsearch_os_load5,0.21
2023/4/13 4:52,1681332767,cc-cc408-hya,master-vm-03,9.9.3.152,elasticsearch_os_load5,0.17
2023/4/13 4:53,1681332827,cc-cc408-hya,master-vm-03,9.9.3.152,elasticsearch_os_load5,0.15
2023/4/13 4:54,1681332887,cc-cc408-hya,master-vm-03,9.9.3.152,elasticsearch_os_load5,0.19
2023/4/13 4:55,1681332947,cc-cc408-hya,master-vm-03,9.9.3.152,elasticsearch_os_load5,0.15
2023/4/13 4:56,1681333007,cc-cc408-hya,master-vm-03,9.9.3.152,elasticsearch_os_load5,0.12
2023/4/13 4:57,1681333067,cc-cc408-hya,master-vm-03,9.9.3.152,elasticsearch_os_load5,0.1
2023/4/13 4:58,1681333127,cc-cc408-hya,master-vm-03,9.9.3.152,elasticsearch_os_load5,0.08
2023/4/13 4:59,1681333187,cc-cc408-hya,master-vm-03,9.9.3.152,elasticsearch_os_load5,0.06
2023/4/13 5:00,1681333247,cc-cc408-hya,master-vm-03,9.9.3.152,elasticsearch_os_load5,0.05
2023/4/13 5:01,1681333307,cc-cc408-hya,master-vm-03,9.9.3.152,elasticsearch_os_load5,0.04
2023/4/13 5:02,1681333367,cc-cc408-hya,master-vm-03,9.9.3.152,elasticsearch_os_load5,0.03
2023/4/13 5:03,1681333427,cc-cc408-hya,master-vm-03,9.9.3.152,elasticsearch_os_load5,0.02
2023/4/13 5:04,1681333487,cc-cc408-hya,master-vm-03,9.9.3.152,elasticsearch_os_load5,0.01
2023/4/13 5:05,1681333547,cc-cc408-hya,master-vm-03,9.9.3.152,elasticsearch_os_load5,0.01
2023/4/13 5:06,1681333607,cc-cc408-hya,master-vm-03,9.9.3.152,elasticsearch_os_load5,0
2023/4/13 5:07,1681333667,cc-cc408-hya,master-vm-03,9.9.3.152,elasticsearch_os_load5,0.03
2023/4/13 5:08,1681333727,cc-cc408-hya,master-vm-03,9.9.3.152,elasticsearch_os_load5,0.08
2023/4/13 5:09,1681333787,cc-cc408-hya,master-vm-03,9.9.3.152,elasticsearch_os_load5,0.08
2023/4/13 5:10,1681333847,cc-cc408-hya,master-vm-03,9.9.3.152,elasticsearch_os_load5,0.06
2023/4/13 5:11,1681333907,cc-cc408-hya,master-vm-03,9.9.3.152,elasticsearch_os_load5,0.08
2023/4/13 5:12,1681333967,cc-cc408-hya,master-vm-03,9.9.3.152,elasticsearch_os_load5,0.08
2023/4/13 5:13,1681334027,cc-cc408-hya,master-vm-03,9.9.3.152,elasticsearch_os_load5,0.06
2023/4/13 5:14,1681334087,cc-cc408-hya,master-vm-03,9.9.3.152,elasticsearch_os_load5,0.05
2023/4/13 5:15,1681334147,cc-cc408-hya,master-vm-03,9.9.3.152,elasticsearch_os_load5,0.04
2023/4/13 5:16,1681334207,cc-cc408-hya,master-vm-03,9.9.3.152,elasticsearch_os_load5,0.03
2023/4/13 5:17,1681334267,cc-cc408-hya,master-vm-03,9.9.3.152,elasticsearch_os_load5,0.02
2023/4/13 5:18,1681334327,cc-cc408-hya,master-vm-03,9.9.3.152,elasticsearch_os_load5,0.03
2023/4/13 5:19,1681334387,cc-cc408-hya,master-vm-03,9.9.3.152,elasticsearch_os_load5,0.02
2023/4/13 5:20,1681334447,cc-cc408-hya,master-vm-03,9.9.3.152,elasticsearch_os_load5,0.02
2023/4/13 5:21,1681334507,cc-cc408-hya,master-vm-03,9.9.3.152,elasticsearch_os_load5,0.01
2023/4/13 5:22,1681334567,cc-cc408-hya,master-vm-03,9.9.3.152,elasticsearch_os_load5,0.01
2023/4/13 5:23,1681334627,cc-cc408-hya,master-vm-03,9.9.3.152,elasticsearch_os_load5,0.02
2023/4/13 5:24,1681334687,cc-cc408-hya,master-vm-03,9.9.3.152,elasticsearch_os_load5,0.01
2023/4/13 5:25,1681334747,cc-cc408-hya,master-vm-03,9.9.3.152,elasticsearch_os_load5,0.01
2023/4/13 5:26,1681334807,cc-cc408-hya,master-vm-03,9.9.3.152,elasticsearch_os_load5,0.02
2023/4/13 5:27,1681334867,cc-cc408-hya,master-vm-03,9.9.3.152,elasticsearch_os_load5,0.03
2023/4/13 5:28,1681334927,cc-cc408-hya,master-vm-03,9.9.3.152,elasticsearch_os_load5,0.02
2023/4/13 5:29,1681334987,cc-cc408-hya,master-vm-03,9.9.3.152,elasticsearch_os_load5,0.02
2023/4/13 5:30,1681335047,cc-cc408-hya,master-vm-03,9.9.3.152,elasticsearch_os_load5,0.06
2023/4/13 5:31,1681335107,cc-cc408-hya,master-vm-03,9.9.3.152,elasticsearch_os_load5,0.14
2023/4/13 5:32,1681335167,cc-cc408-hya,master-vm-03,9.9.3.152,elasticsearch_os_load5,0.12
2023/4/13 5:33,1681335227,cc-cc408-hya,master-vm-03,9.9.3.152,elasticsearch_os_load5,0.09
2023/4/13 5:34,1681335287,cc-cc408-hya,master-vm-03,9.9.3.152,elasticsearch_os_load5,0.07
2023/4/13 5:35,1681335347,cc-cc408-hya,master-vm-03,9.9.3.152,elasticsearch_os_load5,0.06
2023/4/13 5:36,1681335407,cc-cc408-hya,master-vm-03,9.9.3.152,elasticsearch_os_load5,0.07
2023/4/13 5:37,1681335467,cc-cc408-hya,master-vm-03,9.9.3.152,elasticsearch_os_load5,0.06
2023/4/13 5:38,1681335527,cc-cc408-hya,master-vm-03,9.9.3.152,elasticsearch_os_load5,0.06
2023/4/13 5:39,1681335587,cc-cc408-hya,master-vm-03,9.9.3.152,elasticsearch_os_load5,0.06
2023/4/13 5:40,1681335647,cc-cc408-hya,master-vm-03,9.9.3.152,elasticsearch_os_load5,0.06
2023/4/13 5:41,1681335707,cc-cc408-hya,master-vm-03,9.9.3.152,elasticsearch_os_load5,0.05
2023/4/13 5:42,1681335767,cc-cc408-hya,master-vm-03,9.9.3.152,elasticsearch_os_load5,0.61
2023/4/13 5:43,1681335827,cc-cc408-hya,master-vm-03,9.9.3.152,elasticsearch_os_load5,0.49
2023/4/13 5:44,1681335887,cc-cc408-hya,master-vm-03,9.9.3.152,elasticsearch_os_load5,0.4
2023/4/13 5:45,1681335947,cc-cc408-hya,master-vm-03,9.9.3.152,elasticsearch_os_load5,0.34
2023/4/13 5:46,1681336007,cc-cc408-hya,master-vm-03,9.9.3.152,elasticsearch_os_load5,0.28
2023/4/13 5:47,1681336067,cc-cc408-hya,master-vm-03,9.9.3.152,elasticsearch_os_load5,0.24
2023/4/13 5:48,1681336127,cc-cc408-hya,master-vm-03,9.9.3.152,elasticsearch_os_load5,0.2
2023/4/13 5:49,1681336187,cc-cc408-hya,master-vm-03,9.9.3.152,elasticsearch_os_load5,0.36
2023/4/13 5:50,1681336247,cc-cc408-hya,master-vm-03,9.9.3.152,elasticsearch_os_load5,0.3
2023/4/13 5:51,1681336307,cc-cc408-hya,master-vm-03,9.9.3.152,elasticsearch_os_load5,0.24
2023/4/13 5:52,1681336367,cc-cc408-hya,master-vm-03,9.9.3.152,elasticsearch_os_load5,0.2
2023/4/13 5:53,1681336427,cc-cc408-hya,master-vm-03,9.9.3.152,elasticsearch_os_load5,0.19
2023/4/13 5:54,1681336487,cc-cc408-hya,master-vm-03,9.9.3.152,elasticsearch_os_load5,0.18
2023/4/13 5:55,1681336547,cc-cc408-hya,master-vm-03,9.9.3.152,elasticsearch_os_load5,0.15
2023/4/13 5:56,1681336607,cc-cc408-hya,master-vm-03,9.9.3.152,elasticsearch_os_load5,0.12
2023/4/13 5:57,1681336667,cc-cc408-hya,master-vm-03,9.9.3.152,elasticsearch_os_load5,0.09
2023/4/13 5:58,1681336727,cc-cc408-hya,master-vm-03,9.9.3.152,elasticsearch_os_load5,0.07
2023/4/13 5:59,1681336787,cc-cc408-hya,master-vm-03,9.9.3.152,elasticsearch_os_load5,0.06
2023/4/13 6:00,1681336847,cc-cc408-hya,master-vm-03,9.9.3.152,elasticsearch_os_load5,0.05
2023/4/13 6:01,1681336907,cc-cc408-hya,master-vm-03,9.9.3.152,elasticsearch_os_load5,0.03
2023/4/13 6:02,1681336967,cc-cc408-hya,master-vm-03,9.9.3.152,elasticsearch_os_load5,0.03
2023/4/13 6:03,1681337027,cc-cc408-hya,master-vm-03,9.9.3.152,elasticsearch_os_load5,0.04
2023/4/13 6:04,1681337087,cc-cc408-hya,master-vm-03,9.9.3.152,elasticsearch_os_load5,0.03
2023/4/13 6:05,1681337147,cc-cc408-hya,master-vm-03,9.9.3.152,elasticsearch_os_load5,0.04
2023/4/13 6:06,1681337207,cc-cc408-hya,master-vm-03,9.9.3.152,elasticsearch_os_load5,0.03
2023/4/13 6:07,1681337267,cc-cc408-hya,master-vm-03,9.9.3.152,elasticsearch_os_load5,0.02
2023/4/13 6:08,1681337327,cc-cc408-hya,master-vm-03,9.9.3.152,elasticsearch_os_load5,0.02
2023/4/13 6:09,1681337387,cc-cc408-hya,master-vm-03,9.9.3.152,elasticsearch_os_load5,0.01
2023/4/13 6:10,1681337447,cc-cc408-hya,master-vm-03,9.9.3.152,elasticsearch_os_load5,0.05
2023/4/13 6:11,1681337507,cc-cc408-hya,master-vm-03,9.9.3.152,elasticsearch_os_load5,0.1
2023/4/13 6:12,1681337567,cc-cc408-hya,master-vm-03,9.9.3.152,elasticsearch_os_load5,0.09
2023/4/13 6:13,1681337627,cc-cc408-hya,master-vm-03,9.9.3.152,elasticsearch_os_load5,0.07
2023/4/13 6:14,1681337687,cc-cc408-hya,master-vm-03,9.9.3.152,elasticsearch_os_load5,0.06
2023/4/13 6:15,1681337747,cc-cc408-hya,master-vm-03,9.9.3.152,elasticsearch_os_load5,0.1
2023/4/13 6:16,1681337807,cc-cc408-hya,master-vm-03,9.9.3.152,elasticsearch_os_load5,0.08
2023/4/13 6:17,1681337867,cc-cc408-hya,master-vm-03,9.9.3.152,elasticsearch_os_load5,0.06
2023/4/13 6:18,1681337927,cc-cc408-hya,master-vm-03,9.9.3.152,elasticsearch_os_load5,0.05
2023/4/13 6:19,1681337987,cc-cc408-hya,master-vm-03,9.9.3.152,elasticsearch_os_load5,0.04
2023/4/13 6:20,1681338047,cc-cc408-hya,master-vm-03,9.9.3.152,elasticsearch_os_load5,0.03
2023/4/13 6:21,1681338107,cc-cc408-hya,master-vm-03,9.9.3.152,elasticsearch_os_load5,0.04
2023/4/13 6:22,1681338167,cc-cc408-hya,master-vm-03,9.9.3.152,elasticsearch_os_load5,0.03
2023/4/13 6:23,1681338227,cc-cc408-hya,master-vm-03,9.9.3.152,elasticsearch_os_load5,0.02
2023/4/13 6:24,1681338287,cc-cc408-hya,master-vm-03,9.9.3.152,elasticsearch_os_load5,0.03
2023/4/13 6:25,1681338347,cc-cc408-hya,master-vm-03,9.9.3.152,elasticsearch_os_load5,0.02
2023/4/13 6:26,1681338407,cc-cc408-hya,master-vm-03,9.9.3.152,elasticsearch_os_load5,0.02
2023/4/13 6:27,1681338467,cc-cc408-hya,master-vm-03,9.9.3.152,elasticsearch_os_load5,0.03
2023/4/13 6:28,1681338527,cc-cc408-hya,master-vm-03,9.9.3.152,elasticsearch_os_load5,0.02
2023/4/13 6:29,1681338587,cc-cc408-hya,master-vm-03,9.9.3.152,elasticsearch_os_load5,0.02
2023/4/13 6:30,1681338647,cc-cc408-hya,master-vm-03,9.9.3.152,elasticsearch_os_load5,0.01
2023/4/13 6:31,1681338707,cc-cc408-hya,master-vm-03,9.9.3.152,elasticsearch_os_load5,0.23
2023/4/13 6:32,1681338767,cc-cc408-hya,master-vm-03,9.9.3.152,elasticsearch_os_load5,0.28
2023/4/13 6:33,1681338827,cc-cc408-hya,master-vm-03,9.9.3.152,elasticsearch_os_load5,0.24
2023/4/13 6:34,1681338887,cc-cc408-hya,master-vm-03,9.9.3.152,elasticsearch_os_load5,0.2
2023/4/13 6:35,1681338947,cc-cc408-hya,master-vm-03,9.9.3.152,elasticsearch_os_load5,0.17
2023/4/13 6:36,1681339007,cc-cc408-hya,master-vm-03,9.9.3.152,elasticsearch_os_load5,0.14
2023/4/13 6:37,1681339067,cc-cc408-hya,master-vm-03,9.9.3.152,elasticsearch_os_load5,0.13
2023/4/13 6:38,1681339127,cc-cc408-hya,master-vm-03,9.9.3.152,elasticsearch_os_load5,0.1
2023/4/13 6:39,1681339187,cc-cc408-hya,master-vm-03,9.9.3.152,elasticsearch_os_load5,0.08
2023/4/13 6:40,1681339247,cc-cc408-hya,master-vm-03,9.9.3.152,elasticsearch_os_load5,0.06
2023/4/13 6:41,1681339307,cc-cc408-hya,master-vm-03,9.9.3.152,elasticsearch_os_load5,0.05
2023/4/13 6:42,1681339367,cc-cc408-hya,master-vm-03,9.9.3.152,elasticsearch_os_load5,0.04
2023/4/13 6:43,1681339427,cc-cc408-hya,master-vm-03,9.9.3.152,elasticsearch_os_load5,0.03
2023/4/13 6:44,1681339487,cc-cc408-hya,master-vm-03,9.9.3.152,elasticsearch_os_load5,0.02
2023/4/13 6:45,1681339547,cc-cc408-hya,master-vm-03,9.9.3.152,elasticsearch_os_load5,0.11
2023/4/13 6:46,1681339607,cc-cc408-hya,master-vm-03,9.9.3.152,elasticsearch_os_load5,0.1
2023/4/13 6:47,1681339667,cc-cc408-hya,master-vm-03,9.9.3.152,elasticsearch_os_load5,0.1
2023/4/13 6:48,1681339727,cc-cc408-hya,master-vm-03,9.9.3.152,elasticsearch_os_load5,0.09
2023/4/13 6:49,1681339787,cc-cc408-hya,master-vm-03,9.9.3.152,elasticsearch_os_load5,0.07
2023/4/13 6:50,1681339847,cc-cc408-hya,master-vm-03,9.9.3.152,elasticsearch_os_load5,0.13
2023/4/13 6:51,1681339907,cc-cc408-hya,master-vm-03,9.9.3.152,elasticsearch_os_load5,0.1
2023/4/13 6:52,1681339967,cc-cc408-hya,master-vm-03,9.9.3.152,elasticsearch_os_load5,0.08
2023/4/13 6:53,1681340027,cc-cc408-hya,master-vm-03,9.9.3.152,elasticsearch_os_load5,0.07
2023/4/13 6:54,1681340087,cc-cc408-hya,master-vm-03,9.9.3.152,elasticsearch_os_load5,0.06
2023/4/13 6:55,1681340147,cc-cc408-hya,master-vm-03,9.9.3.152,elasticsearch_os_load5,0.11
2023/4/13 6:56,1681340207,cc-cc408-hya,master-vm-03,9.9.3.152,elasticsearch_os_load5,0.08
2023/4/13 6:57,1681340267,cc-cc408-hya,master-vm-03,9.9.3.152,elasticsearch_os_load5,0.07
2023/4/13 6:58,1681340327,cc-cc408-hya,master-vm-03,9.9.3.152,elasticsearch_os_load5,0.05
2023/4/13 6:59,1681340387,cc-cc408-hya,master-vm-03,9.9.3.152,elasticsearch_os_load5,0.05
2023/4/13 7:00,1681340447,cc-cc408-hya,master-vm-03,9.9.3.152,elasticsearch_os_load5,0.04
2023/4/13 7:01,1681340507,cc-cc408-hya,master-vm-03,9.9.3.152,elasticsearch_os_load5,0.03
2023/4/13 7:02,1681340567,cc-cc408-hya,master-vm-03,9.9.3.152,elasticsearch_os_load5,0.04
2023/4/13 7:03,1681340627,cc-cc408-hya,master-vm-03,9.9.3.152,elasticsearch_os_load5,0.09
2023/4/13 7:04,1681340687,cc-cc408-hya,master-vm-03,9.9.3.152,elasticsearch_os_load5,0.07
2023/4/13 7:05,1681340747,cc-cc408-hya,master-vm-03,9.9.3.152,elasticsearch_os_load5,0.05
2023/4/13 7:06,1681340807,cc-cc408-hya,master-vm-03,9.9.3.152,elasticsearch_os_load5,0.04
2023/4/13 7:07,1681340867,cc-cc408-hya,master-vm-03,9.9.3.152,elasticsearch_os_load5,0.03
2023/4/13 7:08,1681340927,cc-cc408-hya,master-vm-03,9.9.3.152,elasticsearch_os_load5,0.02
2023/4/13 7:09,1681340987,cc-cc408-hya,master-vm-03,9.9.3.152,elasticsearch_os_load5,0.02
2023/4/13 7:10,1681341047,cc-cc408-hya,master-vm-03,9.9.3.152,elasticsearch_os_load5,0.03
2023/4/13 7:11,1681341107,cc-cc408-hya,master-vm-03,9.9.3.152,elasticsearch_os_load5,0.05
2023/4/13 7:12,1681341167,cc-cc408-hya,master-vm-03,9.9.3.152,elasticsearch_os_load5,0.04
2023/4/13 7:13,1681341227,cc-cc408-hya,master-vm-03,9.9.3.152,elasticsearch_os_load5,0.13
2023/4/13 7:14,1681341287,cc-cc408-hya,master-vm-03,9.9.3.152,elasticsearch_os_load5,0.16
2023/4/13 7:15,1681341347,cc-cc408-hya,master-vm-03,9.9.3.152,elasticsearch_os_load5,0.15
2023/4/13 7:16,1681341407,cc-cc408-hya,master-vm-03,9.9.3.152,elasticsearch_os_load5,0.12
2023/4/13 7:17,1681341467,cc-cc408-hya,master-vm-03,9.9.3.152,elasticsearch_os_load5,0.1
2023/4/13 7:18,1681341527,cc-cc408-hya,master-vm-03,9.9.3.152,elasticsearch_os_load5,0.08
2023/4/13 7:19,1681341587,cc-cc408-hya,master-vm-03,9.9.3.152,elasticsearch_os_load5,0.09
2023/4/13 7:20,1681341647,cc-cc408-hya,master-vm-03,9.9.3.152,elasticsearch_os_load5,0.1
2023/4/13 7:21,1681341707,cc-cc408-hya,master-vm-03,9.9.3.152,elasticsearch_os_load5,0.08
2023/4/13 7:22,1681341767,cc-cc408-hya,master-vm-03,9.9.3.152,elasticsearch_os_load5,0.06
2023/4/13 7:23,1681341827,cc-cc408-hya,master-vm-03,9.9.3.152,elasticsearch_os_load5,0.05
2023/4/13 7:24,1681341887,cc-cc408-hya,master-vm-03,9.9.3.152,elasticsearch_os_load5,0.04
2023/4/13 7:25,1681341947,cc-cc408-hya,master-vm-03,9.9.3.152,elasticsearch_os_load5,0.04
2023/4/13 7:26,1681342007,cc-cc408-hya,master-vm-03,9.9.3.152,elasticsearch_os_load5,0.05
2023/4/13 7:27,1681342067,cc-cc408-hya,master-vm-03,9.9.3.152,elasticsearch_os_load5,0.04
2023/4/13 7:28,1681342127,cc-cc408-hya,master-vm-03,9.9.3.152,elasticsearch_os_load5,0.03
2023/4/13 7:29,1681342187,cc-cc408-hya,master-vm-03,9.9.3.152,elasticsearch_os_load5,0.02
2023/4/13 7:30,1681342247,cc-cc408-hya,master-vm-03,9.9.3.152,elasticsearch_os_load5,0.03
2023/4/13 7:31,1681342307,cc-cc408-hya,master-vm-03,9.9.3.152,elasticsearch_os_load5,0.04
2023/4/13 7:32,1681342367,cc-cc408-hya,master-vm-03,9.9.3.152,elasticsearch_os_load5,0.03
2023/4/13 7:33,1681342427,cc-cc408-hya,master-vm-03,9.9.3.152,elasticsearch_os_load5,0.04
2023/4/13 7:34,1681342487,cc-cc408-hya,master-vm-03,9.9.3.152,elasticsearch_os_load5,0.04
2023/4/13 7:35,1681342547,cc-cc408-hya,master-vm-03,9.9.3.152,elasticsearch_os_load5,0.13
2023/4/13 7:36,1681342607,cc-cc408-hya,master-vm-03,9.9.3.152,elasticsearch_os_load5,0.11
2023/4/13 7:37,1681342667,cc-cc408-hya,master-vm-03,9.9.3.152,elasticsearch_os_load5,0.1
2023/4/13 7:38,1681342727,cc-cc408-hya,master-vm-03,9.9.3.152,elasticsearch_os_load5,0.09
2023/4/13 7:39,1681342787,cc-cc408-hya,master-vm-03,9.9.3.152,elasticsearch_os_load5,0.07
2023/4/13 7:40,1681342847,cc-cc408-hya,master-vm-03,9.9.3.152,elasticsearch_os_load5,0.07
2023/4/13 7:41,1681342907,cc-cc408-hya,master-vm-03,9.9.3.152,elasticsearch_os_load5,0.07
2023/4/13 7:42,1681342967,cc-cc408-hya,master-vm-03,9.9.3.152,elasticsearch_os_load5,0.06
2023/4/13 7:43,1681343027,cc-cc408-hya,master-vm-03,9.9.3.152,elasticsearch_os_load5,0.04
2023/4/13 7:44,1681343087,cc-cc408-hya,master-vm-03,9.9.3.152,elasticsearch_os_load5,0.03
2023/4/13 7:45,1681343147,cc-cc408-hya,master-vm-03,9.9.3.152,elasticsearch_os_load5,0.02
2023/4/13 7:46,1681343207,cc-cc408-hya,master-vm-03,9.9.3.152,elasticsearch_os_load5,0.02
2023/4/13 7:47,1681343267,cc-cc408-hya,master-vm-03,9.9.3.152,elasticsearch_os_load5,0.01
2023/4/13 7:48,1681343327,cc-cc408-hya,master-vm-03,9.9.3.152,elasticsearch_os_load5,0.01
2023/4/13 7:49,1681343387,cc-cc408-hya,master-vm-03,9.9.3.152,elasticsearch_os_load5,0.02
2023/4/13 7:50,1681343447,cc-cc408-hya,master-vm-03,9.9.3.152,elasticsearch_os_load5,0.01
2023/4/13 7:51,1681343507,cc-cc408-hya,master-vm-03,9.9.3.152,elasticsearch_os_load5,0.01
2023/4/13 7:52,1681343567,cc-cc408-hya,master-vm-03,9.9.3.152,elasticsearch_os_load5,0
2023/4/13 7:53,1681343627,cc-cc408-hya,master-vm-03,9.9.3.152,elasticsearch_os_load5,0
2023/4/13 7:54,1681343687,cc-cc408-hya,master-vm-03,9.9.3.152,elasticsearch_os_load5,0
2023/4/13 7:55,1681343747,cc-cc408-hya,master-vm-03,9.9.3.152,elasticsearch_os_load5,0.03
2023/4/13 7:56,1681343807,cc-cc408-hya,master-vm-03,9.9.3.152,elasticsearch_os_load5,0.02
2023/4/13 7:57,1681343867,cc-cc408-hya,master-vm-03,9.9.3.152,elasticsearch_os_load5,0.03
2023/4/13 7:58,1681343927,cc-cc408-hya,master-vm-03,9.9.3.152,elasticsearch_os_load5,0.02
2023/4/13 7:59,1681343987,cc-cc408-hya,master-vm-03,9.9.3.152,elasticsearch_os_load5,0.02
2023/4/13 8:00,1681344047,cc-cc408-hya,master-vm-03,9.9.3.152,elasticsearch_os_load5,0.01
2023/4/13 8:01,1681344107,cc-cc408-hya,master-vm-03,9.9.3.152,elasticsearch_os_load5,0.01
2023/4/13 8:02,1681344167,cc-cc408-hya,master-vm-03,9.9.3.152,elasticsearch_os_load5,0
2023/4/13 8:03,1681344227,cc-cc408-hya,master-vm-03,9.9.3.152,elasticsearch_os_load5,0
2023/4/13 8:04,1681344287,cc-cc408-hya,master-vm-03,9.9.3.152,elasticsearch_os_load5,0.43
2023/4/13 8:05,1681344347,cc-cc408-hya,master-vm-03,9.9.3.152,elasticsearch_os_load5,0.37
2023/4/13 8:06,1681344407,cc-cc408-hya,master-vm-03,9.9.3.152,elasticsearch_os_load5,0.3
2023/4/13 8:07,1681344467,cc-cc408-hya,master-vm-03,9.9.3.152,elasticsearch_os_load5,0.24
2023/4/13 8:08,1681344527,cc-cc408-hya,master-vm-03,9.9.3.152,elasticsearch_os_load5,0.19
2023/4/13 8:09,1681344587,cc-cc408-hya,master-vm-03,9.9.3.152,elasticsearch_os_load5,0.17
2023/4/13 8:10,1681344647,cc-cc408-hya,master-vm-03,9.9.3.152,elasticsearch_os_load5,0.14
2023/4/13 8:11,1681344707,cc-cc408-hya,master-vm-03,9.9.3.152,elasticsearch_os_load5,0.11
2023/4/13 8:12,1681344767,cc-cc408-hya,master-vm-03,9.9.3.152,elasticsearch_os_load5,0.09
2023/4/13 8:13,1681344827,cc-cc408-hya,master-vm-03,9.9.3.152,elasticsearch_os_load5,0.07
2023/4/13 8:14,1681344887,cc-cc408-hya,master-vm-03,9.9.3.152,elasticsearch_os_load5,0.1
2023/4/13 8:15,1681344947,cc-cc408-hya,master-vm-03,9.9.3.152,elasticsearch_os_load5,0.11
2023/4/13 8:16,1681345007,cc-cc408-hya,master-vm-03,9.9.3.152,elasticsearch_os_load5,0.11
2023/4/13 8:17,1681345067,cc-cc408-hya,master-vm-03,9.9.3.152,elasticsearch_os_load5,0.08
2023/4/13 8:18,1681345127,cc-cc408-hya,master-vm-03,9.9.3.152,elasticsearch_os_load5,0.07
2023/4/13 8:19,1681345187,cc-cc408-hya,master-vm-03,9.9.3.152,elasticsearch_os_load5,0.07
2023/4/13 8:20,1681345247,cc-cc408-hya,master-vm-03,9.9.3.152,elasticsearch_os_load5,0.05
2023/4/13 8:21,1681345307,cc-cc408-hya,master-vm-03,9.9.3.152,elasticsearch_os_load5,0.04
2023/4/13 8:22,1681345367,cc-cc408-hya,master-vm-03,9.9.3.152,elasticsearch_os_load5,0.03
2023/4/13 8:23,1681345427,cc-cc408-hya,master-vm-03,9.9.3.152,elasticsearch_os_load5,0.04
2023/4/13 8:24,1681345487,cc-cc408-hya,master-vm-03,9.9.3.152,elasticsearch_os_load5,0.03
2023/4/13 8:25,1681345547,cc-cc408-hya,master-vm-03,9.9.3.152,elasticsearch_os_load5,0.03
2023/4/13 8:26,1681345607,cc-cc408-hya,master-vm-03,9.9.3.152,elasticsearch_os_load5,0.02
2023/4/13 8:27,1681345667,cc-cc408-hya,master-vm-03,9.9.3.152,elasticsearch_os_load5,0.03
2023/4/13 8:28,1681345727,cc-cc408-hya,master-vm-03,9.9.3.152,elasticsearch_os_load5,0.03
2023/4/13 8:29,1681345787,cc-cc408-hya,master-vm-03,9.9.3.152,elasticsearch_os_load5,0.03
2023/4/13 8:30,1681345847,cc-cc408-hya,master-vm-03,9.9.3.152,elasticsearch_os_load5,0.03
2023/4/13 8:31,1681345907,cc-cc408-hya,master-vm-03,9.9.3.152,elasticsearch_os_load5,0.03
2023/4/13 8:32,1681345967,cc-cc408-hya,master-vm-03,9.9.3.152,elasticsearch_os_load5,0.03
2023/4/13 8:33,1681346027,cc-cc408-hya,master-vm-03,9.9.3.152,elasticsearch_os_load5,0.02
2023/4/13 8:34,1681346087,cc-cc408-hya,master-vm-03,9.9.3.152,elasticsearch_os_load5,0.01
2023/4/13 8:35,1681346147,cc-cc408-hya,master-vm-03,9.9.3.152,elasticsearch_os_load5,0.22
2023/4/13 8:36,1681346207,cc-cc408-hya,master-vm-03,9.9.3.152,elasticsearch_os_load5,0.2
2023/4/13 8:37,1681346267,cc-cc408-hya,master-vm-03,9.9.3.152,elasticsearch_os_load5,0.22
2023/4/13 8:38,1681346327,cc-cc408-hya,master-vm-03,9.9.3.152,elasticsearch_os_load5,0.17
2023/4/13 8:39,1681346387,cc-cc408-hya,master-vm-03,9.9.3.152,elasticsearch_os_load5,0.14
2023/4/13 8:40,1681346447,cc-cc408-hya,master-vm-03,9.9.3.152,elasticsearch_os_load5,0.13
2023/4/13 8:41,1681346507,cc-cc408-hya,master-vm-03,9.9.3.152,elasticsearch_os_load5,0.1
2023/4/13 8:42,1681346567,cc-cc408-hya,master-vm-03,9.9.3.152,elasticsearch_os_load5,0.1
2023/4/13 8:43,1681346627,cc-cc408-hya,master-vm-03,9.9.3.152,elasticsearch_os_load5,0.18
2023/4/13 8:44,1681346687,cc-cc408-hya,master-vm-03,9.9.3.152,elasticsearch_os_load5,0.16
2023/4/13 8:45,1681346747,cc-cc408-hya,master-vm-03,9.9.3.152,elasticsearch_os_load5,0.14
2023/4/13 8:46,1681346807,cc-cc408-hya,master-vm-03,9.9.3.152,elasticsearch_os_load5,0.11
2023/4/13 8:47,1681346867,cc-cc408-hya,master-vm-03,9.9.3.152,elasticsearch_os_load5,0.11
2023/4/13 8:48,1681346927,cc-cc408-hya,master-vm-03,9.9.3.152,elasticsearch_os_load5,0.08
2023/4/13 8:49,1681346987,cc-cc408-hya,master-vm-03,9.9.3.152,elasticsearch_os_load5,0.07
2023/4/13 8:50,1681347047,cc-cc408-hya,master-vm-03,9.9.3.152,elasticsearch_os_load5,0.05
2023/4/13 8:51,1681347107,cc-cc408-hya,master-vm-03,9.9.3.152,elasticsearch_os_load5,0.06
2023/4/13 8:52,1681347167,cc-cc408-hya,master-vm-03,9.9.3.152,elasticsearch_os_load5,0.05
2023/4/13 8:53,1681347227,cc-cc408-hya,master-vm-03,9.9.3.152,elasticsearch_os_load5,0.03
2023/4/13 8:54,1681347287,cc-cc408-hya,master-vm-03,9.9.3.152,elasticsearch_os_load5,0.05
2023/4/13 8:55,1681347347,cc-cc408-hya,master-vm-03,9.9.3.152,elasticsearch_os_load5,0.04
2023/4/13 8:56,1681347407,cc-cc408-hya,master-vm-03,9.9.3.152,elasticsearch_os_load5,0.03
2023/4/13 8:57,1681347467,cc-cc408-hya,master-vm-03,9.9.3.152,elasticsearch_os_load5,0.02
2023/4/13 8:58,1681347527,cc-cc408-hya,master-vm-03,9.9.3.152,elasticsearch_os_load5,0.03
2023/4/13 8:59,1681347587,cc-cc408-hya,master-vm-03,9.9.3.152,elasticsearch_os_load5,0.12
2023/4/13 9:00,1681347647,cc-cc408-hya,master-vm-03,9.9.3.152,elasticsearch_os_load5,0.1
2023/4/13 9:01,1681347707,cc-cc408-hya,master-vm-03,9.9.3.152,elasticsearch_os_load5,0.08
2023/4/13 9:02,1681347767,cc-cc408-hya,master-vm-03,9.9.3.152,elasticsearch_os_load5,0.08
2023/4/13 9:03,1681347827,cc-cc408-hya,master-vm-03,9.9.3.152,elasticsearch_os_load5,0.06
2023/4/13 9:04,1681347887,cc-cc408-hya,master-vm-03,9.9.3.152,elasticsearch_os_load5,0.06
2023/4/13 9:05,1681347947,cc-cc408-hya,master-vm-03,9.9.3.152,elasticsearch_os_load5,0.06
2023/4/13 9:06,1681348007,cc-cc408-hya,master-vm-03,9.9.3.152,elasticsearch_os_load5,0.06
2023/4/13 9:07,1681348067,cc-cc408-hya,master-vm-03,9.9.3.152,elasticsearch_os_load5,0.06
2023/4/13 9:08,1681348127,cc-cc408-hya,master-vm-03,9.9.3.152,elasticsearch_os_load5,0.05
2023/4/13 9:09,1681348187,cc-cc408-hya,master-vm-03,9.9.3.152,elasticsearch_os_load5,0.11
2023/4/13 9:10,1681348247,cc-cc408-hya,master-vm-03,9.9.3.152,elasticsearch_os_load5,0.09
2023/4/13 9:11,1681348307,cc-cc408-hya,master-vm-03,9.9.3.152,elasticsearch_os_load5,0.09
2023/4/13 9:12,1681348367,cc-cc408-hya,master-vm-03,9.9.3.152,elasticsearch_os_load5,0.09
2023/4/13 9:13,1681348427,cc-cc408-hya,master-vm-03,9.9.3.152,elasticsearch_os_load5,0.09
2023/4/13 9:14,1681348487,cc-cc408-hya,master-vm-03,9.9.3.152,elasticsearch_os_load5,0.07
2023/4/13 9:15,1681348547,cc-cc408-hya,master-vm-03,9.9.3.152,elasticsearch_os_load5,0.05
2023/4/13 9:16,1681348607,cc-cc408-hya,master-vm-03,9.9.3.152,elasticsearch_os_load5,0.04
2023/4/13 9:17,1681348667,cc-cc408-hya,master-vm-03,9.9.3.152,elasticsearch_os_load5,0.03
2023/4/13 9:18,1681348727,cc-cc408-hya,master-vm-03,9.9.3.152,elasticsearch_os_load5,0.11
2023/4/13 9:19,1681348787,cc-cc408-hya,master-vm-03,9.9.3.152,elasticsearch_os_load5,0.13
2023/4/13 9:20,1681348847,cc-cc408-hya,master-vm-03,9.9.3.152,elasticsearch_os_load5,0.11
2023/4/13 9:21,1681348907,cc-cc408-hya,master-vm-03,9.9.3.152,elasticsearch_os_load5,0.1
2023/4/13 9:22,1681348967,cc-cc408-hya,master-vm-03,9.9.3.152,elasticsearch_os_load5,0.1
2023/4/13 9:23,1681349027,cc-cc408-hya,master-vm-03,9.9.3.152,elasticsearch_os_load5,0.08
2023/4/13 9:24,1681349087,cc-cc408-hya,master-vm-03,9.9.3.152,elasticsearch_os_load5,0.06
2023/4/13 9:25,1681349147,cc-cc408-hya,master-vm-03,9.9.3.152,elasticsearch_os_load5,0.06
2023/4/13 9:26,1681349207,cc-cc408-hya,master-vm-03,9.9.3.152,elasticsearch_os_load5,0.05
2023/4/13 9:27,1681349267,cc-cc408-hya,master-vm-03,9.9.3.152,elasticsearch_os_load5,0.04
2023/4/13 9:28,1681349327,cc-cc408-hya,master-vm-03,9.9.3.152,elasticsearch_os_load5,0.04
2023/4/13 9:29,1681349387,cc-cc408-hya,master-vm-03,9.9.3.152,elasticsearch_os_load5,0.03
2023/4/13 9:30,1681349447,cc-cc408-hya,master-vm-03,9.9.3.152,elasticsearch_os_load5,0.06
2023/4/13 9:31,1681349507,cc-cc408-hya,master-vm-03,9.9.3.152,elasticsearch_os_load5,0.05
2023/4/13 9:32,1681349567,cc-cc408-hya,master-vm-03,9.9.3.152,elasticsearch_os_load5,0.03
2023/4/13 9:33,1681349627,cc-cc408-hya,master-vm-03,9.9.3.152,elasticsearch_os_load5,0.03
2023/4/13 9:34,1681349687,cc-cc408-hya,master-vm-03,9.9.3.152,elasticsearch_os_load5,0.02
2023/4/13 9:35,1681349747,cc-cc408-hya,master-vm-03,9.9.3.152,elasticsearch_os_load5,0.01
2023/4/13 9:36,1681349807,cc-cc408-hya,master-vm-03,9.9.3.152,elasticsearch_os_load5,0.01
2023/4/13 9:37,1681349867,cc-cc408-hya,master-vm-03,9.9.3.152,elasticsearch_os_load5,0.05
2023/4/13 9:38,1681349927,cc-cc408-hya,master-vm-03,9.9.3.152,elasticsearch_os_load5,0.04
2023/4/13 9:39,1681349987,cc-cc408-hya,master-vm-03,9.9.3.152,elasticsearch_os_load5,0.03
2023/4/13 9:40,1681350047,cc-cc408-hya,master-vm-03,9.9.3.152,elasticsearch_os_load5,0.02
2023/4/13 9:41,1681350107,cc-cc408-hya,master-vm-03,9.9.3.152,elasticsearch_os_load5,0.17
2023/4/13 9:42,1681350167,cc-cc408-hya,master-vm-03,9.9.3.152,elasticsearch_os_load5,0.14
2023/4/13 9:43,1681350227,cc-cc408-hya,master-vm-03,9.9.3.152,elasticsearch_os_load5,0.11
2023/4/13 9:44,1681350287,cc-cc408-hya,master-vm-03,9.9.3.152,elasticsearch_os_load5,0.09
2023/4/13 9:45,1681350347,cc-cc408-hya,master-vm-03,9.9.3.152,elasticsearch_os_load5,0.08
2023/4/13 9:46,1681350407,cc-cc408-hya,master-vm-03,9.9.3.152,elasticsearch_os_load5,0.07
2023/4/13 9:47,1681350467,cc-cc408-hya,master-vm-03,9.9.3.152,elasticsearch_os_load5,0.07
2023/4/13 9:48,1681350527,cc-cc408-hya,master-vm-03,9.9.3.152,elasticsearch_os_load5,0.05
2023/4/13 9:49,1681350587,cc-cc408-hya,master-vm-03,9.9.3.152,elasticsearch_os_load5,0.04
2023/4/13 9:50,1681350647,cc-cc408-hya,master-vm-03,9.9.3.152,elasticsearch_os_load5,0.05
2023/4/13 9:51,1681350707,cc-cc408-hya,master-vm-03,9.9.3.152,elasticsearch_os_load5,0.03
2023/4/13 9:52,1681350767,cc-cc408-hya,master-vm-03,9.9.3.152,elasticsearch_os_load5,0.04
2023/4/13 9:53,1681350827,cc-cc408-hya,master-vm-03,9.9.3.152,elasticsearch_os_load5,0.05
2023/4/13 9:54,1681350887,cc-cc408-hya,master-vm-03,9.9.3.152,elasticsearch_os_load5,0.05
2023/4/13 9:55,1681350947,cc-cc408-hya,master-vm-03,9.9.3.152,elasticsearch_os_load5,0.06
2023/4/13 9:56,1681351007,cc-cc408-hya,master-vm-03,9.9.3.152,elasticsearch_os_load5,0.05
2023/4/13 9:57,1681351067,cc-cc408-hya,master-vm-03,9.9.3.152,elasticsearch_os_load5,0.07
2023/4/13 9:58,1681351127,cc-cc408-hya,master-vm-03,9.9.3.152,elasticsearch_os_load5,0.07
2023/4/13 9:59,1681351187,cc-cc408-hya,master-vm-03,9.9.3.152,elasticsearch_os_load5,0.05
2023/4/13 10:00,1681351247,cc-cc408-hya,master-vm-03,9.9.3.152,elasticsearch_os_load5,0.08
2023/4/13 10:01,1681351307,cc-cc408-hya,master-vm-03,9.9.3.152,elasticsearch_os_load5,0.16
2023/4/13 10:02,1681351367,cc-cc408-hya,master-vm-03,9.9.3.152,elasticsearch_os_load5,0.13
2023/4/13 10:03,1681351427,cc-cc408-hya,master-vm-03,9.9.3.152,elasticsearch_os_load5,0.12
2023/4/13 10:04,1681351487,cc-cc408-hya,master-vm-03,9.9.3.152,elasticsearch_os_load5,0.09
2023/4/13 10:05,1681351547,cc-cc408-hya,master-vm-03,9.9.3.152,elasticsearch_os_load5,0.82
2023/4/13 10:06,1681351607,cc-cc408-hya,master-vm-03,9.9.3.152,elasticsearch_os_load5,0.67
2023/4/13 10:07,1681351667,cc-cc408-hya,master-vm-03,9.9.3.152,elasticsearch_os_load5,0.55
2023/4/13 10:08,1681351727,cc-cc408-hya,master-vm-03,9.9.3.152,elasticsearch_os_load5,0.44
2023/4/13 10:09,1681351787,cc-cc408-hya,master-vm-03,9.9.3.152,elasticsearch_os_load5,0.38
2023/4/13 10:10,1681351847,cc-cc408-hya,master-vm-03,9.9.3.152,elasticsearch_os_load5,0.31
2023/4/13 10:11,1681351907,cc-cc408-hya,master-vm-03,9.9.3.152,elasticsearch_os_load5,0.25
2023/4/13 10:12,1681351967,cc-cc408-hya,master-vm-03,9.9.3.152,elasticsearch_os_load5,0.2
2023/4/13 10:13,1681352027,cc-cc408-hya,master-vm-03,9.9.3.152,elasticsearch_os_load5,0.16
2023/4/13 10:14,1681352087,cc-cc408-hya,master-vm-03,9.9.3.152,elasticsearch_os_load5,0.13
2023/4/13 10:15,1681352147,cc-cc408-hya,master-vm-03,9.9.3.152,elasticsearch_os_load5,0.1
2023/4/13 10:16,1681352207,cc-cc408-hya,master-vm-03,9.9.3.152,elasticsearch_os_load5,0.08
2023/4/13 10:17,1681352267,cc-cc408-hya,master-vm-03,9.9.3.152,elasticsearch_os_load5,0.06
2023/4/13 10:18,1681352327,cc-cc408-hya,master-vm-03,9.9.3.152,elasticsearch_os_load5,0.07
2023/4/13 10:19,1681352387,cc-cc408-hya,master-vm-03,9.9.3.152,elasticsearch_os_load5,0.12
2023/4/13 10:20,1681352447,cc-cc408-hya,master-vm-03,9.9.3.152,elasticsearch_os_load5,0.1
2023/4/13 10:21,1681352507,cc-cc408-hya,master-vm-03,9.9.3.152,elasticsearch_os_load5,0.08
2023/4/13 10:22,1681352567,cc-cc408-hya,master-vm-03,9.9.3.152,elasticsearch_os_load5,0.08
2023/4/13 10:23,1681352627,cc-cc408-hya,master-vm-03,9.9.3.152,elasticsearch_os_load5,0.15
2023/4/13 10:24,1681352687,cc-cc408-hya,master-vm-03,9.9.3.152,elasticsearch_os_load5,0.12
2023/4/13 10:25,1681352747,cc-cc408-hya,master-vm-03,9.9.3.152,elasticsearch_os_load5,0.09
2023/4/13 10:26,1681352807,cc-cc408-hya,master-vm-03,9.9.3.152,elasticsearch_os_load5,0.09
2023/4/13 10:27,1681352867,cc-cc408-hya,master-vm-03,9.9.3.152,elasticsearch_os_load5,0.07
2023/4/13 10:28,1681352927,cc-cc408-hya,master-vm-03,9.9.3.152,elasticsearch_os_load5,0.09
2023/4/13 10:29,1681352987,cc-cc408-hya,master-vm-03,9.9.3.152,elasticsearch_os_load5,0.08
2023/4/13 10:30,1681353047,cc-cc408-hya,master-vm-03,9.9.3.152,elasticsearch_os_load5,0.06
2023/4/13 10:31,1681353107,cc-cc408-hya,master-vm-03,9.9.3.152,elasticsearch_os_load5,0.54
2023/4/13 10:32,1681353167,cc-cc408-hya,master-vm-03,9.9.3.152,elasticsearch_os_load5,0.46
2023/4/13 10:33,1681353227,cc-cc408-hya,master-vm-03,9.9.3.152,elasticsearch_os_load5,0.37
2023/4/13 10:34,1681353287,cc-cc408-hya,master-vm-03,9.9.3.152,elasticsearch_os_load5,0.32
2023/4/13 10:35,1681353347,cc-cc408-hya,master-vm-03,9.9.3.152,elasticsearch_os_load5,0.26
2023/4/13 10:36,1681353407,cc-cc408-hya,master-vm-03,9.9.3.152,elasticsearch_os_load5,0.21
2023/4/13 10:37,1681353467,cc-cc408-hya,master-vm-03,9.9.3.152,elasticsearch_os_load5,0.2
2023/4/13 10:38,1681353527,cc-cc408-hya,master-vm-03,9.9.3.152,elasticsearch_os_load5,0.16
2023/4/13 10:39,1681353587,cc-cc408-hya,master-vm-03,9.9.3.152,elasticsearch_os_load5,0.13
2023/4/13 10:40,1681353647,cc-cc408-hya,master-vm-03,9.9.3.152,elasticsearch_os_load5,0.1
2023/4/13 10:41,1681353707,cc-cc408-hya,master-vm-03,9.9.3.152,elasticsearch_os_load5,0.08
2023/4/13 10:42,1681353767,cc-cc408-hya,master-vm-03,9.9.3.152,elasticsearch_os_load5,0.16
2023/4/13 10:43,1681353827,cc-cc408-hya,master-vm-03,9.9.3.152,elasticsearch_os_load5,0.13
2023/4/13 10:44,1681353887,cc-cc408-hya,master-vm-03,9.9.3.152,elasticsearch_os_load5,0.13
2023/4/13 10:45,1681353947,cc-cc408-hya,master-vm-03,9.9.3.152,elasticsearch_os_load5,0.14
2023/4/13 10:46,1681354007,cc-cc408-hya,master-vm-03,9.9.3.152,elasticsearch_os_load5,0.13
2023/4/13 10:47,1681354067,cc-cc408-hya,master-vm-03,9.9.3.152,elasticsearch_os_load5,0.11
2023/4/13 10:48,1681354127,cc-cc408-hya,master-vm-03,9.9.3.152,elasticsearch_os_load5,0.09
2023/4/13 10:49,1681354187,cc-cc408-hya,master-vm-03,9.9.3.152,elasticsearch_os_load5,0.07
2023/4/13 10:50,1681354247,cc-cc408-hya,master-vm-03,9.9.3.152,elasticsearch_os_load5,0.06
2023/4/13 10:51,1681354307,cc-cc408-hya,master-vm-03,9.9.3.152,elasticsearch_os_load5,0.04
2023/4/13 10:52,1681354367,cc-cc408-hya,master-vm-03,9.9.3.152,elasticsearch_os_load5,0.03
2023/4/13 10:53,1681354427,cc-cc408-hya,master-vm-03,9.9.3.152,elasticsearch_os_load5,0.04
2023/4/13 10:54,1681354487,cc-cc408-hya,master-vm-03,9.9.3.152,elasticsearch_os_load5,0.04
2023/4/13 10:55,1681354547,cc-cc408-hya,master-vm-03,9.9.3.152,elasticsearch_os_load5,0.03
2023/4/13 10:56,1681354607,cc-cc408-hya,master-vm-03,9.9.3.152,elasticsearch_os_load5,0.02
2023/4/13 10:57,1681354667,cc-cc408-hya,master-vm-03,9.9.3.152,elasticsearch_os_load5,0.02
2023/4/13 10:58,1681354727,cc-cc408-hya,master-vm-03,9.9.3.152,elasticsearch_os_load5,0.01
2023/4/13 10:59,1681354787,cc-cc408-hya,master-vm-03,9.9.3.152,elasticsearch_os_load5,0.01
2023/4/13 11:00,1681354847,cc-cc408-hya,master-vm-03,9.9.3.152,elasticsearch_os_load5,0
2023/4/13 11:01,1681354907,cc-cc408-hya,master-vm-03,9.9.3.152,elasticsearch_os_load5,0.11
2023/4/13 11:02,1681354967,cc-cc408-hya,master-vm-03,9.9.3.152,elasticsearch_os_load5,0.09
2023/4/13 11:03,1681355027,cc-cc408-hya,master-vm-03,9.9.3.152,elasticsearch_os_load5,0.07
2023/4/13 11:04,1681355087,cc-cc408-hya,master-vm-03,9.9.3.152,elasticsearch_os_load5,0.07
2023/4/13 11:05,1681355147,cc-cc408-hya,master-vm-03,9.9.3.152,elasticsearch_os_load5,0.05
2023/4/13 11:06,1681355207,cc-cc408-hya,master-vm-03,9.9.3.152,elasticsearch_os_load5,0.1
2023/4/13 11:07,1681355267,cc-cc408-hya,master-vm-03,9.9.3.152,elasticsearch_os_load5,0.08
2023/4/13 11:08,1681355327,cc-cc408-hya,master-vm-03,9.9.3.152,elasticsearch_os_load5,0.08
2023/4/13 11:09,1681355387,cc-cc408-hya,master-vm-03,9.9.3.152,elasticsearch_os_load5,0.06
2023/4/13 11:10,1681355447,cc-cc408-hya,master-vm-03,9.9.3.152,elasticsearch_os_load5,0.08
2023/4/13 11:11,1681355507,cc-cc408-hya,master-vm-03,9.9.3.152,elasticsearch_os_load5,0.2
2023/4/13 11:12,1681355567,cc-cc408-hya,master-vm-03,9.9.3.152,elasticsearch_os_load5,0.16
2023/4/13 11:13,1681355627,cc-cc408-hya,master-vm-03,9.9.3.152,elasticsearch_os_load5,0.13
2023/4/13 11:14,1681355687,cc-cc408-hya,master-vm-03,9.9.3.152,elasticsearch_os_load5,0.12
2023/4/13 11:15,1681355747,cc-cc408-hya,master-vm-03,9.9.3.152,elasticsearch_os_load5,0.09
2023/4/13 11:16,1681355807,cc-cc408-hya,master-vm-03,9.9.3.152,elasticsearch_os_load5,0.07
2023/4/13 11:17,1681355867,cc-cc408-hya,master-vm-03,9.9.3.152,elasticsearch_os_load5,0.06
2023/4/13 11:18,1681355927,cc-cc408-hya,master-vm-03,9.9.3.152,elasticsearch_os_load5,0.06
2023/4/13 11:19,1681355987,cc-cc408-hya,master-vm-03,9.9.3.152,elasticsearch_os_load5,0.06
2023/4/13 11:20,1681356047,cc-cc408-hya,master-vm-03,9.9.3.152,elasticsearch_os_load5,0.05
2023/4/13 11:21,1681356107,cc-cc408-hya,master-vm-03,9.9.3.152,elasticsearch_os_load5,0.04
2023/4/13 11:22,1681356167,cc-cc408-hya,master-vm-03,9.9.3.152,elasticsearch_os_load5,0.24
2023/4/13 11:23,1681356227,cc-cc408-hya,master-vm-03,9.9.3.152,elasticsearch_os_load5,0.22
2023/4/13 11:24,1681356287,cc-cc408-hya,master-vm-03,9.9.3.152,elasticsearch_os_load5,0.3
2023/4/13 11:25,1681356347,cc-cc408-hya,master-vm-03,9.9.3.152,elasticsearch_os_load5,0.24
2023/4/13 11:26,1681356407,cc-cc408-hya,master-vm-03,9.9.3.152,elasticsearch_os_load5,0.21
2023/4/13 11:27,1681356467,cc-cc408-hya,master-vm-03,9.9.3.152,elasticsearch_os_load5,0.18
2023/4/13 11:28,1681356527,cc-cc408-hya,master-vm-03,9.9.3.152,elasticsearch_os_load5,0.15
2023/4/13 11:29,1681356587,cc-cc408-hya,master-vm-03,9.9.3.152,elasticsearch_os_load5,0.12
2023/4/13 11:30,1681356647,cc-cc408-hya,master-vm-03,9.9.3.152,elasticsearch_os_load5,0.09
2023/4/13 11:31,1681356707,cc-cc408-hya,master-vm-03,9.9.3.152,elasticsearch_os_load5,0.07
2023/4/13 11:32,1681356767,cc-cc408-hya,master-vm-03,9.9.3.152,elasticsearch_os_load5,0.06
2023/4/13 11:33,1681356827,cc-cc408-hya,master-vm-03,9.9.3.152,elasticsearch_os_load5,0.05
2023/4/13 11:34,1681356887,cc-cc408-hya,master-vm-03,9.9.3.152,elasticsearch_os_load5,0.03
2023/4/13 11:35,1681356947,cc-cc408-hya,master-vm-03,9.9.3.152,elasticsearch_os_load5,0.04
2023/4/13 11:36,1681357007,cc-cc408-hya,master-vm-03,9.9.3.152,elasticsearch_os_load5,0.03
2023/4/13 11:37,1681357067,cc-cc408-hya,master-vm-03,9.9.3.152,elasticsearch_os_load5,0.02
2023/4/13 11:38,1681357127,cc-cc408-hya,master-vm-03,9.9.3.152,elasticsearch_os_load5,0.03
2023/4/13 11:39,1681357187,cc-cc408-hya,master-vm-03,9.9.3.152,elasticsearch_os_load5,0.02
2023/4/13 11:40,1681357247,cc-cc408-hya,master-vm-03,9.9.3.152,elasticsearch_os_load5,0.02
2023/4/13 11:41,1681357307,cc-cc408-hya,master-vm-03,9.9.3.152,elasticsearch_os_load5,0.05
2023/4/13 11:42,1681357367,cc-cc408-hya,master-vm-03,9.9.3.152,elasticsearch_os_load5,0.04
2023/4/13 11:43,1681357427,cc-cc408-hya,master-vm-03,9.9.3.152,elasticsearch_os_load5,0.05
2023/4/13 11:44,1681357487,cc-cc408-hya,master-vm-03,9.9.3.152,elasticsearch_os_load5,0.04
2023/4/13 11:45,1681357547,cc-cc408-hya,master-vm-03,9.9.3.152,elasticsearch_os_load5,0.16
2023/4/13 11:46,1681357607,cc-cc408-hya,master-vm-03,9.9.3.152,elasticsearch_os_load5,0.13
2023/4/13 11:47,1681357667,cc-cc408-hya,master-vm-03,9.9.3.152,elasticsearch_os_load5,0.1
2023/4/13 11:48,1681357727,cc-cc408-hya,master-vm-03,9.9.3.152,elasticsearch_os_load5,0.08
2023/4/13 11:49,1681357787,cc-cc408-hya,master-vm-03,9.9.3.152,elasticsearch_os_load5,0.06
2023/4/13 11:50,1681357847,cc-cc408-hya,master-vm-03,9.9.3.152,elasticsearch_os_load5,0.05
2023/4/13 11:51,1681357907,cc-cc408-hya,master-vm-03,9.9.3.152,elasticsearch_os_load5,0.21
2023/4/13 11:52,1681357967,cc-cc408-hya,master-vm-03,9.9.3.152,elasticsearch_os_load5,0.24
2023/4/13 11:53,1681358027,cc-cc408-hya,master-vm-03,9.9.3.152,elasticsearch_os_load5,0.2
2023/4/13 11:54,1681358087,cc-cc408-hya,master-vm-03,9.9.3.152,elasticsearch_os_load5,0.17
2023/4/13 11:55,1681358147,cc-cc408-hya,master-vm-03,9.9.3.152,elasticsearch_os_load5,0.14
2023/4/13 11:56,1681358207,cc-cc408-hya,master-vm-03,9.9.3.152,elasticsearch_os_load5,0.11
2023/4/13 11:57,1681358267,cc-cc408-hya,master-vm-03,9.9.3.152,elasticsearch_os_load5,0.09
2023/4/13 11:58,1681358327,cc-cc408-hya,master-vm-03,9.9.3.152,elasticsearch_os_load5,0.08
2023/4/13 11:59,1681358387,cc-cc408-hya,master-vm-03,9.9.3.152,elasticsearch_os_load5,0.07
2023/4/13 12:00,1681358447,cc-cc408-hya,master-vm-03,9.9.3.152,elasticsearch_os_load5,0.07
2023/4/13 12:01,1681358507,cc-cc408-hya,master-vm-03,9.9.3.152,elasticsearch_os_load5,0.05
2023/4/13 12:02,1681358567,cc-cc408-hya,master-vm-03,9.9.3.152,elasticsearch_os_load5,0.04
2023/4/13 12:03,1681358627,cc-cc408-hya,master-vm-03,9.9.3.152,elasticsearch_os_load5,0.03
2023/4/13 12:04,1681358687,cc-cc408-hya,master-vm-03,9.9.3.152,elasticsearch_os_load5,0.05
2023/4/13 12:05,1681358747,cc-cc408-hya,master-vm-03,9.9.3.152,elasticsearch_os_load5,0.11
2023/4/13 12:06,1681358807,cc-cc408-hya,master-vm-03,9.9.3.152,elasticsearch_os_load5,0.1
2023/4/13 12:07,1681358867,cc-cc408-hya,master-vm-03,9.9.3.152,elasticsearch_os_load5,0.08
2023/4/13 12:08,1681358927,cc-cc408-hya,master-vm-03,9.9.3.152,elasticsearch_os_load5,0.06
2023/4/13 12:09,1681358987,cc-cc408-hya,master-vm-03,9.9.3.152,elasticsearch_os_load5,0.05
2023/4/13 12:10,1681359047,cc-cc408-hya,master-vm-03,9.9.3.152,elasticsearch_os_load5,0.04
2023/4/13 12:11,1681359107,cc-cc408-hya,master-vm-03,9.9.3.152,elasticsearch_os_load5,0.03
2023/4/13 12:12,1681359167,cc-cc408-hya,master-vm-03,9.9.3.152,elasticsearch_os_load5,0.02
2023/4/13 12:13,1681359227,cc-cc408-hya,master-vm-03,9.9.3.152,elasticsearch_os_load5,0.05
2023/4/13 12:14,1681359287,cc-cc408-hya,master-vm-03,9.9.3.152,elasticsearch_os_load5,0.03
2023/4/13 12:15,1681359347,cc-cc408-hya,master-vm-03,9.9.3.152,elasticsearch_os_load5,0.03
2023/4/13 12:16,1681359407,cc-cc408-hya,master-vm-03,9.9.3.152,elasticsearch_os_load5,0.02
2023/4/13 12:17,1681359467,cc-cc408-hya,master-vm-03,9.9.3.152,elasticsearch_os_load5,0.01
2023/4/13 12:18,1681359527,cc-cc408-hya,master-vm-03,9.9.3.152,elasticsearch_os_load5,0.01
2023/4/13 12:19,1681359587,cc-cc408-hya,master-vm-03,9.9.3.152,elasticsearch_os_load5,0
2023/4/13 12:20,1681359647,cc-cc408-hya,master-vm-03,9.9.3.152,elasticsearch_os_load5,0
2023/4/13 12:21,1681359707,cc-cc408-hya,master-vm-03,9.9.3.152,elasticsearch_os_load5,0
2023/4/13 12:22,1681359767,cc-cc408-hya,master-vm-03,9.9.3.152,elasticsearch_os_load5,0
2023/4/13 12:23,1681359827,cc-cc408-hya,master-vm-03,9.9.3.152,elasticsearch_os_load5,0.09
2023/4/13 12:24,1681359887,cc-cc408-hya,master-vm-03,9.9.3.152,elasticsearch_os_load5,0.07
2023/4/13 12:25,1681359947,cc-cc408-hya,master-vm-03,9.9.3.152,elasticsearch_os_load5,0.05
2023/4/13 12:26,1681360007,cc-cc408-hya,master-vm-03,9.9.3.152,elasticsearch_os_load5,0.04
2023/4/13 12:27,1681360067,cc-cc408-hya,master-vm-03,9.9.3.152,elasticsearch_os_load5,0.72
2023/4/13 12:28,1681360127,cc-cc408-hya,master-vm-03,9.9.3.152,elasticsearch_os_load5,0.63
2023/4/13 12:29,1681360187,cc-cc408-hya,master-vm-03,9.9.3.152,elasticsearch_os_load5,0.53
2023/4/13 12:30,1681360247,cc-cc408-hya,master-vm-03,9.9.3.152,elasticsearch_os_load5,0.43
2023/4/13 12:31,1681360307,cc-cc408-hya,master-vm-03,9.9.3.152,elasticsearch_os_load5,0.35
2023/4/13 12:32,1681360367,cc-cc408-hya,master-vm-03,9.9.3.152,elasticsearch_os_load5,0.31
2023/4/13 12:33,1681360427,cc-cc408-hya,master-vm-03,9.9.3.152,elasticsearch_os_load5,0.25
2023/4/13 12:34,1681360487,cc-cc408-hya,master-vm-03,9.9.3.152,elasticsearch_os_load5,0.2
2023/4/13 12:35,1681360547,cc-cc408-hya,master-vm-03,9.9.3.152,elasticsearch_os_load5,0.16
2023/4/13 12:36,1681360607,cc-cc408-hya,master-vm-03,9.9.3.152,elasticsearch_os_load5,0.13
2023/4/13 12:37,1681360667,cc-cc408-hya,master-vm-03,9.9.3.152,elasticsearch_os_load5,0.12
2023/4/13 12:38,1681360727,cc-cc408-hya,master-vm-03,9.9.3.152,elasticsearch_os_load5,0.1
2023/4/13 12:39,1681360787,cc-cc408-hya,master-vm-03,9.9.3.152,elasticsearch_os_load5,0.09
2023/4/13 12:40,1681360847,cc-cc408-hya,master-vm-03,9.9.3.152,elasticsearch_os_load5,0.07
2023/4/13 12:41,1681360907,cc-cc408-hya,master-vm-03,9.9.3.152,elasticsearch_os_load5,0.07
2023/4/13 12:42,1681360967,cc-cc408-hya,master-vm-03,9.9.3.152,elasticsearch_os_load5,0.05
2023/4/13 12:43,1681361027,cc-cc408-hya,master-vm-03,9.9.3.152,elasticsearch_os_load5,0.04
2023/4/13 12:44,1681361087,cc-cc408-hya,master-vm-03,9.9.3.152,elasticsearch_os_load5,0.06
2023/4/13 12:45,1681361147,cc-cc408-hya,master-vm-03,9.9.3.152,elasticsearch_os_load5,0.05
2023/4/13 12:46,1681361207,cc-cc408-hya,master-vm-03,9.9.3.152,elasticsearch_os_load5,0.04
2023/4/13 12:47,1681361267,cc-cc408-hya,master-vm-03,9.9.3.152,elasticsearch_os_load5,0.17
2023/4/13 12:48,1681361327,cc-cc408-hya,master-vm-03,9.9.3.152,elasticsearch_os_load5,0.21
2023/4/13 12:49,1681361387,cc-cc408-hya,master-vm-03,9.9.3.152,elasticsearch_os_load5,0.18
2023/4/13 12:50,1681361447,cc-cc408-hya,master-vm-03,9.9.3.152,elasticsearch_os_load5,0.15
2023/4/13 12:51,1681361507,cc-cc408-hya,master-vm-03,9.9.3.152,elasticsearch_os_load5,0.12
2023/4/13 12:52,1681361567,cc-cc408-hya,master-vm-03,9.9.3.152,elasticsearch_os_load5,0.13
2023/4/13 12:53,1681361627,cc-cc408-hya,master-vm-03,9.9.3.152,elasticsearch_os_load5,0.1
2023/4/13 12:54,1681361687,cc-cc408-hya,master-vm-03,9.9.3.152,elasticsearch_os_load5,0.08
2023/4/13 12:55,1681361747,cc-cc408-hya,master-vm-03,9.9.3.152,elasticsearch_os_load5,0.06
2023/4/13 12:56,1681361807,cc-cc408-hya,master-vm-03,9.9.3.152,elasticsearch_os_load5,0.05
2023/4/13 12:57,1681361867,cc-cc408-hya,master-vm-03,9.9.3.152,elasticsearch_os_load5,0.07
2023/4/13 12:58,1681361927,cc-cc408-hya,master-vm-03,9.9.3.152,elasticsearch_os_load5,0.05
2023/4/13 12:59,1681361987,cc-cc408-hya,master-vm-03,9.9.3.152,elasticsearch_os_load5,0.06
2023/4/13 13:00,1681362047,cc-cc408-hya,master-vm-03,9.9.3.152,elasticsearch_os_load5,0.04
2023/4/13 13:01,1681362107,cc-cc408-hya,master-vm-03,9.9.3.152,elasticsearch_os_load5,0.03
2023/4/13 13:02,1681362167,cc-cc408-hya,master-vm-03,9.9.3.152,elasticsearch_os_load5,0.04
2023/4/13 13:03,1681362227,cc-cc408-hya,master-vm-03,9.9.3.152,elasticsearch_os_load5,0.03
2023/4/13 13:04,1681362287,cc-cc408-hya,master-vm-03,9.9.3.152,elasticsearch_os_load5,0.02
2023/4/13 13:05,1681362347,cc-cc408-hya,master-vm-03,9.9.3.152,elasticsearch_os_load5,0.09
2023/4/13 13:06,1681362407,cc-cc408-hya,master-vm-03,9.9.3.152,elasticsearch_os_load5,0.07
2023/4/13 13:07,1681362467,cc-cc408-hya,master-vm-03,9.9.3.152,elasticsearch_os_load5,0.07
2023/4/13 13:08,1681362527,cc-cc408-hya,master-vm-03,9.9.3.152,elasticsearch_os_load5,0.07
2023/4/13 13:09,1681362587,cc-cc408-hya,master-vm-03,9.9.3.152,elasticsearch_os_load5,0.07
2023/4/13 13:10,1681362647,cc-cc408-hya,master-vm-03,9.9.3.152,elasticsearch_os_load5,0.08
2023/4/13 13:11,1681362707,cc-cc408-hya,master-vm-03,9.9.3.152,elasticsearch_os_load5,0.08
2023/4/13 13:12,1681362767,cc-cc408-hya,master-vm-03,9.9.3.152,elasticsearch_os_load5,0.06
2023/4/13 13:13,1681362827,cc-cc408-hya,master-vm-03,9.9.3.152,elasticsearch_os_load5,0.06
2023/4/13 13:14,1681362887,cc-cc408-hya,master-vm-03,9.9.3.152,elasticsearch_os_load5,0.05
2023/4/13 13:15,1681362947,cc-cc408-hya,master-vm-03,9.9.3.152,elasticsearch_os_load5,0.05
2023/4/13 13:16,1681363007,cc-cc408-hya,master-vm-03,9.9.3.152,elasticsearch_os_load5,0.06
2023/4/13 13:17,1681363067,cc-cc408-hya,master-vm-03,9.9.3.152,elasticsearch_os_load5,0.05
2023/4/13 13:18,1681363127,cc-cc408-hya,master-vm-03,9.9.3.152,elasticsearch_os_load5,0.03
2023/4/13 13:19,1681363187,cc-cc408-hya,master-vm-03,9.9.3.152,elasticsearch_os_load5,0.04
2023/4/13 13:20,1681363247,cc-cc408-hya,master-vm-03,9.9.3.152,elasticsearch_os_load5,0.06
2023/4/13 13:21,1681363307,cc-cc408-hya,master-vm-03,9.9.3.152,elasticsearch_os_load5,0.05
2023/4/13 13:22,1681363367,cc-cc408-hya,master-vm-03,9.9.3.152,elasticsearch_os_load5,0.04
2023/4/13 13:23,1681363427,cc-cc408-hya,master-vm-03,9.9.3.152,elasticsearch_os_load5,0.03
2023/4/13 13:24,1681363487,cc-cc408-hya,master-vm-03,9.9.3.152,elasticsearch_os_load5,0.02
2023/4/13 13:25,1681363547,cc-cc408-hya,master-vm-03,9.9.3.152,elasticsearch_os_load5,0.02
2023/4/13 13:26,1681363607,cc-cc408-hya,master-vm-03,9.9.3.152,elasticsearch_os_load5,0.03
2023/4/13 13:27,1681363667,cc-cc408-hya,master-vm-03,9.9.3.152,elasticsearch_os_load5,0.02
2023/4/13 13:28,1681363727,cc-cc408-hya,master-vm-03,9.9.3.152,elasticsearch_os_load5,0.02
2023/4/13 13:29,1681363787,cc-cc408-hya,master-vm-03,9.9.3.152,elasticsearch_os_load5,0.12
2023/4/13 13:30,1681363847,cc-cc408-hya,master-vm-03,9.9.3.152,elasticsearch_os_load5,0.12
2023/4/13 13:31,1681363907,cc-cc408-hya,master-vm-03,9.9.3.152,elasticsearch_os_load5,0.1
2023/4/13 13:32,1681363967,cc-cc408-hya,master-vm-03,9.9.3.152,elasticsearch_os_load5,0.08
2023/4/13 13:33,1681364027,cc-cc408-hya,master-vm-03,9.9.3.152,elasticsearch_os_load5,0.08
2023/4/13 13:34,1681364087,cc-cc408-hya,master-vm-03,9.9.3.152,elasticsearch_os_load5,0.06
2023/4/13 13:35,1681364147,cc-cc408-hya,master-vm-03,9.9.3.152,elasticsearch_os_load5,0.05
2023/4/13 13:36,1681364207,cc-cc408-hya,master-vm-03,9.9.3.152,elasticsearch_os_load5,0.04
2023/4/13 13:37,1681364267,cc-cc408-hya,master-vm-03,9.9.3.152,elasticsearch_os_load5,0.03
2023/4/13 13:38,1681364327,cc-cc408-hya,master-vm-03,9.9.3.152,elasticsearch_os_load5,0.04
2023/4/13 13:39,1681364387,cc-cc408-hya,master-vm-03,9.9.3.152,elasticsearch_os_load5,0.03
2023/4/13 13:40,1681364447,cc-cc408-hya,master-vm-03,9.9.3.152,elasticsearch_os_load5,0.02
2023/4/13 13:41,1681364507,cc-cc408-hya,master-vm-03,9.9.3.152,elasticsearch_os_load5,0.02
2023/4/13 13:42,1681364567,cc-cc408-hya,master-vm-03,9.9.3.152,elasticsearch_os_load5,0.01
2023/4/13 13:43,1681364627,cc-cc408-hya,master-vm-03,9.9.3.152,elasticsearch_os_load5,0
2023/4/13 13:44,1681364687,cc-cc408-hya,master-vm-03,9.9.3.152,elasticsearch_os_load5,0
2023/4/13 13:45,1681364747,cc-cc408-hya,master-vm-03,9.9.3.152,elasticsearch_os_load5,0
2023/4/13 13:46,1681364807,cc-cc408-hya,master-vm-03,9.9.3.152,elasticsearch_os_load5,0
2023/4/13 13:47,1681364867,cc-cc408-hya,master-vm-03,9.9.3.152,elasticsearch_os_load5,0
2023/4/13 13:48,1681364927,cc-cc408-hya,master-vm-03,9.9.3.152,elasticsearch_os_load5,0.01
2023/4/13 13:49,1681364987,cc-cc408-hya,master-vm-03,9.9.3.152,elasticsearch_os_load5,0.1
2023/4/13 13:50,1681365047,cc-cc408-hya,master-vm-03,9.9.3.152,elasticsearch_os_load5,0.08
2023/4/13 13:51,1681365107,cc-cc408-hya,master-vm-03,9.9.3.152,elasticsearch_os_load5,0.06
2023/4/13 13:52,1681365167,cc-cc408-hya,master-vm-03,9.9.3.152,elasticsearch_os_load5,0.05
2023/4/13 13:53,1681365227,cc-cc408-hya,master-vm-03,9.9.3.152,elasticsearch_os_load5,0.03
2023/4/13 13:54,1681365287,cc-cc408-hya,master-vm-03,9.9.3.152,elasticsearch_os_load5,0.03
2023/4/13 13:55,1681365347,cc-cc408-hya,master-vm-03,9.9.3.152,elasticsearch_os_load5,0.02
2023/4/13 13:56,1681365407,cc-cc408-hya,master-vm-03,9.9.3.152,elasticsearch_os_load5,0.03
2023/4/13 13:57,1681365467,cc-cc408-hya,master-vm-03,9.9.3.152,elasticsearch_os_load5,0.02
2023/4/13 13:58,1681365527,cc-cc408-hya,master-vm-03,9.9.3.152,elasticsearch_os_load5,0.02
2023/4/13 13:59,1681365587,cc-cc408-hya,master-vm-03,9.9.3.152,elasticsearch_os_load5,0.05
2023/4/13 14:00,1681365647,cc-cc408-hya,master-vm-03,9.9.3.152,elasticsearch_os_load5,0.04
2023/4/13 14:01,1681365707,cc-cc408-hya,master-vm-03,9.9.3.152,elasticsearch_os_load5,0.03
2023/4/13 14:02,1681365767,cc-cc408-hya,master-vm-03,9.9.3.152,elasticsearch_os_load5,0.04
2023/4/13 14:03,1681365827,cc-cc408-hya,master-vm-03,9.9.3.152,elasticsearch_os_load5,0.03
2023/4/13 14:04,1681365887,cc-cc408-hya,master-vm-03,9.9.3.152,elasticsearch_os_load5,0.02
2023/4/13 14:05,1681365947,cc-cc408-hya,master-vm-03,9.9.3.152,elasticsearch_os_load5,0.03
2023/4/13 14:06,1681366007,cc-cc408-hya,master-vm-03,9.9.3.152,elasticsearch_os_load5,0.02
2023/4/13 14:07,1681366067,cc-cc408-hya,master-vm-03,9.9.3.152,elasticsearch_os_load5,0.03
2023/4/13 14:08,1681366127,cc-cc408-hya,master-vm-03,9.9.3.152,elasticsearch_os_load5,0.03
2023/4/13 14:09,1681366187,cc-cc408-hya,master-vm-03,9.9.3.152,elasticsearch_os_load5,0.03
2023/4/13 14:10,1681366247,cc-cc408-hya,master-vm-03,9.9.3.152,elasticsearch_os_load5,0.28
2023/4/13 14:11,1681366307,cc-cc408-hya,master-vm-03,9.9.3.152,elasticsearch_os_load5,0.27
2023/4/13 14:12,1681366367,cc-cc408-hya,master-vm-03,9.9.3.152,elasticsearch_os_load5,0.23
2023/4/13 14:13,1681366427,cc-cc408-hya,master-vm-03,9.9.3.152,elasticsearch_os_load5,0.19
2023/4/13 14:14,1681366487,cc-cc408-hya,master-vm-03,9.9.3.152,elasticsearch_os_load5,0.18
2023/4/13 14:15,1681366547,cc-cc408-hya,master-vm-03,9.9.3.152,elasticsearch_os_load5,0.14
2023/4/13 14:16,1681366607,cc-cc408-hya,master-vm-03,9.9.3.152,elasticsearch_os_load5,0.11
2023/4/13 14:17,1681366667,cc-cc408-hya,master-vm-03,9.9.3.152,elasticsearch_os_load5,0.12
2023/4/13 14:18,1681366727,cc-cc408-hya,master-vm-03,9.9.3.152,elasticsearch_os_load5,0.1
2023/4/13 14:19,1681366787,cc-cc408-hya,master-vm-03,9.9.3.152,elasticsearch_os_load5,0.08
2023/4/13 14:20,1681366847,cc-cc408-hya,master-vm-03,9.9.3.152,elasticsearch_os_load5,0.09
2023/4/13 14:21,1681366907,cc-cc408-hya,master-vm-03,9.9.3.152,elasticsearch_os_load5,0.07
2023/4/13 14:22,1681366967,cc-cc408-hya,master-vm-03,9.9.3.152,elasticsearch_os_load5,0.06
2023/4/13 14:23,1681367027,cc-cc408-hya,master-vm-03,9.9.3.152,elasticsearch_os_load5,0.06
2023/4/13 14:24,1681367087,cc-cc408-hya,master-vm-03,9.9.3.152,elasticsearch_os_load5,0.06
2023/4/13 14:25,1681367147,cc-cc408-hya,master-vm-03,9.9.3.152,elasticsearch_os_load5,0.05
2023/4/13 14:26,1681367207,cc-cc408-hya,master-vm-03,9.9.3.152,elasticsearch_os_load5,0.07
2023/4/13 14:27,1681367267,cc-cc408-hya,master-vm-03,9.9.3.152,elasticsearch_os_load5,0.05
2023/4/13 14:28,1681367327,cc-cc408-hya,master-vm-03,9.9.3.152,elasticsearch_os_load5,0.04
2023/4/13 14:29,1681367387,cc-cc408-hya,master-vm-03,9.9.3.152,elasticsearch_os_load5,0.03
2023/4/13 14:30,1681367447,cc-cc408-hya,master-vm-03,9.9.3.152,elasticsearch_os_load5,0.02
2023/4/13 14:31,1681367507,cc-cc408-hya,master-vm-03,9.9.3.152,elasticsearch_os_load5,0.02
2023/4/13 14:32,1681367567,cc-cc408-hya,master-vm-03,9.9.3.152,elasticsearch_os_load5,0.04
2023/4/13 14:33,1681367627,cc-cc408-hya,master-vm-03,9.9.3.152,elasticsearch_os_load5,0.03
2023/4/13 14:34,1681367687,cc-cc408-hya,master-vm-03,9.9.3.152,elasticsearch_os_load5,0.02
2023/4/13 14:35,1681367747,cc-cc408-hya,master-vm-03,9.9.3.152,elasticsearch_os_load5,0.02
2023/4/13 14:36,1681367807,cc-cc408-hya,master-vm-03,9.9.3.152,elasticsearch_os_load5,0.01
2023/4/13 14:37,1681367867,cc-cc408-hya,master-vm-03,9.9.3.152,elasticsearch_os_load5,0.01
2023/4/13 14:38,1681367927,cc-cc408-hya,master-vm-03,9.9.3.152,elasticsearch_os_load5,0.02
2023/4/13 14:39,1681367987,cc-cc408-hya,master-vm-03,9.9.3.152,elasticsearch_os_load5,0.01
2023/4/13 14:40,1681368047,cc-cc408-hya,master-vm-03,9.9.3.152,elasticsearch_os_load5,0.01
2023/4/13 14:41,1681368107,cc-cc408-hya,master-vm-03,9.9.3.152,elasticsearch_os_load5,0.03
2023/4/13 14:42,1681368167,cc-cc408-hya,master-vm-03,9.9.3.152,elasticsearch_os_load5,0.04
2023/4/13 14:43,1681368227,cc-cc408-hya,master-vm-03,9.9.3.152,elasticsearch_os_load5,0.03
2023/4/13 14:44,1681368287,cc-cc408-hya,master-vm-03,9.9.3.152,elasticsearch_os_load5,0.02
2023/4/13 14:45,1681368347,cc-cc408-hya,master-vm-03,9.9.3.152,elasticsearch_os_load5,0.02
2023/4/13 14:46,1681368407,cc-cc408-hya,master-vm-03,9.9.3.152,elasticsearch_os_load5,0.01
2023/4/13 14:47,1681368467,cc-cc408-hya,master-vm-03,9.9.3.152,elasticsearch_os_load5,0.02
2023/4/13 14:48,1681368527,cc-cc408-hya,master-vm-03,9.9.3.152,elasticsearch_os_load5,0.02
2023/4/13 14:49,1681368587,cc-cc408-hya,master-vm-03,9.9.3.152,elasticsearch_os_load5,0.01
2023/4/13 14:50,1681368647,cc-cc408-hya,master-vm-03,9.9.3.152,elasticsearch_os_load5,0
2023/4/13 14:51,1681368707,cc-cc408-hya,master-vm-03,9.9.3.152,elasticsearch_os_load5,0.02
2023/4/13 14:52,1681368767,cc-cc408-hya,master-vm-03,9.9.3.152,elasticsearch_os_load5,0.12
2023/4/13 14:53,1681368827,cc-cc408-hya,master-vm-03,9.9.3.152,elasticsearch_os_load5,0.1
2023/4/13 14:54,1681368887,cc-cc408-hya,master-vm-03,9.9.3.152,elasticsearch_os_load5,0.11
2023/4/13 14:55,1681368947,cc-cc408-hya,master-vm-03,9.9.3.152,elasticsearch_os_load5,0.08
2023/4/13 14:56,1681369007,cc-cc408-hya,master-vm-03,9.9.3.152,elasticsearch_os_load5,0.08
2023/4/13 14:57,1681369067,cc-cc408-hya,master-vm-03,9.9.3.152,elasticsearch_os_load5,0.09
2023/4/13 14:58,1681369127,cc-cc408-hya,master-vm-03,9.9.3.152,elasticsearch_os_load5,0.09
2023/4/13 14:59,1681369187,cc-cc408-hya,master-vm-03,9.9.3.152,elasticsearch_os_load5,0.09
2023/4/13 15:00,1681369247,cc-cc408-hya,master-vm-03,9.9.3.152,elasticsearch_os_load5,0.07
2023/4/13 15:01,1681369307,cc-cc408-hya,master-vm-03,9.9.3.152,elasticsearch_os_load5,0.05
2023/4/13 15:02,1681369367,cc-cc408-hya,master-vm-03,9.9.3.152,elasticsearch_os_load5,0.04
2023/4/13 15:03,1681369427,cc-cc408-hya,master-vm-03,9.9.3.152,elasticsearch_os_load5,0.03
2023/4/13 15:04,1681369487,cc-cc408-hya,master-vm-03,9.9.3.152,elasticsearch_os_load5,0.02
2023/4/13 15:05,1681369547,cc-cc408-hya,master-vm-03,9.9.3.152,elasticsearch_os_load5,0.02
2023/4/13 15:06,1681369607,cc-cc408-hya,master-vm-03,9.9.3.152,elasticsearch_os_load5,0.01
2023/4/13 15:07,1681369667,cc-cc408-hya,master-vm-03,9.9.3.152,elasticsearch_os_load5,0.01
2023/4/13 15:08,1681369727,cc-cc408-hya,master-vm-03,9.9.3.152,elasticsearch_os_load5,0
2023/4/13 15:09,1681369787,cc-cc408-hya,master-vm-03,9.9.3.152,elasticsearch_os_load5,0
2023/4/13 15:10,1681369847,cc-cc408-hya,master-vm-03,9.9.3.152,elasticsearch_os_load5,0.08
2023/4/13 15:11,1681369907,cc-cc408-hya,master-vm-03,9.9.3.152,elasticsearch_os_load5,0.57
2023/4/13 15:12,1681369967,cc-cc408-hya,master-vm-03,9.9.3.152,elasticsearch_os_load5,0.47
2023/4/13 15:13,1681370027,cc-cc408-hya,master-vm-03,9.9.3.152,elasticsearch_os_load5,0.38
2023/4/13 15:14,1681370087,cc-cc408-hya,master-vm-03,9.9.3.152,elasticsearch_os_load5,0.34
2023/4/13 15:15,1681370147,cc-cc408-hya,master-vm-03,9.9.3.152,elasticsearch_os_load5,0.3
2023/4/13 15:16,1681370207,cc-cc408-hya,master-vm-03,9.9.3.152,elasticsearch_os_load5,0.24
2023/4/13 15:17,1681370267,cc-cc408-hya,master-vm-03,9.9.3.152,elasticsearch_os_load5,0.2
2023/4/13 15:18,1681370327,cc-cc408-hya,master-vm-03,9.9.3.152,elasticsearch_os_load5,0.16
2023/4/13 15:19,1681370387,cc-cc408-hya,master-vm-03,9.9.3.152,elasticsearch_os_load5,0.13
2023/4/13 15:20,1681370447,cc-cc408-hya,master-vm-03,9.9.3.152,elasticsearch_os_load5,0.1
2023/4/13 15:21,1681370507,cc-cc408-hya,master-vm-03,9.9.3.152,elasticsearch_os_load5,0.08
2023/4/13 15:22,1681370567,cc-cc408-hya,master-vm-03,9.9.3.152,elasticsearch_os_load5,0.06
2023/4/13 15:23,1681370627,cc-cc408-hya,master-vm-03,9.9.3.152,elasticsearch_os_load5,0.05
2023/4/13 15:24,1681370687,cc-cc408-hya,master-vm-03,9.9.3.152,elasticsearch_os_load5,0.05
2023/4/13 15:25,1681370747,cc-cc408-hya,master-vm-03,9.9.3.152,elasticsearch_os_load5,0.04
2023/4/13 15:26,1681370807,cc-cc408-hya,master-vm-03,9.9.3.152,elasticsearch_os_load5,0.05
2023/4/13 15:27,1681370867,cc-cc408-hya,master-vm-03,9.9.3.152,elasticsearch_os_load5,0.03
2023/4/13 15:28,1681370927,cc-cc408-hya,master-vm-03,9.9.3.152,elasticsearch_os_load5,0.03
2023/4/13 15:29,1681370987,cc-cc408-hya,master-vm-03,9.9.3.152,elasticsearch_os_load5,0.03
2023/4/13 15:30,1681371047,cc-cc408-hya,master-vm-03,9.9.3.152,elasticsearch_os_load5,0.02
2023/4/13 15:31,1681371107,cc-cc408-hya,master-vm-03,9.9.3.152,elasticsearch_os_load5,0.02
2023/4/13 15:32,1681371167,cc-cc408-hya,master-vm-03,9.9.3.152,elasticsearch_os_load5,0.01
2023/4/13 15:33,1681371227,cc-cc408-hya,master-vm-03,9.9.3.152,elasticsearch_os_load5,0.01
2023/4/13 15:34,1681371287,cc-cc408-hya,master-vm-03,9.9.3.152,elasticsearch_os_load5,0.07
2023/4/13 15:35,1681371347,cc-cc408-hya,master-vm-03,9.9.3.152,elasticsearch_os_load5,0.08
2023/4/13 15:36,1681371407,cc-cc408-hya,master-vm-03,9.9.3.152,elasticsearch_os_load5,0.1
2023/4/13 15:37,1681371467,cc-cc408-hya,master-vm-03,9.9.3.152,elasticsearch_os_load5,0.08
2023/4/13 15:38,1681371527,cc-cc408-hya,master-vm-03,9.9.3.152,elasticsearch_os_load5,0.06
2023/4/13 15:39,1681371587,cc-cc408-hya,master-vm-03,9.9.3.152,elasticsearch_os_load5,0.08
2023/4/13 15:40,1681371647,cc-cc408-hya,master-vm-03,9.9.3.152,elasticsearch_os_load5,0.06
2023/4/13 15:41,1681371707,cc-cc408-hya,master-vm-03,9.9.3.152,elasticsearch_os_load5,0.05
2023/4/13 15:42,1681371767,cc-cc408-hya,master-vm-03,9.9.3.152,elasticsearch_os_load5,0.04
2023/4/13 15:43,1681371827,cc-cc408-hya,master-vm-03,9.9.3.152,elasticsearch_os_load5,0.03
2023/4/13 15:44,1681371887,cc-cc408-hya,master-vm-03,9.9.3.152,elasticsearch_os_load5,0.02
2023/4/13 15:45,1681371947,cc-cc408-hya,master-vm-03,9.9.3.152,elasticsearch_os_load5,0.01
2023/4/13 15:46,1681372007,cc-cc408-hya,master-vm-03,9.9.3.152,elasticsearch_os_load5,0.05
2023/4/13 15:47,1681372067,cc-cc408-hya,master-vm-03,9.9.3.152,elasticsearch_os_load5,0.04
2023/4/13 15:48,1681372127,cc-cc408-hya,master-vm-03,9.9.3.152,elasticsearch_os_load5,0.03
2023/4/13 15:49,1681372187,cc-cc408-hya,master-vm-03,9.9.3.152,elasticsearch_os_load5,0.05
2023/4/13 15:50,1681372247,cc-cc408-hya,master-vm-03,9.9.3.152,elasticsearch_os_load5,0.05
2023/4/13 15:51,1681372307,cc-cc408-hya,master-vm-03,9.9.3.152,elasticsearch_os_load5,0.04
2023/4/13 15:52,1681372367,cc-cc408-hya,master-vm-03,9.9.3.152,elasticsearch_os_load5,0.03
2023/4/13 15:53,1681372427,cc-cc408-hya,master-vm-03,9.9.3.152,elasticsearch_os_load5,0.02
2023/4/13 15:54,1681372487,cc-cc408-hya,master-vm-03,9.9.3.152,elasticsearch_os_load5,0.02
2023/4/13 15:55,1681372547,cc-cc408-hya,master-vm-03,9.9.3.152,elasticsearch_os_load5,0.07
2023/4/13 15:56,1681372607,cc-cc408-hya,master-vm-03,9.9.3.152,elasticsearch_os_load5,0.05
2023/4/13 15:57,1681372667,cc-cc408-hya,master-vm-03,9.9.3.152,elasticsearch_os_load5,0.04
2023/4/13 15:58,1681372727,cc-cc408-hya,master-vm-03,9.9.3.152,elasticsearch_os_load5,0.03
2023/4/13 15:59,1681372787,cc-cc408-hya,master-vm-03,9.9.3.152,elasticsearch_os_load5,0.02
2023/4/13 16:00,1681372847,cc-cc408-hya,master-vm-03,9.9.3.152,elasticsearch_os_load5,0.02
2023/4/13 16:01,1681372907,cc-cc408-hya,master-vm-03,9.9.3.152,elasticsearch_os_load5,0.01
2023/4/13 16:02,1681372967,cc-cc408-hya,master-vm-03,9.9.3.152,elasticsearch_os_load5,0.08
2023/4/13 16:03,1681373027,cc-cc408-hya,master-vm-03,9.9.3.152,elasticsearch_os_load5,0.06
2023/4/13 16:04,1681373087,cc-cc408-hya,master-vm-03,9.9.3.152,elasticsearch_os_load5,0.05
2023/4/13 16:05,1681373147,cc-cc408-hya,master-vm-03,9.9.3.152,elasticsearch_os_load5,0.05
2023/4/13 16:06,1681373207,cc-cc408-hya,master-vm-03,9.9.3.152,elasticsearch_os_load5,0.07
2023/4/13 16:07,1681373267,cc-cc408-hya,master-vm-03,9.9.3.152,elasticsearch_os_load5,0.06
2023/4/13 16:08,1681373327,cc-cc408-hya,master-vm-03,9.9.3.152,elasticsearch_os_load5,0.04
2023/4/13 16:09,1681373387,cc-cc408-hya,master-vm-03,9.9.3.152,elasticsearch_os_load5,0.03
2023/4/13 16:10,1681373447,cc-cc408-hya,master-vm-03,9.9.3.152,elasticsearch_os_load5,0.02
2023/4/13 16:11,1681373507,cc-cc408-hya,master-vm-03,9.9.3.152,elasticsearch_os_load5,0.03
2023/4/13 16:12,1681373567,cc-cc408-hya,master-vm-03,9.9.3.152,elasticsearch_os_load5,0.02
2023/4/13 16:13,1681373627,cc-cc408-hya,master-vm-03,9.9.3.152,elasticsearch_os_load5,0.02
2023/4/13 16:14,1681373687,cc-cc408-hya,master-vm-03,9.9.3.152,elasticsearch_os_load5,0.01
2023/4/13 16:15,1681373747,cc-cc408-hya,master-vm-03,9.9.3.152,elasticsearch_os_load5,0.01
2023/4/13 16:16,1681373807,cc-cc408-hya,master-vm-03,9.9.3.152,elasticsearch_os_load5,0.11
2023/4/13 16:17,1681373867,cc-cc408-hya,master-vm-03,9.9.3.152,elasticsearch_os_load5,0.09
2023/4/13 16:18,1681373927,cc-cc408-hya,master-vm-03,9.9.3.152,elasticsearch_os_load5,0.07
2023/4/13 16:19,1681373987,cc-cc408-hya,master-vm-03,9.9.3.152,elasticsearch_os_load5,0.08
2023/4/13 16:20,1681374047,cc-cc408-hya,master-vm-03,9.9.3.152,elasticsearch_os_load5,0.07
2023/4/13 16:21,1681374107,cc-cc408-hya,master-vm-03,9.9.3.152,elasticsearch_os_load5,0.05
2023/4/13 16:22,1681374167,cc-cc408-hya,master-vm-03,9.9.3.152,elasticsearch_os_load5,0.04
2023/4/13 16:23,1681374227,cc-cc408-hya,master-vm-03,9.9.3.152,elasticsearch_os_load5,0.05
2023/4/13 16:24,1681374287,cc-cc408-hya,master-vm-03,9.9.3.152,elasticsearch_os_load5,0.07
2023/4/13 16:25,1681374347,cc-cc408-hya,master-vm-03,9.9.3.152,elasticsearch_os_load5,0.05
2023/4/13 16:26,1681374407,cc-cc408-hya,master-vm-03,9.9.3.152,elasticsearch_os_load5,0.06
2023/4/13 16:27,1681374467,cc-cc408-hya,master-vm-03,9.9.3.152,elasticsearch_os_load5,0.06
2023/4/13 16:28,1681374527,cc-cc408-hya,master-vm-03,9.9.3.152,elasticsearch_os_load5,0.05
2023/4/13 16:29,1681374587,cc-cc408-hya,master-vm-03,9.9.3.152,elasticsearch_os_load5,0.04
2023/4/13 16:30,1681374647,cc-cc408-hya,master-vm-03,9.9.3.152,elasticsearch_os_load5,0.03
2023/4/13 16:31,1681374707,cc-cc408-hya,master-vm-03,9.9.3.152,elasticsearch_os_load5,0.02
2023/4/13 16:32,1681374767,cc-cc408-hya,master-vm-03,9.9.3.152,elasticsearch_os_load5,0.03
2023/4/13 16:33,1681374827,cc-cc408-hya,master-vm-03,9.9.3.152,elasticsearch_os_load5,0.09
2023/4/13 16:34,1681374887,cc-cc408-hya,master-vm-03,9.9.3.152,elasticsearch_os_load5,0.07
2023/4/13 16:35,1681374947,cc-cc408-hya,master-vm-03,9.9.3.152,elasticsearch_os_load5,0.06
2023/4/13 16:36,1681375007,cc-cc408-hya,master-vm-03,9.9.3.152,elasticsearch_os_load5,0.05
2023/4/13 16:37,1681375067,cc-cc408-hya,master-vm-03,9.9.3.152,elasticsearch_os_load5,0.05
2023/4/13 16:38,1681375127,cc-cc408-hya,master-vm-03,9.9.3.152,elasticsearch_os_load5,0.07
2023/4/13 16:39,1681375187,cc-cc408-hya,master-vm-03,9.9.3.152,elasticsearch_os_load5,0.05
2023/4/13 16:40,1681375247,cc-cc408-hya,master-vm-03,9.9.3.152,elasticsearch_os_load5,0.06
2023/4/13 16:41,1681375307,cc-cc408-hya,master-vm-03,9.9.3.152,elasticsearch_os_load5,0.06
2023/4/13 16:42,1681375367,cc-cc408-hya,master-vm-03,9.9.3.152,elasticsearch_os_load5,0.05
2023/4/13 16:43,1681375427,cc-cc408-hya,master-vm-03,9.9.3.152,elasticsearch_os_load5,0.05
2023/4/13 16:44,1681375487,cc-cc408-hya,master-vm-03,9.9.3.152,elasticsearch_os_load5,0.05
2023/4/13 16:45,1681375547,cc-cc408-hya,master-vm-03,9.9.3.152,elasticsearch_os_load5,0.04
2023/4/13 16:46,1681375607,cc-cc408-hya,master-vm-03,9.9.3.152,elasticsearch_os_load5,0.08
2023/4/13 16:47,1681375667,cc-cc408-hya,master-vm-03,9.9.3.152,elasticsearch_os_load5,0.06
2023/4/13 16:48,1681375727,cc-cc408-hya,master-vm-03,9.9.3.152,elasticsearch_os_load5,0.05
2023/4/13 16:49,1681375787,cc-cc408-hya,master-vm-03,9.9.3.152,elasticsearch_os_load5,0.03
2023/4/13 16:50,1681375847,cc-cc408-hya,master-vm-03,9.9.3.152,elasticsearch_os_load5,0.03
2023/4/13 16:51,1681375907,cc-cc408-hya,master-vm-03,9.9.3.152,elasticsearch_os_load5,0.02
2023/4/13 16:52,1681375967,cc-cc408-hya,master-vm-03,9.9.3.152,elasticsearch_os_load5,0.01
2023/4/13 16:53,1681376027,cc-cc408-hya,master-vm-03,9.9.3.152,elasticsearch_os_load5,0.03
2023/4/13 16:54,1681376087,cc-cc408-hya,master-vm-03,9.9.3.152,elasticsearch_os_load5,0.02
2023/4/13 16:55,1681376147,cc-cc408-hya,master-vm-03,9.9.3.152,elasticsearch_os_load5,0.01
2023/4/13 16:56,1681376207,cc-cc408-hya,master-vm-03,9.9.3.152,elasticsearch_os_load5,0.01
2023/4/13 16:57,1681376267,cc-cc408-hya,master-vm-03,9.9.3.152,elasticsearch_os_load5,0.28
2023/4/13 16:58,1681376327,cc-cc408-hya,master-vm-03,9.9.3.152,elasticsearch_os_load5,0.28
2023/4/13 16:59,1681376387,cc-cc408-hya,master-vm-03,9.9.3.152,elasticsearch_os_load5,0.23
2023/4/13 17:00,1681376447,cc-cc408-hya,master-vm-03,9.9.3.152,elasticsearch_os_load5,0.2
2023/4/13 17:01,1681376507,cc-cc408-hya,master-vm-03,9.9.3.152,elasticsearch_os_load5,0.17
2023/4/13 17:02,1681376567,cc-cc408-hya,master-vm-03,9.9.3.152,elasticsearch_os_load5,0.15
2023/4/13 17:03,1681376627,cc-cc408-hya,master-vm-03,9.9.3.152,elasticsearch_os_load5,0.12
2023/4/13 17:04,1681376687,cc-cc408-hya,master-vm-03,9.9.3.152,elasticsearch_os_load5,0.1
2023/4/13 17:05,1681376747,cc-cc408-hya,master-vm-03,9.9.3.152,elasticsearch_os_load5,0.12
2023/4/13 17:06,1681376807,cc-cc408-hya,master-vm-03,9.9.3.152,elasticsearch_os_load5,0.1
2023/4/13 17:07,1681376867,cc-cc408-hya,master-vm-03,9.9.3.152,elasticsearch_os_load5,0.08
2023/4/13 17:08,1681376927,cc-cc408-hya,master-vm-03,9.9.3.152,elasticsearch_os_load5,0.06
2023/4/13 17:09,1681376987,cc-cc408-hya,master-vm-03,9.9.3.152,elasticsearch_os_load5,0.05
2023/4/13 17:10,1681377047,cc-cc408-hya,master-vm-03,9.9.3.152,elasticsearch_os_load5,0.05
2023/4/13 17:11,1681377107,cc-cc408-hya,master-vm-03,9.9.3.152,elasticsearch_os_load5,0.04
2023/4/13 17:12,1681377167,cc-cc408-hya,master-vm-03,9.9.3.152,elasticsearch_os_load5,0.05
2023/4/13 17:13,1681377227,cc-cc408-hya,master-vm-03,9.9.3.152,elasticsearch_os_load5,0.03
2023/4/13 17:14,1681377287,cc-cc408-hya,master-vm-03,9.9.3.152,elasticsearch_os_load5,0.03
2023/4/13 17:15,1681377347,cc-cc408-hya,master-vm-03,9.9.3.152,elasticsearch_os_load5,0.02
2023/4/13 17:16,1681377407,cc-cc408-hya,master-vm-03,9.9.3.152,elasticsearch_os_load5,0.01
2023/4/13 17:17,1681377467,cc-cc408-hya,master-vm-03,9.9.3.152,elasticsearch_os_load5,0.01
2023/4/13 17:18,1681377527,cc-cc408-hya,master-vm-03,9.9.3.152,elasticsearch_os_load5,0.02
2023/4/13 17:19,1681377587,cc-cc408-hya,master-vm-03,9.9.3.152,elasticsearch_os_load5,0.01
2023/4/13 17:20,1681377647,cc-cc408-hya,master-vm-03,9.9.3.152,elasticsearch_os_load5,0.01
2023/4/13 17:21,1681377707,cc-cc408-hya,master-vm-03,9.9.3.152,elasticsearch_os_load5,0.1
2023/4/13 17:22,1681377767,cc-cc408-hya,master-vm-03,9.9.3.152,elasticsearch_os_load5,0.08
2023/4/13 17:23,1681377827,cc-cc408-hya,master-vm-03,9.9.3.152,elasticsearch_os_load5,0.06
2023/4/13 17:24,1681377887,cc-cc408-hya,master-vm-03,9.9.3.152,elasticsearch_os_load5,0.08
2023/4/13 17:25,1681377947,cc-cc408-hya,master-vm-03,9.9.3.152,elasticsearch_os_load5,0.06
2023/4/13 17:26,1681378007,cc-cc408-hya,master-vm-03,9.9.3.152,elasticsearch_os_load5,0.06
2023/4/13 17:27,1681378067,cc-cc408-hya,master-vm-03,9.9.3.152,elasticsearch_os_load5,0.06
2023/4/13 17:28,1681378127,cc-cc408-hya,master-vm-03,9.9.3.152,elasticsearch_os_load5,0.05
2023/4/13 17:29,1681378187,cc-cc408-hya,master-vm-03,9.9.3.152,elasticsearch_os_load5,0.04
2023/4/13 17:30,1681378247,cc-cc408-hya,master-vm-03,9.9.3.152,elasticsearch_os_load5,0.04
